        TIME,    TIDE,      OB,   SURGE,    BIAS,     TWL,SURGE90p,  TWL90p,SURGE10p,   TWL10p
202602221200,   4.190,  54.805,  -1.300,   0.000,   2.890,  -1.400,   2.790,  -1.200,   2.990
202602221206,   4.549,9999.000,9999.000,9999.000,9999.000,9999.000,9999.000,9999.000,9999.000
202602221212,   4.930,  54.805,9999.000,9999.000,9999.000,9999.000,9999.000,9999.000,9999.000
202602221218,   5.331,9999.000,9999.000,9999.000,9999.000,9999.000,9999.000,9999.000,9999.000
202602221224,   5.749,  54.887,9999.000,9999.000,9999.000,9999.000,9999.000,9999.000,9999.000
202602221230,   6.184,9999.000,9999.000,9999.000,9999.000,9999.000,9999.000,9999.000,9999.000
202602221236,   6.631,  54.995,9999.000,9999.000,9999.000,9999.000,9999.000,9999.000,9999.000
202602221242,   7.090,9999.000,9999.000,9999.000,9999.000,9999.000,9999.000,9999.000,9999.000
202602221248,   7.557,  54.985,9999.000,9999.000,9999.000,9999.000,9999.000,9999.000,9999.000
202602221254,   8.031,9999.000,9999.000,9999.000,9999.000,9999.000,9999.000,9999.000,9999.000
202602221300,   8.509,  54.936,  -1.300,   0.000,   7.209,  -1.500,   7.009,  -1.200,   7.309
202602221306,   8.988,  55.005,9999.000,9999.000,9999.000,9999.000,9999.000,9999.000,9999.000
202602221312,   9.468,  54.946,9999.000,9999.000,9999.000,9999.000,9999.000,9999.000,9999.000
202602221318,   9.945,  54.995,9999.000,9999.000,9999.000,9999.000,9999.000,9999.000,9999.000
202602221324,  10.418,  54.995,9999.000,9999.000,9999.000,9999.000,9999.000,9999.000,9999.000
202602221330,  10.886,  54.907,9999.000,9999.000,9999.000,9999.000,9999.000,9999.000,9999.000
202602221336,  11.347,  54.976,9999.000,9999.000,9999.000,9999.000,9999.000,9999.000,9999.000
202602221342,  11.800,  54.956,9999.000,9999.000,9999.000,9999.000,9999.000,9999.000,9999.000
202602221348,  12.244,  54.926,9999.000,9999.000,9999.000,9999.000,9999.000,9999.000,9999.000
202602221354,  12.678,  54.985,9999.000,9999.000,9999.000,9999.000,9999.000,9999.000,9999.000
202602221400,  13.102,  54.917,  -1.300,   0.000,  11.802,  -1.400,  11.702,  -1.200,  11.902
202602221406,  13.514,  54.976,9999.000,9999.000,9999.000,9999.000,9999.000,9999.000,9999.000
202602221412,  13.914,  54.976,9999.000,9999.000,9999.000,9999.000,9999.000,9999.000,9999.000
202602221418,  14.302,  54.887,9999.000,9999.000,9999.000,9999.000,9999.000,9999.000,9999.000
202602221424,  14.678,  54.946,9999.000,9999.000,9999.000,9999.000,9999.000,9999.000,9999.000
202602221430,  15.040,  54.926,9999.000,9999.000,9999.000,9999.000,9999.000,9999.000,9999.000
202602221436,  15.390,  54.907,9999.000,9999.000,9999.000,9999.000,9999.000,9999.000,9999.000
202602221442,  15.726,  55.435,9999.000,9999.000,9999.000,9999.000,9999.000,9999.000,9999.000
202602221448,  16.048,  55.327,9999.000,9999.000,9999.000,9999.000,9999.000,9999.000,9999.000
202602221454,  16.356,  55.254,9999.000,9999.000,9999.000,9999.000,9999.000,9999.000,9999.000
202602221500,  16.649,  55.317,  -1.300,   0.000,  15.349,  -1.400,  15.249,  -1.200,  15.449
202602221506,  16.927,  55.254,9999.000,9999.000,9999.000,9999.000,9999.000,9999.000,9999.000
202602221512,  17.189,  55.307,9999.000,9999.000,9999.000,9999.000,9999.000,9999.000,9999.000
202602221518,  17.434,  55.307,9999.000,9999.000,9999.000,9999.000,9999.000,9999.000,9999.000
202602221524,  17.663,  55.225,9999.000,9999.000,9999.000,9999.000,9999.000,9999.000,9999.000
202602221530,  17.874,  55.294,9999.000,9999.000,9999.000,9999.000,9999.000,9999.000,9999.000
202602221536,  18.067,  55.274,9999.000,9999.000,9999.000,9999.000,9999.000,9999.000,9999.000
202602221542,  18.241,  55.235,9999.000,9999.000,9999.000,9999.000,9999.000,9999.000,9999.000
202602221548,  18.395,  55.307,9999.000,9999.000,9999.000,9999.000,9999.000,9999.000,9999.000
202602221554,  18.529,  55.245,9999.000,9999.000,9999.000,9999.000,9999.000,9999.000,9999.000
202602221600,  18.641,  55.294,  -1.200,   0.000,  17.441,  -1.300,  17.341,  -1.200,  17.441
202602221606,  18.733,  55.294,9999.000,9999.000,9999.000,9999.000,9999.000,9999.000,9999.000
202602221612,  18.802,  55.205,9999.000,9999.000,9999.000,9999.000,9999.000,9999.000,9999.000
202602221618,  18.849,  55.274,9999.000,9999.000,9999.000,9999.000,9999.000,9999.000,9999.000
202602221624,  18.874,  55.264,9999.000,9999.000,9999.000,9999.000,9999.000,9999.000,9999.000
202602221630,  18.877,  55.245,9999.000,9999.000,9999.000,9999.000,9999.000,9999.000,9999.000
202602221636,  18.858,  55.336,9999.000,9999.000,9999.000,9999.000,9999.000,9999.000,9999.000
202602221642,  18.816,  55.284,9999.000,9999.000,9999.000,9999.000,9999.000,9999.000,9999.000
202602221648,  18.753,  55.356,9999.000,9999.000,9999.000,9999.000,9999.000,9999.000,9999.000
202602221654,  18.669,  55.376,9999.000,9999.000,9999.000,9999.000,9999.000,9999.000,9999.000
202602221700,  18.564,  55.284,  -1.200,   0.000,  17.364,  -1.300,  17.264,  -1.100,  17.464
202602221706,  18.439,  55.376,9999.000,9999.000,9999.000,9999.000,9999.000,9999.000,9999.000
202602221712,  18.296,  55.366,9999.000,9999.000,9999.000,9999.000,9999.000,9999.000,9999.000
202602221718,  18.134,  55.336,9999.000,9999.000,9999.000,9999.000,9999.000,9999.000,9999.000
202602221724,  17.955,  55.395,9999.000,9999.000,9999.000,9999.000,9999.000,9999.000,9999.000
202602221730,  17.761,  55.336,9999.000,9999.000,9999.000,9999.000,9999.000,9999.000,9999.000
202602221736,  17.551,  55.386,9999.000,9999.000,9999.000,9999.000,9999.000,9999.000,9999.000
202602221742,  17.328,  55.386,9999.000,9999.000,9999.000,9999.000,9999.000,9999.000,9999.000
202602221748,  17.092,  55.294,9999.000,9999.000,9999.000,9999.000,9999.000,9999.000,9999.000
202602221754,  16.844,  55.356,9999.000,9999.000,9999.000,9999.000,9999.000,9999.000,9999.000
202602221800,  16.585,  55.327,  -1.200,   0.000,  15.385,  -1.300,  15.285,  -1.100,  15.485
202602221806,  16.317,  55.284,9999.000,9999.000,9999.000,9999.000,9999.000,9999.000,9999.000
202602221812,  16.040,  55.346,9999.000,9999.000,9999.000,9999.000,9999.000,9999.000,9999.000
202602221818,  15.756,  55.284,9999.000,9999.000,9999.000,9999.000,9999.000,9999.000,9999.000
202602221824,  15.465,  55.327,9999.000,9999.000,9999.000,9999.000,9999.000,9999.000,9999.000
202602221830,  15.168,  55.317,9999.000,9999.000,9999.000,9999.000,9999.000,9999.000,9999.000
202602221836,  14.866,  55.225,9999.000,9999.000,9999.000,9999.000,9999.000,9999.000,9999.000
202602221842,  14.559,  55.284,9999.000,9999.000,9999.000,9999.000,9999.000,9999.000,9999.000
202602221848,  14.250,  55.254,9999.000,9999.000,9999.000,9999.000,9999.000,9999.000,9999.000
202602221854,  13.938,  55.225,9999.000,9999.000,9999.000,9999.000,9999.000,9999.000,9999.000
202602221900,  13.624,  55.294,  -1.200,   0.000,  12.424,  -1.400,  12.224,  -1.000,  12.624
202602221906,  13.309,  55.225,9999.000,9999.000,9999.000,9999.000,9999.000,9999.000,9999.000
202602221912,  12.994,  55.284,9999.000,9999.000,9999.000,9999.000,9999.000,9999.000,9999.000
202602221918,  12.679,  55.284,9999.000,9999.000,9999.000,9999.000,9999.000,9999.000,9999.000
202602221924,  12.366,  55.205,9999.000,9999.000,9999.000,9999.000,9999.000,9999.000,9999.000
202602221930,  12.055,  55.274,9999.000,9999.000,9999.000,9999.000,9999.000,9999.000,9999.000
202602221936,  11.747,  55.264,9999.000,9999.000,9999.000,9999.000,9999.000,9999.000,9999.000
202602221942,  11.443,  55.235,9999.000,9999.000,9999.000,9999.000,9999.000,9999.000,9999.000
202602221948,  11.143,  55.317,9999.000,9999.000,9999.000,9999.000,9999.000,9999.000,9999.000
202602221954,  10.847,  55.274,9999.000,9999.000,9999.000,9999.000,9999.000,9999.000,9999.000
202602222000,  10.558,  55.327,  -1.200,   0.000,   9.358,  -1.400,   9.158,  -1.000,   9.558
202602222006,  10.275,  55.336,9999.000,9999.000,9999.000,9999.000,9999.000,9999.000,9999.000
202602222012,   9.999,  55.254,9999.000,9999.000,9999.000,9999.000,9999.000,9999.000,9999.000
202602222018,   9.730,  55.336,9999.000,9999.000,9999.000,9999.000,9999.000,9999.000,9999.000
202602222024,   9.469,  55.336,9999.000,9999.000,9999.000,9999.000,9999.000,9999.000,9999.000
202602222030,   9.216,  55.317,9999.000,9999.000,9999.000,9999.000,9999.000,9999.000,9999.000
202602222036,   8.971,  55.395,9999.000,9999.000,9999.000,9999.000,9999.000,9999.000,9999.000
202602222042,   8.734,  55.356,9999.000,9999.000,9999.000,9999.000,9999.000,9999.000,9999.000
202602222048,   8.506,  55.435,9999.000,9999.000,9999.000,9999.000,9999.000,9999.000,9999.000
202602222054,   8.286,  55.454,9999.000,9999.000,9999.000,9999.000,9999.000,9999.000,9999.000
202602222100,   8.074,  55.386,  -1.200,   0.000,   6.874,  -1.300,   6.774,  -1.000,   7.074
202602222106,   7.870,  55.484,9999.000,9999.000,9999.000,9999.000,9999.000,9999.000,9999.000
202602222112,   7.673,  55.494,9999.000,9999.000,9999.000,9999.000,9999.000,9999.000,9999.000
202602222118,   7.484,  55.494,9999.000,9999.000,9999.000,9999.000,9999.000,9999.000,9999.000
202602222124,   7.302,  55.595,9999.000,9999.000,9999.000,9999.000,9999.000,9999.000,9999.000
202602222130,   7.127,  55.556,9999.000,9999.000,9999.000,9999.000,9999.000,9999.000,9999.000
202602222136,   6.958,  55.655,9999.000,9999.000,9999.000,9999.000,9999.000,9999.000,9999.000
202602222142,   6.795,  55.694,9999.000,9999.000,9999.000,9999.000,9999.000,9999.000,9999.000
202602222148,   6.639,  55.625,9999.000,9999.000,9999.000,9999.000,9999.000,9999.000,9999.000
202602222154,   6.488,  55.746,9999.000,9999.000,9999.000,9999.000,9999.000,9999.000,9999.000
202602222200,   6.344,  55.756,  -1.100,   0.000,   5.244,  -1.300,   5.044,  -0.900,   5.444
202602222206,   6.207,  55.766,9999.000,9999.000,9999.000,9999.000,9999.000,9999.000,9999.000
202602222212,   6.077,  55.874,9999.000,9999.000,9999.000,9999.000,9999.000,9999.000,9999.000
202602222218,   5.954,  55.845,9999.000,9999.000,9999.000,9999.000,9999.000,9999.000,9999.000
202602222224,   5.840,  55.946,9999.000,9999.000,9999.000,9999.000,9999.000,9999.000,9999.000
202602222230,   5.735,  55.986,9999.000,9999.000,9999.000,9999.000,9999.000,9999.000,9999.000
202602222236,   5.641,  55.927,9999.000,9999.000,9999.000,9999.000,9999.000,9999.000,9999.000
202602222242,   5.559,  56.045,9999.000,9999.000,9999.000,9999.000,9999.000,9999.000,9999.000
202602222248,   5.489,  56.065,9999.000,9999.000,9999.000,9999.000,9999.000,9999.000,9999.000
202602222254,   5.434,  56.084,9999.000,9999.000,9999.000,9999.000,9999.000,9999.000,9999.000
202602222300,   5.395,  56.215,  -1.100,   0.000,   4.295,  -1.200,   4.195,  -0.900,   4.495
202602222306,   5.373,  56.196,9999.000,9999.000,9999.000,9999.000,9999.000,9999.000,9999.000
202602222312,   5.371,  56.304,9999.000,9999.000,9999.000,9999.000,9999.000,9999.000,9999.000
202602222318,   5.388,  56.356,9999.000,9999.000,9999.000,9999.000,9999.000,9999.000,9999.000
202602222324,   5.428,  56.294,9999.000,9999.000,9999.000,9999.000,9999.000,9999.000,9999.000
202602222330,   5.490,  56.415,9999.000,9999.000,9999.000,9999.000,9999.000,9999.000,9999.000
202602222336,   5.576,  56.415,9999.000,9999.000,9999.000,9999.000,9999.000,9999.000,9999.000
202602222342,   5.686,  56.425,9999.000,9999.000,9999.000,9999.000,9999.000,9999.000,9999.000
202602222348,   5.822,  56.534,9999.000,9999.000,9999.000,9999.000,9999.000,9999.000,9999.000
202602222354,   5.984,  56.494,9999.000,9999.000,9999.000,9999.000,9999.000,9999.000,9999.000
202602230000,   6.171,  56.586,  -1.100,   0.000,   5.071,  -1.200,   4.971,  -1.000,   5.171
202602230006,   6.383,  56.616,9999.000,9999.000,9999.000,9999.000,9999.000,9999.000,9999.000
202602230012,   6.621,  56.543,9999.000,9999.000,9999.000,9999.000,9999.000,9999.000,9999.000
202602230018,   6.882,  56.645,9999.000,9999.000,9999.000,9999.000,9999.000,9999.000,9999.000
202602230024,   7.166,  56.645,9999.000,9999.000,9999.000,9999.000,9999.000,9999.000,9999.000
202602230030,   7.471,  56.645,9999.000,9999.000,9999.000,9999.000,9999.000,9999.000,9999.000
202602230036,   7.797,  56.724,9999.000,9999.000,9999.000,9999.000,9999.000,9999.000,9999.000
202602230042,   8.140,  56.684,9999.000,9999.000,9999.000,9999.000,9999.000,9999.000,9999.000
202602230048,   8.500,  56.776,9999.000,9999.000,9999.000,9999.000,9999.000,9999.000,9999.000
202602230054,   8.873,  56.796,9999.000,9999.000,9999.000,9999.000,9999.000,9999.000,9999.000
202602230100,   9.258,  56.714,  -1.100,   0.000,   8.158,  -1.200,   8.058,  -1.000,   8.258
202602230106,   9.652,  56.806,9999.000,9999.000,9999.000,9999.000,9999.000,9999.000,9999.000
202602230112,  10.054,  56.806,9999.000,9999.000,9999.000,9999.000,9999.000,9999.000,9999.000
202602230118,  10.460,  56.796,9999.000,9999.000,9999.000,9999.000,9999.000,9999.000,9999.000
202602230124,  10.868,  56.904,9999.000,9999.000,9999.000,9999.000,9999.000,9999.000,9999.000
202602230130,  11.277,  56.865,9999.000,9999.000,9999.000,9999.000,9999.000,9999.000,9999.000
202602230136,  11.684,  56.944,9999.000,9999.000,9999.000,9999.000,9999.000,9999.000,9999.000
202602230142,  12.088,  56.953,9999.000,9999.000,9999.000,9999.000,9999.000,9999.000,9999.000
202602230148,  12.486,  56.865,9999.000,9999.000,9999.000,9999.000,9999.000,9999.000,9999.000
202602230154,  12.877,  56.967,9999.000,9999.000,9999.000,9999.000,9999.000,9999.000,9999.000
202602230200,  13.260,  56.967,  -1.000,   0.000,  12.260,  -1.100,  12.160,  -0.900,  12.360
202602230206,  13.633,  56.944,9999.000,9999.000,9999.000,9999.000,9999.000,9999.000,9999.000
202602230212,  13.996,  56.996,9999.000,9999.000,9999.000,9999.000,9999.000,9999.000,9999.000
202602230218,  14.347,  56.914,9999.000,9999.000,9999.000,9999.000,9999.000,9999.000,9999.000
202602230224,  14.687,  56.976,9999.000,9999.000,9999.000,9999.000,9999.000,9999.000,9999.000
202602230230,  15.013,  56.953,9999.000,9999.000,9999.000,9999.000,9999.000,9999.000,9999.000
202602230236,  15.326,  56.865,9999.000,9999.000,9999.000,9999.000,9999.000,9999.000,9999.000
202602230242,  15.626,  56.924,9999.000,9999.000,9999.000,9999.000,9999.000,9999.000,9999.000
202602230248,  15.912,  57.295,9999.000,9999.000,9999.000,9999.000,9999.000,9999.000,9999.000
202602230254,  16.184,  57.144,9999.000,9999.000,9999.000,9999.000,9999.000,9999.000,9999.000
202602230300,  16.441,  57.055,  -1.000,   0.000,  15.441,  -1.100,  15.341,  -0.900,  15.541
202602230306,  16.684,  57.104,9999.000,9999.000,9999.000,9999.000,9999.000,9999.000,9999.000
202602230312,  16.911,  57.026,9999.000,9999.000,9999.000,9999.000,9999.000,9999.000,9999.000
202602230318,  17.123,  57.075,9999.000,9999.000,9999.000,9999.000,9999.000,9999.000,9999.000
202602230324,  17.319,  57.055,9999.000,9999.000,9999.000,9999.000,9999.000,9999.000,9999.000
202602230330,  17.499,  56.944,9999.000,9999.000,9999.000,9999.000,9999.000,9999.000,9999.000
202602230336,  17.663,  57.026,9999.000,9999.000,9999.000,9999.000,9999.000,9999.000,9999.000
202602230342,  17.809,  56.996,9999.000,9999.000,9999.000,9999.000,9999.000,9999.000,9999.000
202602230348,  17.937,  56.967,9999.000,9999.000,9999.000,9999.000,9999.000,9999.000,9999.000
202602230354,  18.046,  57.035,9999.000,9999.000,9999.000,9999.000,9999.000,9999.000,9999.000
202602230400,  18.137,  56.967,  -1.000,   0.000,  17.137,  -1.100,  17.037,  -0.900,  17.237
202602230406,  18.208,  57.026,9999.000,9999.000,9999.000,9999.000,9999.000,9999.000,9999.000
202602230412,  18.259,  57.026,9999.000,9999.000,9999.000,9999.000,9999.000,9999.000,9999.000
202602230418,  18.288,  56.924,9999.000,9999.000,9999.000,9999.000,9999.000,9999.000,9999.000
202602230424,  18.296,  56.953,9999.000,9999.000,9999.000,9999.000,9999.000,9999.000,9999.000
202602230430,  18.283,  56.914,9999.000,9999.000,9999.000,9999.000,9999.000,9999.000,9999.000
202602230436,  18.247,  56.865,9999.000,9999.000,9999.000,9999.000,9999.000,9999.000,9999.000
202602230442,  18.189,  56.904,9999.000,9999.000,9999.000,9999.000,9999.000,9999.000,9999.000
202602230448,  18.108,  56.835,9999.000,9999.000,9999.000,9999.000,9999.000,9999.000,9999.000
202602230454,  18.004,  56.875,9999.000,9999.000,9999.000,9999.000,9999.000,9999.000,9999.000
202602230500,  17.879,  56.855,  -0.900,   0.000,  16.979,  -1.000,  16.879,  -0.900,  16.979
202602230506,  17.731,  56.753,9999.000,9999.000,9999.000,9999.000,9999.000,9999.000,9999.000
202602230512,  17.561,  56.796,9999.000,9999.000,9999.000,9999.000,9999.000,9999.000,9999.000
202602230518,  17.371,  56.753,9999.000,9999.000,9999.000,9999.000,9999.000,9999.000,9999.000
202602230524,  17.160,  56.704,9999.000,9999.000,9999.000,9999.000,9999.000,9999.000,9999.000
202602230530,  16.929,  56.743,9999.000,9999.000,9999.000,9999.000,9999.000,9999.000,9999.000
202602230536,  16.680,  56.675,9999.000,9999.000,9999.000,9999.000,9999.000,9999.000,9999.000
202602230542,  16.414,  56.714,9999.000,9999.000,9999.000,9999.000,9999.000,9999.000,9999.000
202602230548,  16.131,  56.704,9999.000,9999.000,9999.000,9999.000,9999.000,9999.000,9999.000
202602230554,  15.832,  56.586,9999.000,9999.000,9999.000,9999.000,9999.000,9999.000,9999.000
202602230600,  15.519,  56.625,  -0.900,   0.000,  14.619,  -1.000,  14.519,  -0.800,  14.719
202602230606,  15.194,  56.596,9999.000,9999.000,9999.000,9999.000,9999.000,9999.000,9999.000
202602230612,  14.856,  56.543,9999.000,9999.000,9999.000,9999.000,9999.000,9999.000,9999.000
202602230618,  14.507,  56.576,9999.000,9999.000,9999.000,9999.000,9999.000,9999.000,9999.000
202602230624,  14.149,  56.494,9999.000,9999.000,9999.000,9999.000,9999.000,9999.000,9999.000
202602230630,  13.783,  56.557,9999.000,9999.000,9999.000,9999.000,9999.000,9999.000,9999.000
202602230636,  13.409,  56.557,9999.000,9999.000,9999.000,9999.000,9999.000,9999.000,9999.000
202602230642,  13.029,  56.455,9999.000,9999.000,9999.000,9999.000,9999.000,9999.000,9999.000
202602230648,  12.643,  56.494,9999.000,9999.000,9999.000,9999.000,9999.000,9999.000,9999.000
202602230654,  12.254,  56.465,9999.000,9999.000,9999.000,9999.000,9999.000,9999.000,9999.000
202602230700,  11.860,  56.415,  -0.900,   0.000,  10.960,  -1.000,  10.860,  -0.700,  11.160
202602230706,  11.465,  56.465,9999.000,9999.000,9999.000,9999.000,9999.000,9999.000,9999.000
202602230712,  11.067,  56.386,9999.000,9999.000,9999.000,9999.000,9999.000,9999.000,9999.000
202602230718,  10.669,  56.425,9999.000,9999.000,9999.000,9999.000,9999.000,9999.000,9999.000
202602230724,  10.271,  56.406,9999.000,9999.000,9999.000,9999.000,9999.000,9999.000,9999.000
202602230730,   9.874,  56.304,9999.000,9999.000,9999.000,9999.000,9999.000,9999.000,9999.000
202602230736,   9.478,  56.347,9999.000,9999.000,9999.000,9999.000,9999.000,9999.000,9999.000
202602230742,   9.086,  56.314,9999.000,9999.000,9999.000,9999.000,9999.000,9999.000,9999.000
202602230748,   8.696,  56.274,9999.000,9999.000,9999.000,9999.000,9999.000,9999.000,9999.000
202602230754,   8.311,  56.324,9999.000,9999.000,9999.000,9999.000,9999.000,9999.000,9999.000
202602230800,   7.931,  56.255,  -0.900,   0.000,   7.031,  -1.000,   6.931,  -0.700,   7.231
202602230806,   7.557,  56.294,9999.000,9999.000,9999.000,9999.000,9999.000,9999.000,9999.000
202602230812,   7.189,  56.274,9999.000,9999.000,9999.000,9999.000,9999.000,9999.000,9999.000
202602230818,   6.829,  56.176,9999.000,9999.000,9999.000,9999.000,9999.000,9999.000,9999.000
202602230824,   6.477,  56.235,9999.000,9999.000,9999.000,9999.000,9999.000,9999.000,9999.000
202602230830,   6.134,  56.206,9999.000,9999.000,9999.000,9999.000,9999.000,9999.000,9999.000
202602230836,   5.800,  56.176,9999.000,9999.000,9999.000,9999.000,9999.000,9999.000,9999.000
202602230842,   5.476,  56.225,9999.000,9999.000,9999.000,9999.000,9999.000,9999.000,9999.000
202602230848,   5.163,  56.156,9999.000,9999.000,9999.000,9999.000,9999.000,9999.000,9999.000
202602230854,   4.860,  56.206,9999.000,9999.000,9999.000,9999.000,9999.000,9999.000,9999.000
202602230900,   4.569,  56.186,  -0.900,   0.000,   3.669,  -1.000,   3.569,  -0.700,   3.869
202602230906,   4.289,  56.094,9999.000,9999.000,9999.000,9999.000,9999.000,9999.000,9999.000
202602230912,   4.020,  56.156,9999.000,9999.000,9999.000,9999.000,9999.000,9999.000,9999.000
202602230918,   3.762,  56.124,9999.000,9999.000,9999.000,9999.000,9999.000,9999.000,9999.000
202602230924,   3.516,  56.084,9999.000,9999.000,9999.000,9999.000,9999.000,9999.000,9999.000
202602230930,   3.281,  56.114,9999.000,9999.000,9999.000,9999.000,9999.000,9999.000,9999.000
202602230936,   3.057,  56.035,9999.000,9999.000,9999.000,9999.000,9999.000,9999.000,9999.000
202602230942,   2.843,  56.084,9999.000,9999.000,9999.000,9999.000,9999.000,9999.000,9999.000
202602230948,   2.640,  56.074,9999.000,9999.000,9999.000,9999.000,9999.000,9999.000,9999.000
202602230954,   2.447,  55.976,9999.000,9999.000,9999.000,9999.000,9999.000,9999.000,9999.000
202602231000,   2.264,  56.025,  -0.800,   0.000,   1.464,  -0.900,   1.364,  -0.600,   1.664
202602231006,   2.090,  55.996,9999.000,9999.000,9999.000,9999.000,9999.000,9999.000,9999.000
202602231012,   1.927,  55.956,9999.000,9999.000,9999.000,9999.000,9999.000,9999.000,9999.000
202602231018,   1.773,  56.005,9999.000,9999.000,9999.000,9999.000,9999.000,9999.000,9999.000
202602231024,   1.628,  55.927,9999.000,9999.000,9999.000,9999.000,9999.000,9999.000,9999.000
202602231030,   1.494,  55.996,9999.000,9999.000,9999.000,9999.000,9999.000,9999.000,9999.000
202602231036,   1.370,  55.996,9999.000,9999.000,9999.000,9999.000,9999.000,9999.000,9999.000
202602231042,   1.257,  55.914,9999.000,9999.000,9999.000,9999.000,9999.000,9999.000,9999.000
202602231048,   1.156,  56.005,9999.000,9999.000,9999.000,9999.000,9999.000,9999.000,9999.000
202602231054,   1.068,  55.986,9999.000,9999.000,9999.000,9999.000,9999.000,9999.000,9999.000
202602231100,   0.994,  55.956,  -0.700,   0.000,   0.294,  -0.900,   0.094,  -0.600,   0.394
202602231106,   0.934,  56.015,9999.000,9999.000,9999.000,9999.000,9999.000,9999.000,9999.000
202602231112,   0.890,  55.956,9999.000,9999.000,9999.000,9999.000,9999.000,9999.000,9999.000
202602231118,   0.865,  56.025,9999.000,9999.000,9999.000,9999.000,9999.000,9999.000,9999.000
202602231124,   0.858,  56.045,9999.000,9999.000,9999.000,9999.000,9999.000,9999.000,9999.000
202602231130,   0.871,  55.966,9999.000,9999.000,9999.000,9999.000,9999.000,9999.000,9999.000
202602231136,   0.907,  56.045,9999.000,9999.000,9999.000,9999.000,9999.000,9999.000,9999.000
202602231142,   0.966,  56.045,9999.000,9999.000,9999.000,9999.000,9999.000,9999.000,9999.000
202602231148,   1.049,  56.025,9999.000,9999.000,9999.000,9999.000,9999.000,9999.000,9999.000
202602231154,   1.158,  56.094,9999.000,9999.000,9999.000,9999.000,9999.000,9999.000,9999.000
202602231200,   1.295,  56.035,  -0.700,   0.000,   0.595,  -0.800,   0.495,  -0.600,   0.695
202602231206,   1.458,  56.094,9999.000,9999.000,9999.000,9999.000,9999.000,9999.000,9999.000
202602231212,   1.650,  56.104,9999.000,9999.000,9999.000,9999.000,9999.000,9999.000,9999.000
202602231218,   1.871,  56.025,9999.000,9999.000,9999.000,9999.000,9999.000,9999.000,9999.000
202602231224,   2.120,  56.084,9999.000,9999.000,9999.000,9999.000,9999.000,9999.000,9999.000
202602231230,   2.398,  56.074,9999.000,9999.000,9999.000,9999.000,9999.000,9999.000,9999.000
202602231236,   2.703,  56.055,9999.000,9999.000,9999.000,9999.000,9999.000,9999.000,9999.000
202602231242,   3.035,  56.114,9999.000,9999.000,9999.000,9999.000,9999.000,9999.000,9999.000
202602231248,   3.394,  56.055,9999.000,9999.000,9999.000,9999.000,9999.000,9999.000,9999.000
202602231254,   3.777,  56.114,9999.000,9999.000,9999.000,9999.000,9999.000,9999.000,9999.000
202602231300,   4.183,  56.114,  -0.600,   0.000,   3.583,  -0.700,   3.483,  -0.600,   3.583
202602231306,   4.610,  56.025,9999.000,9999.000,9999.000,9999.000,9999.000,9999.000,9999.000
202602231312,   5.056,  56.104,9999.000,9999.000,9999.000,9999.000,9999.000,9999.000,9999.000
202602231318,   5.519,  56.094,9999.000,9999.000,9999.000,9999.000,9999.000,9999.000,9999.000
202602231324,   5.997,  56.074,9999.000,9999.000,9999.000,9999.000,9999.000,9999.000,9999.000
202602231330,   6.487,  56.137,9999.000,9999.000,9999.000,9999.000,9999.000,9999.000,9999.000
202602231336,   6.988,  56.074,9999.000,9999.000,9999.000,9999.000,9999.000,9999.000,9999.000
202602231342,   7.495,  56.124,9999.000,9999.000,9999.000,9999.000,9999.000,9999.000,9999.000
202602231348,   8.009,  56.114,9999.000,9999.000,9999.000,9999.000,9999.000,9999.000,9999.000
202602231354,   8.525,  56.015,9999.000,9999.000,9999.000,9999.000,9999.000,9999.000,9999.000
202602231400,   9.042,  56.084,  -0.600,   0.000,   8.442,  -0.700,   8.342,  -0.500,   8.542
202602231406,   9.558,  56.084,9999.000,9999.000,9999.000,9999.000,9999.000,9999.000,9999.000
202602231412,  10.071,  56.045,9999.000,9999.000,9999.000,9999.000,9999.000,9999.000,9999.000
202602231418,  10.579,  56.104,9999.000,9999.000,9999.000,9999.000,9999.000,9999.000,9999.000
202602231424,  11.082,  56.045,9999.000,9999.000,9999.000,9999.000,9999.000,9999.000,9999.000
202602231430,  11.577,  56.104,9999.000,9999.000,9999.000,9999.000,9999.000,9999.000,9999.000
202602231436,  12.063,  56.104,9999.000,9999.000,9999.000,9999.000,9999.000,9999.000,9999.000
202602231442,  12.540,  56.015,9999.000,9999.000,9999.000,9999.000,9999.000,9999.000,9999.000
202602231448,  13.006,  56.084,9999.000,9999.000,9999.000,9999.000,9999.000,9999.000,9999.000
202602231454,  13.461,  56.465,9999.000,9999.000,9999.000,9999.000,9999.000,9999.000,9999.000
202602231500,  13.905,  56.324,  -0.600,   0.000,  13.305,  -0.600,  13.305,  -0.500,  13.405
202602231506,  14.336,  56.235,9999.000,9999.000,9999.000,9999.000,9999.000,9999.000,9999.000
202602231512,  14.755,  56.265,9999.000,9999.000,9999.000,9999.000,9999.000,9999.000,9999.000
202602231518,  15.160,  56.206,9999.000,9999.000,9999.000,9999.000,9999.000,9999.000,9999.000
202602231524,  15.552,  56.265,9999.000,9999.000,9999.000,9999.000,9999.000,9999.000,9999.000
202602231530,  15.930,  56.245,9999.000,9999.000,9999.000,9999.000,9999.000,9999.000,9999.000
202602231536,  16.294,  56.156,9999.000,9999.000,9999.000,9999.000,9999.000,9999.000,9999.000
202602231542,  16.643,  56.225,9999.000,9999.000,9999.000,9999.000,9999.000,9999.000,9999.000
202602231548,  16.976,  56.196,9999.000,9999.000,9999.000,9999.000,9999.000,9999.000,9999.000
202602231554,  17.294,  56.186,9999.000,9999.000,9999.000,9999.000,9999.000,9999.000,9999.000
202602231600,  17.596,  56.255,  -0.500,   0.000,  17.096,  -0.600,  16.996,  -0.400,  17.196
202602231606,  17.881,  56.206,9999.000,9999.000,9999.000,9999.000,9999.000,9999.000,9999.000
202602231612,  18.148,  56.265,9999.000,9999.000,9999.000,9999.000,9999.000,9999.000,9999.000
202602231618,  18.396,  56.294,9999.000,9999.000,9999.000,9999.000,9999.000,9999.000,9999.000
202602231624,  18.626,  56.215,9999.000,9999.000,9999.000,9999.000,9999.000,9999.000,9999.000
202602231630,  18.835,  56.304,9999.000,9999.000,9999.000,9999.000,9999.000,9999.000,9999.000
202602231636,  19.025,  56.314,9999.000,9999.000,9999.000,9999.000,9999.000,9999.000,9999.000
202602231642,  19.192,  56.324,9999.000,9999.000,9999.000,9999.000,9999.000,9999.000,9999.000
202602231648,  19.339,  56.435,9999.000,9999.000,9999.000,9999.000,9999.000,9999.000,9999.000
202602231654,  19.462,  56.396,9999.000,9999.000,9999.000,9999.000,9999.000,9999.000,9999.000
202602231700,  19.563,  56.475,  -0.400,   0.000,  19.163,  -0.500,  19.063,  -0.300,  19.263
202602231706,  19.641,  56.504,9999.000,9999.000,9999.000,9999.000,9999.000,9999.000,9999.000
202602231712,  19.695,  56.435,9999.000,9999.000,9999.000,9999.000,9999.000,9999.000,9999.000
202602231718,  19.726,  56.534,9999.000,9999.000,9999.000,9999.000,9999.000,9999.000,9999.000
202602231724,  19.734,  56.543,9999.000,9999.000,9999.000,9999.000,9999.000,9999.000,9999.000
202602231730,  19.718,  56.543,9999.000,9999.000,9999.000,9999.000,9999.000,9999.000,9999.000
202602231736,  19.680,  56.645,9999.000,9999.000,9999.000,9999.000,9999.000,9999.000,9999.000
202602231742,  19.619,  56.616,9999.000,9999.000,9999.000,9999.000,9999.000,9999.000,9999.000
202602231748,  19.536,  56.734,9999.000,9999.000,9999.000,9999.000,9999.000,9999.000,9999.000
202602231754,  19.433,  56.776,9999.000,9999.000,9999.000,9999.000,9999.000,9999.000,9999.000
202602231800,  19.309,  56.704,  -0.400,   0.000,  18.909,  -0.500,  18.809,  -0.300,  19.009
202602231806,  19.167,  56.825,9999.000,9999.000,9999.000,9999.000,9999.000,9999.000,9999.000
202602231812,  19.006,  56.845,9999.000,9999.000,9999.000,9999.000,9999.000,9999.000,9999.000
202602231818,  18.827,  56.835,9999.000,9999.000,9999.000,9999.000,9999.000,9999.000,9999.000
202602231824,  18.633,  56.924,9999.000,9999.000,9999.000,9999.000,9999.000,9999.000,9999.000
202602231830,  18.423,  56.865,9999.000,9999.000,9999.000,9999.000,9999.000,9999.000,9999.000
202602231836,  18.200,  56.944,9999.000,9999.000,9999.000,9999.000,9999.000,9999.000,9999.000
202602231842,  17.964,  56.967,9999.000,9999.000,9999.000,9999.000,9999.000,9999.000,9999.000
202602231848,  17.716,  56.885,9999.000,9999.000,9999.000,9999.000,9999.000,9999.000,9999.000
202602231854,  17.457,  56.967,9999.000,9999.000,9999.000,9999.000,9999.000,9999.000,9999.000
202602231900,  17.189,  56.953,  -0.300,   0.000,  16.889,  -0.400,  16.789,  -0.200,  16.989
202602231906,  16.911,  56.934,9999.000,9999.000,9999.000,9999.000,9999.000,9999.000,9999.000
202602231912,  16.626,  57.006,9999.000,9999.000,9999.000,9999.000,9999.000,9999.000,9999.000
202602231918,  16.335,  56.944,9999.000,9999.000,9999.000,9999.000,9999.000,9999.000,9999.000
202602231924,  16.037,  57.026,9999.000,9999.000,9999.000,9999.000,9999.000,9999.000,9999.000
202602231930,  15.733,  57.026,9999.000,9999.000,9999.000,9999.000,9999.000,9999.000,9999.000
202602231936,  15.426,  56.934,9999.000,9999.000,9999.000,9999.000,9999.000,9999.000,9999.000
202602231942,  15.115,  57.006,9999.000,9999.000,9999.000,9999.000,9999.000,9999.000,9999.000
202602231948,  14.800,  56.986,9999.000,9999.000,9999.000,9999.000,9999.000,9999.000,9999.000
202602231954,  14.484,  56.944,9999.000,9999.000,9999.000,9999.000,9999.000,9999.000,9999.000
202602232000,  14.167,  57.006,  -0.200,   0.000,  13.967,  -0.400,  13.767,  -0.100,  14.067
202602232006,  13.849,  56.934,9999.000,9999.000,9999.000,9999.000,9999.000,9999.000,9999.000
202602232012,  13.531,  57.006,9999.000,9999.000,9999.000,9999.000,9999.000,9999.000,9999.000
202602232018,  13.214,  57.016,9999.000,9999.000,9999.000,9999.000,9999.000,9999.000,9999.000
202602232024,  12.899,  56.924,9999.000,9999.000,9999.000,9999.000,9999.000,9999.000,9999.000
202602232030,  12.586,  57.006,9999.000,9999.000,9999.000,9999.000,9999.000,9999.000,9999.000
202602232036,  12.277,  56.996,9999.000,9999.000,9999.000,9999.000,9999.000,9999.000,9999.000
202602232042,  11.971,  56.976,9999.000,9999.000,9999.000,9999.000,9999.000,9999.000,9999.000
202602232048,  11.671,  57.026,9999.000,9999.000,9999.000,9999.000,9999.000,9999.000,9999.000
202602232054,  11.375,  56.953,9999.000,9999.000,9999.000,9999.000,9999.000,9999.000,9999.000
202602232100,  11.086,  57.026,  -0.200,   0.000,  10.886,  -0.300,  10.786,   0.000,  11.086
202602232106,  10.803,  57.016,9999.000,9999.000,9999.000,9999.000,9999.000,9999.000,9999.000
202602232112,  10.528,  56.924,9999.000,9999.000,9999.000,9999.000,9999.000,9999.000,9999.000
202602232118,  10.259,  56.986,9999.000,9999.000,9999.000,9999.000,9999.000,9999.000,9999.000
202602232124,   9.998,  56.944,9999.000,9999.000,9999.000,9999.000,9999.000,9999.000,9999.000
202602232130,   9.745,  56.934,9999.000,9999.000,9999.000,9999.000,9999.000,9999.000,9999.000
202602232136,   9.500,  57.026,9999.000,9999.000,9999.000,9999.000,9999.000,9999.000,9999.000
202602232142,   9.262,  56.976,9999.000,9999.000,9999.000,9999.000,9999.000,9999.000,9999.000
202602232148,   9.033,  57.075,9999.000,9999.000,9999.000,9999.000,9999.000,9999.000,9999.000
202602232154,   8.811,  57.104,9999.000,9999.000,9999.000,9999.000,9999.000,9999.000,9999.000
202602232200,   8.597,  57.016,  -0.100,   0.000,   8.497,  -0.200,   8.397,   0.000,   8.597
202602232206,   8.390,  57.104,9999.000,9999.000,9999.000,9999.000,9999.000,9999.000,9999.000
202602232212,   8.190,  57.104,9999.000,9999.000,9999.000,9999.000,9999.000,9999.000,9999.000
202602232218,   7.997,  57.094,9999.000,9999.000,9999.000,9999.000,9999.000,9999.000,9999.000
202602232224,   7.810,  57.186,9999.000,9999.000,9999.000,9999.000,9999.000,9999.000,9999.000
202602232230,   7.630,  57.124,9999.000,9999.000,9999.000,9999.000,9999.000,9999.000,9999.000
202602232236,   7.455,  57.196,9999.000,9999.000,9999.000,9999.000,9999.000,9999.000,9999.000
202602232242,   7.287,  57.196,9999.000,9999.000,9999.000,9999.000,9999.000,9999.000,9999.000
202602232248,   7.125,  57.104,9999.000,9999.000,9999.000,9999.000,9999.000,9999.000,9999.000
202602232254,   6.970,  57.196,9999.000,9999.000,9999.000,9999.000,9999.000,9999.000,9999.000
202602232300,   6.822,  57.176,   0.000,   0.000,   6.822,  -0.100,   6.722,   0.100,   6.922
202602232306,   6.680,  57.163,9999.000,9999.000,9999.000,9999.000,9999.000,9999.000,9999.000
202602232312,   6.548,  57.255,9999.000,9999.000,9999.000,9999.000,9999.000,9999.000,9999.000
202602232318,   6.424,  57.196,9999.000,9999.000,9999.000,9999.000,9999.000,9999.000,9999.000
202602232324,   6.310,  57.295,9999.000,9999.000,9999.000,9999.000,9999.000,9999.000,9999.000
202602232330,   6.207,  57.304,9999.000,9999.000,9999.000,9999.000,9999.000,9999.000,9999.000
202602232336,   6.116,  57.216,9999.000,9999.000,9999.000,9999.000,9999.000,9999.000,9999.000
202602232342,   6.040,  57.304,9999.000,9999.000,9999.000,9999.000,9999.000,9999.000,9999.000
202602232348,   5.979,  57.295,9999.000,9999.000,9999.000,9999.000,9999.000,9999.000,9999.000
202602232354,   5.934,  57.275,9999.000,9999.000,9999.000,9999.000,9999.000,9999.000,9999.000
202602240000,   5.908,  57.363,   0.100,   0.000,   6.008,   0.000,   5.908,   0.200,   6.108
202602240006,   5.901,  57.314,9999.000,9999.000,9999.000,9999.000,9999.000,9999.000,9999.000
202602240012,   5.915,  57.386,9999.000,9999.000,9999.000,9999.000,9999.000,9999.000,9999.000
202602240018,   5.952,  57.386,9999.000,9999.000,9999.000,9999.000,9999.000,9999.000,9999.000
202602240024,   6.012,  57.295,9999.000,9999.000,9999.000,9999.000,9999.000,9999.000,9999.000
202602240030,   6.096,  57.386,9999.000,9999.000,9999.000,9999.000,9999.000,9999.000,9999.000
202602240036,   6.205,  57.373,9999.000,9999.000,9999.000,9999.000,9999.000,9999.000,9999.000
202602240042,   6.339,  57.363,9999.000,9999.000,9999.000,9999.000,9999.000,9999.000,9999.000
202602240048,   6.499,  57.465,9999.000,9999.000,9999.000,9999.000,9999.000,9999.000,9999.000
202602240054,   6.684,  57.416,9999.000,9999.000,9999.000,9999.000,9999.000,9999.000,9999.000
202602240100,   6.895,  57.514,   0.100,   0.000,   6.995,   0.000,   6.895,   0.200,   7.095
202602240106,   7.129,  57.544,9999.000,9999.000,9999.000,9999.000,9999.000,9999.000,9999.000
202602240112,   7.387,  57.465,9999.000,9999.000,9999.000,9999.000,9999.000,9999.000,9999.000
202602240118,   7.667,  57.583,9999.000,9999.000,9999.000,9999.000,9999.000,9999.000,9999.000
202602240124,   7.968,  57.596,9999.000,9999.000,9999.000,9999.000,9999.000,9999.000,9999.000
202602240130,   8.287,  57.596,9999.000,9999.000,9999.000,9999.000,9999.000,9999.000,9999.000
202602240136,   8.624,  57.695,9999.000,9999.000,9999.000,9999.000,9999.000,9999.000,9999.000
202602240142,   8.975,  57.626,9999.000,9999.000,9999.000,9999.000,9999.000,9999.000,9999.000
202602240148,   9.339,  57.705,9999.000,9999.000,9999.000,9999.000,9999.000,9999.000,9999.000
202602240154,   9.714,  57.714,9999.000,9999.000,9999.000,9999.000,9999.000,9999.000,9999.000
202602240200,  10.096,  57.626,   0.200,   0.000,  10.296,   0.000,  10.096,   0.300,  10.396
202602240206,  10.485,  57.705,9999.000,9999.000,9999.000,9999.000,9999.000,9999.000,9999.000
202602240212,  10.877,  57.675,9999.000,9999.000,9999.000,9999.000,9999.000,9999.000,9999.000
202602240218,  11.271,  57.645,9999.000,9999.000,9999.000,9999.000,9999.000,9999.000,9999.000
202602240224,  11.664,  57.724,9999.000,9999.000,9999.000,9999.000,9999.000,9999.000,9999.000
202602240230,  12.055,  57.645,9999.000,9999.000,9999.000,9999.000,9999.000,9999.000,9999.000
202602240236,  12.441,  57.714,9999.000,9999.000,9999.000,9999.000,9999.000,9999.000,9999.000
202602240242,  12.821,  57.705,9999.000,9999.000,9999.000,9999.000,9999.000,9999.000,9999.000
202602240248,  13.193,  57.596,9999.000,9999.000,9999.000,9999.000,9999.000,9999.000,9999.000
202602240254,  13.557,  57.685,9999.000,9999.000,9999.000,9999.000,9999.000,9999.000,9999.000
202602240300,  13.911,  58.095,   0.200,   0.000,  14.111,   0.000,  13.911,   0.300,  14.211
202602240306,  14.253,  57.895,9999.000,9999.000,9999.000,9999.000,9999.000,9999.000,9999.000
202602240312,  14.584,  57.793,9999.000,9999.000,9999.000,9999.000,9999.000,9999.000,9999.000
202602240318,  14.903,  57.826,9999.000,9999.000,9999.000,9999.000,9999.000,9999.000,9999.000
202602240324,  15.209,  57.734,9999.000,9999.000,9999.000,9999.000,9999.000,9999.000,9999.000
202602240330,  15.501,  57.773,9999.000,9999.000,9999.000,9999.000,9999.000,9999.000,9999.000
202602240336,  15.779,  57.754,9999.000,9999.000,9999.000,9999.000,9999.000,9999.000,9999.000
202602240342,  16.043,  57.636,9999.000,9999.000,9999.000,9999.000,9999.000,9999.000,9999.000
202602240348,  16.293,  57.714,9999.000,9999.000,9999.000,9999.000,9999.000,9999.000,9999.000
202602240354,  16.527,  57.685,9999.000,9999.000,9999.000,9999.000,9999.000,9999.000,9999.000
202602240400,  16.747,  57.655,   0.200,   0.000,  16.947,   0.000,  16.747,   0.300,  17.047
202602240406,  16.951,  57.724,9999.000,9999.000,9999.000,9999.000,9999.000,9999.000,9999.000
202602240412,  17.139,  57.645,9999.000,9999.000,9999.000,9999.000,9999.000,9999.000,9999.000
202602240418,  17.311,  57.695,9999.000,9999.000,9999.000,9999.000,9999.000,9999.000,9999.000
202602240424,  17.466,  57.675,9999.000,9999.000,9999.000,9999.000,9999.000,9999.000,9999.000
202602240430,  17.604,  57.563,9999.000,9999.000,9999.000,9999.000,9999.000,9999.000,9999.000
202602240436,  17.724,  57.626,9999.000,9999.000,9999.000,9999.000,9999.000,9999.000,9999.000
202602240442,  17.825,  57.596,9999.000,9999.000,9999.000,9999.000,9999.000,9999.000,9999.000
202602240448,  17.907,  57.563,9999.000,9999.000,9999.000,9999.000,9999.000,9999.000,9999.000
202602240454,  17.969,  57.616,9999.000,9999.000,9999.000,9999.000,9999.000,9999.000,9999.000
202602240500,  18.011,  57.534,   0.200,   0.000,  18.211,   0.000,  18.011,   0.300,  18.311
202602240506,  18.032,  57.583,9999.000,9999.000,9999.000,9999.000,9999.000,9999.000,9999.000
202602240512,  18.031,  57.563,9999.000,9999.000,9999.000,9999.000,9999.000,9999.000,9999.000
202602240518,  18.008,  57.445,9999.000,9999.000,9999.000,9999.000,9999.000,9999.000,9999.000
202602240524,  17.963,  57.504,9999.000,9999.000,9999.000,9999.000,9999.000,9999.000,9999.000
202602240530,  17.896,  57.485,9999.000,9999.000,9999.000,9999.000,9999.000,9999.000,9999.000
202602240536,  17.806,  57.436,9999.000,9999.000,9999.000,9999.000,9999.000,9999.000,9999.000
202602240542,  17.693,  57.495,9999.000,9999.000,9999.000,9999.000,9999.000,9999.000,9999.000
202602240548,  17.558,  57.416,9999.000,9999.000,9999.000,9999.000,9999.000,9999.000,9999.000
202602240554,  17.401,  57.455,9999.000,9999.000,9999.000,9999.000,9999.000,9999.000,9999.000
202602240600,  17.222,  57.436,   0.200,   0.000,  17.422,   0.100,  17.322,   0.400,  17.622
202602240606,  17.022,  57.334,9999.000,9999.000,9999.000,9999.000,9999.000,9999.000,9999.000
202602240612,  16.802,  57.396,9999.000,9999.000,9999.000,9999.000,9999.000,9999.000,9999.000
202602240618,  16.561,  57.354,9999.000,9999.000,9999.000,9999.000,9999.000,9999.000,9999.000
202602240624,  16.302,  57.324,9999.000,9999.000,9999.000,9999.000,9999.000,9999.000,9999.000
202602240630,  16.025,  57.386,9999.000,9999.000,9999.000,9999.000,9999.000,9999.000,9999.000
202602240636,  15.732,  57.295,9999.000,9999.000,9999.000,9999.000,9999.000,9999.000,9999.000
202602240642,  15.423,  57.344,9999.000,9999.000,9999.000,9999.000,9999.000,9999.000,9999.000
202602240648,  15.099,  57.334,9999.000,9999.000,9999.000,9999.000,9999.000,9999.000,9999.000
202602240654,  14.762,  57.226,9999.000,9999.000,9999.000,9999.000,9999.000,9999.000,9999.000
202602240700,  14.414,  57.285,   0.200,   0.000,  14.614,   0.000,  14.414,   0.400,  14.814
202602240706,  14.054,  57.255,9999.000,9999.000,9999.000,9999.000,9999.000,9999.000,9999.000
202602240712,  13.685,  57.226,9999.000,9999.000,9999.000,9999.000,9999.000,9999.000,9999.000
202602240718,  13.306,  57.285,9999.000,9999.000,9999.000,9999.000,9999.000,9999.000,9999.000
202602240724,  12.921,  57.206,9999.000,9999.000,9999.000,9999.000,9999.000,9999.000,9999.000
202602240730,  12.529,  57.255,9999.000,9999.000,9999.000,9999.000,9999.000,9999.000,9999.000
202602240736,  12.131,  57.245,9999.000,9999.000,9999.000,9999.000,9999.000,9999.000,9999.000
202602240742,  11.729,  57.134,9999.000,9999.000,9999.000,9999.000,9999.000,9999.000,9999.000
202602240748,  11.324,  57.196,9999.000,9999.000,9999.000,9999.000,9999.000,9999.000,9999.000
202602240754,  10.916,  57.163,9999.000,9999.000,9999.000,9999.000,9999.000,9999.000,9999.000
202602240800,  10.505,  57.124,   0.200,   0.000,  10.705,   0.000,  10.505,   0.400,  10.905
202602240806,  10.094,  57.186,9999.000,9999.000,9999.000,9999.000,9999.000,9999.000,9999.000
202602240812,   9.683,  57.114,9999.000,9999.000,9999.000,9999.000,9999.000,9999.000,9999.000
202602240818,   9.273,  57.176,9999.000,9999.000,9999.000,9999.000,9999.000,9999.000,9999.000
202602240824,   8.864,  57.163,9999.000,9999.000,9999.000,9999.000,9999.000,9999.000,9999.000
202602240830,   8.458,  57.045,9999.000,9999.000,9999.000,9999.000,9999.000,9999.000,9999.000
202602240836,   8.055,  57.124,9999.000,9999.000,9999.000,9999.000,9999.000,9999.000,9999.000
202602240842,   7.656,  57.094,9999.000,9999.000,9999.000,9999.000,9999.000,9999.000,9999.000
202602240848,   7.262,  57.075,9999.000,9999.000,9999.000,9999.000,9999.000,9999.000,9999.000
202602240854,   6.874,  57.134,9999.000,9999.000,9999.000,9999.000,9999.000,9999.000,9999.000
202602240900,   6.492,  57.055,   0.200,   0.000,   6.692,  -0.100,   6.392,   0.500,   6.992
202602240906,   6.118,  57.124,9999.000,9999.000,9999.000,9999.000,9999.000,9999.000,9999.000
202602240912,   5.752,  57.124,9999.000,9999.000,9999.000,9999.000,9999.000,9999.000,9999.000
202602240918,   5.395,  57.026,9999.000,9999.000,9999.000,9999.000,9999.000,9999.000,9999.000
202602240924,   5.047,  57.104,9999.000,9999.000,9999.000,9999.000,9999.000,9999.000,9999.000
202602240930,   4.710,  57.085,9999.000,9999.000,9999.000,9999.000,9999.000,9999.000,9999.000
202602240936,   4.383,  57.045,9999.000,9999.000,9999.000,9999.000,9999.000,9999.000,9999.000
202602240942,   4.068,  57.104,9999.000,9999.000,9999.000,9999.000,9999.000,9999.000,9999.000
202602240948,   3.764,  57.035,9999.000,9999.000,9999.000,9999.000,9999.000,9999.000,9999.000
202602240954,   3.472,  57.094,9999.000,9999.000,9999.000,9999.000,9999.000,9999.000,9999.000
202602241000,   3.192,  57.085,   0.100,   0.000,   3.292,  -0.200,   2.992,   0.500,   3.692
202602241006,   2.925,  56.967,9999.000,9999.000,9999.000,9999.000,9999.000,9999.000,9999.000
202602241012,   2.669,  57.035,9999.000,9999.000,9999.000,9999.000,9999.000,9999.000,9999.000
202602241018,   2.425,  57.016,9999.000,9999.000,9999.000,9999.000,9999.000,9999.000,9999.000
202602241024,   2.193,  56.986,9999.000,9999.000,9999.000,9999.000,9999.000,9999.000,9999.000
202602241030,   1.973,  57.045,9999.000,9999.000,9999.000,9999.000,9999.000,9999.000,9999.000
202602241036,   1.764,  56.967,9999.000,9999.000,9999.000,9999.000,9999.000,9999.000,9999.000
202602241042,   1.566,  57.035,9999.000,9999.000,9999.000,9999.000,9999.000,9999.000,9999.000
202602241048,   1.379,  57.026,9999.000,9999.000,9999.000,9999.000,9999.000,9999.000,9999.000
202602241054,   1.203,  56.924,9999.000,9999.000,9999.000,9999.000,9999.000,9999.000,9999.000
202602241100,   1.037,  56.996,   0.000,   0.000,   1.037,  -0.400,   0.637,   0.500,   1.537
202602241106,   0.882,  56.976,9999.000,9999.000,9999.000,9999.000,9999.000,9999.000,9999.000
202602241112,   0.737,  56.944,9999.000,9999.000,9999.000,9999.000,9999.000,9999.000,9999.000
202602241118,   0.603,  57.016,9999.000,9999.000,9999.000,9999.000,9999.000,9999.000,9999.000
202602241124,   0.480,  56.944,9999.000,9999.000,9999.000,9999.000,9999.000,9999.000,9999.000
202602241130,   0.369,  57.016,9999.000,9999.000,9999.000,9999.000,9999.000,9999.000,9999.000
202602241136,   0.270,  57.006,9999.000,9999.000,9999.000,9999.000,9999.000,9999.000,9999.000
202602241142,   0.184,  56.904,9999.000,9999.000,9999.000,9999.000,9999.000,9999.000,9999.000
202602241148,   0.112,  56.986,9999.000,9999.000,9999.000,9999.000,9999.000,9999.000,9999.000
202602241154,   0.055,  56.967,9999.000,9999.000,9999.000,9999.000,9999.000,9999.000,9999.000
202602241200,   0.014,  56.944,  -0.300,   0.000,  -0.286,  -0.500,  -0.486,   0.000,   0.014
202602241206,  -0.008,  57.016,9999.000,9999.000,9999.000,9999.000,9999.000,9999.000,9999.000
202602241212,  -0.012,  56.953,9999.000,9999.000,9999.000,9999.000,9999.000,9999.000,9999.000
202602241218,   0.004,  57.026,9999.000,9999.000,9999.000,9999.000,9999.000,9999.000,9999.000
202602241224,   0.043,  57.026,9999.000,9999.000,9999.000,9999.000,9999.000,9999.000,9999.000
202602241230,   0.105,  56.924,9999.000,9999.000,9999.000,9999.000,9999.000,9999.000,9999.000
202602241236,   0.191,  56.976,9999.000,9999.000,9999.000,9999.000,9999.000,9999.000,9999.000
202602241242,   0.304,  56.934,9999.000,9999.000,9999.000,9999.000,9999.000,9999.000,9999.000
202602241248,   0.444,  56.904,9999.000,9999.000,9999.000,9999.000,9999.000,9999.000,9999.000
202602241254,   0.611,  56.986,9999.000,9999.000,9999.000,9999.000,9999.000,9999.000,9999.000
202602241300,   0.808,  56.924,  -0.400,   0.000,   0.408,  -0.600,   0.208,  -0.200,   0.608
202602241306,   1.033,  56.996,9999.000,9999.000,9999.000,9999.000,9999.000,9999.000,9999.000
202602241312,   1.288,  56.996,9999.000,9999.000,9999.000,9999.000,9999.000,9999.000,9999.000
202602241318,   1.571,  56.904,9999.000,9999.000,9999.000,9999.000,9999.000,9999.000,9999.000
202602241324,   1.884,  56.976,9999.000,9999.000,9999.000,9999.000,9999.000,9999.000,9999.000
202602241330,   2.225,  56.953,9999.000,9999.000,9999.000,9999.000,9999.000,9999.000,9999.000
202602241336,   2.593,  56.934,9999.000,9999.000,9999.000,9999.000,9999.000,9999.000,9999.000
202602241342,   2.987,  57.006,9999.000,9999.000,9999.000,9999.000,9999.000,9999.000,9999.000
202602241348,   3.405,  56.934,9999.000,9999.000,9999.000,9999.000,9999.000,9999.000,9999.000
202602241354,   3.846,  57.006,9999.000,9999.000,9999.000,9999.000,9999.000,9999.000,9999.000
202602241400,   4.307,  57.006,  -0.600,   0.000,   3.707,  -0.600,   3.707,  -0.500,   3.807
202602241406,   4.788,  56.904,9999.000,9999.000,9999.000,9999.000,9999.000,9999.000,9999.000
202602241412,   5.285,  56.976,9999.000,9999.000,9999.000,9999.000,9999.000,9999.000,9999.000
202602241418,   5.795,  56.953,9999.000,9999.000,9999.000,9999.000,9999.000,9999.000,9999.000
202602241424,   6.318,  56.934,9999.000,9999.000,9999.000,9999.000,9999.000,9999.000,9999.000
202602241430,   6.850,  57.006,9999.000,9999.000,9999.000,9999.000,9999.000,9999.000,9999.000
202602241436,   7.388,  56.934,9999.000,9999.000,9999.000,9999.000,9999.000,9999.000,9999.000
202602241442,   7.932,  56.996,9999.000,9999.000,9999.000,9999.000,9999.000,9999.000,9999.000
202602241448,   8.478,  56.986,9999.000,9999.000,9999.000,9999.000,9999.000,9999.000,9999.000
202602241454,   9.024,  56.875,9999.000,9999.000,9999.000,9999.000,9999.000,9999.000,9999.000
202602241500,   9.568,  56.944,  -0.600,   0.000,   8.968,  -0.800,   8.768,  -0.500,   9.068
202602241506,  10.109,  57.363,9999.000,9999.000,9999.000,9999.000,9999.000,9999.000,9999.000
202602241512,  10.645,  57.196,9999.000,9999.000,9999.000,9999.000,9999.000,9999.000,9999.000
202602241518,  11.174,  57.026,9999.000,9999.000,9999.000,9999.000,9999.000,9999.000,9999.000
202602241524,  11.696,  57.055,9999.000,9999.000,9999.000,9999.000,9999.000,9999.000,9999.000
202602241530,  12.208,  57.006,9999.000,9999.000,9999.000,9999.000,9999.000,9999.000,9999.000
202602241536,  12.711,  56.967,9999.000,9999.000,9999.000,9999.000,9999.000,9999.000,9999.000
202602241542,  13.202,  57.016,9999.000,9999.000,9999.000,9999.000,9999.000,9999.000,9999.000
202602241548,  13.683,  56.934,9999.000,9999.000,9999.000,9999.000,9999.000,9999.000,9999.000
202602241554,  14.151,  56.986,9999.000,9999.000,9999.000,9999.000,9999.000,9999.000,9999.000
202602241600,  14.606,  56.976,  -0.700,   0.000,  13.906,  -0.900,  13.706,  -0.500,  14.106
202602241606,  15.049,  56.865,9999.000,9999.000,9999.000,9999.000,9999.000,9999.000,9999.000
202602241612,  15.477,  56.914,9999.000,9999.000,9999.000,9999.000,9999.000,9999.000,9999.000
202602241618,  15.892,  56.875,9999.000,9999.000,9999.000,9999.000,9999.000,9999.000,9999.000
202602241624,  16.292,  56.835,9999.000,9999.000,9999.000,9999.000,9999.000,9999.000,9999.000
202602241630,  16.677,  56.885,9999.000,9999.000,9999.000,9999.000,9999.000,9999.000,9999.000
202602241636,  17.047,  56.806,9999.000,9999.000,9999.000,9999.000,9999.000,9999.000,9999.000
202602241642,  17.401,  56.855,9999.000,9999.000,9999.000,9999.000,9999.000,9999.000,9999.000
202602241648,  17.738,  56.835,9999.000,9999.000,9999.000,9999.000,9999.000,9999.000,9999.000
202602241654,  18.058,  56.714,9999.000,9999.000,9999.000,9999.000,9999.000,9999.000,9999.000
202602241700,  18.360,  56.786,  -0.700,   0.000,  17.660,  -1.000,  17.360,  -0.500,  17.860
202602241706,  18.643,  56.743,9999.000,9999.000,9999.000,9999.000,9999.000,9999.000,9999.000
202602241712,  18.907,  56.704,9999.000,9999.000,9999.000,9999.000,9999.000,9999.000,9999.000
202602241718,  19.151,  56.753,9999.000,9999.000,9999.000,9999.000,9999.000,9999.000,9999.000
202602241724,  19.375,  56.665,9999.000,9999.000,9999.000,9999.000,9999.000,9999.000,9999.000
202602241730,  19.576,  56.714,9999.000,9999.000,9999.000,9999.000,9999.000,9999.000,9999.000
202602241736,  19.756,  56.694,9999.000,9999.000,9999.000,9999.000,9999.000,9999.000,9999.000
202602241742,  19.913,  56.586,9999.000,9999.000,9999.000,9999.000,9999.000,9999.000,9999.000
202602241748,  20.047,  56.645,9999.000,9999.000,9999.000,9999.000,9999.000,9999.000,9999.000
202602241754,  20.157,  56.625,9999.000,9999.000,9999.000,9999.000,9999.000,9999.000,9999.000
202602241800,  20.243,  56.606,  -0.700,   0.000,  19.543,  -0.900,  19.343,  -0.500,  19.743
202602241806,  20.306,  56.675,9999.000,9999.000,9999.000,9999.000,9999.000,9999.000,9999.000
202602241812,  20.345,  56.606,9999.000,9999.000,9999.000,9999.000,9999.000,9999.000,9999.000
202602241818,  20.360,  56.665,9999.000,9999.000,9999.000,9999.000,9999.000,9999.000,9999.000
202602241824,  20.351,  56.655,9999.000,9999.000,9999.000,9999.000,9999.000,9999.000,9999.000
202602241830,  20.320,  56.557,9999.000,9999.000,9999.000,9999.000,9999.000,9999.000,9999.000
202602241836,  20.266,  56.625,9999.000,9999.000,9999.000,9999.000,9999.000,9999.000,9999.000
202602241842,  20.190,  56.596,9999.000,9999.000,9999.000,9999.000,9999.000,9999.000,9999.000
202602241848,  20.094,  56.566,9999.000,9999.000,9999.000,9999.000,9999.000,9999.000,9999.000
202602241854,  19.977,  56.635,9999.000,9999.000,9999.000,9999.000,9999.000,9999.000,9999.000
202602241900,  19.841,  56.566,  -0.700,   0.000,  19.141,  -0.800,  19.041,  -0.600,  19.241
202602241906,  19.686,  56.635,9999.000,9999.000,9999.000,9999.000,9999.000,9999.000,9999.000
202602241912,  19.515,  56.625,9999.000,9999.000,9999.000,9999.000,9999.000,9999.000,9999.000
202602241918,  19.327,  56.514,9999.000,9999.000,9999.000,9999.000,9999.000,9999.000,9999.000
202602241924,  19.124,  56.586,9999.000,9999.000,9999.000,9999.000,9999.000,9999.000,9999.000
202602241930,  18.907,  56.557,9999.000,9999.000,9999.000,9999.000,9999.000,9999.000,9999.000
202602241936,  18.677,  56.534,9999.000,9999.000,9999.000,9999.000,9999.000,9999.000,9999.000
202602241942,  18.436,  56.586,9999.000,9999.000,9999.000,9999.000,9999.000,9999.000,9999.000
202602241948,  18.183,  56.514,9999.000,9999.000,9999.000,9999.000,9999.000,9999.000,9999.000
202602241954,  17.920,  56.576,9999.000,9999.000,9999.000,9999.000,9999.000,9999.000,9999.000
202602242000,  17.648,  56.566,  -0.600,   0.000,  17.048,  -0.800,  16.848,  -0.500,  17.148
202602242006,  17.367,  56.475,9999.000,9999.000,9999.000,9999.000,9999.000,9999.000,9999.000
202602242012,  17.080,  56.543,9999.000,9999.000,9999.000,9999.000,9999.000,9999.000,9999.000
202602242018,  16.785,  56.514,9999.000,9999.000,9999.000,9999.000,9999.000,9999.000,9999.000
202602242024,  16.485,  56.494,9999.000,9999.000,9999.000,9999.000,9999.000,9999.000,9999.000
202602242030,  16.180,  56.557,9999.000,9999.000,9999.000,9999.000,9999.000,9999.000,9999.000
202602242036,  15.870,  56.484,9999.000,9999.000,9999.000,9999.000,9999.000,9999.000,9999.000
202602242042,  15.557,  56.557,9999.000,9999.000,9999.000,9999.000,9999.000,9999.000,9999.000
202602242048,  15.241,  56.543,9999.000,9999.000,9999.000,9999.000,9999.000,9999.000,9999.000
202602242054,  14.924,  56.445,9999.000,9999.000,9999.000,9999.000,9999.000,9999.000,9999.000
202602242100,  14.605,  56.514,  -0.600,   0.000,  14.005,  -0.900,  13.705,  -0.400,  14.205
202602242106,  14.286,  56.494,9999.000,9999.000,9999.000,9999.000,9999.000,9999.000,9999.000
202602242112,  13.967,  56.475,9999.000,9999.000,9999.000,9999.000,9999.000,9999.000,9999.000
202602242118,  13.649,  56.543,9999.000,9999.000,9999.000,9999.000,9999.000,9999.000,9999.000
202602242124,  13.334,  56.475,9999.000,9999.000,9999.000,9999.000,9999.000,9999.000,9999.000
202602242130,  13.021,  56.566,9999.000,9999.000,9999.000,9999.000,9999.000,9999.000,9999.000
202602242136,  12.712,  56.566,9999.000,9999.000,9999.000,9999.000,9999.000,9999.000,9999.000
202602242142,  12.407,  56.475,9999.000,9999.000,9999.000,9999.000,9999.000,9999.000,9999.000
202602242148,  12.107,  56.557,9999.000,9999.000,9999.000,9999.000,9999.000,9999.000,9999.000
202602242154,  11.813,  56.534,9999.000,9999.000,9999.000,9999.000,9999.000,9999.000,9999.000
202602242200,  11.525,  56.524,  -0.700,   0.000,  10.825,  -0.900,  10.625,  -0.500,  11.025
202602242206,  11.243,  56.616,9999.000,9999.000,9999.000,9999.000,9999.000,9999.000,9999.000
202602242212,  10.968,  56.557,9999.000,9999.000,9999.000,9999.000,9999.000,9999.000,9999.000
202602242218,  10.701,  56.625,9999.000,9999.000,9999.000,9999.000,9999.000,9999.000,9999.000
202602242224,  10.441,  56.635,9999.000,9999.000,9999.000,9999.000,9999.000,9999.000,9999.000
202602242230,  10.188,  56.543,9999.000,9999.000,9999.000,9999.000,9999.000,9999.000,9999.000
202602242236,   9.942,  56.635,9999.000,9999.000,9999.000,9999.000,9999.000,9999.000,9999.000
202602242242,   9.704,  56.625,9999.000,9999.000,9999.000,9999.000,9999.000,9999.000,9999.000
202602242248,   9.473,  56.596,9999.000,9999.000,9999.000,9999.000,9999.000,9999.000,9999.000
202602242254,   9.249,  56.635,9999.000,9999.000,9999.000,9999.000,9999.000,9999.000,9999.000
202602242300,   9.032,  56.557,  -0.700,   0.000,   8.332,  -0.900,   8.132,  -0.600,   8.432
202602242306,   8.821,  56.625,9999.000,9999.000,9999.000,9999.000,9999.000,9999.000,9999.000
202602242312,   8.617,  56.616,9999.000,9999.000,9999.000,9999.000,9999.000,9999.000,9999.000
202602242318,   8.418,  56.524,9999.000,9999.000,9999.000,9999.000,9999.000,9999.000,9999.000
202602242324,   8.225,  56.596,9999.000,9999.000,9999.000,9999.000,9999.000,9999.000,9999.000
202602242330,   8.038,  56.566,9999.000,9999.000,9999.000,9999.000,9999.000,9999.000,9999.000
202602242336,   7.857,  56.557,9999.000,9999.000,9999.000,9999.000,9999.000,9999.000,9999.000
202602242342,   7.682,  56.635,9999.000,9999.000,9999.000,9999.000,9999.000,9999.000,9999.000
202602242348,   7.513,  56.566,9999.000,9999.000,9999.000,9999.000,9999.000,9999.000,9999.000
202602242354,   7.351,  56.635,9999.000,9999.000,9999.000,9999.000,9999.000,9999.000,9999.000
202602250000,   7.197,  56.635,  -0.700,   0.000,   6.497,  -0.800,   6.397,  -0.600,   6.597
202602250006,   7.050,  56.534,9999.000,9999.000,9999.000,9999.000,9999.000,9999.000,9999.000
202602250012,   6.913,  56.625,9999.000,9999.000,9999.000,9999.000,9999.000,9999.000,9999.000
202602250018,   6.786,  56.616,9999.000,9999.000,9999.000,9999.000,9999.000,9999.000,9999.000
202602250024,   6.671,  56.596,9999.000,9999.000,9999.000,9999.000,9999.000,9999.000,9999.000
202602250030,   6.569,  56.665,9999.000,9999.000,9999.000,9999.000,9999.000,9999.000,9999.000
202602250036,   6.481,  56.586,9999.000,9999.000,9999.000,9999.000,9999.000,9999.000,9999.000
202602250042,   6.409,  56.665,9999.000,9999.000,9999.000,9999.000,9999.000,9999.000,9999.000
202602250048,   6.355,  56.665,9999.000,9999.000,9999.000,9999.000,9999.000,9999.000,9999.000
202602250054,   6.319,  56.566,9999.000,9999.000,9999.000,9999.000,9999.000,9999.000,9999.000
202602250100,   6.304,  56.635,  -0.800,   0.000,   5.504,  -1.000,   5.304,  -0.600,   5.704
202602250106,   6.310,  56.606,9999.000,9999.000,9999.000,9999.000,9999.000,9999.000,9999.000
202602250112,   6.340,  56.566,9999.000,9999.000,9999.000,9999.000,9999.000,9999.000,9999.000
202602250118,   6.393,  56.596,9999.000,9999.000,9999.000,9999.000,9999.000,9999.000,9999.000
202602250124,   6.471,  56.514,9999.000,9999.000,9999.000,9999.000,9999.000,9999.000,9999.000
202602250130,   6.574,  56.576,9999.000,9999.000,9999.000,9999.000,9999.000,9999.000,9999.000
202602250136,   6.704,  56.576,9999.000,9999.000,9999.000,9999.000,9999.000,9999.000,9999.000
202602250142,   6.858,  56.475,9999.000,9999.000,9999.000,9999.000,9999.000,9999.000,9999.000
202602250148,   7.039,  56.543,9999.000,9999.000,9999.000,9999.000,9999.000,9999.000,9999.000
202602250154,   7.244,  56.504,9999.000,9999.000,9999.000,9999.000,9999.000,9999.000,9999.000
202602250200,   7.474,  56.484,  -0.900,   0.000,   6.574,  -1.100,   6.374,  -0.700,   6.774
202602250206,   7.726,  56.557,9999.000,9999.000,9999.000,9999.000,9999.000,9999.000,9999.000
202602250212,   8.001,  56.484,9999.000,9999.000,9999.000,9999.000,9999.000,9999.000,9999.000
202602250218,   8.295,  56.543,9999.000,9999.000,9999.000,9999.000,9999.000,9999.000,9999.000
202602250224,   8.608,  56.524,9999.000,9999.000,9999.000,9999.000,9999.000,9999.000,9999.000
202602250230,   8.937,  56.415,9999.000,9999.000,9999.000,9999.000,9999.000,9999.000,9999.000
202602250236,   9.281,  56.494,9999.000,9999.000,9999.000,9999.000,9999.000,9999.000,9999.000
202602250242,   9.636,  56.475,9999.000,9999.000,9999.000,9999.000,9999.000,9999.000,9999.000
202602250248,  10.001,  56.455,9999.000,9999.000,9999.000,9999.000,9999.000,9999.000,9999.000
202602250254,  10.374,  56.514,9999.000,9999.000,9999.000,9999.000,9999.000,9999.000,9999.000
202602250300,  10.751,  56.455,  -0.900,   0.000,   9.851,  -1.100,   9.651,  -0.700,  10.051
202602250306,  11.132,  56.504,9999.000,9999.000,9999.000,9999.000,9999.000,9999.000,9999.000
202602250312,  11.513,  56.914,9999.000,9999.000,9999.000,9999.000,9999.000,9999.000,9999.000
202602250318,  11.893,  56.743,9999.000,9999.000,9999.000,9999.000,9999.000,9999.000,9999.000
202602250324,  12.269,  56.566,9999.000,9999.000,9999.000,9999.000,9999.000,9999.000,9999.000
202602250330,  12.641,  56.596,9999.000,9999.000,9999.000,9999.000,9999.000,9999.000,9999.000
202602250336,  13.006,  56.543,9999.000,9999.000,9999.000,9999.000,9999.000,9999.000,9999.000
202602250342,  13.363,  56.494,9999.000,9999.000,9999.000,9999.000,9999.000,9999.000,9999.000
202602250348,  13.711,  56.514,9999.000,9999.000,9999.000,9999.000,9999.000,9999.000,9999.000
202602250354,  14.048,  56.425,9999.000,9999.000,9999.000,9999.000,9999.000,9999.000,9999.000
202602250400,  14.375,  56.445,  -0.900,   0.000,  13.475,  -1.100,  13.275,  -0.800,  13.575
202602250406,  14.689,  56.396,9999.000,9999.000,9999.000,9999.000,9999.000,9999.000,9999.000
202602250412,  14.991,  56.274,9999.000,9999.000,9999.000,9999.000,9999.000,9999.000,9999.000
202602250418,  15.279,  56.324,9999.000,9999.000,9999.000,9999.000,9999.000,9999.000,9999.000
202602250424,  15.554,  56.284,9999.000,9999.000,9999.000,9999.000,9999.000,9999.000,9999.000
202602250430,  15.815,  56.245,9999.000,9999.000,9999.000,9999.000,9999.000,9999.000,9999.000
202602250436,  16.062,  56.265,9999.000,9999.000,9999.000,9999.000,9999.000,9999.000,9999.000
202602250442,  16.294,  56.176,9999.000,9999.000,9999.000,9999.000,9999.000,9999.000,9999.000
202602250448,  16.511,  56.206,9999.000,9999.000,9999.000,9999.000,9999.000,9999.000,9999.000
202602250454,  16.713,  56.166,9999.000,9999.000,9999.000,9999.000,9999.000,9999.000,9999.000
202602250500,  16.899,  56.035,  -0.900,   0.000,  15.999,  -1.000,  15.899,  -0.800,  16.099
202602250506,  17.069,  56.065,9999.000,9999.000,9999.000,9999.000,9999.000,9999.000,9999.000
202602250512,  17.223,  56.005,9999.000,9999.000,9999.000,9999.000,9999.000,9999.000,9999.000
202602250518,  17.359,  55.966,9999.000,9999.000,9999.000,9999.000,9999.000,9999.000,9999.000
202602250524,  17.478,  56.005,9999.000,9999.000,9999.000,9999.000,9999.000,9999.000,9999.000
202602250530,  17.579,  55.914,9999.000,9999.000,9999.000,9999.000,9999.000,9999.000,9999.000
202602250536,  17.661,  55.946,9999.000,9999.000,9999.000,9999.000,9999.000,9999.000,9999.000
202602250542,  17.724,  55.914,9999.000,9999.000,9999.000,9999.000,9999.000,9999.000,9999.000
202602250548,  17.767,  55.805,9999.000,9999.000,9999.000,9999.000,9999.000,9999.000,9999.000
202602250554,  17.789,  55.845,9999.000,9999.000,9999.000,9999.000,9999.000,9999.000,9999.000
202602250600,  17.791,  55.815,  -0.800,   0.000,  16.991,  -1.000,  16.791,  -0.600,  17.191
202602250606,  17.771,  55.786,9999.000,9999.000,9999.000,9999.000,9999.000,9999.000,9999.000
202602250612,  17.729,  55.835,9999.000,9999.000,9999.000,9999.000,9999.000,9999.000,9999.000
202602250618,  17.665,  55.756,9999.000,9999.000,9999.000,9999.000,9999.000,9999.000,9999.000
202602250624,  17.579,  55.825,9999.000,9999.000,9999.000,9999.000,9999.000,9999.000,9999.000
202602250630,  17.470,  55.815,9999.000,9999.000,9999.000,9999.000,9999.000,9999.000,9999.000
202602250636,  17.340,  55.704,9999.000,9999.000,9999.000,9999.000,9999.000,9999.000,9999.000
202602250642,  17.187,  55.737,9999.000,9999.000,9999.000,9999.000,9999.000,9999.000,9999.000
202602250648,  17.013,  55.674,9999.000,9999.000,9999.000,9999.000,9999.000,9999.000,9999.000
202602250654,  16.817,  55.615,9999.000,9999.000,9999.000,9999.000,9999.000,9999.000,9999.000
202602250700,  16.601,  55.635,  -0.900,   0.000,  15.701,  -1.000,  15.601,  -0.700,  15.901
202602250706,  16.365,  55.536,9999.000,9999.000,9999.000,9999.000,9999.000,9999.000,9999.000
202602250712,  16.111,  55.546,9999.000,9999.000,9999.000,9999.000,9999.000,9999.000,9999.000
202602250718,  15.838,  55.504,9999.000,9999.000,9999.000,9999.000,9999.000,9999.000,9999.000
202602250724,  15.548,  55.376,9999.000,9999.000,9999.000,9999.000,9999.000,9999.000,9999.000
202602250730,  15.242,  55.405,9999.000,9999.000,9999.000,9999.000,9999.000,9999.000,9999.000
202602250736,  14.921,  55.346,9999.000,9999.000,9999.000,9999.000,9999.000,9999.000,9999.000
202602250742,  14.587,  55.284,9999.000,9999.000,9999.000,9999.000,9999.000,9999.000,9999.000
202602250748,  14.240,  55.307,9999.000,9999.000,9999.000,9999.000,9999.000,9999.000,9999.000
202602250754,  13.881,  55.205,9999.000,9999.000,9999.000,9999.000,9999.000,9999.000,9999.000
202602250800,  13.512,  55.225,  -1.000,   0.000,  12.512,  -1.100,  12.412,  -0.800,  12.712
202602250806,  13.134,  55.185,9999.000,9999.000,9999.000,9999.000,9999.000,9999.000,9999.000
202602250812,  12.748,  55.064,9999.000,9999.000,9999.000,9999.000,9999.000,9999.000,9999.000
202602250818,  12.354,  55.097,9999.000,9999.000,9999.000,9999.000,9999.000,9999.000,9999.000
202602250824,  11.954,  55.035,9999.000,9999.000,9999.000,9999.000,9999.000,9999.000,9999.000
202602250830,  11.549,  54.985,9999.000,9999.000,9999.000,9999.000,9999.000,9999.000,9999.000
202602250836,  11.140,  55.005,9999.000,9999.000,9999.000,9999.000,9999.000,9999.000,9999.000
202602250842,  10.727,  54.917,9999.000,9999.000,9999.000,9999.000,9999.000,9999.000,9999.000
202602250848,  10.312,  54.946,9999.000,9999.000,9999.000,9999.000,9999.000,9999.000,9999.000
202602250854,   9.896,  54.907,9999.000,9999.000,9999.000,9999.000,9999.000,9999.000,9999.000
202602250900,   9.478,  54.795,  -1.100,   0.000,   8.378,  -1.300,   8.178,  -1.000,   8.478
202602250906,   9.061,  55.054,9999.000,9999.000,9999.000,9999.000,9999.000,9999.000,9999.000
202602250912,   8.644,  55.156,9999.000,9999.000,9999.000,9999.000,9999.000,9999.000,9999.000
202602250918,   8.230,  55.107,9999.000,9999.000,9999.000,9999.000,9999.000,9999.000,9999.000
202602250924,   7.818,  55.386,9999.000,9999.000,9999.000,9999.000,9999.000,9999.000,9999.000
202602250930,   7.409,  55.494,9999.000,9999.000,9999.000,9999.000,9999.000,9999.000,9999.000
202602250936,   7.005,  55.445,9999.000,9999.000,9999.000,9999.000,9999.000,9999.000,9999.000
202602250942,   6.607,  55.727,9999.000,9999.000,9999.000,9999.000,9999.000,9999.000,9999.000
202602250948,   6.214,  55.835,9999.000,9999.000,9999.000,9999.000,9999.000,9999.000,9999.000
202602250954,   5.829,  55.766,9999.000,9999.000,9999.000,9999.000,9999.000,9999.000,9999.000
202602251000,   5.451,  56.035,  -1.200,   0.000,   4.251,  -1.300,   4.151,  -1.100,   4.351
202602251006,   5.082,  56.124,9999.000,9999.000,9999.000,9999.000,9999.000,9999.000,9999.000
202602251012,   4.722,  56.055,9999.000,9999.000,9999.000,9999.000,9999.000,9999.000,9999.000
202602251018,   4.373,  56.333,9999.000,9999.000,9999.000,9999.000,9999.000,9999.000,9999.000
202602251024,   4.034,  56.425,9999.000,9999.000,9999.000,9999.000,9999.000,9999.000,9999.000
202602251030,   3.706,  56.347,9999.000,9999.000,9999.000,9999.000,9999.000,9999.000,9999.000
202602251036,   3.390,  56.606,9999.000,9999.000,9999.000,9999.000,9999.000,9999.000,9999.000
202602251042,   3.085,  56.675,9999.000,9999.000,9999.000,9999.000,9999.000,9999.000,9999.000
202602251048,   2.793,  56.586,9999.000,9999.000,9999.000,9999.000,9999.000,9999.000,9999.000
202602251054,   2.513,  56.835,9999.000,9999.000,9999.000,9999.000,9999.000,9999.000,9999.000
202602251100,   2.245,  56.894,  -1.300,   0.000,   0.945,  -1.500,   0.745,  -1.100,   1.145
202602251106,   1.989,  56.796,9999.000,9999.000,9999.000,9999.000,9999.000,9999.000,9999.000
202602251112,   1.746,  57.035,9999.000,9999.000,9999.000,9999.000,9999.000,9999.000,9999.000
202602251118,   1.514,  57.085,9999.000,9999.000,9999.000,9999.000,9999.000,9999.000,9999.000
202602251124,   1.294,  56.986,9999.000,9999.000,9999.000,9999.000,9999.000,9999.000,9999.000
202602251130,   1.086,  57.216,9999.000,9999.000,9999.000,9999.000,9999.000,9999.000,9999.000
202602251136,   0.888,  57.255,9999.000,9999.000,9999.000,9999.000,9999.000,9999.000,9999.000
202602251142,   0.701,  57.144,9999.000,9999.000,9999.000,9999.000,9999.000,9999.000,9999.000
202602251148,   0.525,  57.363,9999.000,9999.000,9999.000,9999.000,9999.000,9999.000,9999.000
202602251154,   0.360,  57.406,9999.000,9999.000,9999.000,9999.000,9999.000,9999.000,9999.000
202602251200,   0.205,  57.285,  -1.300,   0.000,  -1.095,  -1.500,  -1.295,  -1.100,  -0.895
202602251206,   0.061,  57.504,9999.000,9999.000,9999.000,9999.000,9999.000,9999.000,9999.000
202602251212,  -0.070,  57.534,9999.000,9999.000,9999.000,9999.000,9999.000,9999.000,9999.000
202602251218,  -0.191,  57.416,9999.000,9999.000,9999.000,9999.000,9999.000,9999.000,9999.000
202602251224,  -0.301,  57.626,9999.000,9999.000,9999.000,9999.000,9999.000,9999.000,9999.000
202602251230,  -0.397,  57.645,9999.000,9999.000,9999.000,9999.000,9999.000,9999.000,9999.000
202602251236,  -0.479,  57.504,9999.000,9999.000,9999.000,9999.000,9999.000,9999.000,9999.000
202602251242,  -0.547,  57.724,9999.000,9999.000,9999.000,9999.000,9999.000,9999.000,9999.000
202602251248,  -0.598,  57.734,9999.000,9999.000,9999.000,9999.000,9999.000,9999.000,9999.000
202602251254,  -0.632,  57.596,9999.000,9999.000,9999.000,9999.000,9999.000,9999.000,9999.000
202602251300,  -0.647,  57.793,  -1.500,   0.000,  -2.147,  -1.600,  -2.247,  -1.300,  -1.947
202602251306,  -0.642,  57.806,9999.000,9999.000,9999.000,9999.000,9999.000,9999.000,9999.000
202602251312,  -0.615,  57.665,9999.000,9999.000,9999.000,9999.000,9999.000,9999.000,9999.000
202602251318,  -0.565,  57.855,9999.000,9999.000,9999.000,9999.000,9999.000,9999.000,9999.000
202602251324,  -0.490,  57.865,9999.000,9999.000,9999.000,9999.000,9999.000,9999.000,9999.000
202602251330,  -0.388,  57.714,9999.000,9999.000,9999.000,9999.000,9999.000,9999.000,9999.000
202602251336,  -0.260,  57.905,9999.000,9999.000,9999.000,9999.000,9999.000,9999.000,9999.000
202602251342,  -0.103,  57.895,9999.000,9999.000,9999.000,9999.000,9999.000,9999.000,9999.000
202602251348,   0.082,  57.734,9999.000,9999.000,9999.000,9999.000,9999.000,9999.000,9999.000
202602251354,   0.297,  57.924,9999.000,9999.000,9999.000,9999.000,9999.000,9999.000,9999.000
202602251400,   0.543,  57.924,  -1.600,   0.000,  -1.057,  -1.700,  -1.157,  -1.400,  -0.857
202602251406,   0.819,  57.764,9999.000,9999.000,9999.000,9999.000,9999.000,9999.000,9999.000
202602251412,   1.125,  57.954,9999.000,9999.000,9999.000,9999.000,9999.000,9999.000,9999.000
202602251418,   1.460,  57.944,9999.000,9999.000,9999.000,9999.000,9999.000,9999.000,9999.000
202602251424,   1.823,  57.783,9999.000,9999.000,9999.000,9999.000,9999.000,9999.000,9999.000
202602251430,   2.215,  57.964,9999.000,9999.000,9999.000,9999.000,9999.000,9999.000,9999.000
202602251436,   2.632,  57.954,9999.000,9999.000,9999.000,9999.000,9999.000,9999.000,9999.000
202602251442,   3.073,  57.793,9999.000,9999.000,9999.000,9999.000,9999.000,9999.000,9999.000
202602251448,   3.537,  57.983,9999.000,9999.000,9999.000,9999.000,9999.000,9999.000,9999.000
202602251454,   4.022,  57.964,9999.000,9999.000,9999.000,9999.000,9999.000,9999.000,9999.000
202602251500,   4.525,  57.816,  -1.600,   0.000,   2.925,  -1.800,   2.725,  -1.500,   3.025
202602251506,   5.043,  57.993,9999.000,9999.000,9999.000,9999.000,9999.000,9999.000,9999.000
202602251512,   5.576,  57.983,9999.000,9999.000,9999.000,9999.000,9999.000,9999.000,9999.000
202602251518,   6.119,  58.154,9999.000,9999.000,9999.000,9999.000,9999.000,9999.000,9999.000
202602251524,   6.671,  57.836,9999.000,9999.000,9999.000,9999.000,9999.000,9999.000,9999.000
202602251530,   7.230,  57.573,9999.000,9999.000,9999.000,9999.000,9999.000,9999.000,9999.000
202602251536,   7.792,  57.524,9999.000,9999.000,9999.000,9999.000,9999.000,9999.000,9999.000
202602251542,   8.357,  57.406,9999.000,9999.000,9999.000,9999.000,9999.000,9999.000,9999.000
202602251548,   8.921,  57.226,9999.000,9999.000,9999.000,9999.000,9999.000,9999.000,9999.000
202602251554,   9.482,  57.206,9999.000,9999.000,9999.000,9999.000,9999.000,9999.000,9999.000
202602251600,  10.040,  57.104,  -1.600,   0.000,   8.440,  -1.900,   8.140,  -1.400,   8.640
202602251606,  10.593,  56.944,9999.000,9999.000,9999.000,9999.000,9999.000,9999.000,9999.000
202602251612,  11.138,  56.944,9999.000,9999.000,9999.000,9999.000,9999.000,9999.000,9999.000
202602251618,  11.675,  56.865,9999.000,9999.000,9999.000,9999.000,9999.000,9999.000,9999.000
202602251624,  12.203,  56.714,9999.000,9999.000,9999.000,9999.000,9999.000,9999.000,9999.000
202602251630,  12.721,  56.714,9999.000,9999.000,9999.000,9999.000,9999.000,9999.000,9999.000
202602251636,  13.228,  56.645,9999.000,9999.000,9999.000,9999.000,9999.000,9999.000,9999.000
202602251642,  13.723,  56.504,9999.000,9999.000,9999.000,9999.000,9999.000,9999.000,9999.000
202602251648,  14.206,  56.514,9999.000,9999.000,9999.000,9999.000,9999.000,9999.000,9999.000
202602251654,  14.677,  56.445,9999.000,9999.000,9999.000,9999.000,9999.000,9999.000,9999.000
202602251700,  15.134,  56.304,  -1.600,   0.000,  13.534,  -1.900,  13.234,  -1.300,  13.834
202602251706,  15.578,  56.314,9999.000,9999.000,9999.000,9999.000,9999.000,9999.000,9999.000
202602251712,  16.007,  56.245,9999.000,9999.000,9999.000,9999.000,9999.000,9999.000,9999.000
202602251718,  16.422,  56.104,9999.000,9999.000,9999.000,9999.000,9999.000,9999.000,9999.000
202602251724,  16.822,  56.137,9999.000,9999.000,9999.000,9999.000,9999.000,9999.000,9999.000
202602251730,  17.206,  56.065,9999.000,9999.000,9999.000,9999.000,9999.000,9999.000,9999.000
202602251736,  17.574,  55.927,9999.000,9999.000,9999.000,9999.000,9999.000,9999.000,9999.000
202602251742,  17.926,  55.956,9999.000,9999.000,9999.000,9999.000,9999.000,9999.000,9999.000
202602251748,  18.260,  55.894,9999.000,9999.000,9999.000,9999.000,9999.000,9999.000,9999.000
202602251754,  18.576,  55.766,9999.000,9999.000,9999.000,9999.000,9999.000,9999.000,9999.000
202602251800,  18.873,  55.776,  -1.800,   0.000,  17.073,  -2.000,  16.873,  -1.400,  17.473
202602251806,  19.150,  55.717,9999.000,9999.000,9999.000,9999.000,9999.000,9999.000,9999.000
202602251812,  19.407,  55.595,9999.000,9999.000,9999.000,9999.000,9999.000,9999.000,9999.000
202602251818,  19.644,  55.615,9999.000,9999.000,9999.000,9999.000,9999.000,9999.000,9999.000
202602251824,  19.858,  55.566,9999.000,9999.000,9999.000,9999.000,9999.000,9999.000,9999.000
202602251830,  20.050,  55.445,9999.000,9999.000,9999.000,9999.000,9999.000,9999.000,9999.000
202602251836,  20.220,  55.474,9999.000,9999.000,9999.000,9999.000,9999.000,9999.000,9999.000
202602251842,  20.366,  55.435,9999.000,9999.000,9999.000,9999.000,9999.000,9999.000,9999.000
202602251848,  20.488,  55.307,9999.000,9999.000,9999.000,9999.000,9999.000,9999.000,9999.000
202602251854,  20.587,  55.346,9999.000,9999.000,9999.000,9999.000,9999.000,9999.000,9999.000
202602251900,  20.661,  55.294,  -1.800,   0.000,  18.861,  -2.000,  18.661,  -1.500,  19.161
202602251906,  20.712,  55.176,9999.000,9999.000,9999.000,9999.000,9999.000,9999.000,9999.000
202602251912,  20.739,  55.215,9999.000,9999.000,9999.000,9999.000,9999.000,9999.000,9999.000
202602251918,  20.743,  55.166,9999.000,9999.000,9999.000,9999.000,9999.000,9999.000,9999.000
202602251924,  20.723,  55.054,9999.000,9999.000,9999.000,9999.000,9999.000,9999.000,9999.000
202602251930,  20.681,  55.084,9999.000,9999.000,9999.000,9999.000,9999.000,9999.000,9999.000
202602251936,  20.618,  55.044,9999.000,9999.000,9999.000,9999.000,9999.000,9999.000,9999.000
202602251942,  20.533,  54.936,9999.000,9999.000,9999.000,9999.000,9999.000,9999.000,9999.000
202602251948,  20.428,  54.985,9999.000,9999.000,9999.000,9999.000,9999.000,9999.000,9999.000
202602251954,  20.303,  54.946,9999.000,9999.000,9999.000,9999.000,9999.000,9999.000,9999.000
202602252000,  20.161,  54.835,  -1.800,   0.000,  18.361,  -2.000,  18.161,  -1.600,  18.561
202602252006,  20.001,  54.897,9999.000,9999.000,9999.000,9999.000,9999.000,9999.000,9999.000
202602252012,  19.824,  54.854,9999.000,9999.000,9999.000,9999.000,9999.000,9999.000,9999.000
202602252018,  19.632,  54.756,9999.000,9999.000,9999.000,9999.000,9999.000,9999.000,9999.000
202602252024,  19.426,  54.805,9999.000,9999.000,9999.000,9999.000,9999.000,9999.000,9999.000
202602252030,  19.206,  54.766,9999.000,9999.000,9999.000,9999.000,9999.000,9999.000,9999.000
202602252036,  18.974,  54.664,9999.000,9999.000,9999.000,9999.000,9999.000,9999.000,9999.000
202602252042,  18.731,  54.707,9999.000,9999.000,9999.000,9999.000,9999.000,9999.000,9999.000
202602252048,  18.476,  54.687,9999.000,9999.000,9999.000,9999.000,9999.000,9999.000,9999.000
202602252054,  18.213,  54.585,9999.000,9999.000,9999.000,9999.000,9999.000,9999.000,9999.000
202602252100,  17.940,  54.644,  -1.800,   0.000,  16.140,  -2.100,  15.840,  -1.600,  16.340
202602252106,  17.659,  54.625,9999.000,9999.000,9999.000,9999.000,9999.000,9999.000,9999.000
202602252112,  17.371,  54.526,9999.000,9999.000,9999.000,9999.000,9999.000,9999.000,9999.000
202602252118,  17.076,  54.595,9999.000,9999.000,9999.000,9999.000,9999.000,9999.000,9999.000
202602252124,  16.776,  54.585,9999.000,9999.000,9999.000,9999.000,9999.000,9999.000,9999.000
202602252130,  16.471,  54.507,9999.000,9999.000,9999.000,9999.000,9999.000,9999.000,9999.000
202602252136,  16.161,  54.605,9999.000,9999.000,9999.000,9999.000,9999.000,9999.000,9999.000
202602252142,  15.849,  54.605,9999.000,9999.000,9999.000,9999.000,9999.000,9999.000,9999.000
202602252148,  15.533,  54.546,9999.000,9999.000,9999.000,9999.000,9999.000,9999.000,9999.000
202602252154,  15.216,  54.687,9999.000,9999.000,9999.000,9999.000,9999.000,9999.000,9999.000
202602252200,  14.899,  54.726,  -1.800,   0.000,  13.099,  -2.200,  12.699,  -1.600,  13.299
202602252206,  14.581,  54.664,9999.000,9999.000,9999.000,9999.000,9999.000,9999.000,9999.000
202602252212,  14.264,  54.815,9999.000,9999.000,9999.000,9999.000,9999.000,9999.000,9999.000
202602252218,  13.948,  54.874,9999.000,9999.000,9999.000,9999.000,9999.000,9999.000,9999.000
202602252224,  13.635,  54.844,9999.000,9999.000,9999.000,9999.000,9999.000,9999.000,9999.000
202602252230,  13.325,  55.015,9999.000,9999.000,9999.000,9999.000,9999.000,9999.000,9999.000
202602252236,  13.018,  55.084,9999.000,9999.000,9999.000,9999.000,9999.000,9999.000,9999.000
202602252242,  12.717,  55.035,9999.000,9999.000,9999.000,9999.000,9999.000,9999.000,9999.000
202602252248,  12.420,  55.205,9999.000,9999.000,9999.000,9999.000,9999.000,9999.000,9999.000
202602252254,  12.128,  55.264,9999.000,9999.000,9999.000,9999.000,9999.000,9999.000,9999.000
202602252300,  11.843,  55.215,  -1.800,   0.000,  10.043,  -2.200,   9.643,  -1.600,  10.243
202602252306,  11.564,  55.376,9999.000,9999.000,9999.000,9999.000,9999.000,9999.000,9999.000
202602252312,  11.291,  55.435,9999.000,9999.000,9999.000,9999.000,9999.000,9999.000,9999.000
202602252318,  11.025,  55.386,9999.000,9999.000,9999.000,9999.000,9999.000,9999.000,9999.000
202602252324,  10.765,  55.546,9999.000,9999.000,9999.000,9999.000,9999.000,9999.000,9999.000
202602252330,  10.512,  55.605,9999.000,9999.000,9999.000,9999.000,9999.000,9999.000,9999.000
202602252336,  10.265,  55.536,9999.000,9999.000,9999.000,9999.000,9999.000,9999.000,9999.000
202602252342,  10.024,  55.694,9999.000,9999.000,9999.000,9999.000,9999.000,9999.000,9999.000
202602252348,   9.790,  55.746,9999.000,9999.000,9999.000,9999.000,9999.000,9999.000,9999.000
202602252354,   9.561,  55.694,9999.000,9999.000,9999.000,9999.000,9999.000,9999.000,9999.000
202602260000,   9.338,  55.845,  -1.900,   0.000,   7.438,  -2.100,   7.238,  -1.700,   7.638
202602260006,   9.119,  55.884,9999.000,9999.000,9999.000,9999.000,9999.000,9999.000,9999.000
202602260012,   8.906,  55.815,9999.000,9999.000,9999.000,9999.000,9999.000,9999.000,9999.000
202602260018,   8.698,  55.946,9999.000,9999.000,9999.000,9999.000,9999.000,9999.000,9999.000
202602260024,   8.495,  55.976,9999.000,9999.000,9999.000,9999.000,9999.000,9999.000,9999.000
202602260030,   8.297,  55.904,9999.000,9999.000,9999.000,9999.000,9999.000,9999.000,9999.000
202602260036,   8.105,  56.045,9999.000,9999.000,9999.000,9999.000,9999.000,9999.000,9999.000
202602260042,   7.919,  56.074,9999.000,9999.000,9999.000,9999.000,9999.000,9999.000,9999.000
202602260048,   7.739,  56.005,9999.000,9999.000,9999.000,9999.000,9999.000,9999.000,9999.000
202602260054,   7.567,  56.137,9999.000,9999.000,9999.000,9999.000,9999.000,9999.000,9999.000
202602260100,   7.403,  56.156,  -1.900,   0.000,   5.503,  -2.000,   5.403,  -1.700,   5.703
202602260106,   7.248,  56.074,9999.000,9999.000,9999.000,9999.000,9999.000,9999.000,9999.000
202602260112,   7.105,  56.215,9999.000,9999.000,9999.000,9999.000,9999.000,9999.000,9999.000
202602260118,   6.973,  56.235,9999.000,9999.000,9999.000,9999.000,9999.000,9999.000,9999.000
202602260124,   6.855,  56.156,9999.000,9999.000,9999.000,9999.000,9999.000,9999.000,9999.000
202602260130,   6.753,  56.284,9999.000,9999.000,9999.000,9999.000,9999.000,9999.000,9999.000
202602260136,   6.667,  56.294,9999.000,9999.000,9999.000,9999.000,9999.000,9999.000,9999.000
202602260142,   6.599,  56.215,9999.000,9999.000,9999.000,9999.000,9999.000,9999.000,9999.000
202602260148,   6.552,  56.333,9999.000,9999.000,9999.000,9999.000,9999.000,9999.000,9999.000
202602260154,   6.525,  56.347,9999.000,9999.000,9999.000,9999.000,9999.000,9999.000,9999.000
202602260200,   6.522,  56.255,  -1.800,   0.000,   4.722,  -1.900,   4.622,  -1.600,   4.922
202602260206,   6.542,  56.376,9999.000,9999.000,9999.000,9999.000,9999.000,9999.000,9999.000
202602260212,   6.588,  56.376,9999.000,9999.000,9999.000,9999.000,9999.000,9999.000,9999.000
202602260218,   6.659,  56.284,9999.000,9999.000,9999.000,9999.000,9999.000,9999.000,9999.000
202602260224,   6.756,  56.396,9999.000,9999.000,9999.000,9999.000,9999.000,9999.000,9999.000
202602260230,   6.879,  56.396,9999.000,9999.000,9999.000,9999.000,9999.000,9999.000,9999.000
202602260236,   7.029,  56.304,9999.000,9999.000,9999.000,9999.000,9999.000,9999.000,9999.000
202602260242,   7.204,  56.425,9999.000,9999.000,9999.000,9999.000,9999.000,9999.000,9999.000
202602260248,   7.405,  56.435,9999.000,9999.000,9999.000,9999.000,9999.000,9999.000,9999.000
202602260254,   7.630,  56.347,9999.000,9999.000,9999.000,9999.000,9999.000,9999.000,9999.000
202602260300,   7.878,  56.425,  -1.600,   0.000,   6.278,  -1.800,   6.078,  -1.500,   6.378
202602260306,   8.147,  56.415,9999.000,9999.000,9999.000,9999.000,9999.000,9999.000,9999.000
202602260312,   8.437,  56.304,9999.000,9999.000,9999.000,9999.000,9999.000,9999.000,9999.000
202602260318,   8.744,  56.386,9999.000,9999.000,9999.000,9999.000,9999.000,9999.000,9999.000
202602260324,   9.067,  56.766,9999.000,9999.000,9999.000,9999.000,9999.000,9999.000,9999.000
202602260330,   9.403,  56.606,9999.000,9999.000,9999.000,9999.000,9999.000,9999.000,9999.000
202602260336,   9.751,  56.435,9999.000,9999.000,9999.000,9999.000,9999.000,9999.000,9999.000
202602260342,  10.108,  56.475,9999.000,9999.000,9999.000,9999.000,9999.000,9999.000,9999.000
202602260348,  10.471,  56.425,9999.000,9999.000,9999.000,9999.000,9999.000,9999.000,9999.000
202602260354,  10.840,  56.294,9999.000,9999.000,9999.000,9999.000,9999.000,9999.000,9999.000
202602260400,  11.209,  56.347,  -1.500,   0.000,   9.709,  -1.700,   9.509,  -1.400,   9.809
202602260406,  11.579,  56.294,9999.000,9999.000,9999.000,9999.000,9999.000,9999.000,9999.000
202602260412,  11.947,  56.166,9999.000,9999.000,9999.000,9999.000,9999.000,9999.000,9999.000
202602260418,  12.312,  56.206,9999.000,9999.000,9999.000,9999.000,9999.000,9999.000,9999.000
202602260424,  12.671,  56.147,9999.000,9999.000,9999.000,9999.000,9999.000,9999.000,9999.000
202602260430,  13.023,  56.005,9999.000,9999.000,9999.000,9999.000,9999.000,9999.000,9999.000
202602260436,  13.366,  56.035,9999.000,9999.000,9999.000,9999.000,9999.000,9999.000,9999.000
202602260442,  13.701,  55.976,9999.000,9999.000,9999.000,9999.000,9999.000,9999.000,9999.000
202602260448,  14.025,  55.835,9999.000,9999.000,9999.000,9999.000,9999.000,9999.000,9999.000
202602260454,  14.338,  55.864,9999.000,9999.000,9999.000,9999.000,9999.000,9999.000,9999.000
202602260500,  14.639,  55.796,  -1.500,   0.000,  13.139,  -1.600,  13.039,  -1.300,  13.339
202602260506,  14.928,  55.655,9999.000,9999.000,9999.000,9999.000,9999.000,9999.000,9999.000
202602260512,  15.204,  55.684,9999.000,9999.000,9999.000,9999.000,9999.000,9999.000,9999.000
202602260518,  15.467,  55.615,9999.000,9999.000,9999.000,9999.000,9999.000,9999.000,9999.000
202602260524,  15.716,  55.474,9999.000,9999.000,9999.000,9999.000,9999.000,9999.000,9999.000
202602260530,  15.952,  55.494,9999.000,9999.000,9999.000,9999.000,9999.000,9999.000,9999.000
202602260536,  16.173,  55.435,9999.000,9999.000,9999.000,9999.000,9999.000,9999.000,9999.000
202602260542,  16.380,  55.307,9999.000,9999.000,9999.000,9999.000,9999.000,9999.000,9999.000
202602260548,  16.572,  55.327,9999.000,9999.000,9999.000,9999.000,9999.000,9999.000,9999.000
202602260554,  16.749,  55.264,9999.000,9999.000,9999.000,9999.000,9999.000,9999.000,9999.000
202602260600,  16.910,  55.126,  -1.400,   0.000,  15.510,  -1.500,  15.410,  -1.200,  15.710
202602260606,  17.056,  55.146,9999.000,9999.000,9999.000,9999.000,9999.000,9999.000,9999.000
202602260612,  17.185,  55.097,9999.000,9999.000,9999.000,9999.000,9999.000,9999.000,9999.000
202602260618,  17.296,  54.956,9999.000,9999.000,9999.000,9999.000,9999.000,9999.000,9999.000
202602260624,  17.390,  54.985,9999.000,9999.000,9999.000,9999.000,9999.000,9999.000,9999.000
202602260630,  17.466,  54.926,9999.000,9999.000,9999.000,9999.000,9999.000,9999.000,9999.000
202602260636,  17.522,  54.795,9999.000,9999.000,9999.000,9999.000,9999.000,9999.000,9999.000
202602260642,  17.560,  54.825,9999.000,9999.000,9999.000,9999.000,9999.000,9999.000,9999.000
202602260648,  17.577,  54.766,9999.000,9999.000,9999.000,9999.000,9999.000,9999.000,9999.000
202602260654,  17.573,  54.634,9999.000,9999.000,9999.000,9999.000,9999.000,9999.000,9999.000
202602260700,  17.548,  54.677,  -1.400,   0.000,  16.148,  -1.500,  16.048,  -1.200,  16.348
202602260706,  17.502,  54.615,9999.000,9999.000,9999.000,9999.000,9999.000,9999.000,9999.000
202602260712,  17.434,  54.487,9999.000,9999.000,9999.000,9999.000,9999.000,9999.000,9999.000
202602260718,  17.344,  54.516,9999.000,9999.000,9999.000,9999.000,9999.000,9999.000,9999.000
202602260724,  17.232,  54.467,9999.000,9999.000,9999.000,9999.000,9999.000,9999.000,9999.000
202602260730,  17.099,  54.336,9999.000,9999.000,9999.000,9999.000,9999.000,9999.000,9999.000
202602260736,  16.943,  54.375,9999.000,9999.000,9999.000,9999.000,9999.000,9999.000,9999.000
202602260742,  16.767,  54.326,9999.000,9999.000,9999.000,9999.000,9999.000,9999.000,9999.000
202602260748,  16.570,  54.205,9999.000,9999.000,9999.000,9999.000,9999.000,9999.000,9999.000
202602260754,  16.352,  54.244,9999.000,9999.000,9999.000,9999.000,9999.000,9999.000,9999.000
202602260800,  16.116,  54.195,  -1.400,   0.000,  14.716,  -1.500,  14.616,  -1.200,  14.916
202602260806,  15.860,  54.087,9999.000,9999.000,9999.000,9999.000,9999.000,9999.000,9999.000
202602260812,  15.587,  54.126,9999.000,9999.000,9999.000,9999.000,9999.000,9999.000,9999.000
202602260818,  15.298,  54.087,9999.000,9999.000,9999.000,9999.000,9999.000,9999.000,9999.000
202602260824,  14.992,  53.965,9999.000,9999.000,9999.000,9999.000,9999.000,9999.000,9999.000
202602260830,  14.672,  54.015,9999.000,9999.000,9999.000,9999.000,9999.000,9999.000,9999.000
202602260836,  14.338,  53.975,9999.000,9999.000,9999.000,9999.000,9999.000,9999.000,9999.000
202602260842,  13.992,  53.867,9999.000,9999.000,9999.000,9999.000,9999.000,9999.000,9999.000
202602260848,  13.635,  53.926,9999.000,9999.000,9999.000,9999.000,9999.000,9999.000,9999.000
202602260854,  13.267,  53.887,9999.000,9999.000,9999.000,9999.000,9999.000,9999.000,9999.000
202602260900,  12.891,  53.785,  -1.400,   0.000,  11.491,  -1.600,  11.291,  -1.300,  11.591
202602260906,  12.506,  53.824,9999.000,9999.000,9999.000,9999.000,9999.000,9999.000,9999.000
202602260912,  12.114,  53.805,9999.000,9999.000,9999.000,9999.000,9999.000,9999.000,9999.000
202602260918,  11.715,  53.696,9999.000,9999.000,9999.000,9999.000,9999.000,9999.000,9999.000
202602260924,  11.312,  53.746,9999.000,9999.000,9999.000,9999.000,9999.000,9999.000,9999.000
202602260930,  10.904,  53.716,9999.000,9999.000,9999.000,9999.000,9999.000,9999.000,9999.000
202602260936,  10.492,  53.605,9999.000,9999.000,9999.000,9999.000,9999.000,9999.000,9999.000
202602260942,  10.078,  53.657,9999.000,9999.000,9999.000,9999.000,9999.000,9999.000,9999.000
202602260948,   9.663,  53.637,9999.000,9999.000,9999.000,9999.000,9999.000,9999.000,9999.000
202602260954,   9.246,  53.526,9999.000,9999.000,9999.000,9999.000,9999.000,9999.000,9999.000
202602261000,   8.830,  53.575,  -1.500,   0.000,   7.330,  -1.600,   7.230,  -1.300,   7.530
202602261006,   8.415,  53.545,9999.000,9999.000,9999.000,9999.000,9999.000,9999.000,9999.000
202602261012,   8.001,  53.447,9999.000,9999.000,9999.000,9999.000,9999.000,9999.000,9999.000
202602261018,   7.590,  53.496,9999.000,9999.000,9999.000,9999.000,9999.000,9999.000,9999.000
202602261024,   7.182,  53.477,9999.000,9999.000,9999.000,9999.000,9999.000,9999.000,9999.000
202602261030,   6.779,  53.365,9999.000,9999.000,9999.000,9999.000,9999.000,9999.000,9999.000
202602261036,   6.381,  53.414,9999.000,9999.000,9999.000,9999.000,9999.000,9999.000,9999.000
202602261042,   5.989,  53.395,9999.000,9999.000,9999.000,9999.000,9999.000,9999.000,9999.000
202602261048,   5.605,  53.286,9999.000,9999.000,9999.000,9999.000,9999.000,9999.000,9999.000
202602261054,   5.228,  53.336,9999.000,9999.000,9999.000,9999.000,9999.000,9999.000,9999.000
202602261100,   4.859,  53.306,  -1.500,   0.000,   3.359,  -1.600,   3.259,  -1.300,   3.559
202602261106,   4.500,  53.217,9999.000,9999.000,9999.000,9999.000,9999.000,9999.000,9999.000
202602261112,   4.150,  53.277,9999.000,9999.000,9999.000,9999.000,9999.000,9999.000,9999.000
202602261118,   3.811,  53.247,9999.000,9999.000,9999.000,9999.000,9999.000,9999.000,9999.000
202602261124,   3.483,  53.145,9999.000,9999.000,9999.000,9999.000,9999.000,9999.000,9999.000
202602261130,   3.166,  53.195,9999.000,9999.000,9999.000,9999.000,9999.000,9999.000,9999.000
202602261136,   2.860,  53.165,9999.000,9999.000,9999.000,9999.000,9999.000,9999.000,9999.000
202602261142,   2.566,  53.057,9999.000,9999.000,9999.000,9999.000,9999.000,9999.000,9999.000
202602261148,   2.284,  53.106,9999.000,9999.000,9999.000,9999.000,9999.000,9999.000,9999.000
202602261154,   2.013,  53.086,9999.000,9999.000,9999.000,9999.000,9999.000,9999.000,9999.000
202602261200,   1.753,  52.975,  -1.400,   0.000,   0.353,  -1.500,   0.253,  -1.300,   0.453
202602261206,   1.505,  53.027,9999.000,9999.000,9999.000,9999.000,9999.000,9999.000,9999.000
202602261212,   1.268,  52.994,9999.000,9999.000,9999.000,9999.000,9999.000,9999.000,9999.000
202602261218,   1.042,  52.896,9999.000,9999.000,9999.000,9999.000,9999.000,9999.000,9999.000
202602261224,   0.827,  52.945,9999.000,9999.000,9999.000,9999.000,9999.000,9999.000,9999.000
202602261230,   0.622,  52.916,9999.000,9999.000,9999.000,9999.000,9999.000,9999.000,9999.000
202602261236,   0.427,  52.817,9999.000,9999.000,9999.000,9999.000,9999.000,9999.000,9999.000
202602261242,   0.243,  52.867,9999.000,9999.000,9999.000,9999.000,9999.000,9999.000,9999.000
202602261248,   0.068,  52.837,9999.000,9999.000,9999.000,9999.000,9999.000,9999.000,9999.000
202602261254,  -0.094,  52.735,9999.000,9999.000,9999.000,9999.000,9999.000,9999.000,9999.000
202602261300,  -0.248,  52.794,  -1.500,   0.000,  -1.748,  -1.600,  -1.848,  -1.300,  -1.548
202602261306,  -0.390,  52.775,9999.000,9999.000,9999.000,9999.000,9999.000,9999.000,9999.000
202602261312,  -0.520,  52.666,9999.000,9999.000,9999.000,9999.000,9999.000,9999.000,9999.000
202602261318,  -0.638,  52.716,9999.000,9999.000,9999.000,9999.000,9999.000,9999.000,9999.000
202602261324,  -0.743,  52.686,9999.000,9999.000,9999.000,9999.000,9999.000,9999.000,9999.000
202602261330,  -0.833,  52.584,9999.000,9999.000,9999.000,9999.000,9999.000,9999.000,9999.000
202602261336,  -0.907,  52.637,9999.000,9999.000,9999.000,9999.000,9999.000,9999.000,9999.000
202602261342,  -0.964,  52.607,9999.000,9999.000,9999.000,9999.000,9999.000,9999.000,9999.000
202602261348,  -1.003,  52.506,9999.000,9999.000,9999.000,9999.000,9999.000,9999.000,9999.000
202602261354,  -1.021,  52.555,9999.000,9999.000,9999.000,9999.000,9999.000,9999.000,9999.000
202602261400,  -1.018,  52.525,  -1.500,   0.000,  -2.518,  -1.600,  -2.618,  -1.400,  -2.418
202602261406,  -0.992,  52.417,9999.000,9999.000,9999.000,9999.000,9999.000,9999.000,9999.000
202602261412,  -0.941,  52.476,9999.000,9999.000,9999.000,9999.000,9999.000,9999.000,9999.000
202602261418,  -0.864,  52.447,9999.000,9999.000,9999.000,9999.000,9999.000,9999.000,9999.000
202602261424,  -0.760,  52.345,9999.000,9999.000,9999.000,9999.000,9999.000,9999.000,9999.000
202602261430,  -0.626,  52.397,9999.000,9999.000,9999.000,9999.000,9999.000,9999.000,9999.000
202602261436,  -0.463,  52.375,9999.000,9999.000,9999.000,9999.000,9999.000,9999.000,9999.000
202602261442,  -0.270,  52.276,9999.000,9999.000,9999.000,9999.000,9999.000,9999.000,9999.000
202602261448,  -0.046,  52.325,9999.000,9999.000,9999.000,9999.000,9999.000,9999.000,9999.000
202602261454,   0.207,  52.306,9999.000,9999.000,9999.000,9999.000,9999.000,9999.000,9999.000
202602261500,   0.493,  52.207,  -1.500,   0.000,  -1.007,  -1.700,  -1.207,  -1.400,  -0.907
202602261506,   0.809,  52.256,9999.000,9999.000,9999.000,9999.000,9999.000,9999.000,9999.000
202602261512,   1.156,  52.237,9999.000,9999.000,9999.000,9999.000,9999.000,9999.000,9999.000
202602261518,   1.530,  52.135,9999.000,9999.000,9999.000,9999.000,9999.000,9999.000,9999.000
202602261524,   1.933,  52.188,9999.000,9999.000,9999.000,9999.000,9999.000,9999.000,9999.000
202602261530,   2.361,  52.476,9999.000,9999.000,9999.000,9999.000,9999.000,9999.000,9999.000
202602261536,   2.813,  52.345,9999.000,9999.000,9999.000,9999.000,9999.000,9999.000,9999.000
202602261542,   3.288,  52.207,9999.000,9999.000,9999.000,9999.000,9999.000,9999.000,9999.000
202602261548,   3.783,  52.237,9999.000,9999.000,9999.000,9999.000,9999.000,9999.000,9999.000
202602261554,   4.295,  52.207,9999.000,9999.000,9999.000,9999.000,9999.000,9999.000,9999.000
202602261600,   4.823,  52.106,  -1.600,   0.000,   3.223,  -1.700,   3.123,  -1.500,   3.323
202602261606,   5.363,  52.155,9999.000,9999.000,9999.000,9999.000,9999.000,9999.000,9999.000
202602261612,   5.914,  52.125,9999.000,9999.000,9999.000,9999.000,9999.000,9999.000,9999.000
202602261618,   6.473,  52.027,9999.000,9999.000,9999.000,9999.000,9999.000,9999.000,9999.000
202602261624,   7.038,  52.076,9999.000,9999.000,9999.000,9999.000,9999.000,9999.000,9999.000
202602261630,   7.606,  52.056,9999.000,9999.000,9999.000,9999.000,9999.000,9999.000,9999.000
202602261636,   8.175,  51.955,9999.000,9999.000,9999.000,9999.000,9999.000,9999.000,9999.000
202602261642,   8.744,  52.017,9999.000,9999.000,9999.000,9999.000,9999.000,9999.000,9999.000
202602261648,   9.310,  51.987,9999.000,9999.000,9999.000,9999.000,9999.000,9999.000,9999.000
202602261654,   9.872,  51.886,9999.000,9999.000,9999.000,9999.000,9999.000,9999.000,9999.000
202602261700,  10.429,  51.945,  -1.600,   0.000,   8.829,  -1.800,   8.629,  -1.500,   8.929
202602261706,  10.979,  51.925,9999.000,9999.000,9999.000,9999.000,9999.000,9999.000,9999.000
202602261712,  11.520,  51.827,9999.000,9999.000,9999.000,9999.000,9999.000,9999.000,9999.000
202602261718,  12.053,  51.886,9999.000,9999.000,9999.000,9999.000,9999.000,9999.000,9999.000
202602261724,  12.576,  51.856,9999.000,9999.000,9999.000,9999.000,9999.000,9999.000,9999.000
202602261730,  13.088,  51.768,9999.000,9999.000,9999.000,9999.000,9999.000,9999.000,9999.000
202602261736,  13.590,  51.827,9999.000,9999.000,9999.000,9999.000,9999.000,9999.000,9999.000
202602261742,  14.079,  51.807,9999.000,9999.000,9999.000,9999.000,9999.000,9999.000,9999.000
202602261748,  14.557,  51.715,9999.000,9999.000,9999.000,9999.000,9999.000,9999.000,9999.000
202602261754,  15.022,  51.768,9999.000,9999.000,9999.000,9999.000,9999.000,9999.000,9999.000
202602261800,  15.475,  51.745,  -1.600,   0.000,  13.875,  -1.700,  13.775,  -1.400,  14.075
202602261806,  15.913,  51.656,9999.000,9999.000,9999.000,9999.000,9999.000,9999.000,9999.000
202602261812,  16.338,  51.705,9999.000,9999.000,9999.000,9999.000,9999.000,9999.000,9999.000
202602261818,  16.749,  51.368,9999.000,9999.000,9999.000,9999.000,9999.000,9999.000,9999.000
202602261824,  17.144,  51.007,9999.000,9999.000,9999.000,9999.000,9999.000,9999.000,9999.000
202602261830,  17.524,  50.728,9999.000,9999.000,9999.000,9999.000,9999.000,9999.000,9999.000
202602261836,  17.888,  46.589,9999.000,9999.000,9999.000,9999.000,9999.000,9999.000,9999.000
202602261842,  18.235,  47.199,9999.000,9999.000,9999.000,9999.000,9999.000,9999.000,9999.000
202602261848,  18.564,  47.448,9999.000,9999.000,9999.000,9999.000,9999.000,9999.000,9999.000
202602261854,  18.874,  38.051,9999.000,9999.000,9999.000,9999.000,9999.000,9999.000,9999.000
202602261900,  19.165,9999.000,  -1.500,9999.000,  17.665,  -1.700,  17.465,  -1.400,  17.765
202602261906,  19.436,  23.924,9999.000,9999.000,9999.000,9999.000,9999.000,9999.000,9999.000
202602261912,  19.686,9999.000,9999.000,9999.000,9999.000,9999.000,9999.000,9999.000,9999.000
202602261918,  19.915,  22.513,9999.000,9999.000,9999.000,9999.000,9999.000,9999.000,9999.000
202602261924,  20.121,9999.000,9999.000,9999.000,9999.000,9999.000,9999.000,9999.000,9999.000
202602261930,  20.305,  25.301,9999.000,9999.000,9999.000,9999.000,9999.000,9999.000,9999.000
202602261936,  20.465,  26.512,9999.000,9999.000,9999.000,9999.000,9999.000,9999.000,9999.000
202602261942,  20.601,  27.361,9999.000,9999.000,9999.000,9999.000,9999.000,9999.000,9999.000
202602261948,  20.714,  27.843,9999.000,9999.000,9999.000,9999.000,9999.000,9999.000,9999.000
202602261954,  20.803,  28.083,9999.000,9999.000,9999.000,9999.000,9999.000,9999.000,9999.000
202602262000,  20.868,  28.391,  -1.500,   0.000,  19.368,  -1.700,  19.168,  -1.400,  19.468
202602262006,  20.908,  28.572,9999.000,9999.000,9999.000,9999.000,9999.000,9999.000,9999.000
202602262012,  20.926,  28.644,9999.000,9999.000,9999.000,9999.000,9999.000,9999.000,9999.000
202602262018,  20.920,  28.854,9999.000,9999.000,9999.000,9999.000,9999.000,9999.000,9999.000
202602262024,  20.892,  28.982,9999.000,9999.000,9999.000,9999.000,9999.000,9999.000,9999.000
202602262030,  20.842,  29.021,9999.000,9999.000,9999.000,9999.000,9999.000,9999.000,9999.000
202602262036,  20.771,  29.211,9999.000,9999.000,9999.000,9999.000,9999.000,9999.000,9999.000
202602262042,  20.679,  29.333,9999.000,9999.000,9999.000,9999.000,9999.000,9999.000,9999.000
202602262048,  20.568,  29.372,9999.000,9999.000,9999.000,9999.000,9999.000,9999.000,9999.000
202602262054,  20.438,  29.562,9999.000,9999.000,9999.000,9999.000,9999.000,9999.000,9999.000
202602262100,  20.291,  29.693,  -1.500,   0.000,  18.791,  -1.600,  18.691,  -1.300,  18.991
202602262106,  20.127,  29.733,9999.000,9999.000,9999.000,9999.000,9999.000,9999.000,9999.000
202602262112,  19.948,  29.923,9999.000,9999.000,9999.000,9999.000,9999.000,9999.000,9999.000
202602262118,  19.754,  30.031,9999.000,9999.000,9999.000,9999.000,9999.000,9999.000,9999.000
202602262124,  19.546,  30.080,9999.000,9999.000,9999.000,9999.000,9999.000,9999.000,9999.000
202602262130,  19.325,  30.280,9999.000,9999.000,9999.000,9999.000,9999.000,9999.000,9999.000
202602262136,  19.092,  30.412,9999.000,9999.000,9999.000,9999.000,9999.000,9999.000,9999.000
202602262142,  18.849,  30.461,9999.000,9999.000,9999.000,9999.000,9999.000,9999.000,9999.000
202602262148,  18.595,  30.710,9999.000,9999.000,9999.000,9999.000,9999.000,9999.000,9999.000
202602262154,  18.332,  29.611,9999.000,9999.000,9999.000,9999.000,9999.000,9999.000,9999.000
202602262200,  18.060,  26.882,  -1.400,   0.000,  16.660,  -1.600,  16.460,  -1.300,  16.760
202602262206,  17.780,  28.034,9999.000,9999.000,9999.000,9999.000,9999.000,9999.000,9999.000
202602262212,  17.494,  28.722,9999.000,9999.000,9999.000,9999.000,9999.000,9999.000,9999.000
202602262218,  17.201,  29.093,9999.000,9999.000,9999.000,9999.000,9999.000,9999.000,9999.000
202602262224,  16.903,  29.552,9999.000,9999.000,9999.000,9999.000,9999.000,9999.000,9999.000
202602262230,  16.600,  29.841,9999.000,9999.000,9999.000,9999.000,9999.000,9999.000,9999.000
202602262236,  16.293,  30.002,9999.000,9999.000,9999.000,9999.000,9999.000,9999.000,9999.000
202602262242,  15.983,  30.313,9999.000,9999.000,9999.000,9999.000,9999.000,9999.000,9999.000
202602262248,  15.671,  30.533,9999.000,9999.000,9999.000,9999.000,9999.000,9999.000,9999.000
202602262254,  15.357,  30.641,9999.000,9999.000,9999.000,9999.000,9999.000,9999.000,9999.000
202602262300,  15.043,  30.933,  -1.400,   0.000,  13.643,  -1.600,  13.443,  -1.300,  13.743
202602262306,  14.728,  31.002,9999.000,9999.000,9999.000,9999.000,9999.000,9999.000,9999.000
202602262312,  14.415,  28.073,9999.000,9999.000,9999.000,9999.000,9999.000,9999.000,9999.000
202602262318,  14.103,  22.405,9999.000,9999.000,9999.000,9999.000,9999.000,9999.000,9999.000
202602262324,  13.793,  18.236,9999.000,9999.000,9999.000,9999.000,9999.000,9999.000,9999.000
202602262330,  13.487,  15.894,9999.000,9999.000,9999.000,9999.000,9999.000,9999.000,9999.000
202602262336,  13.184,  14.674,9999.000,9999.000,9999.000,9999.000,9999.000,9999.000,9999.000
202602262342,  12.885,  13.857,9999.000,9999.000,9999.000,9999.000,9999.000,9999.000,9999.000
202602262348,  12.590,  13.238,9999.000,9999.000,9999.000,9999.000,9999.000,9999.000,9999.000
202602262354,  12.300,  12.565,9999.000,9999.000,9999.000,9999.000,9999.000,9999.000,9999.000
202602270000,  12.016,  12.067,  -1.500,   1.551,  12.067,  -1.600,  11.967,  -1.400,  12.167
202602270006,  11.736,  11.525,9999.000,9999.000,9999.000,9999.000,9999.000,9999.000,9999.000
202602270012,  11.462,  11.676,9999.000,9999.000,9999.000,9999.000,9999.000,9999.000,9999.000
202602270018,  11.194,  11.106,9999.000,9999.000,9999.000,9999.000,9999.000,9999.000,9999.000
202602270024,  10.930,  11.627,9999.000,9999.000,9999.000,9999.000,9999.000,9999.000,9999.000
202602270030,  10.671,  10.456,9999.000,9999.000,9999.000,9999.000,9999.000,9999.000,9999.000
202602270036,  10.418,  10.568,9999.000,9999.000,9999.000,9999.000,9999.000,9999.000,9999.000
202602270042,  10.169,  10.266,9999.000,9999.000,9999.000,9999.000,9999.000,9999.000,9999.000
202602270048,   9.924,   9.885,9999.000,9999.000,9999.000,9999.000,9999.000,9999.000,9999.000
202602270054,   9.684,   9.407,9999.000,9999.000,9999.000,9999.000,9999.000,9999.000,9999.000
202602270100,   9.448,   9.328,  -1.500,   1.380,   9.328,  -1.600,   9.228,  -1.400,   9.428
202602270106,   9.217,   9.216,9999.000,9999.000,9999.000,9999.000,9999.000,9999.000,9999.000
202602270112,   8.989,   8.967,9999.000,9999.000,9999.000,9999.000,9999.000,9999.000,9999.000
202602270118,   8.766,   8.688,9999.000,9999.000,9999.000,9999.000,9999.000,9999.000,9999.000
202602270124,   8.548,   9.108,9999.000,9999.000,9999.000,9999.000,9999.000,9999.000,9999.000
202602270130,   8.335,   8.327,9999.000,9999.000,9999.000,9999.000,9999.000,9999.000,9999.000
202602270136,   8.128,   8.406,9999.000,9999.000,9999.000,9999.000,9999.000,9999.000,9999.000
202602270142,   7.927,   7.976,9999.000,9999.000,9999.000,9999.000,9999.000,9999.000,9999.000
202602270148,   7.734,   8.058,9999.000,9999.000,9999.000,9999.000,9999.000,9999.000,9999.000
202602270154,   7.550,   7.547,9999.000,9999.000,9999.000,9999.000,9999.000,9999.000,9999.000
202602270200,   7.376,   7.747,  -1.500,   1.871,   7.747,  -1.600,   7.647,  -1.400,   7.847
202602270206,   7.214,   7.439,9999.000,9999.000,9999.000,9999.000,9999.000,9999.000,9999.000
202602270212,   7.064,   7.409,9999.000,9999.000,9999.000,9999.000,9999.000,9999.000,9999.000
202602270218,   6.929,   7.337,9999.000,9999.000,9999.000,9999.000,9999.000,9999.000,9999.000
202602270224,   6.811,   7.199,9999.000,9999.000,9999.000,9999.000,9999.000,9999.000,9999.000
202602270230,   6.711,   6.966,9999.000,9999.000,9999.000,9999.000,9999.000,9999.000,9999.000
202602270236,   6.630,   7.229,9999.000,9999.000,9999.000,9999.000,9999.000,9999.000,9999.000
202602270242,   6.570,   7.439,9999.000,9999.000,9999.000,9999.000,9999.000,9999.000,9999.000
202602270248,   6.533,   7.317,9999.000,9999.000,9999.000,9999.000,9999.000,9999.000,9999.000
202602270254,   6.520,   7.658,9999.000,9999.000,9999.000,9999.000,9999.000,9999.000,9999.000
202602270300,   6.532,   7.678,  -1.500,   2.646,   7.678,  -1.600,   7.578,  -1.500,   7.678
202602270306,   6.570,   7.927,9999.000,9999.000,9999.000,9999.000,9999.000,9999.000,9999.000
202602270312,   6.634,   8.449,9999.000,9999.000,9999.000,9999.000,9999.000,9999.000,9999.000
202602270318,   6.725,   8.488,9999.000,9999.000,9999.000,9999.000,9999.000,9999.000,9999.000
202602270324,   6.843,   8.787,9999.000,9999.000,9999.000,9999.000,9999.000,9999.000,9999.000
202602270330,   6.987,   9.147,9999.000,9999.000,9999.000,9999.000,9999.000,9999.000,9999.000
202602270336,   7.158,   8.846,9999.000,9999.000,9999.000,9999.000,9999.000,9999.000,9999.000
202602270342,   7.354,   9.187,9999.000,9999.000,9999.000,9999.000,9999.000,9999.000,9999.000
202602270348,   7.574,   9.446,9999.000,9999.000,9999.000,9999.000,9999.000,9999.000,9999.000
202602270354,   7.817,   9.777,9999.000,9999.000,9999.000,9999.000,9999.000,9999.000,9999.000
202602270400,   8.081,  10.017,  -1.600,   3.536,  10.017,  -1.600,  10.017,  -1.500,  10.117
202602270406,   8.365,  10.177,9999.000,9999.000,9999.000,9999.000,9999.000,9999.000,9999.000
202602270412,   8.666,  10.446,9999.000,9999.000,9999.000,9999.000,9999.000,9999.000,9999.000
202602270418,   8.982,  10.656,9999.000,9999.000,9999.000,9999.000,9999.000,9999.000,9999.000
202602270424,   9.311,  10.787,9999.000,9999.000,9999.000,9999.000,9999.000,9999.000,9999.000
202602270430,   9.651,  11.027,9999.000,9999.000,9999.000,9999.000,9999.000,9999.000,9999.000
202602270436,   9.999,  11.207,9999.000,9999.000,9999.000,9999.000,9999.000,9999.000,9999.000
202602270442,  10.353,  11.325,9999.000,9999.000,9999.000,9999.000,9999.000,9999.000,9999.000
202602270448,  10.711,  11.545,9999.000,9999.000,9999.000,9999.000,9999.000,9999.000,9999.000
202602270454,  11.071,  11.725,9999.000,9999.000,9999.000,9999.000,9999.000,9999.000,9999.000
202602270500,  11.431,  11.827,  -1.600,   1.996,  11.827,  -1.700,  11.727,  -1.400,  12.027
202602270506,  11.788,  12.037,9999.000,9999.000,9999.000,9999.000,9999.000,9999.000,9999.000
202602270512,  12.142,  12.208,9999.000,9999.000,9999.000,9999.000,9999.000,9999.000,9999.000
202602270518,  12.490,  12.306,9999.000,9999.000,9999.000,9999.000,9999.000,9999.000,9999.000
202602270524,  12.832,  12.516,9999.000,9999.000,9999.000,9999.000,9999.000,9999.000,9999.000
202602270530,  13.166,  12.687,9999.000,9999.000,9999.000,9999.000,9999.000,9999.000,9999.000
202602270536,  13.491,  12.775,9999.000,9999.000,9999.000,9999.000,9999.000,9999.000,9999.000
202602270542,  13.807,  13.005,9999.000,9999.000,9999.000,9999.000,9999.000,9999.000,9999.000
202602270548,  14.112,  13.165,9999.000,9999.000,9999.000,9999.000,9999.000,9999.000,9999.000
202602270554,  14.406,  13.267,9999.000,9999.000,9999.000,9999.000,9999.000,9999.000,9999.000
202602270600,  14.689,  13.477,  -1.700,   0.488,  13.477,  -1.800,  13.377,  -1.600,  13.577
202602270606,  14.961,  13.625,9999.000,9999.000,9999.000,9999.000,9999.000,9999.000,9999.000
202602270612,  15.220,  13.707,9999.000,9999.000,9999.000,9999.000,9999.000,9999.000,9999.000
202602270618,  15.467,  13.907,9999.000,9999.000,9999.000,9999.000,9999.000,9999.000,9999.000
202602270624,  15.701,  14.054,9999.000,9999.000,9999.000,9999.000,9999.000,9999.000,9999.000
202602270630,  15.922,  14.136,9999.000,9999.000,9999.000,9999.000,9999.000,9999.000,9999.000
202602270636,  16.130,  14.327,9999.000,9999.000,9999.000,9999.000,9999.000,9999.000,9999.000
202602270642,  16.324,  14.477,9999.000,9999.000,9999.000,9999.000,9999.000,9999.000,9999.000
202602270648,  16.504,  14.556,9999.000,9999.000,9999.000,9999.000,9999.000,9999.000,9999.000
202602270654,  16.669,  14.756,9999.000,9999.000,9999.000,9999.000,9999.000,9999.000,9999.000
202602270700,  16.819,  14.907,  -1.700,  -0.212,  14.907,  -1.800,  14.807,  -1.600,  15.007
202602270706,  16.953,  14.986,9999.000,9999.000,9999.000,9999.000,9999.000,9999.000,9999.000
202602270712,  17.071,  15.206,9999.000,9999.000,9999.000,9999.000,9999.000,9999.000,9999.000
202602270718,  17.172,  15.366,9999.000,9999.000,9999.000,9999.000,9999.000,9999.000,9999.000
202602270724,  17.254,  15.455,9999.000,9999.000,9999.000,9999.000,9999.000,9999.000,9999.000
202602270730,  17.319,  15.665,9999.000,9999.000,9999.000,9999.000,9999.000,9999.000,9999.000
202602270736,  17.364,  15.825,9999.000,9999.000,9999.000,9999.000,9999.000,9999.000,9999.000
202602270742,  17.389,  15.904,9999.000,9999.000,9999.000,9999.000,9999.000,9999.000,9999.000
202602270748,  17.394,  16.104,9999.000,9999.000,9999.000,9999.000,9999.000,9999.000,9999.000
202602270754,  17.378,  16.255,9999.000,9999.000,9999.000,9999.000,9999.000,9999.000,9999.000
202602270800,  17.341,  16.344,  -1.700,   0.703,  16.344,  -1.800,  16.244,  -1.600,  16.444
202602270806,  17.282,  16.544,9999.000,9999.000,9999.000,9999.000,9999.000,9999.000,9999.000
202602270812,  17.202,  16.695,9999.000,9999.000,9999.000,9999.000,9999.000,9999.000,9999.000
202602270818,  17.099,  16.764,9999.000,9999.000,9999.000,9999.000,9999.000,9999.000,9999.000
202602270824,  16.975,  16.964,9999.000,9999.000,9999.000,9999.000,9999.000,9999.000,9999.000
202602270830,  16.830,  17.115,9999.000,9999.000,9999.000,9999.000,9999.000,9999.000,9999.000
202602270836,  16.664,  17.187,9999.000,9999.000,9999.000,9999.000,9999.000,9999.000,9999.000
202602270842,  16.477,  17.383,9999.000,9999.000,9999.000,9999.000,9999.000,9999.000,9999.000
202602270848,  16.270,  17.525,9999.000,9999.000,9999.000,9999.000,9999.000,9999.000,9999.000
202602270854,  16.043,  17.584,9999.000,9999.000,9999.000,9999.000,9999.000,9999.000,9999.000
202602270900,  15.799,  17.784,  -1.800,   3.785,  17.784,  -1.900,  17.684,  -1.700,  17.884
202602270906,  15.537,  17.925,9999.000,9999.000,9999.000,9999.000,9999.000,9999.000,9999.000
202602270912,  15.258,  17.984,9999.000,9999.000,9999.000,9999.000,9999.000,9999.000,9999.000
202602270918,  14.964,  18.184,9999.000,9999.000,9999.000,9999.000,9999.000,9999.000,9999.000
202602270924,  14.655,  18.325,9999.000,9999.000,9999.000,9999.000,9999.000,9999.000,9999.000
202602270930,  14.333,  18.394,9999.000,9999.000,9999.000,9999.000,9999.000,9999.000,9999.000
202602270936,  13.999,  18.584,9999.000,9999.000,9999.000,9999.000,9999.000,9999.000,9999.000
202602270942,  13.653,  18.725,9999.000,9999.000,9999.000,9999.000,9999.000,9999.000,9999.000
202602270948,  13.297,  18.784,9999.000,9999.000,9999.000,9999.000,9999.000,9999.000,9999.000
202602270954,  12.932,  18.984,9999.000,9999.000,9999.000,9999.000,9999.000,9999.000,9999.000
202602271000,  12.559,  19.115,  -1.800,   0.000,  10.759,  -1.900,  10.659,  -1.600,  10.959
202602271006,  12.178,  19.174,9999.000,9999.000,9999.000,9999.000,9999.000,9999.000,9999.000
202602271012,  11.791,  19.355,9999.000,9999.000,9999.000,9999.000,9999.000,9999.000,9999.000
202602271018,  11.399,  19.486,9999.000,9999.000,9999.000,9999.000,9999.000,9999.000,9999.000
202602271024,  11.002,  19.545,9999.000,9999.000,9999.000,9999.000,9999.000,9999.000,9999.000
202602271030,  10.601,  19.735,9999.000,9999.000,9999.000,9999.000,9999.000,9999.000,9999.000
202602271036,  10.197,  19.853,9999.000,9999.000,9999.000,9999.000,9999.000,9999.000,9999.000
202602271042,   9.792,  19.916,9999.000,9999.000,9999.000,9999.000,9999.000,9999.000,9999.000
202602271048,   9.385,  20.083,9999.000,9999.000,9999.000,9999.000,9999.000,9999.000,9999.000
202602271054,   8.978,  20.204,9999.000,9999.000,9999.000,9999.000,9999.000,9999.000,9999.000
202602271100,   8.571,  19.315,  -1.800,   0.000,   6.771,  -2.000,   6.571,  -1.600,   6.971
202602271106,   8.166,  14.864,9999.000,9999.000,9999.000,9999.000,9999.000,9999.000,9999.000
202602271112,   7.762,  12.847,9999.000,9999.000,9999.000,9999.000,9999.000,9999.000,9999.000
202602271118,   7.362,  12.237,9999.000,9999.000,9999.000,9999.000,9999.000,9999.000,9999.000
202602271124,   6.965,  12.106,9999.000,9999.000,9999.000,9999.000,9999.000,9999.000,9999.000
202602271130,   6.573,  11.666,9999.000,9999.000,9999.000,9999.000,9999.000,9999.000,9999.000
202602271136,   6.187,  10.656,9999.000,9999.000,9999.000,9999.000,9999.000,9999.000,9999.000
202602271142,   5.806,  10.026,9999.000,9999.000,9999.000,9999.000,9999.000,9999.000,9999.000
202602271148,   5.433,   9.177,9999.000,9999.000,9999.000,9999.000,9999.000,9999.000,9999.000
202602271154,   5.067,   8.826,9999.000,9999.000,9999.000,9999.000,9999.000,9999.000,9999.000
202602271200,   4.710,   8.439,  -1.800,   5.529,   8.439,  -2.000,   8.239,  -1.700,   8.539
202602271206,   4.361,   8.587,9999.000,9999.000,9999.000,9999.000,9999.000,9999.000,9999.000
202602271212,   4.022,   8.587,9999.000,9999.000,9999.000,9999.000,9999.000,9999.000,9999.000
202602271218,   3.692,   7.488,9999.000,9999.000,9999.000,9999.000,9999.000,9999.000,9999.000
202602271224,   3.373,   7.297,9999.000,9999.000,9999.000,9999.000,9999.000,9999.000,9999.000
202602271230,   3.063,   7.376,9999.000,9999.000,9999.000,9999.000,9999.000,9999.000,9999.000
202602271236,   2.764,   7.498,9999.000,9999.000,9999.000,9999.000,9999.000,9999.000,9999.000
202602271242,   2.476,   8.216,9999.000,9999.000,9999.000,9999.000,9999.000,9999.000,9999.000
202602271248,   2.198,   8.518,9999.000,9999.000,9999.000,9999.000,9999.000,9999.000,9999.000
202602271254,   1.930,   7.717,9999.000,9999.000,9999.000,9999.000,9999.000,9999.000,9999.000
202602271300,   1.672,   7.448,  -1.800,   0.000,  -0.128,  -2.000,  -0.328,  -1.700,  -0.028
202602271306,   1.424,   6.658,9999.000,9999.000,9999.000,9999.000,9999.000,9999.000,9999.000
202602271312,   1.186,   7.297,9999.000,9999.000,9999.000,9999.000,9999.000,9999.000,9999.000
202602271318,   0.957,   7.839,9999.000,9999.000,9999.000,9999.000,9999.000,9999.000,9999.000
202602271324,   0.738,   7.767,9999.000,9999.000,9999.000,9999.000,9999.000,9999.000,9999.000
202602271330,   0.529,   8.229,9999.000,9999.000,9999.000,9999.000,9999.000,9999.000,9999.000
202602271336,   0.329,   8.577,9999.000,9999.000,9999.000,9999.000,9999.000,9999.000,9999.000
202602271342,   0.138,   8.288,9999.000,9999.000,9999.000,9999.000,9999.000,9999.000,9999.000
202602271348,  -0.041,   8.587,9999.000,9999.000,9999.000,9999.000,9999.000,9999.000,9999.000
202602271354,  -0.210,   8.587,9999.000,9999.000,9999.000,9999.000,9999.000,9999.000,9999.000
202602271400,  -0.369,   8.777,  -1.900,   0.000,  -2.269,  -2.000,  -2.369,  -1.800,  -2.169
202602271406,  -0.516,   9.046,9999.000,9999.000,9999.000,9999.000,9999.000,9999.000,9999.000
202602271412,  -0.650,   9.187,9999.000,9999.000,9999.000,9999.000,9999.000,9999.000,9999.000
202602271418,  -0.770,   9.377,9999.000,9999.000,9999.000,9999.000,9999.000,9999.000,9999.000
202602271424,  -0.874,   9.557,9999.000,9999.000,9999.000,9999.000,9999.000,9999.000,9999.000
202602271430,  -0.963,   9.656,9999.000,9999.000,9999.000,9999.000,9999.000,9999.000,9999.000
202602271436,  -1.033,   9.817,9999.000,9999.000,9999.000,9999.000,9999.000,9999.000,9999.000
202602271442,  -1.083,  10.066,9999.000,9999.000,9999.000,9999.000,9999.000,9999.000,9999.000
202602271448,  -1.113,  10.217,9999.000,9999.000,9999.000,9999.000,9999.000,9999.000,9999.000
202602271454,  -1.119,   8.688,9999.000,9999.000,9999.000,9999.000,9999.000,9999.000,9999.000
202602271500,  -1.102,   7.927,  -1.900,   0.000,  -3.002,  -2.000,  -3.102,  -1.800,  -2.902
202602271506,  -1.058,   6.979,9999.000,9999.000,9999.000,9999.000,9999.000,9999.000,9999.000
202602271512,  -0.987,   7.517,9999.000,9999.000,9999.000,9999.000,9999.000,9999.000,9999.000
202602271518,  -0.888,   8.157,9999.000,9999.000,9999.000,9999.000,9999.000,9999.000,9999.000
202602271524,  -0.758,   8.508,9999.000,9999.000,9999.000,9999.000,9999.000,9999.000,9999.000
202602271530,  -0.599,   8.557,9999.000,9999.000,9999.000,9999.000,9999.000,9999.000,9999.000
202602271536,  -0.408,   8.678,9999.000,9999.000,9999.000,9999.000,9999.000,9999.000,9999.000
202602271542,  -0.186,   8.649,9999.000,9999.000,9999.000,9999.000,9999.000,9999.000,9999.000
202602271548,   0.067,   7.829,9999.000,9999.000,9999.000,9999.000,9999.000,9999.000,9999.000
202602271554,   0.351,   6.668,9999.000,9999.000,9999.000,9999.000,9999.000,9999.000,9999.000
202602271600,   0.667,   6.468,  -1.900,   0.000,  -1.233,  -2.000,  -1.333,  -1.800,  -1.133
202602271606,   1.012,   5.949,9999.000,9999.000,9999.000,9999.000,9999.000,9999.000,9999.000
202602271612,   1.386,   6.179,9999.000,9999.000,9999.000,9999.000,9999.000,9999.000,9999.000
202602271618,   1.787,   5.969,9999.000,9999.000,9999.000,9999.000,9999.000,9999.000,9999.000
202602271624,   2.213,   6.619,9999.000,9999.000,9999.000,9999.000,9999.000,9999.000,9999.000
202602271630,   2.663,   7.029,9999.000,9999.000,9999.000,9999.000,9999.000,9999.000,9999.000
202602271636,   3.135,   7.488,9999.000,9999.000,9999.000,9999.000,9999.000,9999.000,9999.000
202602271642,   3.627,   6.737,9999.000,9999.000,9999.000,9999.000,9999.000,9999.000,9999.000
202602271648,   4.135,   5.428,9999.000,9999.000,9999.000,9999.000,9999.000,9999.000,9999.000
202602271654,   4.658,   5.828,9999.000,9999.000,9999.000,9999.000,9999.000,9999.000,9999.000
202602271700,   5.194,   4.929,  -2.000,   1.735,   4.929,  -2.100,   4.829,  -1.900,   5.029
202602271706,   5.739,   5.257,9999.000,9999.000,9999.000,9999.000,9999.000,9999.000,9999.000
202602271712,   6.292,9999.000,9999.000,9999.000,9999.000,9999.000,9999.000,9999.000,9999.000
202602271718,   6.850,9999.000,9999.000,9999.000,9999.000,9999.000,9999.000,9999.000,9999.000
202602271724,   7.412,9999.000,9999.000,9999.000,9999.000,9999.000,9999.000,9999.000,9999.000
202602271730,   7.975,9999.000,9999.000,9999.000,9999.000,9999.000,9999.000,9999.000,9999.000
202602271736,   8.538,9999.000,9999.000,9999.000,9999.000,9999.000,9999.000,9999.000,9999.000
202602271742,   9.098,9999.000,9999.000,9999.000,9999.000,9999.000,9999.000,9999.000,9999.000
202602271748,   9.654,9999.000,9999.000,9999.000,9999.000,9999.000,9999.000,9999.000,9999.000
202602271754,  10.206,9999.000,9999.000,9999.000,9999.000,9999.000,9999.000,9999.000,9999.000
202602271800,  10.751,9999.000,  -2.000,   1.607,  10.358,  -2.200,  10.158,  -1.900,  10.458
202602271806,  11.289,9999.000,9999.000,9999.000,9999.000,9999.000,9999.000,9999.000,9999.000
202602271812,  11.819,9999.000,9999.000,9999.000,9999.000,9999.000,9999.000,9999.000,9999.000
202602271818,  12.341,9999.000,9999.000,9999.000,9999.000,9999.000,9999.000,9999.000,9999.000
202602271824,  12.853,9999.000,9999.000,9999.000,9999.000,9999.000,9999.000,9999.000,9999.000
202602271830,  13.355,9999.000,9999.000,9999.000,9999.000,9999.000,9999.000,9999.000,9999.000
202602271836,  13.847,9999.000,9999.000,9999.000,9999.000,9999.000,9999.000,9999.000,9999.000
202602271842,  14.327,9999.000,9999.000,9999.000,9999.000,9999.000,9999.000,9999.000,9999.000
202602271848,  14.797,9999.000,9999.000,9999.000,9999.000,9999.000,9999.000,9999.000,9999.000
202602271854,  15.254,9999.000,9999.000,9999.000,9999.000,9999.000,9999.000,9999.000,9999.000
202602271900,  15.700,9999.000,  -2.100,   1.479,  15.079,  -2.200,  14.979,  -2.000,  15.179
202602271906,  16.132,9999.000,9999.000,9999.000,9999.000,9999.000,9999.000,9999.000,9999.000
202602271912,  16.551,9999.000,9999.000,9999.000,9999.000,9999.000,9999.000,9999.000,9999.000
202602271918,  16.955,9999.000,9999.000,9999.000,9999.000,9999.000,9999.000,9999.000,9999.000
202602271924,  17.345,9999.000,9999.000,9999.000,9999.000,9999.000,9999.000,9999.000,9999.000
202602271930,  17.719,9999.000,9999.000,9999.000,9999.000,9999.000,9999.000,9999.000,9999.000
202602271936,  18.077,9999.000,9999.000,9999.000,9999.000,9999.000,9999.000,9999.000,9999.000
202602271942,  18.417,9999.000,9999.000,9999.000,9999.000,9999.000,9999.000,9999.000,9999.000
202602271948,  18.739,9999.000,9999.000,9999.000,9999.000,9999.000,9999.000,9999.000,9999.000
202602271954,  19.042,9999.000,9999.000,9999.000,9999.000,9999.000,9999.000,9999.000,9999.000
202602272000,  19.325,9999.000,  -2.200,   1.351,  18.476,  -2.300,  18.376,  -2.000,  18.676
202602272006,  19.587,9999.000,9999.000,9999.000,9999.000,9999.000,9999.000,9999.000,9999.000
202602272012,  19.828,9999.000,9999.000,9999.000,9999.000,9999.000,9999.000,9999.000,9999.000
202602272018,  20.046,9999.000,9999.000,9999.000,9999.000,9999.000,9999.000,9999.000,9999.000
202602272024,  20.242,9999.000,9999.000,9999.000,9999.000,9999.000,9999.000,9999.000,9999.000
202602272030,  20.414,9999.000,9999.000,9999.000,9999.000,9999.000,9999.000,9999.000,9999.000
202602272036,  20.563,9999.000,9999.000,9999.000,9999.000,9999.000,9999.000,9999.000,9999.000
202602272042,  20.687,9999.000,9999.000,9999.000,9999.000,9999.000,9999.000,9999.000,9999.000
202602272048,  20.788,9999.000,9999.000,9999.000,9999.000,9999.000,9999.000,9999.000,9999.000
202602272054,  20.864,9999.000,9999.000,9999.000,9999.000,9999.000,9999.000,9999.000,9999.000
202602272100,  20.917,9999.000,  -2.200,   1.223,  19.940,  -2.400,  19.740,  -2.100,  20.040
202602272106,  20.947,9999.000,9999.000,9999.000,9999.000,9999.000,9999.000,9999.000,9999.000
202602272112,  20.953,9999.000,9999.000,9999.000,9999.000,9999.000,9999.000,9999.000,9999.000
202602272118,  20.937,9999.000,9999.000,9999.000,9999.000,9999.000,9999.000,9999.000,9999.000
202602272124,  20.899,9999.000,9999.000,9999.000,9999.000,9999.000,9999.000,9999.000,9999.000
202602272130,  20.840,9999.000,9999.000,9999.000,9999.000,9999.000,9999.000,9999.000,9999.000
202602272136,  20.760,9999.000,9999.000,9999.000,9999.000,9999.000,9999.000,9999.000,9999.000
202602272142,  20.662,9999.000,9999.000,9999.000,9999.000,9999.000,9999.000,9999.000,9999.000
202602272148,  20.545,9999.000,9999.000,9999.000,9999.000,9999.000,9999.000,9999.000,9999.000
202602272154,  20.410,9999.000,9999.000,9999.000,9999.000,9999.000,9999.000,9999.000,9999.000
202602272200,  20.259,9999.000,  -2.200,   1.095,  19.154,  -2.500,  18.854,  -2.000,  19.354
202602272206,  20.092,9999.000,9999.000,9999.000,9999.000,9999.000,9999.000,9999.000,9999.000
202602272212,  19.910,9999.000,9999.000,9999.000,9999.000,9999.000,9999.000,9999.000,9999.000
202602272218,  19.715,9999.000,9999.000,9999.000,9999.000,9999.000,9999.000,9999.000,9999.000
202602272224,  19.506,9999.000,9999.000,9999.000,9999.000,9999.000,9999.000,9999.000,9999.000
202602272230,  19.285,9999.000,9999.000,9999.000,9999.000,9999.000,9999.000,9999.000,9999.000
202602272236,  19.053,9999.000,9999.000,9999.000,9999.000,9999.000,9999.000,9999.000,9999.000
202602272242,  18.811,9999.000,9999.000,9999.000,9999.000,9999.000,9999.000,9999.000,9999.000
202602272248,  18.558,9999.000,9999.000,9999.000,9999.000,9999.000,9999.000,9999.000,9999.000
202602272254,  18.297,9999.000,9999.000,9999.000,9999.000,9999.000,9999.000,9999.000,9999.000
202602272300,  18.027,9999.000,  -2.300,   0.967,  16.694,  -2.500,  16.494,  -2.100,  16.894
202602272306,  17.750,9999.000,9999.000,9999.000,9999.000,9999.000,9999.000,9999.000,9999.000
202602272312,  17.465,9999.000,9999.000,9999.000,9999.000,9999.000,9999.000,9999.000,9999.000
202602272318,  17.175,9999.000,9999.000,9999.000,9999.000,9999.000,9999.000,9999.000,9999.000
202602272324,  16.879,9999.000,9999.000,9999.000,9999.000,9999.000,9999.000,9999.000,9999.000
202602272330,  16.578,9999.000,9999.000,9999.000,9999.000,9999.000,9999.000,9999.000,9999.000
202602272336,  16.274,9999.000,9999.000,9999.000,9999.000,9999.000,9999.000,9999.000,9999.000
202602272342,  15.966,9999.000,9999.000,9999.000,9999.000,9999.000,9999.000,9999.000,9999.000
202602272348,  15.656,9999.000,9999.000,9999.000,9999.000,9999.000,9999.000,9999.000,9999.000
202602272354,  15.344,9999.000,9999.000,9999.000,9999.000,9999.000,9999.000,9999.000,9999.000
202602280000,  15.031,9999.000,  -2.300,   0.839,  13.570,  -2.600,  13.270,  -2.100,  13.770
202602280006,  14.718,9999.000,9999.000,9999.000,9999.000,9999.000,9999.000,9999.000,9999.000
202602280012,  14.405,9999.000,9999.000,9999.000,9999.000,9999.000,9999.000,9999.000,9999.000
202602280018,  14.094,9999.000,9999.000,9999.000,9999.000,9999.000,9999.000,9999.000,9999.000
202602280024,  13.784,9999.000,9999.000,9999.000,9999.000,9999.000,9999.000,9999.000,9999.000
202602280030,  13.477,9999.000,9999.000,9999.000,9999.000,9999.000,9999.000,9999.000,9999.000
202602280036,  13.173,9999.000,9999.000,9999.000,9999.000,9999.000,9999.000,9999.000,9999.000
202602280042,  12.871,9999.000,9999.000,9999.000,9999.000,9999.000,9999.000,9999.000,9999.000
202602280048,  12.574,9999.000,9999.000,9999.000,9999.000,9999.000,9999.000,9999.000,9999.000
202602280054,  12.280,9999.000,9999.000,9999.000,9999.000,9999.000,9999.000,9999.000,9999.000
202602280100,  11.990,9999.000,  -2.400,   0.711,  10.301,  -2.700,  10.001,  -2.200,  10.501
202602280106,  11.704,9999.000,9999.000,9999.000,9999.000,9999.000,9999.000,9999.000,9999.000
202602280112,  11.422,9999.000,9999.000,9999.000,9999.000,9999.000,9999.000,9999.000,9999.000
202602280118,  11.144,9999.000,9999.000,9999.000,9999.000,9999.000,9999.000,9999.000,9999.000
202602280124,  10.870,9999.000,9999.000,9999.000,9999.000,9999.000,9999.000,9999.000,9999.000
202602280130,  10.599,9999.000,9999.000,9999.000,9999.000,9999.000,9999.000,9999.000,9999.000
202602280136,  10.332,9999.000,9999.000,9999.000,9999.000,9999.000,9999.000,9999.000,9999.000
202602280142,  10.069,9999.000,9999.000,9999.000,9999.000,9999.000,9999.000,9999.000,9999.000
202602280148,   9.809,9999.000,9999.000,9999.000,9999.000,9999.000,9999.000,9999.000,9999.000
202602280154,   9.553,9999.000,9999.000,9999.000,9999.000,9999.000,9999.000,9999.000,9999.000
202602280200,   9.300,9999.000,  -2.500,   0.583,   7.383,  -2.800,   7.083,  -2.300,   7.583
202602280206,   9.051,9999.000,9999.000,9999.000,9999.000,9999.000,9999.000,9999.000,9999.000
202602280212,   8.806,9999.000,9999.000,9999.000,9999.000,9999.000,9999.000,9999.000,9999.000
202602280218,   8.566,9999.000,9999.000,9999.000,9999.000,9999.000,9999.000,9999.000,9999.000
202602280224,   8.331,9999.000,9999.000,9999.000,9999.000,9999.000,9999.000,9999.000,9999.000
202602280230,   8.101,9999.000,9999.000,9999.000,9999.000,9999.000,9999.000,9999.000,9999.000
202602280236,   7.879,9999.000,9999.000,9999.000,9999.000,9999.000,9999.000,9999.000,9999.000
202602280242,   7.666,9999.000,9999.000,9999.000,9999.000,9999.000,9999.000,9999.000,9999.000
202602280248,   7.461,9999.000,9999.000,9999.000,9999.000,9999.000,9999.000,9999.000,9999.000
202602280254,   7.268,9999.000,9999.000,9999.000,9999.000,9999.000,9999.000,9999.000,9999.000
202602280300,   7.087,9999.000,  -2.600,   0.455,   4.942,  -2.900,   4.642,  -2.400,   5.142
202602280306,   6.920,9999.000,9999.000,9999.000,9999.000,9999.000,9999.000,9999.000,9999.000
202602280312,   6.769,9999.000,9999.000,9999.000,9999.000,9999.000,9999.000,9999.000,9999.000
202602280318,   6.635,9999.000,9999.000,9999.000,9999.000,9999.000,9999.000,9999.000,9999.000
202602280324,   6.521,9999.000,9999.000,9999.000,9999.000,9999.000,9999.000,9999.000,9999.000
202602280330,   6.427,9999.000,9999.000,9999.000,9999.000,9999.000,9999.000,9999.000,9999.000
202602280336,   6.355,9999.000,9999.000,9999.000,9999.000,9999.000,9999.000,9999.000,9999.000
202602280342,   6.307,9999.000,9999.000,9999.000,9999.000,9999.000,9999.000,9999.000,9999.000
202602280348,   6.284,9999.000,9999.000,9999.000,9999.000,9999.000,9999.000,9999.000,9999.000
202602280354,   6.287,9999.000,9999.000,9999.000,9999.000,9999.000,9999.000,9999.000,9999.000
202602280400,   6.316,9999.000,  -2.800,   0.327,   3.843,  -3.000,   3.643,  -2.400,   4.243
202602280406,   6.373,9999.000,9999.000,9999.000,9999.000,9999.000,9999.000,9999.000,9999.000
202602280412,   6.457,9999.000,9999.000,9999.000,9999.000,9999.000,9999.000,9999.000,9999.000
202602280418,   6.568,9999.000,9999.000,9999.000,9999.000,9999.000,9999.000,9999.000,9999.000
202602280424,   6.706,9999.000,9999.000,9999.000,9999.000,9999.000,9999.000,9999.000,9999.000
202602280430,   6.871,9999.000,9999.000,9999.000,9999.000,9999.000,9999.000,9999.000,9999.000
202602280436,   7.061,9999.000,9999.000,9999.000,9999.000,9999.000,9999.000,9999.000,9999.000
202602280442,   7.275,9999.000,9999.000,9999.000,9999.000,9999.000,9999.000,9999.000,9999.000
202602280448,   7.511,9999.000,9999.000,9999.000,9999.000,9999.000,9999.000,9999.000,9999.000
202602280454,   7.769,9999.000,9999.000,9999.000,9999.000,9999.000,9999.000,9999.000,9999.000
202602280500,   8.045,9999.000,  -2.900,   0.198,   5.343,  -3.200,   5.043,  -2.500,   5.743
202602280506,   8.339,9999.000,9999.000,9999.000,9999.000,9999.000,9999.000,9999.000,9999.000
202602280512,   8.648,9999.000,9999.000,9999.000,9999.000,9999.000,9999.000,9999.000,9999.000
202602280518,   8.969,9999.000,9999.000,9999.000,9999.000,9999.000,9999.000,9999.000,9999.000
202602280524,   9.301,9999.000,9999.000,9999.000,9999.000,9999.000,9999.000,9999.000,9999.000
202602280530,   9.641,9999.000,9999.000,9999.000,9999.000,9999.000,9999.000,9999.000,9999.000
202602280536,   9.987,9999.000,9999.000,9999.000,9999.000,9999.000,9999.000,9999.000,9999.000
202602280542,  10.338,9999.000,9999.000,9999.000,9999.000,9999.000,9999.000,9999.000,9999.000
202602280548,  10.690,9999.000,9999.000,9999.000,9999.000,9999.000,9999.000,9999.000,9999.000
202602280554,  11.043,9999.000,9999.000,9999.000,9999.000,9999.000,9999.000,9999.000,9999.000
202602280600,  11.394,9999.000,  -3.000,   0.198,   8.592,  -3.300,   8.292,  -2.700,   8.892
202602280606,  11.742,9999.000,9999.000,9999.000,9999.000,9999.000,9999.000,9999.000,9999.000
202602280612,  12.085,9999.000,9999.000,9999.000,9999.000,9999.000,9999.000,9999.000,9999.000
202602280618,  12.423,9999.000,9999.000,9999.000,9999.000,9999.000,9999.000,9999.000,9999.000
202602280624,  12.754,9999.000,9999.000,9999.000,9999.000,9999.000,9999.000,9999.000,9999.000
202602280630,  13.078,9999.000,9999.000,9999.000,9999.000,9999.000,9999.000,9999.000,9999.000
202602280636,  13.393,9999.000,9999.000,9999.000,9999.000,9999.000,9999.000,9999.000,9999.000
202602280642,  13.699,9999.000,9999.000,9999.000,9999.000,9999.000,9999.000,9999.000,9999.000
202602280648,  13.996,9999.000,9999.000,9999.000,9999.000,9999.000,9999.000,9999.000,9999.000
202602280654,  14.283,9999.000,9999.000,9999.000,9999.000,9999.000,9999.000,9999.000,9999.000
202602280700,  14.560,9999.000,  -3.100,   0.198,  11.658,  -3.400,  11.358,  -2.700,  12.058
202602280706,  14.826,9999.000,9999.000,9999.000,9999.000,9999.000,9999.000,9999.000,9999.000
202602280712,  15.081,9999.000,9999.000,9999.000,9999.000,9999.000,9999.000,9999.000,9999.000
202602280718,  15.325,9999.000,9999.000,9999.000,9999.000,9999.000,9999.000,9999.000,9999.000
202602280724,  15.557,9999.000,9999.000,9999.000,9999.000,9999.000,9999.000,9999.000,9999.000
202602280730,  15.777,9999.000,9999.000,9999.000,9999.000,9999.000,9999.000,9999.000,9999.000
202602280736,  15.984,9999.000,9999.000,9999.000,9999.000,9999.000,9999.000,9999.000,9999.000
202602280742,  16.178,9999.000,9999.000,9999.000,9999.000,9999.000,9999.000,9999.000,9999.000
202602280748,  16.358,9999.000,9999.000,9999.000,9999.000,9999.000,9999.000,9999.000,9999.000
202602280754,  16.524,9999.000,9999.000,9999.000,9999.000,9999.000,9999.000,9999.000,9999.000
202602280800,  16.675,9999.000,  -3.100,   0.198,  13.773,  -3.500,  13.373,  -2.800,  14.073
202602280806,  16.810,9999.000,9999.000,9999.000,9999.000,9999.000,9999.000,9999.000,9999.000
202602280812,  16.928,9999.000,9999.000,9999.000,9999.000,9999.000,9999.000,9999.000,9999.000
202602280818,  17.028,9999.000,9999.000,9999.000,9999.000,9999.000,9999.000,9999.000,9999.000
202602280824,  17.110,9999.000,9999.000,9999.000,9999.000,9999.000,9999.000,9999.000,9999.000
202602280830,  17.174,9999.000,9999.000,9999.000,9999.000,9999.000,9999.000,9999.000,9999.000
202602280836,  17.217,9999.000,9999.000,9999.000,9999.000,9999.000,9999.000,9999.000,9999.000
202602280842,  17.241,9999.000,9999.000,9999.000,9999.000,9999.000,9999.000,9999.000,9999.000
202602280848,  17.244,9999.000,9999.000,9999.000,9999.000,9999.000,9999.000,9999.000,9999.000
202602280854,  17.225,9999.000,9999.000,9999.000,9999.000,9999.000,9999.000,9999.000,9999.000
202602280900,  17.186,9999.000,  -3.100,   0.198,  14.284,  -3.500,  13.884,  -2.700,  14.684
202602280906,  17.124,9999.000,9999.000,9999.000,9999.000,9999.000,9999.000,9999.000,9999.000
202602280912,  17.041,9999.000,9999.000,9999.000,9999.000,9999.000,9999.000,9999.000,9999.000
202602280918,  16.937,9999.000,9999.000,9999.000,9999.000,9999.000,9999.000,9999.000,9999.000
202602280924,  16.811,9999.000,9999.000,9999.000,9999.000,9999.000,9999.000,9999.000,9999.000
202602280930,  16.665,9999.000,9999.000,9999.000,9999.000,9999.000,9999.000,9999.000,9999.000
202602280936,  16.498,9999.000,9999.000,9999.000,9999.000,9999.000,9999.000,9999.000,9999.000
202602280942,  16.311,9999.000,9999.000,9999.000,9999.000,9999.000,9999.000,9999.000,9999.000
202602280948,  16.106,9999.000,9999.000,9999.000,9999.000,9999.000,9999.000,9999.000,9999.000
202602280954,  15.883,9999.000,9999.000,9999.000,9999.000,9999.000,9999.000,9999.000,9999.000
202602281000,  15.642,9999.000,  -3.100,   0.198,  12.740,  -3.500,  12.340,  -2.700,  13.140
202602281006,  15.385,9999.000,9999.000,9999.000,9999.000,9999.000,9999.000,9999.000,9999.000
202602281012,  15.113,9999.000,9999.000,9999.000,9999.000,9999.000,9999.000,9999.000,9999.000
202602281018,  14.826,9999.000,9999.000,9999.000,9999.000,9999.000,9999.000,9999.000,9999.000
202602281024,  14.526,9999.000,9999.000,9999.000,9999.000,9999.000,9999.000,9999.000,9999.000
202602281030,  14.214,9999.000,9999.000,9999.000,9999.000,9999.000,9999.000,9999.000,9999.000
202602281036,  13.891,9999.000,9999.000,9999.000,9999.000,9999.000,9999.000,9999.000,9999.000
202602281042,  13.557,9999.000,9999.000,9999.000,9999.000,9999.000,9999.000,9999.000,9999.000
202602281048,  13.214,9999.000,9999.000,9999.000,9999.000,9999.000,9999.000,9999.000,9999.000
202602281054,  12.863,9999.000,9999.000,9999.000,9999.000,9999.000,9999.000,9999.000,9999.000
202602281100,  12.504,9999.000,  -3.000,   0.198,   9.702,  -3.500,   9.202,  -2.600,  10.102
202602281106,  12.138,9999.000,9999.000,9999.000,9999.000,9999.000,9999.000,9999.000,9999.000
202602281112,  11.766,9999.000,9999.000,9999.000,9999.000,9999.000,9999.000,9999.000,9999.000
202602281118,  11.389,9999.000,9999.000,9999.000,9999.000,9999.000,9999.000,9999.000,9999.000
202602281124,  11.008,9999.000,9999.000,9999.000,9999.000,9999.000,9999.000,9999.000,9999.000
202602281130,  10.623,9999.000,9999.000,9999.000,9999.000,9999.000,9999.000,9999.000,9999.000
202602281136,  10.235,9999.000,9999.000,9999.000,9999.000,9999.000,9999.000,9999.000,9999.000
202602281142,   9.844,9999.000,9999.000,9999.000,9999.000,9999.000,9999.000,9999.000,9999.000
202602281148,   9.453,9999.000,9999.000,9999.000,9999.000,9999.000,9999.000,9999.000,9999.000
202602281154,   9.061,9999.000,9999.000,9999.000,9999.000,9999.000,9999.000,9999.000,9999.000
202602281200,   8.669,9999.000,  -2.900,   0.198,   5.967,  -3.400,   5.467,  -2.500,   6.367
202602281206,   8.278,9999.000,9999.000,9999.000,9999.000,9999.000,9999.000,9999.000,9999.000
202602281212,   7.889,9999.000,9999.000,9999.000,9999.000,9999.000,9999.000,9999.000,9999.000
202602281218,   7.502,9999.000,9999.000,9999.000,9999.000,9999.000,9999.000,9999.000,9999.000
202602281224,   7.119,9999.000,9999.000,9999.000,9999.000,9999.000,9999.000,9999.000,9999.000
202602281230,   6.740,9999.000,9999.000,9999.000,9999.000,9999.000,9999.000,9999.000,9999.000
202602281236,   6.366,9999.000,9999.000,9999.000,9999.000,9999.000,9999.000,9999.000,9999.000
202602281242,   5.997,9999.000,9999.000,9999.000,9999.000,9999.000,9999.000,9999.000,9999.000
202602281248,   5.635,9999.000,9999.000,9999.000,9999.000,9999.000,9999.000,9999.000,9999.000
202602281254,   5.280,9999.000,9999.000,9999.000,9999.000,9999.000,9999.000,9999.000,9999.000
202602281300,   4.932,9999.000,  -2.900,   0.198,   2.230,  -3.400,   1.730,  -2.400,   2.730
202602281306,   4.592,9999.000,9999.000,9999.000,9999.000,9999.000,9999.000,9999.000,9999.000
202602281312,   4.261,9999.000,9999.000,9999.000,9999.000,9999.000,9999.000,9999.000,9999.000
202602281318,   3.937,9999.000,9999.000,9999.000,9999.000,9999.000,9999.000,9999.000,9999.000
202602281324,   3.623,9999.000,9999.000,9999.000,9999.000,9999.000,9999.000,9999.000,9999.000
202602281330,   3.318,9999.000,9999.000,9999.000,9999.000,9999.000,9999.000,9999.000,9999.000
202602281336,   3.022,9999.000,9999.000,9999.000,9999.000,9999.000,9999.000,9999.000,9999.000
202602281342,   2.734,9999.000,9999.000,9999.000,9999.000,9999.000,9999.000,9999.000,9999.000
202602281348,   2.456,9999.000,9999.000,9999.000,9999.000,9999.000,9999.000,9999.000,9999.000
202602281354,   2.186,9999.000,9999.000,9999.000,9999.000,9999.000,9999.000,9999.000,9999.000
202602281400,   1.925,9999.000,  -2.900,   0.198,  -0.777,  -3.400,  -1.277,  -2.400,  -0.277
202602281406,   1.673,9999.000,9999.000,9999.000,9999.000,9999.000,9999.000,9999.000,9999.000
202602281412,   1.429,9999.000,9999.000,9999.000,9999.000,9999.000,9999.000,9999.000,9999.000
202602281418,   1.194,9999.000,9999.000,9999.000,9999.000,9999.000,9999.000,9999.000,9999.000
202602281424,   0.968,9999.000,9999.000,9999.000,9999.000,9999.000,9999.000,9999.000,9999.000
202602281430,   0.750,9999.000,9999.000,9999.000,9999.000,9999.000,9999.000,9999.000,9999.000
202602281436,   0.542,9999.000,9999.000,9999.000,9999.000,9999.000,9999.000,9999.000,9999.000
202602281442,   0.343,9999.000,9999.000,9999.000,9999.000,9999.000,9999.000,9999.000,9999.000
202602281448,   0.155,9999.000,9999.000,9999.000,9999.000,9999.000,9999.000,9999.000,9999.000
202602281454,  -0.022,9999.000,9999.000,9999.000,9999.000,9999.000,9999.000,9999.000,9999.000
202602281500,  -0.188,9999.000,  -2.900,   0.198,  -2.890,  -3.400,  -3.390,  -2.500,  -2.490
202602281506,  -0.341,9999.000,9999.000,9999.000,9999.000,9999.000,9999.000,9999.000,9999.000
202602281512,  -0.479,9999.000,9999.000,9999.000,9999.000,9999.000,9999.000,9999.000,9999.000
202602281518,  -0.602,9999.000,9999.000,9999.000,9999.000,9999.000,9999.000,9999.000,9999.000
202602281524,  -0.709,9999.000,9999.000,9999.000,9999.000,9999.000,9999.000,9999.000,9999.000
202602281530,  -0.796,9999.000,9999.000,9999.000,9999.000,9999.000,9999.000,9999.000,9999.000
202602281536,  -0.863,9999.000,9999.000,9999.000,9999.000,9999.000,9999.000,9999.000,9999.000
202602281542,  -0.909,9999.000,9999.000,9999.000,9999.000,9999.000,9999.000,9999.000,9999.000
202602281548,  -0.931,9999.000,9999.000,9999.000,9999.000,9999.000,9999.000,9999.000,9999.000
202602281554,  -0.928,9999.000,9999.000,9999.000,9999.000,9999.000,9999.000,9999.000,9999.000
202602281600,  -0.898,9999.000,  -3.000,   0.198,  -3.700,  -3.400,  -4.100,  -2.500,  -3.200
202602281606,  -0.840,9999.000,9999.000,9999.000,9999.000,9999.000,9999.000,9999.000,9999.000
202602281612,  -0.753,9999.000,9999.000,9999.000,9999.000,9999.000,9999.000,9999.000,9999.000
202602281618,  -0.637,9999.000,9999.000,9999.000,9999.000,9999.000,9999.000,9999.000,9999.000
202602281624,  -0.489,9999.000,9999.000,9999.000,9999.000,9999.000,9999.000,9999.000,9999.000
202602281630,  -0.310,9999.000,9999.000,9999.000,9999.000,9999.000,9999.000,9999.000,9999.000
202602281636,  -0.099,9999.000,9999.000,9999.000,9999.000,9999.000,9999.000,9999.000,9999.000
202602281642,   0.143,9999.000,9999.000,9999.000,9999.000,9999.000,9999.000,9999.000,9999.000
202602281648,   0.416,9999.000,9999.000,9999.000,9999.000,9999.000,9999.000,9999.000,9999.000
202602281654,   0.720,9999.000,9999.000,9999.000,9999.000,9999.000,9999.000,9999.000,9999.000
202602281700,   1.054,9999.000,  -3.000,   0.198,  -1.748,  -3.500,  -2.248,  -2.600,  -1.348
202602281706,   1.416,9999.000,9999.000,9999.000,9999.000,9999.000,9999.000,9999.000,9999.000
202602281712,   1.805,9999.000,9999.000,9999.000,9999.000,9999.000,9999.000,9999.000,9999.000
202602281718,   2.220,9999.000,9999.000,9999.000,9999.000,9999.000,9999.000,9999.000,9999.000
202602281724,   2.657,9999.000,9999.000,9999.000,9999.000,9999.000,9999.000,9999.000,9999.000
202602281730,   3.116,9999.000,9999.000,9999.000,9999.000,9999.000,9999.000,9999.000,9999.000
202602281736,   3.594,9999.000,9999.000,9999.000,9999.000,9999.000,9999.000,9999.000,9999.000
202602281742,   4.089,9999.000,9999.000,9999.000,9999.000,9999.000,9999.000,9999.000,9999.000
202602281748,   4.598,9999.000,9999.000,9999.000,9999.000,9999.000,9999.000,9999.000,9999.000
202602281754,   5.119,9999.000,9999.000,9999.000,9999.000,9999.000,9999.000,9999.000,9999.000
202602281800,   5.650,9999.000,  -3.000,   0.198,   2.848,  -3.500,   2.348,  -2.700,   3.148
202602281806,   6.189,9999.000,9999.000,9999.000,9999.000,9999.000,9999.000,9999.000,9999.000
202602281812,   6.734,9999.000,9999.000,9999.000,9999.000,9999.000,9999.000,9999.000,9999.000
202602281818,   7.282,9999.000,9999.000,9999.000,9999.000,9999.000,9999.000,9999.000,9999.000
202602281824,   7.832,9999.000,9999.000,9999.000,9999.000,9999.000,9999.000,9999.000,9999.000
202602281830,   8.382,9999.000,9999.000,9999.000,9999.000,9999.000,9999.000,9999.000,9999.000
202602281836,   8.930,9999.000,9999.000,9999.000,9999.000,9999.000,9999.000,9999.000,9999.000
202602281842,   9.476,9999.000,9999.000,9999.000,9999.000,9999.000,9999.000,9999.000,9999.000
202602281848,  10.017,9999.000,9999.000,9999.000,9999.000,9999.000,9999.000,9999.000,9999.000
202602281854,  10.553,9999.000,9999.000,9999.000,9999.000,9999.000,9999.000,9999.000,9999.000
202602281900,  11.084,9999.000,  -3.000,   0.198,   8.282,  -3.500,   7.782,  -2.600,   8.682
202602281906,  11.607,9999.000,9999.000,9999.000,9999.000,9999.000,9999.000,9999.000,9999.000
202602281912,  12.123,9999.000,9999.000,9999.000,9999.000,9999.000,9999.000,9999.000,9999.000
202602281918,  12.630,9999.000,9999.000,9999.000,9999.000,9999.000,9999.000,9999.000,9999.000
202602281924,  13.129,9999.000,9999.000,9999.000,9999.000,9999.000,9999.000,9999.000,9999.000
202602281930,  13.619,9999.000,9999.000,9999.000,9999.000,9999.000,9999.000,9999.000,9999.000
202602281936,  14.099,9999.000,9999.000,9999.000,9999.000,9999.000,9999.000,9999.000,9999.000
202602281942,  14.569,9999.000,9999.000,9999.000,9999.000,9999.000,9999.000,9999.000,9999.000
202602281948,  15.027,9999.000,9999.000,9999.000,9999.000,9999.000,9999.000,9999.000,9999.000
202602281954,  15.475,9999.000,9999.000,9999.000,9999.000,9999.000,9999.000,9999.000,9999.000
202602282000,  15.910,9999.000,  -2.900,   0.198,  13.208,  -3.400,  12.708,  -2.600,  13.508
202602282006,  16.333,9999.000,9999.000,9999.000,9999.000,9999.000,9999.000,9999.000,9999.000
202602282012,  16.742,9999.000,9999.000,9999.000,9999.000,9999.000,9999.000,9999.000,9999.000
202602282018,  17.136,9999.000,9999.000,9999.000,9999.000,9999.000,9999.000,9999.000,9999.000
202602282024,  17.515,9999.000,9999.000,9999.000,9999.000,9999.000,9999.000,9999.000,9999.000
202602282030,  17.878,9999.000,9999.000,9999.000,9999.000,9999.000,9999.000,9999.000,9999.000
202602282036,  18.224,9999.000,9999.000,9999.000,9999.000,9999.000,9999.000,9999.000,9999.000
202602282042,  18.552,9999.000,9999.000,9999.000,9999.000,9999.000,9999.000,9999.000,9999.000
202602282048,  18.862,9999.000,9999.000,9999.000,9999.000,9999.000,9999.000,9999.000,9999.000
202602282054,  19.151,9999.000,9999.000,9999.000,9999.000,9999.000,9999.000,9999.000,9999.000
202602282100,  19.419,9999.000,  -2.900,   0.198,  16.717,  -3.300,  16.317,  -2.500,  17.117
202602282106,  19.666,9999.000,9999.000,9999.000,9999.000,9999.000,9999.000,9999.000,9999.000
202602282112,  19.891,9999.000,9999.000,9999.000,9999.000,9999.000,9999.000,9999.000,9999.000
202602282118,  20.093,9999.000,9999.000,9999.000,9999.000,9999.000,9999.000,9999.000,9999.000
202602282124,  20.272,9999.000,9999.000,9999.000,9999.000,9999.000,9999.000,9999.000,9999.000
202602282130,  20.428,9999.000,9999.000,9999.000,9999.000,9999.000,9999.000,9999.000,9999.000
202602282136,  20.559,9999.000,9999.000,9999.000,9999.000,9999.000,9999.000,9999.000,9999.000
202602282142,  20.667,9999.000,9999.000,9999.000,9999.000,9999.000,9999.000,9999.000,9999.000
202602282148,  20.751,9999.000,9999.000,9999.000,9999.000,9999.000,9999.000,9999.000,9999.000
202602282154,  20.812,9999.000,9999.000,9999.000,9999.000,9999.000,9999.000,9999.000,9999.000
202602282200,  20.850,9999.000,  -2.800,   0.198,  18.248,  -3.300,  17.748,  -2.400,  18.648
202602282206,  20.865,9999.000,9999.000,9999.000,9999.000,9999.000,9999.000,9999.000,9999.000
202602282212,  20.858,9999.000,9999.000,9999.000,9999.000,9999.000,9999.000,9999.000,9999.000
202602282218,  20.829,9999.000,9999.000,9999.000,9999.000,9999.000,9999.000,9999.000,9999.000
202602282224,  20.780,9999.000,9999.000,9999.000,9999.000,9999.000,9999.000,9999.000,9999.000
202602282230,  20.711,9999.000,9999.000,9999.000,9999.000,9999.000,9999.000,9999.000,9999.000
202602282236,  20.623,9999.000,9999.000,9999.000,9999.000,9999.000,9999.000,9999.000,9999.000
202602282242,  20.516,9999.000,9999.000,9999.000,9999.000,9999.000,9999.000,9999.000,9999.000
202602282248,  20.392,9999.000,9999.000,9999.000,9999.000,9999.000,9999.000,9999.000,9999.000
202602282254,  20.252,9999.000,9999.000,9999.000,9999.000,9999.000,9999.000,9999.000,9999.000
202602282300,  20.096,9999.000,  -2.800,   0.198,  17.494,  -3.200,  17.094,  -2.400,  17.894
202602282306,  19.925,9999.000,9999.000,9999.000,9999.000,9999.000,9999.000,9999.000,9999.000
202602282312,  19.740,9999.000,9999.000,9999.000,9999.000,9999.000,9999.000,9999.000,9999.000
202602282318,  19.542,9999.000,9999.000,9999.000,9999.000,9999.000,9999.000,9999.000,9999.000
202602282324,  19.332,9999.000,9999.000,9999.000,9999.000,9999.000,9999.000,9999.000,9999.000
202602282330,  19.109,9999.000,9999.000,9999.000,9999.000,9999.000,9999.000,9999.000,9999.000
202602282336,  18.876,9999.000,9999.000,9999.000,9999.000,9999.000,9999.000,9999.000,9999.000
202602282342,  18.632,9999.000,9999.000,9999.000,9999.000,9999.000,9999.000,9999.000,9999.000
202602282348,  18.378,9999.000,9999.000,9999.000,9999.000,9999.000,9999.000,9999.000,9999.000
202602282354,  18.115,9999.000,9999.000,9999.000,9999.000,9999.000,9999.000,9999.000,9999.000
202603010000,  17.844,9999.000,  -2.800,   0.198,  15.242,  -3.200,  14.842,  -2.400,  15.642
202603010006,  17.565,9999.000,9999.000,9999.000,9999.000,9999.000,9999.000,9999.000,9999.000
202603010012,  17.278,9999.000,9999.000,9999.000,9999.000,9999.000,9999.000,9999.000,9999.000
202603010018,  16.986,9999.000,9999.000,9999.000,9999.000,9999.000,9999.000,9999.000,9999.000
202603010024,  16.687,9999.000,9999.000,9999.000,9999.000,9999.000,9999.000,9999.000,9999.000
202603010030,  16.384,9999.000,9999.000,9999.000,9999.000,9999.000,9999.000,9999.000,9999.000
202603010036,  16.076,9999.000,9999.000,9999.000,9999.000,9999.000,9999.000,9999.000,9999.000
202603010042,  15.765,9999.000,9999.000,9999.000,9999.000,9999.000,9999.000,9999.000,9999.000
202603010048,  15.451,9999.000,9999.000,9999.000,9999.000,9999.000,9999.000,9999.000,9999.000
202603010054,  15.135,9999.000,9999.000,9999.000,9999.000,9999.000,9999.000,9999.000,9999.000
202603010100,  14.818,9999.000,  -2.900,   0.198,  12.116,  -3.300,  11.716,  -2.500,  12.516
202603010106,  14.500,9999.000,9999.000,9999.000,9999.000,9999.000,9999.000,9999.000,9999.000
202603010112,  14.183,9999.000,9999.000,9999.000,9999.000,9999.000,9999.000,9999.000,9999.000
202603010118,  13.866,9999.000,9999.000,9999.000,9999.000,9999.000,9999.000,9999.000,9999.000
202603010124,  13.551,9999.000,9999.000,9999.000,9999.000,9999.000,9999.000,9999.000,9999.000
202603010130,  13.237,9999.000,9999.000,9999.000,9999.000,9999.000,9999.000,9999.000,9999.000
202603010136,  12.925,9999.000,9999.000,9999.000,9999.000,9999.000,9999.000,9999.000,9999.000
202603010142,  12.616,9999.000,9999.000,9999.000,9999.000,9999.000,9999.000,9999.000,9999.000
202603010148,  12.310,9999.000,9999.000,9999.000,9999.000,9999.000,9999.000,9999.000,9999.000
202603010154,  12.006,9999.000,9999.000,9999.000,9999.000,9999.000,9999.000,9999.000,9999.000
202603010200,  11.706,9999.000,  -3.000,   0.198,   8.904,  -3.400,   8.504,  -2.600,   9.304
202603010206,  11.409,9999.000,9999.000,9999.000,9999.000,9999.000,9999.000,9999.000,9999.000
202603010212,  11.114,9999.000,9999.000,9999.000,9999.000,9999.000,9999.000,9999.000,9999.000
202603010218,  10.823,9999.000,9999.000,9999.000,9999.000,9999.000,9999.000,9999.000,9999.000
202603010224,  10.534,9999.000,9999.000,9999.000,9999.000,9999.000,9999.000,9999.000,9999.000
202603010230,  10.249,9999.000,9999.000,9999.000,9999.000,9999.000,9999.000,9999.000,9999.000
202603010236,   9.966,9999.000,9999.000,9999.000,9999.000,9999.000,9999.000,9999.000,9999.000
202603010242,   9.686,9999.000,9999.000,9999.000,9999.000,9999.000,9999.000,9999.000,9999.000
202603010248,   9.409,9999.000,9999.000,9999.000,9999.000,9999.000,9999.000,9999.000,9999.000
202603010254,   9.135,9999.000,9999.000,9999.000,9999.000,9999.000,9999.000,9999.000,9999.000
202603010300,   8.864,9999.000,  -3.000,   0.198,   6.062,  -3.500,   5.562,  -2.700,   6.362
202603010306,   8.598,9999.000,9999.000,9999.000,9999.000,9999.000,9999.000,9999.000,9999.000
202603010312,   8.336,9999.000,9999.000,9999.000,9999.000,9999.000,9999.000,9999.000,9999.000
202603010318,   8.079,9999.000,9999.000,9999.000,9999.000,9999.000,9999.000,9999.000,9999.000
202603010324,   7.829,9999.000,9999.000,9999.000,9999.000,9999.000,9999.000,9999.000,9999.000
202603010330,   7.586,9999.000,9999.000,9999.000,9999.000,9999.000,9999.000,9999.000,9999.000
202603010336,   7.351,9999.000,9999.000,9999.000,9999.000,9999.000,9999.000,9999.000,9999.000
202603010342,   7.127,9999.000,9999.000,9999.000,9999.000,9999.000,9999.000,9999.000,9999.000
202603010348,   6.914,9999.000,9999.000,9999.000,9999.000,9999.000,9999.000,9999.000,9999.000
202603010354,   6.715,9999.000,9999.000,9999.000,9999.000,9999.000,9999.000,9999.000,9999.000
202603010400,   6.530,9999.000,  -3.100,   0.198,   3.628,  -3.600,   3.128,  -2.700,   4.028
202603010406,   6.362,9999.000,9999.000,9999.000,9999.000,9999.000,9999.000,9999.000,9999.000
202603010412,   6.213,9999.000,9999.000,9999.000,9999.000,9999.000,9999.000,9999.000,9999.000
202603010418,   6.084,9999.000,9999.000,9999.000,9999.000,9999.000,9999.000,9999.000,9999.000
202603010424,   5.976,9999.000,9999.000,9999.000,9999.000,9999.000,9999.000,9999.000,9999.000
202603010430,   5.892,9999.000,9999.000,9999.000,9999.000,9999.000,9999.000,9999.000,9999.000
202603010436,   5.832,9999.000,9999.000,9999.000,9999.000,9999.000,9999.000,9999.000,9999.000
202603010442,   5.798,9999.000,9999.000,9999.000,9999.000,9999.000,9999.000,9999.000,9999.000
202603010448,   5.791,9999.000,9999.000,9999.000,9999.000,9999.000,9999.000,9999.000,9999.000
202603010454,   5.811,9999.000,9999.000,9999.000,9999.000,9999.000,9999.000,9999.000,9999.000
202603010500,   5.859,9999.000,  -3.200,   0.198,   2.857,  -3.800,   2.257,  -2.700,   3.357
202603010506,   5.936,9999.000,9999.000,9999.000,9999.000,9999.000,9999.000,9999.000,9999.000
202603010512,   6.040,9999.000,9999.000,9999.000,9999.000,9999.000,9999.000,9999.000,9999.000
202603010518,   6.171,9999.000,9999.000,9999.000,9999.000,9999.000,9999.000,9999.000,9999.000
202603010524,   6.329,9999.000,9999.000,9999.000,9999.000,9999.000,9999.000,9999.000,9999.000
202603010530,   6.513,9999.000,9999.000,9999.000,9999.000,9999.000,9999.000,9999.000,9999.000
202603010536,   6.721,9999.000,9999.000,9999.000,9999.000,9999.000,9999.000,9999.000,9999.000
202603010542,   6.952,9999.000,9999.000,9999.000,9999.000,9999.000,9999.000,9999.000,9999.000
202603010548,   7.205,9999.000,9999.000,9999.000,9999.000,9999.000,9999.000,9999.000,9999.000
202603010554,   7.477,9999.000,9999.000,9999.000,9999.000,9999.000,9999.000,9999.000,9999.000
202603010600,   7.766,9999.000,  -3.200,   0.198,   4.764,  -3.900,   4.064,  -2.600,   5.364
202603010606,   8.070,9999.000,9999.000,9999.000,9999.000,9999.000,9999.000,9999.000,9999.000
202603010612,   8.387,9999.000,9999.000,9999.000,9999.000,9999.000,9999.000,9999.000,9999.000
202603010618,   8.716,9999.000,9999.000,9999.000,9999.000,9999.000,9999.000,9999.000,9999.000
202603010624,   9.053,9999.000,9999.000,9999.000,9999.000,9999.000,9999.000,9999.000,9999.000
202603010630,   9.396,9999.000,9999.000,9999.000,9999.000,9999.000,9999.000,9999.000,9999.000
202603010636,   9.745,9999.000,9999.000,9999.000,9999.000,9999.000,9999.000,9999.000,9999.000
202603010642,  10.096,9999.000,9999.000,9999.000,9999.000,9999.000,9999.000,9999.000,9999.000
202603010648,  10.449,9999.000,9999.000,9999.000,9999.000,9999.000,9999.000,9999.000,9999.000
202603010654,  10.800,9999.000,9999.000,9999.000,9999.000,9999.000,9999.000,9999.000,9999.000
202603010700,  11.150,9999.000,  -3.200,   0.198,   8.148,  -3.900,   7.448,  -2.600,   8.748
202603010706,  11.497,9999.000,9999.000,9999.000,9999.000,9999.000,9999.000,9999.000,9999.000
202603010712,  11.839,9999.000,9999.000,9999.000,9999.000,9999.000,9999.000,9999.000,9999.000
202603010718,  12.175,9999.000,9999.000,9999.000,9999.000,9999.000,9999.000,9999.000,9999.000
202603010724,  12.506,9999.000,9999.000,9999.000,9999.000,9999.000,9999.000,9999.000,9999.000
202603010730,  12.830,9999.000,9999.000,9999.000,9999.000,9999.000,9999.000,9999.000,9999.000
202603010736,  13.146,9999.000,9999.000,9999.000,9999.000,9999.000,9999.000,9999.000,9999.000
202603010742,  13.454,9999.000,9999.000,9999.000,9999.000,9999.000,9999.000,9999.000,9999.000
202603010748,  13.753,9999.000,9999.000,9999.000,9999.000,9999.000,9999.000,9999.000,9999.000
202603010754,  14.044,9999.000,9999.000,9999.000,9999.000,9999.000,9999.000,9999.000,9999.000
202603010800,  14.326,9999.000,  -3.200,   0.198,  11.324,  -4.000,  10.524,  -2.600,  11.924
202603010806,  14.597,9999.000,9999.000,9999.000,9999.000,9999.000,9999.000,9999.000,9999.000
202603010812,  14.859,9999.000,9999.000,9999.000,9999.000,9999.000,9999.000,9999.000,9999.000
202603010818,  15.109,9999.000,9999.000,9999.000,9999.000,9999.000,9999.000,9999.000,9999.000
202603010824,  15.349,9999.000,9999.000,9999.000,9999.000,9999.000,9999.000,9999.000,9999.000
202603010830,  15.577,9999.000,9999.000,9999.000,9999.000,9999.000,9999.000,9999.000,9999.000
202603010836,  15.793,9999.000,9999.000,9999.000,9999.000,9999.000,9999.000,9999.000,9999.000
202603010842,  15.995,9999.000,9999.000,9999.000,9999.000,9999.000,9999.000,9999.000,9999.000
202603010848,  16.183,9999.000,9999.000,9999.000,9999.000,9999.000,9999.000,9999.000,9999.000
202603010854,  16.357,9999.000,9999.000,9999.000,9999.000,9999.000,9999.000,9999.000,9999.000
202603010900,  16.516,9999.000,  -3.200,   0.198,  13.514,  -4.000,  12.714,  -2.600,  14.114
202603010906,  16.658,9999.000,9999.000,9999.000,9999.000,9999.000,9999.000,9999.000,9999.000
202603010912,  16.783,9999.000,9999.000,9999.000,9999.000,9999.000,9999.000,9999.000,9999.000
202603010918,  16.890,9999.000,9999.000,9999.000,9999.000,9999.000,9999.000,9999.000,9999.000
202603010924,  16.979,9999.000,9999.000,9999.000,9999.000,9999.000,9999.000,9999.000,9999.000
202603010930,  17.048,9999.000,9999.000,9999.000,9999.000,9999.000,9999.000,9999.000,9999.000
202603010936,  17.098,9999.000,9999.000,9999.000,9999.000,9999.000,9999.000,9999.000,9999.000
202603010942,  17.126,9999.000,9999.000,9999.000,9999.000,9999.000,9999.000,9999.000,9999.000
202603010948,  17.135,9999.000,9999.000,9999.000,9999.000,9999.000,9999.000,9999.000,9999.000
202603010954,  17.122,9999.000,9999.000,9999.000,9999.000,9999.000,9999.000,9999.000,9999.000
202603011000,  17.087,9999.000,  -3.300,   0.198,  13.985,  -4.100,  13.185,  -2.700,  14.585
202603011006,  17.032,9999.000,9999.000,9999.000,9999.000,9999.000,9999.000,9999.000,9999.000
202603011012,  16.956,9999.000,9999.000,9999.000,9999.000,9999.000,9999.000,9999.000,9999.000
202603011018,  16.858,9999.000,9999.000,9999.000,9999.000,9999.000,9999.000,9999.000,9999.000
202603011024,  16.741,9999.000,9999.000,9999.000,9999.000,9999.000,9999.000,9999.000,9999.000
202603011030,  16.603,9999.000,9999.000,9999.000,9999.000,9999.000,9999.000,9999.000,9999.000
202603011036,  16.447,9999.000,9999.000,9999.000,9999.000,9999.000,9999.000,9999.000,9999.000
202603011042,  16.272,9999.000,9999.000,9999.000,9999.000,9999.000,9999.000,9999.000,9999.000
202603011048,  16.079,9999.000,9999.000,9999.000,9999.000,9999.000,9999.000,9999.000,9999.000
202603011054,  15.869,9999.000,9999.000,9999.000,9999.000,9999.000,9999.000,9999.000,9999.000
202603011100,  15.643,9999.000,  -3.300,   0.198,  12.541,  -4.100,  11.741,  -2.800,  13.041
202603011106,  15.401,9999.000,9999.000,9999.000,9999.000,9999.000,9999.000,9999.000,9999.000
202603011112,  15.146,9999.000,9999.000,9999.000,9999.000,9999.000,9999.000,9999.000,9999.000
202603011118,  14.877,9999.000,9999.000,9999.000,9999.000,9999.000,9999.000,9999.000,9999.000
202603011124,  14.596,9999.000,9999.000,9999.000,9999.000,9999.000,9999.000,9999.000,9999.000
202603011130,  14.303,9999.000,9999.000,9999.000,9999.000,9999.000,9999.000,9999.000,9999.000
202603011136,  13.999,9999.000,9999.000,9999.000,9999.000,9999.000,9999.000,9999.000,9999.000
202603011142,  13.686,9999.000,9999.000,9999.000,9999.000,9999.000,9999.000,9999.000,9999.000
202603011148,  13.363,9999.000,9999.000,9999.000,9999.000,9999.000,9999.000,9999.000,9999.000
202603011154,  13.032,9999.000,9999.000,9999.000,9999.000,9999.000,9999.000,9999.000,9999.000
202603011200,  12.694,9999.000,  -3.400,   0.198,   9.492,  -4.200,   8.692,  -2.800,  10.092
202603011206,  12.348,9999.000,9999.000,9999.000,9999.000,9999.000,9999.000,9999.000,9999.000
202603011212,  11.996,9999.000,9999.000,9999.000,9999.000,9999.000,9999.000,9999.000,9999.000
202603011218,  11.639,9999.000,9999.000,9999.000,9999.000,9999.000,9999.000,9999.000,9999.000
202603011224,  11.276,9999.000,9999.000,9999.000,9999.000,9999.000,9999.000,9999.000,9999.000
202603011230,  10.910,9999.000,9999.000,9999.000,9999.000,9999.000,9999.000,9999.000,9999.000
202603011236,  10.540,9999.000,9999.000,9999.000,9999.000,9999.000,9999.000,9999.000,9999.000
202603011242,  10.168,9999.000,9999.000,9999.000,9999.000,9999.000,9999.000,9999.000,9999.000
202603011248,   9.793,9999.000,9999.000,9999.000,9999.000,9999.000,9999.000,9999.000,9999.000
202603011254,   9.418,9999.000,9999.000,9999.000,9999.000,9999.000,9999.000,9999.000,9999.000
202603011300,   9.042,9999.000,  -3.500,   0.198,   5.740,  -4.400,   4.840,  -2.900,   6.340
202603011306,   8.666,9999.000,9999.000,9999.000,9999.000,9999.000,9999.000,9999.000,9999.000
202603011312,   8.292,9999.000,9999.000,9999.000,9999.000,9999.000,9999.000,9999.000,9999.000
202603011318,   7.920,9999.000,9999.000,9999.000,9999.000,9999.000,9999.000,9999.000,9999.000
202603011324,   7.550,9999.000,9999.000,9999.000,9999.000,9999.000,9999.000,9999.000,9999.000
202603011330,   7.185,9999.000,9999.000,9999.000,9999.000,9999.000,9999.000,9999.000,9999.000
202603011336,   6.823,9999.000,9999.000,9999.000,9999.000,9999.000,9999.000,9999.000,9999.000
202603011342,   6.466,9999.000,9999.000,9999.000,9999.000,9999.000,9999.000,9999.000,9999.000
202603011348,   6.115,9999.000,9999.000,9999.000,9999.000,9999.000,9999.000,9999.000,9999.000
202603011354,   5.771,9999.000,9999.000,9999.000,9999.000,9999.000,9999.000,9999.000,9999.000
202603011400,   5.432,9999.000,  -3.700,   0.198,   1.930,  -4.500,   1.130,  -3.100,   2.530
202603011406,   5.101,9999.000,9999.000,9999.000,9999.000,9999.000,9999.000,9999.000,9999.000
202603011412,   4.776,9999.000,9999.000,9999.000,9999.000,9999.000,9999.000,9999.000,9999.000
202603011418,   4.460,9999.000,9999.000,9999.000,9999.000,9999.000,9999.000,9999.000,9999.000
202603011424,   4.150,9999.000,9999.000,9999.000,9999.000,9999.000,9999.000,9999.000,9999.000
202603011430,   3.848,9999.000,9999.000,9999.000,9999.000,9999.000,9999.000,9999.000,9999.000
202603011436,   3.554,9999.000,9999.000,9999.000,9999.000,9999.000,9999.000,9999.000,9999.000
202603011442,   3.267,9999.000,9999.000,9999.000,9999.000,9999.000,9999.000,9999.000,9999.000
202603011448,   2.988,9999.000,9999.000,9999.000,9999.000,9999.000,9999.000,9999.000,9999.000
202603011454,   2.716,9999.000,9999.000,9999.000,9999.000,9999.000,9999.000,9999.000,9999.000
202603011500,   2.452,9999.000,  -3.800,   0.198,  -1.150,  -4.700,  -2.050,  -3.200,  -0.550
202603011506,   2.195,9999.000,9999.000,9999.000,9999.000,9999.000,9999.000,9999.000,9999.000
202603011512,   1.945,9999.000,9999.000,9999.000,9999.000,9999.000,9999.000,9999.000,9999.000
202603011518,   1.702,9999.000,9999.000,9999.000,9999.000,9999.000,9999.000,9999.000,9999.000
202603011524,   1.468,9999.000,9999.000,9999.000,9999.000,9999.000,9999.000,9999.000,9999.000
202603011530,   1.241,9999.000,9999.000,9999.000,9999.000,9999.000,9999.000,9999.000,9999.000
202603011536,   1.024,9999.000,9999.000,9999.000,9999.000,9999.000,9999.000,9999.000,9999.000
202603011542,   0.816,9999.000,9999.000,9999.000,9999.000,9999.000,9999.000,9999.000,9999.000
202603011548,   0.618,9999.000,9999.000,9999.000,9999.000,9999.000,9999.000,9999.000,9999.000
202603011554,   0.432,9999.000,9999.000,9999.000,9999.000,9999.000,9999.000,9999.000,9999.000
202603011600,   0.259,9999.000,  -3.900,   0.198,  -3.443,  -4.800,  -4.343,  -3.300,  -2.843
202603011606,   0.099,9999.000,9999.000,9999.000,9999.000,9999.000,9999.000,9999.000,9999.000
202603011612,  -0.044,9999.000,9999.000,9999.000,9999.000,9999.000,9999.000,9999.000,9999.000
202603011618,  -0.171,9999.000,9999.000,9999.000,9999.000,9999.000,9999.000,9999.000,9999.000
202603011624,  -0.279,9999.000,9999.000,9999.000,9999.000,9999.000,9999.000,9999.000,9999.000
202603011630,  -0.367,9999.000,9999.000,9999.000,9999.000,9999.000,9999.000,9999.000,9999.000
202603011636,  -0.433,9999.000,9999.000,9999.000,9999.000,9999.000,9999.000,9999.000,9999.000
202603011642,  -0.475,9999.000,9999.000,9999.000,9999.000,9999.000,9999.000,9999.000,9999.000
202603011648,  -0.491,9999.000,9999.000,9999.000,9999.000,9999.000,9999.000,9999.000,9999.000
202603011654,  -0.481,9999.000,9999.000,9999.000,9999.000,9999.000,9999.000,9999.000,9999.000
202603011700,  -0.442,9999.000,  -4.000,   0.198,  -4.244,  -5.000,  -5.244,  -3.400,  -3.644
202603011706,  -0.373,9999.000,9999.000,9999.000,9999.000,9999.000,9999.000,9999.000,9999.000
202603011712,  -0.274,9999.000,9999.000,9999.000,9999.000,9999.000,9999.000,9999.000,9999.000
202603011718,  -0.144,9999.000,9999.000,9999.000,9999.000,9999.000,9999.000,9999.000,9999.000
202603011724,   0.017,9999.000,9999.000,9999.000,9999.000,9999.000,9999.000,9999.000,9999.000
202603011730,   0.210,9999.000,9999.000,9999.000,9999.000,9999.000,9999.000,9999.000,9999.000
202603011736,   0.436,9999.000,9999.000,9999.000,9999.000,9999.000,9999.000,9999.000,9999.000
202603011742,   0.693,9999.000,9999.000,9999.000,9999.000,9999.000,9999.000,9999.000,9999.000
202603011748,   0.980,9999.000,9999.000,9999.000,9999.000,9999.000,9999.000,9999.000,9999.000
202603011754,   1.297,9999.000,9999.000,9999.000,9999.000,9999.000,9999.000,9999.000,9999.000
202603011800,   1.642,9999.000,  -4.100,   0.198,  -2.260,  -4.900,  -3.060,  -3.500,  -1.660
202603011806,   2.014,9999.000,9999.000,9999.000,9999.000,9999.000,9999.000,9999.000,9999.000
202603011812,   2.411,9999.000,9999.000,9999.000,9999.000,9999.000,9999.000,9999.000,9999.000
202603011818,   2.831,9999.000,9999.000,9999.000,9999.000,9999.000,9999.000,9999.000,9999.000
202603011824,   3.272,9999.000,9999.000,9999.000,9999.000,9999.000,9999.000,9999.000,9999.000
202603011830,   3.732,9999.000,9999.000,9999.000,9999.000,9999.000,9999.000,9999.000,9999.000
202603011836,   4.209,9999.000,9999.000,9999.000,9999.000,9999.000,9999.000,9999.000,9999.000
202603011842,   4.701,9999.000,9999.000,9999.000,9999.000,9999.000,9999.000,9999.000,9999.000
202603011848,   5.204,9999.000,9999.000,9999.000,9999.000,9999.000,9999.000,9999.000,9999.000
202603011854,   5.717,9999.000,9999.000,9999.000,9999.000,9999.000,9999.000,9999.000,9999.000
202603011900,   6.239,9999.000,  -4.100,   0.198,   2.337,  -4.900,   1.537,  -3.500,   2.937
202603011906,   6.766,9999.000,9999.000,9999.000,9999.000,9999.000,9999.000,9999.000,9999.000
202603011912,   7.297,9999.000,9999.000,9999.000,9999.000,9999.000,9999.000,9999.000,9999.000
202603011918,   7.830,9999.000,9999.000,9999.000,9999.000,9999.000,9999.000,9999.000,9999.000
202603011924,   8.363,9999.000,9999.000,9999.000,9999.000,9999.000,9999.000,9999.000,9999.000
202603011930,   8.896,9999.000,9999.000,9999.000,9999.000,9999.000,9999.000,9999.000,9999.000
202603011936,   9.427,9999.000,9999.000,9999.000,9999.000,9999.000,9999.000,9999.000,9999.000
202603011942,   9.954,9999.000,9999.000,9999.000,9999.000,9999.000,9999.000,9999.000,9999.000
202603011948,  10.476,9999.000,9999.000,9999.000,9999.000,9999.000,9999.000,9999.000,9999.000
202603011954,  10.994,9999.000,9999.000,9999.000,9999.000,9999.000,9999.000,9999.000,9999.000
202603012000,  11.506,9999.000,  -4.000,   0.198,   7.704,  -4.800,   6.904,  -3.300,   8.404
202603012006,  12.011,9999.000,9999.000,9999.000,9999.000,9999.000,9999.000,9999.000,9999.000
202603012012,  12.508,9999.000,9999.000,9999.000,9999.000,9999.000,9999.000,9999.000,9999.000
202603012018,  12.998,9999.000,9999.000,9999.000,9999.000,9999.000,9999.000,9999.000,9999.000
202603012024,  13.480,9999.000,9999.000,9999.000,9999.000,9999.000,9999.000,9999.000,9999.000
202603012030,  13.952,9999.000,9999.000,9999.000,9999.000,9999.000,9999.000,9999.000,9999.000
202603012036,  14.415,9999.000,9999.000,9999.000,9999.000,9999.000,9999.000,9999.000,9999.000
202603012042,  14.868,9999.000,9999.000,9999.000,9999.000,9999.000,9999.000,9999.000,9999.000
202603012048,  15.310,9999.000,9999.000,9999.000,9999.000,9999.000,9999.000,9999.000,9999.000
202603012054,  15.741,9999.000,9999.000,9999.000,9999.000,9999.000,9999.000,9999.000,9999.000
202603012100,  16.159,9999.000,  -3.900,   0.198,  12.457,  -4.700,  11.657,  -3.300,  13.057
202603012106,  16.564,9999.000,9999.000,9999.000,9999.000,9999.000,9999.000,9999.000,9999.000
202603012112,  16.956,9999.000,9999.000,9999.000,9999.000,9999.000,9999.000,9999.000,9999.000
202603012118,  17.332,9999.000,9999.000,9999.000,9999.000,9999.000,9999.000,9999.000,9999.000
202603012124,  17.693,9999.000,9999.000,9999.000,9999.000,9999.000,9999.000,9999.000,9999.000
202603012130,  18.037,9999.000,9999.000,9999.000,9999.000,9999.000,9999.000,9999.000,9999.000
202603012136,  18.363,9999.000,9999.000,9999.000,9999.000,9999.000,9999.000,9999.000,9999.000
202603012142,  18.671,9999.000,9999.000,9999.000,9999.000,9999.000,9999.000,9999.000,9999.000
202603012148,  18.959,9999.000,9999.000,9999.000,9999.000,9999.000,9999.000,9999.000,9999.000
202603012154,  19.227,9999.000,9999.000,9999.000,9999.000,9999.000,9999.000,9999.000,9999.000
202603012200,  19.473,9999.000,  -3.800,   0.198,  15.871,  -4.500,  15.171,  -3.000,  16.671
202603012206,  19.698,9999.000,9999.000,9999.000,9999.000,9999.000,9999.000,9999.000,9999.000
202603012212,  19.900,9999.000,9999.000,9999.000,9999.000,9999.000,9999.000,9999.000,9999.000
202603012218,  20.080,9999.000,9999.000,9999.000,9999.000,9999.000,9999.000,9999.000,9999.000
202603012224,  20.236,9999.000,9999.000,9999.000,9999.000,9999.000,9999.000,9999.000,9999.000
202603012230,  20.369,9999.000,9999.000,9999.000,9999.000,9999.000,9999.000,9999.000,9999.000
202603012236,  20.479,9999.000,9999.000,9999.000,9999.000,9999.000,9999.000,9999.000,9999.000
202603012242,  20.566,9999.000,9999.000,9999.000,9999.000,9999.000,9999.000,9999.000,9999.000
202603012248,  20.630,9999.000,9999.000,9999.000,9999.000,9999.000,9999.000,9999.000,9999.000
202603012254,  20.671,9999.000,9999.000,9999.000,9999.000,9999.000,9999.000,9999.000,9999.000
202603012300,  20.690,9999.000,  -3.600,   0.198,  17.288,  -4.300,  16.588,  -2.900,  17.988
202603012306,  20.687,9999.000,9999.000,9999.000,9999.000,9999.000,9999.000,9999.000,9999.000
202603012312,  20.663,9999.000,9999.000,9999.000,9999.000,9999.000,9999.000,9999.000,9999.000
202603012318,  20.619,9999.000,9999.000,9999.000,9999.000,9999.000,9999.000,9999.000,9999.000
202603012324,  20.555,9999.000,9999.000,9999.000,9999.000,9999.000,9999.000,9999.000,9999.000
202603012330,  20.472,9999.000,9999.000,9999.000,9999.000,9999.000,9999.000,9999.000,9999.000
202603012336,  20.372,9999.000,9999.000,9999.000,9999.000,9999.000,9999.000,9999.000,9999.000
202603012342,  20.254,9999.000,9999.000,9999.000,9999.000,9999.000,9999.000,9999.000,9999.000
202603012348,  20.119,9999.000,9999.000,9999.000,9999.000,9999.000,9999.000,9999.000,9999.000
202603012354,  19.968,9999.000,9999.000,9999.000,9999.000,9999.000,9999.000,9999.000,9999.000
202603020000,  19.803,9999.000,  -3.500,   0.198,  16.501,  -4.200,  15.801,  -2.800,  17.201
202603020006,  19.623,9999.000,9999.000,9999.000,9999.000,9999.000,9999.000,9999.000,9999.000
202603020012,  19.429,9999.000,9999.000,9999.000,9999.000,9999.000,9999.000,9999.000,9999.000
202603020018,  19.222,9999.000,9999.000,9999.000,9999.000,9999.000,9999.000,9999.000,9999.000
202603020024,  19.003,9999.000,9999.000,9999.000,9999.000,9999.000,9999.000,9999.000,9999.000
202603020030,  18.772,9999.000,9999.000,9999.000,9999.000,9999.000,9999.000,9999.000,9999.000
202603020036,  18.531,9999.000,9999.000,9999.000,9999.000,9999.000,9999.000,9999.000,9999.000
202603020042,  18.278,9999.000,9999.000,9999.000,9999.000,9999.000,9999.000,9999.000,9999.000
202603020048,  18.016,9999.000,9999.000,9999.000,9999.000,9999.000,9999.000,9999.000,9999.000
202603020054,  17.744,9999.000,9999.000,9999.000,9999.000,9999.000,9999.000,9999.000,9999.000
202603020100,  17.464,9999.000,  -3.300,   0.198,  14.362,  -4.000,  13.662,  -2.700,  14.962
202603020106,  17.176,9999.000,9999.000,9999.000,9999.000,9999.000,9999.000,9999.000,9999.000
202603020112,  16.880,9999.000,9999.000,9999.000,9999.000,9999.000,9999.000,9999.000,9999.000
202603020118,  16.579,9999.000,9999.000,9999.000,9999.000,9999.000,9999.000,9999.000,9999.000
202603020124,  16.271,9999.000,9999.000,9999.000,9999.000,9999.000,9999.000,9999.000,9999.000
202603020130,  15.959,9999.000,9999.000,9999.000,9999.000,9999.000,9999.000,9999.000,9999.000
202603020136,  15.642,9999.000,9999.000,9999.000,9999.000,9999.000,9999.000,9999.000,9999.000
202603020142,  15.322,9999.000,9999.000,9999.000,9999.000,9999.000,9999.000,9999.000,9999.000
202603020148,  14.999,9999.000,9999.000,9999.000,9999.000,9999.000,9999.000,9999.000,9999.000
202603020154,  14.675,9999.000,9999.000,9999.000,9999.000,9999.000,9999.000,9999.000,9999.000
202603020200,  14.349,9999.000,  -3.300,   0.198,  11.247,  -3.800,  10.747,  -2.700,  11.847
202603020206,  14.023,9999.000,9999.000,9999.000,9999.000,9999.000,9999.000,9999.000,9999.000
202603020212,  13.697,9999.000,9999.000,9999.000,9999.000,9999.000,9999.000,9999.000,9999.000
202603020218,  13.372,9999.000,9999.000,9999.000,9999.000,9999.000,9999.000,9999.000,9999.000
202603020224,  13.047,9999.000,9999.000,9999.000,9999.000,9999.000,9999.000,9999.000,9999.000
202603020230,  12.724,9999.000,9999.000,9999.000,9999.000,9999.000,9999.000,9999.000,9999.000
202603020236,  12.403,9999.000,9999.000,9999.000,9999.000,9999.000,9999.000,9999.000,9999.000
202603020242,  12.085,9999.000,9999.000,9999.000,9999.000,9999.000,9999.000,9999.000,9999.000
202603020248,  11.768,9999.000,9999.000,9999.000,9999.000,9999.000,9999.000,9999.000,9999.000
202603020254,  11.453,9999.000,9999.000,9999.000,9999.000,9999.000,9999.000,9999.000,9999.000
202603020300,  11.141,9999.000,  -3.200,   0.198,   8.139,  -3.800,   7.539,  -2.600,   8.739
202603020306,  10.831,9999.000,9999.000,9999.000,9999.000,9999.000,9999.000,9999.000,9999.000
202603020312,  10.523,9999.000,9999.000,9999.000,9999.000,9999.000,9999.000,9999.000,9999.000
202603020318,  10.217,9999.000,9999.000,9999.000,9999.000,9999.000,9999.000,9999.000,9999.000
202603020324,   9.913,9999.000,9999.000,9999.000,9999.000,9999.000,9999.000,9999.000,9999.000
202603020330,   9.612,9999.000,9999.000,9999.000,9999.000,9999.000,9999.000,9999.000,9999.000
202603020336,   9.312,9999.000,9999.000,9999.000,9999.000,9999.000,9999.000,9999.000,9999.000
202603020342,   9.015,9999.000,9999.000,9999.000,9999.000,9999.000,9999.000,9999.000,9999.000
202603020348,   8.721,9999.000,9999.000,9999.000,9999.000,9999.000,9999.000,9999.000,9999.000
202603020354,   8.430,9999.000,9999.000,9999.000,9999.000,9999.000,9999.000,9999.000,9999.000
202603020400,   8.142,9999.000,  -3.100,   0.198,   5.240,  -3.800,   4.540,  -2.500,   5.840
202603020406,   7.859,9999.000,9999.000,9999.000,9999.000,9999.000,9999.000,9999.000,9999.000
202603020412,   7.581,9999.000,9999.000,9999.000,9999.000,9999.000,9999.000,9999.000,9999.000
202603020418,   7.310,9999.000,9999.000,9999.000,9999.000,9999.000,9999.000,9999.000,9999.000
202603020424,   7.046,9999.000,9999.000,9999.000,9999.000,9999.000,9999.000,9999.000,9999.000
202603020430,   6.791,9999.000,9999.000,9999.000,9999.000,9999.000,9999.000,9999.000,9999.000
202603020436,   6.547,9999.000,9999.000,9999.000,9999.000,9999.000,9999.000,9999.000,9999.000
202603020442,   6.316,9999.000,9999.000,9999.000,9999.000,9999.000,9999.000,9999.000,9999.000
202603020448,   6.098,9999.000,9999.000,9999.000,9999.000,9999.000,9999.000,9999.000,9999.000
202603020454,   5.896,9999.000,9999.000,9999.000,9999.000,9999.000,9999.000,9999.000,9999.000
202603020500,   5.713,9999.000,  -3.000,   0.198,   2.911,  -3.800,   2.111,  -2.400,   3.511
202603020506,   5.548,9999.000,9999.000,9999.000,9999.000,9999.000,9999.000,9999.000,9999.000
202603020512,   5.405,9999.000,9999.000,9999.000,9999.000,9999.000,9999.000,9999.000,9999.000
202603020518,   5.285,9999.000,9999.000,9999.000,9999.000,9999.000,9999.000,9999.000,9999.000
202603020524,   5.190,9999.000,9999.000,9999.000,9999.000,9999.000,9999.000,9999.000,9999.000
202603020530,   5.120,9999.000,9999.000,9999.000,9999.000,9999.000,9999.000,9999.000,9999.000
202603020536,   5.077,9999.000,9999.000,9999.000,9999.000,9999.000,9999.000,9999.000,9999.000
202603020542,   5.063,9999.000,9999.000,9999.000,9999.000,9999.000,9999.000,9999.000,9999.000
202603020548,   5.077,9999.000,9999.000,9999.000,9999.000,9999.000,9999.000,9999.000,9999.000
202603020554,   5.120,9999.000,9999.000,9999.000,9999.000,9999.000,9999.000,9999.000,9999.000
202603020600,   5.192,9999.000,  -2.900,   0.198,   2.490,  -3.700,   1.690,  -2.300,   3.090
202603020606,   5.293,9999.000,9999.000,9999.000,9999.000,9999.000,9999.000,9999.000,9999.000
202603020612,   5.422,9999.000,9999.000,9999.000,9999.000,9999.000,9999.000,9999.000,9999.000
202603020618,   5.579,9999.000,9999.000,9999.000,9999.000,9999.000,9999.000,9999.000,9999.000
202603020624,   5.762,9999.000,9999.000,9999.000,9999.000,9999.000,9999.000,9999.000,9999.000
202603020630,   5.970,9999.000,9999.000,9999.000,9999.000,9999.000,9999.000,9999.000,9999.000
202603020636,   6.202,9999.000,9999.000,9999.000,9999.000,9999.000,9999.000,9999.000,9999.000
202603020642,   6.455,9999.000,9999.000,9999.000,9999.000,9999.000,9999.000,9999.000,9999.000
202603020648,   6.729,9999.000,9999.000,9999.000,9999.000,9999.000,9999.000,9999.000,9999.000
202603020654,   7.020,9999.000,9999.000,9999.000,9999.000,9999.000,9999.000,9999.000,9999.000
202603020700,   7.327,9999.000,  -2.800,   0.198,   4.725,  -3.600,   3.925,  -2.200,   5.325
202603020706,   7.647,9999.000,9999.000,9999.000,9999.000,9999.000,9999.000,9999.000,9999.000
202603020712,   7.979,9999.000,9999.000,9999.000,9999.000,9999.000,9999.000,9999.000,9999.000
202603020718,   8.320,9999.000,9999.000,9999.000,9999.000,9999.000,9999.000,9999.000,9999.000
202603020724,   8.669,9999.000,9999.000,9999.000,9999.000,9999.000,9999.000,9999.000,9999.000
202603020730,   9.022,9999.000,9999.000,9999.000,9999.000,9999.000,9999.000,9999.000,9999.000
202603020736,   9.380,9999.000,9999.000,9999.000,9999.000,9999.000,9999.000,9999.000,9999.000
202603020742,   9.739,9999.000,9999.000,9999.000,9999.000,9999.000,9999.000,9999.000,9999.000
202603020748,  10.098,9999.000,9999.000,9999.000,9999.000,9999.000,9999.000,9999.000,9999.000
202603020754,  10.456,9999.000,9999.000,9999.000,9999.000,9999.000,9999.000,9999.000,9999.000
202603020800,  10.812,9999.000,  -2.700,   0.198,   8.310,  -3.300,   7.710,  -2.100,   8.910
202603020806,  11.165,9999.000,9999.000,9999.000,9999.000,9999.000,9999.000,9999.000,9999.000
202603020812,  11.513,9999.000,9999.000,9999.000,9999.000,9999.000,9999.000,9999.000,9999.000
202603020818,  11.857,9999.000,9999.000,9999.000,9999.000,9999.000,9999.000,9999.000,9999.000
202603020824,  12.194,9999.000,9999.000,9999.000,9999.000,9999.000,9999.000,9999.000,9999.000
202603020830,  12.525,9999.000,9999.000,9999.000,9999.000,9999.000,9999.000,9999.000,9999.000
202603020836,  12.850,9999.000,9999.000,9999.000,9999.000,9999.000,9999.000,9999.000,9999.000
202603020842,  13.167,9999.000,9999.000,9999.000,9999.000,9999.000,9999.000,9999.000,9999.000
202603020848,  13.476,9999.000,9999.000,9999.000,9999.000,9999.000,9999.000,9999.000,9999.000
202603020854,  13.777,9999.000,9999.000,9999.000,9999.000,9999.000,9999.000,9999.000,9999.000
202603020900,  14.070,9999.000,  -2.600,   0.198,  11.668,  -3.300,  10.968,  -2.000,  12.268
202603020906,  14.353,9999.000,9999.000,9999.000,9999.000,9999.000,9999.000,9999.000,9999.000
202603020912,  14.627,9999.000,9999.000,9999.000,9999.000,9999.000,9999.000,9999.000,9999.000
202603020918,  14.891,9999.000,9999.000,9999.000,9999.000,9999.000,9999.000,9999.000,9999.000
202603020924,  15.143,9999.000,9999.000,9999.000,9999.000,9999.000,9999.000,9999.000,9999.000
202603020930,  15.385,9999.000,9999.000,9999.000,9999.000,9999.000,9999.000,9999.000,9999.000
202603020936,  15.613,9999.000,9999.000,9999.000,9999.000,9999.000,9999.000,9999.000,9999.000
202603020942,  15.829,9999.000,9999.000,9999.000,9999.000,9999.000,9999.000,9999.000,9999.000
202603020948,  16.031,9999.000,9999.000,9999.000,9999.000,9999.000,9999.000,9999.000,9999.000
202603020954,  16.217,9999.000,9999.000,9999.000,9999.000,9999.000,9999.000,9999.000,9999.000
202603021000,  16.389,9999.000,  -2.500,   0.198,  14.087,  -3.200,  13.387,  -1.900,  14.687
202603021006,  16.543,9999.000,9999.000,9999.000,9999.000,9999.000,9999.000,9999.000,9999.000
202603021012,  16.680,9999.000,9999.000,9999.000,9999.000,9999.000,9999.000,9999.000,9999.000
202603021018,  16.799,9999.000,9999.000,9999.000,9999.000,9999.000,9999.000,9999.000,9999.000
202603021024,  16.899,9999.000,9999.000,9999.000,9999.000,9999.000,9999.000,9999.000,9999.000
202603021030,  16.980,9999.000,9999.000,9999.000,9999.000,9999.000,9999.000,9999.000,9999.000
202603021036,  17.041,9999.000,9999.000,9999.000,9999.000,9999.000,9999.000,9999.000,9999.000
202603021042,  17.081,9999.000,9999.000,9999.000,9999.000,9999.000,9999.000,9999.000,9999.000
202603021048,  17.101,9999.000,9999.000,9999.000,9999.000,9999.000,9999.000,9999.000,9999.000
202603021054,  17.100,9999.000,9999.000,9999.000,9999.000,9999.000,9999.000,9999.000,9999.000
202603021100,  17.078,9999.000,  -2.400,   0.198,  14.876,  -3.100,  14.176,  -1.900,  15.376
202603021106,  17.036,9999.000,9999.000,9999.000,9999.000,9999.000,9999.000,9999.000,9999.000
202603021112,  16.973,9999.000,9999.000,9999.000,9999.000,9999.000,9999.000,9999.000,9999.000
202603021118,  16.890,9999.000,9999.000,9999.000,9999.000,9999.000,9999.000,9999.000,9999.000
202603021124,  16.787,9999.000,9999.000,9999.000,9999.000,9999.000,9999.000,9999.000,9999.000
202603021130,  16.666,9999.000,9999.000,9999.000,9999.000,9999.000,9999.000,9999.000,9999.000
202603021136,  16.526,9999.000,9999.000,9999.000,9999.000,9999.000,9999.000,9999.000,9999.000
202603021142,  16.368,9999.000,9999.000,9999.000,9999.000,9999.000,9999.000,9999.000,9999.000
202603021148,  16.193,9999.000,9999.000,9999.000,9999.000,9999.000,9999.000,9999.000,9999.000
202603021154,  16.002,9999.000,9999.000,9999.000,9999.000,9999.000,9999.000,9999.000,9999.000
202603021200,  15.796,9999.000,  -2.400,   0.198,  13.594,  -3.100,  12.894,  -1.700,  14.294
202603021206,  15.575,9999.000,9999.000,9999.000,9999.000,9999.000,9999.000,9999.000,9999.000
202603021212,  15.341,9999.000,9999.000,9999.000,9999.000,9999.000,9999.000,9999.000,9999.000
202603021218,  15.093,9999.000,9999.000,9999.000,9999.000,9999.000,9999.000,9999.000,9999.000
202603021224,  14.833,9999.000,9999.000,9999.000,9999.000,9999.000,9999.000,9999.000,9999.000
202603021230,  14.562,9999.000,9999.000,9999.000,9999.000,9999.000,9999.000,9999.000,9999.000
202603021236,  14.280,9999.000,9999.000,9999.000,9999.000,9999.000,9999.000,9999.000,9999.000
202603021242,  13.988,9999.000,9999.000,9999.000,9999.000,9999.000,9999.000,9999.000,9999.000
202603021248,  13.687,9999.000,9999.000,9999.000,9999.000,9999.000,9999.000,9999.000,9999.000
202603021254,  13.377,9999.000,9999.000,9999.000,9999.000,9999.000,9999.000,9999.000,9999.000
202603021300,  13.060,9999.000,  -2.400,   0.198,  10.858,  -2.900,  10.358,  -1.800,  11.458
202603021306,  12.735,9999.000,9999.000,9999.000,9999.000,9999.000,9999.000,9999.000,9999.000
202603021312,  12.403,9999.000,9999.000,9999.000,9999.000,9999.000,9999.000,9999.000,9999.000
202603021318,  12.065,9999.000,9999.000,9999.000,9999.000,9999.000,9999.000,9999.000,9999.000
202603021324,  11.722,9999.000,9999.000,9999.000,9999.000,9999.000,9999.000,9999.000,9999.000
202603021330,  11.375,9999.000,9999.000,9999.000,9999.000,9999.000,9999.000,9999.000,9999.000
202603021336,  11.023,9999.000,9999.000,9999.000,9999.000,9999.000,9999.000,9999.000,9999.000
202603021342,  10.669,9999.000,9999.000,9999.000,9999.000,9999.000,9999.000,9999.000,9999.000
202603021348,  10.312,9999.000,9999.000,9999.000,9999.000,9999.000,9999.000,9999.000,9999.000
202603021354,   9.954,9999.000,9999.000,9999.000,9999.000,9999.000,9999.000,9999.000,9999.000
202603021400,   9.595,9999.000,  -2.400,   0.198,   7.393,  -2.900,   6.893,  -1.700,   8.093
202603021406,   9.237,9999.000,9999.000,9999.000,9999.000,9999.000,9999.000,9999.000,9999.000
202603021412,   8.879,9999.000,9999.000,9999.000,9999.000,9999.000,9999.000,9999.000,9999.000
202603021418,   8.523,9999.000,9999.000,9999.000,9999.000,9999.000,9999.000,9999.000,9999.000
202603021424,   8.169,9999.000,9999.000,9999.000,9999.000,9999.000,9999.000,9999.000,9999.000
202603021430,   7.819,9999.000,9999.000,9999.000,9999.000,9999.000,9999.000,9999.000,9999.000
202603021436,   7.472,9999.000,9999.000,9999.000,9999.000,9999.000,9999.000,9999.000,9999.000
202603021442,   7.130,9999.000,9999.000,9999.000,9999.000,9999.000,9999.000,9999.000,9999.000
202603021448,   6.792,9999.000,9999.000,9999.000,9999.000,9999.000,9999.000,9999.000,9999.000
202603021454,   6.459,9999.000,9999.000,9999.000,9999.000,9999.000,9999.000,9999.000,9999.000
202603021500,   6.132,9999.000,  -2.400,   0.198,   3.930,  -2.900,   3.430,  -1.700,   4.630
202603021506,   5.811,9999.000,9999.000,9999.000,9999.000,9999.000,9999.000,9999.000,9999.000
202603021512,   5.495,9999.000,9999.000,9999.000,9999.000,9999.000,9999.000,9999.000,9999.000
202603021518,   5.186,9999.000,9999.000,9999.000,9999.000,9999.000,9999.000,9999.000,9999.000
202603021524,   4.882,9999.000,9999.000,9999.000,9999.000,9999.000,9999.000,9999.000,9999.000
202603021530,   4.584,9999.000,9999.000,9999.000,9999.000,9999.000,9999.000,9999.000,9999.000
202603021536,   4.292,9999.000,9999.000,9999.000,9999.000,9999.000,9999.000,9999.000,9999.000
202603021542,   4.005,9999.000,9999.000,9999.000,9999.000,9999.000,9999.000,9999.000,9999.000
202603021548,   3.725,9999.000,9999.000,9999.000,9999.000,9999.000,9999.000,9999.000,9999.000
202603021554,   3.449,9999.000,9999.000,9999.000,9999.000,9999.000,9999.000,9999.000,9999.000
202603021600,   3.180,9999.000,  -2.400,   0.198,   0.978,  -3.000,   0.378,  -1.900,   1.478
202603021606,   2.916,9999.000,9999.000,9999.000,9999.000,9999.000,9999.000,9999.000,9999.000
202603021612,   2.659,9999.000,9999.000,9999.000,9999.000,9999.000,9999.000,9999.000,9999.000
202603021618,   2.408,9999.000,9999.000,9999.000,9999.000,9999.000,9999.000,9999.000,9999.000
202603021624,   2.164,9999.000,9999.000,9999.000,9999.000,9999.000,9999.000,9999.000,9999.000
202603021630,   1.927,9999.000,9999.000,9999.000,9999.000,9999.000,9999.000,9999.000,9999.000
202603021636,   1.699,9999.000,9999.000,9999.000,9999.000,9999.000,9999.000,9999.000,9999.000
202603021642,   1.481,9999.000,9999.000,9999.000,9999.000,9999.000,9999.000,9999.000,9999.000
202603021648,   1.273,9999.000,9999.000,9999.000,9999.000,9999.000,9999.000,9999.000,9999.000
202603021654,   1.078,9999.000,9999.000,9999.000,9999.000,9999.000,9999.000,9999.000,9999.000
202603021700,   0.897,9999.000,  -2.400,   0.198,  -1.305,  -3.200,  -2.105,  -1.900,  -0.805
202603021706,   0.730,9999.000,9999.000,9999.000,9999.000,9999.000,9999.000,9999.000,9999.000
202603021712,   0.581,9999.000,9999.000,9999.000,9999.000,9999.000,9999.000,9999.000,9999.000
202603021718,   0.451,9999.000,9999.000,9999.000,9999.000,9999.000,9999.000,9999.000,9999.000
202603021724,   0.342,9999.000,9999.000,9999.000,9999.000,9999.000,9999.000,9999.000,9999.000
202603021730,   0.255,9999.000,9999.000,9999.000,9999.000,9999.000,9999.000,9999.000,9999.000
202603021736,   0.192,9999.000,9999.000,9999.000,9999.000,9999.000,9999.000,9999.000,9999.000
202603021742,   0.155,9999.000,9999.000,9999.000,9999.000,9999.000,9999.000,9999.000,9999.000
202603021748,   0.146,9999.000,9999.000,9999.000,9999.000,9999.000,9999.000,9999.000,9999.000
202603021754,   0.166,9999.000,9999.000,9999.000,9999.000,9999.000,9999.000,9999.000,9999.000
202603021800,   0.215,9999.000,  -2.500,   0.198,  -2.087,  -3.300,  -2.887,  -1.900,  -1.487
202603021806,   0.296,9999.000,9999.000,9999.000,9999.000,9999.000,9999.000,9999.000,9999.000
202603021812,   0.408,9999.000,9999.000,9999.000,9999.000,9999.000,9999.000,9999.000,9999.000
202603021818,   0.553,9999.000,9999.000,9999.000,9999.000,9999.000,9999.000,9999.000,9999.000
202603021824,   0.729,9999.000,9999.000,9999.000,9999.000,9999.000,9999.000,9999.000,9999.000
202603021830,   0.938,9999.000,9999.000,9999.000,9999.000,9999.000,9999.000,9999.000,9999.000
202603021836,   1.178,9999.000,9999.000,9999.000,9999.000,9999.000,9999.000,9999.000,9999.000
202603021842,   1.448,9999.000,9999.000,9999.000,9999.000,9999.000,9999.000,9999.000,9999.000
202603021848,   1.748,9999.000,9999.000,9999.000,9999.000,9999.000,9999.000,9999.000,9999.000
202603021854,   2.077,9999.000,9999.000,9999.000,9999.000,9999.000,9999.000,9999.000,9999.000
202603021900,   2.431,9999.000,  -2.500,   0.198,   0.129,  -3.200,  -0.571,  -2.000,   0.629
202603021906,   2.811,9999.000,9999.000,9999.000,9999.000,9999.000,9999.000,9999.000,9999.000
202603021912,   3.213,9999.000,9999.000,9999.000,9999.000,9999.000,9999.000,9999.000,9999.000
202603021918,   3.636,9999.000,9999.000,9999.000,9999.000,9999.000,9999.000,9999.000,9999.000
202603021924,   4.077,9999.000,9999.000,9999.000,9999.000,9999.000,9999.000,9999.000,9999.000
202603021930,   4.534,9999.000,9999.000,9999.000,9999.000,9999.000,9999.000,9999.000,9999.000
202603021936,   5.006,9999.000,9999.000,9999.000,9999.000,9999.000,9999.000,9999.000,9999.000
202603021942,   5.489,9999.000,9999.000,9999.000,9999.000,9999.000,9999.000,9999.000,9999.000
202603021948,   5.982,9999.000,9999.000,9999.000,9999.000,9999.000,9999.000,9999.000,9999.000
202603021954,   6.483,9999.000,9999.000,9999.000,9999.000,9999.000,9999.000,9999.000,9999.000
202603022000,   6.989,9999.000,  -2.400,   0.198,   4.787,  -3.200,   3.987,  -1.900,   5.287
202603022006,   7.499,9999.000,9999.000,9999.000,9999.000,9999.000,9999.000,9999.000,9999.000
202603022012,   8.011,9999.000,9999.000,9999.000,9999.000,9999.000,9999.000,9999.000,9999.000
202603022018,   8.523,9999.000,9999.000,9999.000,9999.000,9999.000,9999.000,9999.000,9999.000
202603022024,   9.035,9999.000,9999.000,9999.000,9999.000,9999.000,9999.000,9999.000,9999.000
202603022030,   9.545,9999.000,9999.000,9999.000,9999.000,9999.000,9999.000,9999.000,9999.000
202603022036,  10.052,9999.000,9999.000,9999.000,9999.000,9999.000,9999.000,9999.000,9999.000
202603022042,  10.555,9999.000,9999.000,9999.000,9999.000,9999.000,9999.000,9999.000,9999.000
202603022048,  11.053,9999.000,9999.000,9999.000,9999.000,9999.000,9999.000,9999.000,9999.000
202603022054,  11.546,9999.000,9999.000,9999.000,9999.000,9999.000,9999.000,9999.000,9999.000
202603022100,  12.032,9999.000,  -2.300,   0.198,   9.930,  -3.000,   9.230,  -1.800,  10.430
202603022106,  12.513,9999.000,9999.000,9999.000,9999.000,9999.000,9999.000,9999.000,9999.000
202603022112,  12.986,9999.000,9999.000,9999.000,9999.000,9999.000,9999.000,9999.000,9999.000
202603022118,  13.451,9999.000,9999.000,9999.000,9999.000,9999.000,9999.000,9999.000,9999.000
202603022124,  13.908,9999.000,9999.000,9999.000,9999.000,9999.000,9999.000,9999.000,9999.000
202603022130,  14.356,9999.000,9999.000,9999.000,9999.000,9999.000,9999.000,9999.000,9999.000
202603022136,  14.795,9999.000,9999.000,9999.000,9999.000,9999.000,9999.000,9999.000,9999.000
202603022142,  15.224,9999.000,9999.000,9999.000,9999.000,9999.000,9999.000,9999.000,9999.000
202603022148,  15.642,9999.000,9999.000,9999.000,9999.000,9999.000,9999.000,9999.000,9999.000
202603022154,  16.048,9999.000,9999.000,9999.000,9999.000,9999.000,9999.000,9999.000,9999.000
202603022200,  16.442,9999.000,  -2.300,   0.198,  14.340,  -2.900,  13.740,  -1.700,  14.940
202603022206,  16.822,9999.000,9999.000,9999.000,9999.000,9999.000,9999.000,9999.000,9999.000
202603022212,  17.188,9999.000,9999.000,9999.000,9999.000,9999.000,9999.000,9999.000,9999.000
202603022218,  17.539,9999.000,9999.000,9999.000,9999.000,9999.000,9999.000,9999.000,9999.000
202603022224,  17.873,9999.000,9999.000,9999.000,9999.000,9999.000,9999.000,9999.000,9999.000
202603022230,  18.190,9999.000,9999.000,9999.000,9999.000,9999.000,9999.000,9999.000,9999.000
202603022236,  18.489,9999.000,9999.000,9999.000,9999.000,9999.000,9999.000,9999.000,9999.000
202603022242,  18.768,9999.000,9999.000,9999.000,9999.000,9999.000,9999.000,9999.000,9999.000
202603022248,  19.028,9999.000,9999.000,9999.000,9999.000,9999.000,9999.000,9999.000,9999.000
202603022254,  19.267,9999.000,9999.000,9999.000,9999.000,9999.000,9999.000,9999.000,9999.000
202603022300,  19.484,9999.000,  -2.300,   0.198,  17.382,  -2.900,  16.782,  -1.700,  17.982
202603022306,  19.680,9999.000,9999.000,9999.000,9999.000,9999.000,9999.000,9999.000,9999.000
202603022312,  19.853,9999.000,9999.000,9999.000,9999.000,9999.000,9999.000,9999.000,9999.000
202603022318,  20.003,9999.000,9999.000,9999.000,9999.000,9999.000,9999.000,9999.000,9999.000
202603022324,  20.130,9999.000,9999.000,9999.000,9999.000,9999.000,9999.000,9999.000,9999.000
202603022330,  20.235,9999.000,9999.000,9999.000,9999.000,9999.000,9999.000,9999.000,9999.000
202603022336,  20.316,9999.000,9999.000,9999.000,9999.000,9999.000,9999.000,9999.000,9999.000
202603022342,  20.375,9999.000,9999.000,9999.000,9999.000,9999.000,9999.000,9999.000,9999.000
202603022348,  20.412,9999.000,9999.000,9999.000,9999.000,9999.000,9999.000,9999.000,9999.000
202603022354,  20.427,9999.000,9999.000,9999.000,9999.000,9999.000,9999.000,9999.000,9999.000
202603030000,  20.420,9999.000,  -2.200,   0.198,  18.418,  -2.800,  17.818,  -1.700,  18.918
202603030006,  20.393,9999.000,9999.000,9999.000,9999.000,9999.000,9999.000,9999.000,9999.000
202603030012,  20.346,9999.000,9999.000,9999.000,9999.000,9999.000,9999.000,9999.000,9999.000
202603030018,  20.279,9999.000,9999.000,9999.000,9999.000,9999.000,9999.000,9999.000,9999.000
202603030024,  20.193,9999.000,9999.000,9999.000,9999.000,9999.000,9999.000,9999.000,9999.000
202603030030,  20.089,9999.000,9999.000,9999.000,9999.000,9999.000,9999.000,9999.000,9999.000
202603030036,  19.968,9999.000,9999.000,9999.000,9999.000,9999.000,9999.000,9999.000,9999.000
202603030042,  19.830,9999.000,9999.000,9999.000,9999.000,9999.000,9999.000,9999.000,9999.000
202603030048,  19.677,9999.000,9999.000,9999.000,9999.000,9999.000,9999.000,9999.000,9999.000
202603030054,  19.508,9999.000,9999.000,9999.000,9999.000,9999.000,9999.000,9999.000,9999.000
202603030100,  19.325,9999.000,  -2.300,   0.198,  17.223,  -2.900,  16.623,  -1.700,  17.823
202603030106,  19.127,9999.000,9999.000,9999.000,9999.000,9999.000,9999.000,9999.000,9999.000
202603030112,  18.917,9999.000,9999.000,9999.000,9999.000,9999.000,9999.000,9999.000,9999.000
202603030118,  18.693,9999.000,9999.000,9999.000,9999.000,9999.000,9999.000,9999.000,9999.000
202603030124,  18.458,9999.000,9999.000,9999.000,9999.000,9999.000,9999.000,9999.000,9999.000
202603030130,  18.211,9999.000,9999.000,9999.000,9999.000,9999.000,9999.000,9999.000,9999.000
202603030136,  17.954,9999.000,9999.000,9999.000,9999.000,9999.000,9999.000,9999.000,9999.000
202603030142,  17.686,9999.000,9999.000,9999.000,9999.000,9999.000,9999.000,9999.000,9999.000
202603030148,  17.409,9999.000,9999.000,9999.000,9999.000,9999.000,9999.000,9999.000,9999.000
202603030154,  17.123,9999.000,9999.000,9999.000,9999.000,9999.000,9999.000,9999.000,9999.000
202603030200,  16.829,9999.000,  -2.300,   0.198,  14.727,  -3.100,  13.927,  -1.800,  15.227
202603030206,  16.528,9999.000,9999.000,9999.000,9999.000,9999.000,9999.000,9999.000,9999.000
202603030212,  16.219,9999.000,9999.000,9999.000,9999.000,9999.000,9999.000,9999.000,9999.000
202603030218,  15.905,9999.000,9999.000,9999.000,9999.000,9999.000,9999.000,9999.000,9999.000
202603030224,  15.586,9999.000,9999.000,9999.000,9999.000,9999.000,9999.000,9999.000,9999.000
202603030230,  15.263,9999.000,9999.000,9999.000,9999.000,9999.000,9999.000,9999.000,9999.000
202603030236,  14.936,9999.000,9999.000,9999.000,9999.000,9999.000,9999.000,9999.000,9999.000
202603030242,  14.606,9999.000,9999.000,9999.000,9999.000,9999.000,9999.000,9999.000,9999.000
202603030248,  14.274,9999.000,9999.000,9999.000,9999.000,9999.000,9999.000,9999.000,9999.000
202603030254,  13.940,9999.000,9999.000,9999.000,9999.000,9999.000,9999.000,9999.000,9999.000
202603030300,  13.606,9999.000,  -2.300,   0.198,  11.504,  -3.200,  10.604,  -1.800,  12.004
202603030306,  13.271,9999.000,9999.000,9999.000,9999.000,9999.000,9999.000,9999.000,9999.000
202603030312,  12.937,9999.000,9999.000,9999.000,9999.000,9999.000,9999.000,9999.000,9999.000
202603030318,  12.603,9999.000,9999.000,9999.000,9999.000,9999.000,9999.000,9999.000,9999.000
202603030324,  12.271,9999.000,9999.000,9999.000,9999.000,9999.000,9999.000,9999.000,9999.000
202603030330,  11.939,9999.000,9999.000,9999.000,9999.000,9999.000,9999.000,9999.000,9999.000
202603030336,  11.609,9999.000,9999.000,9999.000,9999.000,9999.000,9999.000,9999.000,9999.000
202603030342,  11.280,9999.000,9999.000,9999.000,9999.000,9999.000,9999.000,9999.000,9999.000
202603030348,  10.952,9999.000,9999.000,9999.000,9999.000,9999.000,9999.000,9999.000,9999.000
202603030354,  10.626,9999.000,9999.000,9999.000,9999.000,9999.000,9999.000,9999.000,9999.000
202603030400,  10.302,9999.000,  -2.300,   0.198,   8.200,  -3.200,   7.300,  -1.800,   8.700
202603030406,   9.979,9999.000,9999.000,9999.000,9999.000,9999.000,9999.000,9999.000,9999.000
202603030412,   9.657,9999.000,9999.000,9999.000,9999.000,9999.000,9999.000,9999.000,9999.000
202603030418,   9.336,9999.000,9999.000,9999.000,9999.000,9999.000,9999.000,9999.000,9999.000
202603030424,   9.017,9999.000,9999.000,9999.000,9999.000,9999.000,9999.000,9999.000,9999.000
202603030430,   8.699,9999.000,9999.000,9999.000,9999.000,9999.000,9999.000,9999.000,9999.000
202603030436,   8.384,9999.000,9999.000,9999.000,9999.000,9999.000,9999.000,9999.000,9999.000
202603030442,   8.070,9999.000,9999.000,9999.000,9999.000,9999.000,9999.000,9999.000,9999.000
202603030448,   7.760,9999.000,9999.000,9999.000,9999.000,9999.000,9999.000,9999.000,9999.000
202603030454,   7.453,9999.000,9999.000,9999.000,9999.000,9999.000,9999.000,9999.000,9999.000
202603030500,   7.150,9999.000,  -2.300,   0.198,   5.048,  -3.200,   4.148,  -1.800,   5.548
202603030506,   6.854,9999.000,9999.000,9999.000,9999.000,9999.000,9999.000,9999.000,9999.000
202603030512,   6.564,9999.000,9999.000,9999.000,9999.000,9999.000,9999.000,9999.000,9999.000
202603030518,   6.282,9999.000,9999.000,9999.000,9999.000,9999.000,9999.000,9999.000,9999.000
202603030524,   6.011,9999.000,9999.000,9999.000,9999.000,9999.000,9999.000,9999.000,9999.000
202603030530,   5.751,9999.000,9999.000,9999.000,9999.000,9999.000,9999.000,9999.000,9999.000
202603030536,   5.505,9999.000,9999.000,9999.000,9999.000,9999.000,9999.000,9999.000,9999.000
202603030542,   5.274,9999.000,9999.000,9999.000,9999.000,9999.000,9999.000,9999.000,9999.000
202603030548,   5.060,9999.000,9999.000,9999.000,9999.000,9999.000,9999.000,9999.000,9999.000
202603030554,   4.866,9999.000,9999.000,9999.000,9999.000,9999.000,9999.000,9999.000,9999.000
202603030600,   4.693,9999.000,  -2.200,   0.198,   2.691,  -3.100,   1.791,  -1.600,   3.291
202603030606,   4.543,9999.000,9999.000,9999.000,9999.000,9999.000,9999.000,9999.000,9999.000
202603030612,   4.418,9999.000,9999.000,9999.000,9999.000,9999.000,9999.000,9999.000,9999.000
202603030618,   4.318,9999.000,9999.000,9999.000,9999.000,9999.000,9999.000,9999.000,9999.000
202603030624,   4.247,9999.000,9999.000,9999.000,9999.000,9999.000,9999.000,9999.000,9999.000
202603030630,   4.204,9999.000,9999.000,9999.000,9999.000,9999.000,9999.000,9999.000,9999.000
202603030636,   4.190,9999.000,9999.000,9999.000,9999.000,9999.000,9999.000,9999.000,9999.000
202603030642,   4.206,9999.000,9999.000,9999.000,9999.000,9999.000,9999.000,9999.000,9999.000
202603030648,   4.253,9999.000,9999.000,9999.000,9999.000,9999.000,9999.000,9999.000,9999.000
202603030654,   4.330,9999.000,9999.000,9999.000,9999.000,9999.000,9999.000,9999.000,9999.000
202603030700,   4.436,9999.000,  -2.200,   0.198,   2.434,  -2.800,   1.834,  -1.700,   2.934
202603030706,   4.572,9999.000,9999.000,9999.000,9999.000,9999.000,9999.000,9999.000,9999.000
202603030712,   4.736,9999.000,9999.000,9999.000,9999.000,9999.000,9999.000,9999.000,9999.000
202603030718,   4.927,9999.000,9999.000,9999.000,9999.000,9999.000,9999.000,9999.000,9999.000
202603030724,   5.144,9999.000,9999.000,9999.000,9999.000,9999.000,9999.000,9999.000,9999.000
202603030730,   5.384,9999.000,9999.000,9999.000,9999.000,9999.000,9999.000,9999.000,9999.000
202603030736,   5.646,9999.000,9999.000,9999.000,9999.000,9999.000,9999.000,9999.000,9999.000
202603030742,   5.929,9999.000,9999.000,9999.000,9999.000,9999.000,9999.000,9999.000,9999.000
202603030748,   6.229,9999.000,9999.000,9999.000,9999.000,9999.000,9999.000,9999.000,9999.000
202603030754,   6.546,9999.000,9999.000,9999.000,9999.000,9999.000,9999.000,9999.000,9999.000
202603030800,   6.876,9999.000,  -2.100,   0.198,   4.974,  -2.800,   4.274,  -1.600,   5.474
202603030806,   7.217,9999.000,9999.000,9999.000,9999.000,9999.000,9999.000,9999.000,9999.000
202603030812,   7.568,9999.000,9999.000,9999.000,9999.000,9999.000,9999.000,9999.000,9999.000
202603030818,   7.927,9999.000,9999.000,9999.000,9999.000,9999.000,9999.000,9999.000,9999.000
202603030824,   8.291,9999.000,9999.000,9999.000,9999.000,9999.000,9999.000,9999.000,9999.000
202603030830,   8.659,9999.000,9999.000,9999.000,9999.000,9999.000,9999.000,9999.000,9999.000
202603030836,   9.029,9999.000,9999.000,9999.000,9999.000,9999.000,9999.000,9999.000,9999.000
202603030842,   9.400,9999.000,9999.000,9999.000,9999.000,9999.000,9999.000,9999.000,9999.000
202603030848,   9.771,9999.000,9999.000,9999.000,9999.000,9999.000,9999.000,9999.000,9999.000
202603030854,  10.139,9999.000,9999.000,9999.000,9999.000,9999.000,9999.000,9999.000,9999.000
202603030900,  10.506,9999.000,  -2.000,   0.198,   8.704,  -2.700,   8.004,  -1.500,   9.204
202603030906,  10.869,9999.000,9999.000,9999.000,9999.000,9999.000,9999.000,9999.000,9999.000
202603030912,  11.228,9999.000,9999.000,9999.000,9999.000,9999.000,9999.000,9999.000,9999.000
202603030918,  11.582,9999.000,9999.000,9999.000,9999.000,9999.000,9999.000,9999.000,9999.000
202603030924,  11.931,9999.000,9999.000,9999.000,9999.000,9999.000,9999.000,9999.000,9999.000
202603030930,  12.274,9999.000,9999.000,9999.000,9999.000,9999.000,9999.000,9999.000,9999.000
202603030936,  12.611,9999.000,9999.000,9999.000,9999.000,9999.000,9999.000,9999.000,9999.000
202603030942,  12.942,9999.000,9999.000,9999.000,9999.000,9999.000,9999.000,9999.000,9999.000
202603030948,  13.265,9999.000,9999.000,9999.000,9999.000,9999.000,9999.000,9999.000,9999.000
202603030954,  13.581,9999.000,9999.000,9999.000,9999.000,9999.000,9999.000,9999.000,9999.000
202603031000,  13.889,9999.000,  -1.900,   0.198,  12.187,  -2.500,  11.587,  -1.400,  12.687
202603031006,  14.189,9999.000,9999.000,9999.000,9999.000,9999.000,9999.000,9999.000,9999.000
202603031012,  14.479,9999.000,9999.000,9999.000,9999.000,9999.000,9999.000,9999.000,9999.000
202603031018,  14.759,9999.000,9999.000,9999.000,9999.000,9999.000,9999.000,9999.000,9999.000
202603031024,  15.028,9999.000,9999.000,9999.000,9999.000,9999.000,9999.000,9999.000,9999.000
202603031030,  15.286,9999.000,9999.000,9999.000,9999.000,9999.000,9999.000,9999.000,9999.000
202603031036,  15.531,9999.000,9999.000,9999.000,9999.000,9999.000,9999.000,9999.000,9999.000
202603031042,  15.763,9999.000,9999.000,9999.000,9999.000,9999.000,9999.000,9999.000,9999.000
202603031048,  15.980,9999.000,9999.000,9999.000,9999.000,9999.000,9999.000,9999.000,9999.000
202603031054,  16.183,9999.000,9999.000,9999.000,9999.000,9999.000,9999.000,9999.000,9999.000
202603031100,  16.369,9999.000,  -1.800,   0.198,  14.767,  -2.400,  14.167,  -1.300,  15.267
202603031106,  16.538,9999.000,9999.000,9999.000,9999.000,9999.000,9999.000,9999.000,9999.000
202603031112,  16.689,9999.000,9999.000,9999.000,9999.000,9999.000,9999.000,9999.000,9999.000
202603031118,  16.822,9999.000,9999.000,9999.000,9999.000,9999.000,9999.000,9999.000,9999.000
202603031124,  16.936,9999.000,9999.000,9999.000,9999.000,9999.000,9999.000,9999.000,9999.000
202603031130,  17.030,9999.000,9999.000,9999.000,9999.000,9999.000,9999.000,9999.000,9999.000
202603031136,  17.103,9999.000,9999.000,9999.000,9999.000,9999.000,9999.000,9999.000,9999.000
202603031142,  17.156,9999.000,9999.000,9999.000,9999.000,9999.000,9999.000,9999.000,9999.000
202603031148,  17.189,9999.000,9999.000,9999.000,9999.000,9999.000,9999.000,9999.000,9999.000
202603031154,  17.201,9999.000,9999.000,9999.000,9999.000,9999.000,9999.000,9999.000,9999.000
202603031200,  17.192,9999.000,  -1.800,   0.198,  15.590,  -2.300,  15.090,  -1.200,  16.190
202603031206,  17.163,9999.000,9999.000,9999.000,9999.000,9999.000,9999.000,9999.000,9999.000
202603031212,  17.114,9999.000,9999.000,9999.000,9999.000,9999.000,9999.000,9999.000,9999.000
202603031218,  17.045,9999.000,9999.000,9999.000,9999.000,9999.000,9999.000,9999.000,9999.000
202603031224,  16.957,9999.000,9999.000,9999.000,9999.000,9999.000,9999.000,9999.000,9999.000
202603031230,  16.851,9999.000,9999.000,9999.000,9999.000,9999.000,9999.000,9999.000,9999.000
202603031236,  16.727,9999.000,9999.000,9999.000,9999.000,9999.000,9999.000,9999.000,9999.000
202603031242,  16.586,9999.000,9999.000,9999.000,9999.000,9999.000,9999.000,9999.000,9999.000
202603031248,  16.428,9999.000,9999.000,9999.000,9999.000,9999.000,9999.000,9999.000,9999.000
202603031254,  16.255,9999.000,9999.000,9999.000,9999.000,9999.000,9999.000,9999.000,9999.000
202603031300,  16.067,9999.000,  -1.700,   0.198,  14.565,  -2.300,  13.965,  -1.200,  15.065
202603031306,  15.865,9999.000,9999.000,9999.000,9999.000,9999.000,9999.000,9999.000,9999.000
202603031312,  15.649,9999.000,9999.000,9999.000,9999.000,9999.000,9999.000,9999.000,9999.000
202603031318,  15.421,9999.000,9999.000,9999.000,9999.000,9999.000,9999.000,9999.000,9999.000
202603031324,  15.181,9999.000,9999.000,9999.000,9999.000,9999.000,9999.000,9999.000,9999.000
202603031330,  14.929,9999.000,9999.000,9999.000,9999.000,9999.000,9999.000,9999.000,9999.000
202603031336,  14.667,9999.000,9999.000,9999.000,9999.000,9999.000,9999.000,9999.000,9999.000
202603031342,  14.395,9999.000,9999.000,9999.000,9999.000,9999.000,9999.000,9999.000,9999.000
202603031348,  14.114,9999.000,9999.000,9999.000,9999.000,9999.000,9999.000,9999.000,9999.000
202603031354,  13.824,9999.000,9999.000,9999.000,9999.000,9999.000,9999.000,9999.000,9999.000
202603031400,  13.526,9999.000,  -1.700,   0.198,  12.024,  -2.300,  11.424,  -1.100,  12.624
202603031406,  13.221,9999.000,9999.000,9999.000,9999.000,9999.000,9999.000,9999.000,9999.000
202603031412,  12.909,9999.000,9999.000,9999.000,9999.000,9999.000,9999.000,9999.000,9999.000
202603031418,  12.591,9999.000,9999.000,9999.000,9999.000,9999.000,9999.000,9999.000,9999.000
202603031424,  12.267,9999.000,9999.000,9999.000,9999.000,9999.000,9999.000,9999.000,9999.000
202603031430,  11.939,9999.000,9999.000,9999.000,9999.000,9999.000,9999.000,9999.000,9999.000
202603031436,  11.608,9999.000,9999.000,9999.000,9999.000,9999.000,9999.000,9999.000,9999.000
202603031442,  11.273,9999.000,9999.000,9999.000,9999.000,9999.000,9999.000,9999.000,9999.000
202603031448,  10.935,9999.000,9999.000,9999.000,9999.000,9999.000,9999.000,9999.000,9999.000
202603031454,  10.596,9999.000,9999.000,9999.000,9999.000,9999.000,9999.000,9999.000,9999.000
202603031500,  10.257,9999.000,  -1.700,   0.198,   8.755,  -2.300,   8.155,  -1.100,   9.355
202603031506,   9.917,9999.000,9999.000,9999.000,9999.000,9999.000,9999.000,9999.000,9999.000
202603031512,   9.577,9999.000,9999.000,9999.000,9999.000,9999.000,9999.000,9999.000,9999.000
202603031518,   9.239,9999.000,9999.000,9999.000,9999.000,9999.000,9999.000,9999.000,9999.000
202603031524,   8.903,9999.000,9999.000,9999.000,9999.000,9999.000,9999.000,9999.000,9999.000
202603031530,   8.569,9999.000,9999.000,9999.000,9999.000,9999.000,9999.000,9999.000,9999.000
202603031536,   8.238,9999.000,9999.000,9999.000,9999.000,9999.000,9999.000,9999.000,9999.000
202603031542,   7.910,9999.000,9999.000,9999.000,9999.000,9999.000,9999.000,9999.000,9999.000
202603031548,   7.586,9999.000,9999.000,9999.000,9999.000,9999.000,9999.000,9999.000,9999.000
202603031554,   7.265,9999.000,9999.000,9999.000,9999.000,9999.000,9999.000,9999.000,9999.000
202603031600,   6.949,9999.000,  -1.700,   0.198,   5.447,  -2.100,   5.047,  -1.200,   5.947
202603031606,   6.636,9999.000,9999.000,9999.000,9999.000,9999.000,9999.000,9999.000,9999.000
202603031612,   6.328,9999.000,9999.000,9999.000,9999.000,9999.000,9999.000,9999.000,9999.000
202603031618,   6.023,9999.000,9999.000,9999.000,9999.000,9999.000,9999.000,9999.000,9999.000
202603031624,   5.722,9999.000,9999.000,9999.000,9999.000,9999.000,9999.000,9999.000,9999.000
202603031630,   5.426,9999.000,9999.000,9999.000,9999.000,9999.000,9999.000,9999.000,9999.000
202603031636,   5.133,9999.000,9999.000,9999.000,9999.000,9999.000,9999.000,9999.000,9999.000
202603031642,   4.844,9999.000,9999.000,9999.000,9999.000,9999.000,9999.000,9999.000,9999.000
202603031648,   4.559,9999.000,9999.000,9999.000,9999.000,9999.000,9999.000,9999.000,9999.000
202603031654,   4.278,9999.000,9999.000,9999.000,9999.000,9999.000,9999.000,9999.000,9999.000
202603031700,   4.001,9999.000,  -1.700,   0.198,   2.499,  -2.200,   1.999,  -1.200,   2.999
202603031706,   3.729,9999.000,9999.000,9999.000,9999.000,9999.000,9999.000,9999.000,9999.000
202603031712,   3.462,9999.000,9999.000,9999.000,9999.000,9999.000,9999.000,9999.000,9999.000
202603031718,   3.201,9999.000,9999.000,9999.000,9999.000,9999.000,9999.000,9999.000,9999.000
202603031724,   2.947,9999.000,9999.000,9999.000,9999.000,9999.000,9999.000,9999.000,9999.000
202603031730,   2.700,9999.000,9999.000,9999.000,9999.000,9999.000,9999.000,9999.000,9999.000
202603031736,   2.463,9999.000,9999.000,9999.000,9999.000,9999.000,9999.000,9999.000,9999.000
202603031742,   2.237,9999.000,9999.000,9999.000,9999.000,9999.000,9999.000,9999.000,9999.000
202603031748,   2.022,9999.000,9999.000,9999.000,9999.000,9999.000,9999.000,9999.000,9999.000
202603031754,   1.821,9999.000,9999.000,9999.000,9999.000,9999.000,9999.000,9999.000,9999.000
202603031800,   1.636,9999.000,  -1.700,   0.198,   0.134,  -2.200,  -0.366,  -1.300,   0.534
