        TIME,    TIDE,      OB,   SURGE,    BIAS,     TWL,SURGE90p,  TWL90p,SURGE10p,   TWL10p
202608030600,  -0.008,  -0.009,   0.100,  -0.101,  -0.009,   0.000,  -0.109,   0.100,  -0.009
202608030606,  -0.008,   0.000,9999.000,9999.000,9999.000,9999.000,9999.000,9999.000,9999.000
202608030612,  -0.008,  -0.019,9999.000,9999.000,9999.000,9999.000,9999.000,9999.000,9999.000
202608030618,  -0.008,  -0.019,9999.000,9999.000,9999.000,9999.000,9999.000,9999.000,9999.000
202608030624,  -0.007,  -0.019,9999.000,9999.000,9999.000,9999.000,9999.000,9999.000,9999.000
202608030630,  -0.007,  -0.019,9999.000,9999.000,9999.000,9999.000,9999.000,9999.000,9999.000
202608030636,  -0.007,  -0.019,9999.000,9999.000,9999.000,9999.000,9999.000,9999.000,9999.000
202608030642,  -0.007,  -0.019,9999.000,9999.000,9999.000,9999.000,9999.000,9999.000,9999.000
202608030648,  -0.007,  -0.029,9999.000,9999.000,9999.000,9999.000,9999.000,9999.000,9999.000
202608030654,  -0.006,  -0.029,9999.000,9999.000,9999.000,9999.000,9999.000,9999.000,9999.000
202608030700,  -0.006,  -0.039,   0.100,  -0.133,  -0.039,   0.000,  -0.139,   0.100,  -0.039
202608030706,  -0.006,  -0.039,9999.000,9999.000,9999.000,9999.000,9999.000,9999.000,9999.000
202608030712,  -0.006,  -0.039,9999.000,9999.000,9999.000,9999.000,9999.000,9999.000,9999.000
202608030718,  -0.006,  -0.039,9999.000,9999.000,9999.000,9999.000,9999.000,9999.000,9999.000
202608030724,  -0.005,  -0.049,9999.000,9999.000,9999.000,9999.000,9999.000,9999.000,9999.000
202608030730,  -0.005,  -0.059,9999.000,9999.000,9999.000,9999.000,9999.000,9999.000,9999.000
202608030736,  -0.005,  -0.059,9999.000,9999.000,9999.000,9999.000,9999.000,9999.000,9999.000
202608030742,  -0.004,  -0.068,9999.000,9999.000,9999.000,9999.000,9999.000,9999.000,9999.000
202608030748,  -0.004,  -0.068,9999.000,9999.000,9999.000,9999.000,9999.000,9999.000,9999.000
202608030754,  -0.004,  -0.068,9999.000,9999.000,9999.000,9999.000,9999.000,9999.000,9999.000
202608030800,  -0.003,  -0.078,   0.100,  -0.175,  -0.078,   0.000,  -0.178,   0.100,  -0.078
202608030806,  -0.003,  -0.068,9999.000,9999.000,9999.000,9999.000,9999.000,9999.000,9999.000
202608030812,  -0.002,  -0.078,9999.000,9999.000,9999.000,9999.000,9999.000,9999.000,9999.000
202608030818,  -0.002,  -0.088,9999.000,9999.000,9999.000,9999.000,9999.000,9999.000,9999.000
202608030824,  -0.001,  -0.088,9999.000,9999.000,9999.000,9999.000,9999.000,9999.000,9999.000
202608030830,  -0.001,  -0.088,9999.000,9999.000,9999.000,9999.000,9999.000,9999.000,9999.000
202608030836,   0.000,  -0.088,9999.000,9999.000,9999.000,9999.000,9999.000,9999.000,9999.000
202608030842,   0.000,  -0.088,9999.000,9999.000,9999.000,9999.000,9999.000,9999.000,9999.000
202608030848,   0.000,  -0.088,9999.000,9999.000,9999.000,9999.000,9999.000,9999.000,9999.000
202608030854,   0.001,  -0.078,9999.000,9999.000,9999.000,9999.000,9999.000,9999.000,9999.000
202608030900,   0.002,  -0.068,   0.100,  -0.170,  -0.068,   0.000,  -0.168,   0.100,  -0.068
202608030906,   0.003,  -0.068,9999.000,9999.000,9999.000,9999.000,9999.000,9999.000,9999.000
202608030912,   0.004,  -0.049,9999.000,9999.000,9999.000,9999.000,9999.000,9999.000,9999.000
202608030918,   0.005,  -0.039,9999.000,9999.000,9999.000,9999.000,9999.000,9999.000,9999.000
202608030924,   0.006,  -0.029,9999.000,9999.000,9999.000,9999.000,9999.000,9999.000,9999.000
202608030930,   0.007,  -0.019,9999.000,9999.000,9999.000,9999.000,9999.000,9999.000,9999.000
202608030936,   0.008,  -0.009,9999.000,9999.000,9999.000,9999.000,9999.000,9999.000,9999.000
202608030942,   0.009,  -0.009,9999.000,9999.000,9999.000,9999.000,9999.000,9999.000,9999.000
202608030948,   0.010,  -0.009,9999.000,9999.000,9999.000,9999.000,9999.000,9999.000,9999.000
202608030954,   0.012,  -0.009,9999.000,9999.000,9999.000,9999.000,9999.000,9999.000,9999.000
202608031000,   0.013,  -0.009,   0.100,  -0.122,  -0.009,   0.000,  -0.109,   0.100,  -0.009
202608031006,   0.014,  -0.009,9999.000,9999.000,9999.000,9999.000,9999.000,9999.000,9999.000
202608031012,   0.016,  -0.009,9999.000,9999.000,9999.000,9999.000,9999.000,9999.000,9999.000
202608031018,   0.017,  -0.009,9999.000,9999.000,9999.000,9999.000,9999.000,9999.000,9999.000
202608031024,   0.019,  -0.009,9999.000,9999.000,9999.000,9999.000,9999.000,9999.000,9999.000
202608031030,   0.020,  -0.009,9999.000,9999.000,9999.000,9999.000,9999.000,9999.000,9999.000
202608031036,   0.022,   0.000,9999.000,9999.000,9999.000,9999.000,9999.000,9999.000,9999.000
202608031042,   0.023,   0.000,9999.000,9999.000,9999.000,9999.000,9999.000,9999.000,9999.000
202608031048,   0.025,   0.000,9999.000,9999.000,9999.000,9999.000,9999.000,9999.000,9999.000
202608031054,   0.027,   0.009,9999.000,9999.000,9999.000,9999.000,9999.000,9999.000,9999.000
202608031100,   0.029,   0.009,   0.100,  -0.120,   0.009,   0.000,  -0.091,   0.100,   0.009
202608031106,   0.030,   0.009,9999.000,9999.000,9999.000,9999.000,9999.000,9999.000,9999.000
202608031112,   0.032,   0.009,9999.000,9999.000,9999.000,9999.000,9999.000,9999.000,9999.000
202608031118,   0.034,   0.009,9999.000,9999.000,9999.000,9999.000,9999.000,9999.000,9999.000
202608031124,   0.036,   0.019,9999.000,9999.000,9999.000,9999.000,9999.000,9999.000,9999.000
202608031130,   0.038,   0.009,9999.000,9999.000,9999.000,9999.000,9999.000,9999.000,9999.000
202608031136,   0.040,   0.000,9999.000,9999.000,9999.000,9999.000,9999.000,9999.000,9999.000
202608031142,   0.042,   0.009,9999.000,9999.000,9999.000,9999.000,9999.000,9999.000,9999.000
202608031148,   0.044,   0.000,9999.000,9999.000,9999.000,9999.000,9999.000,9999.000,9999.000
202608031154,   0.046,   0.009,9999.000,9999.000,9999.000,9999.000,9999.000,9999.000,9999.000
202608031200,   0.048,   0.009,   0.100,  -0.139,   0.009,   0.000,  -0.091,   0.100,   0.009
202608031206,   0.050,   0.000,9999.000,9999.000,9999.000,9999.000,9999.000,9999.000,9999.000
202608031212,   0.051,   0.009,9999.000,9999.000,9999.000,9999.000,9999.000,9999.000,9999.000
202608031218,   0.053,   0.000,9999.000,9999.000,9999.000,9999.000,9999.000,9999.000,9999.000
202608031224,   0.055,   0.000,9999.000,9999.000,9999.000,9999.000,9999.000,9999.000,9999.000
202608031230,   0.057,   0.000,9999.000,9999.000,9999.000,9999.000,9999.000,9999.000,9999.000
202608031236,   0.059,   0.009,9999.000,9999.000,9999.000,9999.000,9999.000,9999.000,9999.000
202608031242,   0.061,   0.009,9999.000,9999.000,9999.000,9999.000,9999.000,9999.000,9999.000
202608031248,   0.063,   0.009,9999.000,9999.000,9999.000,9999.000,9999.000,9999.000,9999.000
202608031254,   0.065,   0.009,9999.000,9999.000,9999.000,9999.000,9999.000,9999.000,9999.000
202608031300,   0.067,   0.019,   0.100,  -0.148,   0.019,   0.000,  -0.081,   0.100,   0.019
202608031306,   0.068,   0.019,9999.000,9999.000,9999.000,9999.000,9999.000,9999.000,9999.000
202608031312,   0.070,   0.029,9999.000,9999.000,9999.000,9999.000,9999.000,9999.000,9999.000
202608031318,   0.072,   0.039,9999.000,9999.000,9999.000,9999.000,9999.000,9999.000,9999.000
202608031324,   0.073,   0.039,9999.000,9999.000,9999.000,9999.000,9999.000,9999.000,9999.000
202608031330,   0.075,   0.049,9999.000,9999.000,9999.000,9999.000,9999.000,9999.000,9999.000
202608031336,   0.076,   0.049,9999.000,9999.000,9999.000,9999.000,9999.000,9999.000,9999.000
202608031342,   0.078,   0.049,9999.000,9999.000,9999.000,9999.000,9999.000,9999.000,9999.000
202608031348,   0.079,   0.049,9999.000,9999.000,9999.000,9999.000,9999.000,9999.000,9999.000
202608031354,   0.081,   0.049,9999.000,9999.000,9999.000,9999.000,9999.000,9999.000,9999.000
202608031400,   0.082,   0.049,   0.100,  -0.133,   0.049,   0.000,  -0.051,   0.100,   0.049
202608031406,   0.083,   0.049,9999.000,9999.000,9999.000,9999.000,9999.000,9999.000,9999.000
202608031412,   0.084,   0.059,9999.000,9999.000,9999.000,9999.000,9999.000,9999.000,9999.000
202608031418,   0.085,   0.068,9999.000,9999.000,9999.000,9999.000,9999.000,9999.000,9999.000
202608031424,   0.086,   0.068,9999.000,9999.000,9999.000,9999.000,9999.000,9999.000,9999.000
202608031430,   0.087,   0.068,9999.000,9999.000,9999.000,9999.000,9999.000,9999.000,9999.000
202608031436,   0.087,   0.068,9999.000,9999.000,9999.000,9999.000,9999.000,9999.000,9999.000
202608031442,   0.088,   0.068,9999.000,9999.000,9999.000,9999.000,9999.000,9999.000,9999.000
202608031448,   0.088,   0.068,9999.000,9999.000,9999.000,9999.000,9999.000,9999.000,9999.000
202608031454,   0.089,   0.068,9999.000,9999.000,9999.000,9999.000,9999.000,9999.000,9999.000
202608031500,   0.089,   0.068,   0.100,  -0.121,   0.068,   0.000,  -0.032,   0.100,   0.068
202608031506,   0.089,   0.068,9999.000,9999.000,9999.000,9999.000,9999.000,9999.000,9999.000
202608031512,   0.089,   0.068,9999.000,9999.000,9999.000,9999.000,9999.000,9999.000,9999.000
202608031518,   0.089,   0.059,9999.000,9999.000,9999.000,9999.000,9999.000,9999.000,9999.000
202608031524,   0.089,   0.068,9999.000,9999.000,9999.000,9999.000,9999.000,9999.000,9999.000
202608031530,   0.089,   0.068,9999.000,9999.000,9999.000,9999.000,9999.000,9999.000,9999.000
202608031536,   0.089,   0.068,9999.000,9999.000,9999.000,9999.000,9999.000,9999.000,9999.000
202608031542,   0.088,   0.068,9999.000,9999.000,9999.000,9999.000,9999.000,9999.000,9999.000
202608031548,   0.088,   0.068,9999.000,9999.000,9999.000,9999.000,9999.000,9999.000,9999.000
202608031554,   0.087,   0.078,9999.000,9999.000,9999.000,9999.000,9999.000,9999.000,9999.000
202608031600,   0.086,   0.088,   0.100,  -0.098,   0.088,   0.000,  -0.012,   0.100,   0.088
202608031606,   0.085,   0.088,9999.000,9999.000,9999.000,9999.000,9999.000,9999.000,9999.000
202608031612,   0.084,   0.078,9999.000,9999.000,9999.000,9999.000,9999.000,9999.000,9999.000
202608031618,   0.083,   0.078,9999.000,9999.000,9999.000,9999.000,9999.000,9999.000,9999.000
202608031624,   0.081,   0.088,9999.000,9999.000,9999.000,9999.000,9999.000,9999.000,9999.000
202608031630,   0.080,   0.078,9999.000,9999.000,9999.000,9999.000,9999.000,9999.000,9999.000
202608031636,   0.078,   0.078,9999.000,9999.000,9999.000,9999.000,9999.000,9999.000,9999.000
202608031642,   0.077,   0.088,9999.000,9999.000,9999.000,9999.000,9999.000,9999.000,9999.000
202608031648,   0.075,   0.098,9999.000,9999.000,9999.000,9999.000,9999.000,9999.000,9999.000
202608031654,   0.073,   0.088,9999.000,9999.000,9999.000,9999.000,9999.000,9999.000,9999.000
202608031700,   0.071,   0.068,   0.100,  -0.103,   0.068,   0.000,  -0.032,   0.100,   0.068
202608031706,   0.069,   0.088,9999.000,9999.000,9999.000,9999.000,9999.000,9999.000,9999.000
202608031712,   0.067,   0.088,9999.000,9999.000,9999.000,9999.000,9999.000,9999.000,9999.000
202608031718,   0.064,   0.088,9999.000,9999.000,9999.000,9999.000,9999.000,9999.000,9999.000
202608031724,   0.062,   0.078,9999.000,9999.000,9999.000,9999.000,9999.000,9999.000,9999.000
202608031730,   0.059,   0.068,9999.000,9999.000,9999.000,9999.000,9999.000,9999.000,9999.000
202608031736,   0.057,   0.068,9999.000,9999.000,9999.000,9999.000,9999.000,9999.000,9999.000
202608031742,   0.054,   0.068,9999.000,9999.000,9999.000,9999.000,9999.000,9999.000,9999.000
202608031748,   0.051,   0.068,9999.000,9999.000,9999.000,9999.000,9999.000,9999.000,9999.000
202608031754,   0.048,   0.078,9999.000,9999.000,9999.000,9999.000,9999.000,9999.000,9999.000
202608031800,   0.045,   0.068,   0.000,   0.023,   0.068,   0.000,   0.068,   0.000,   0.068
202608031806,   0.042,   0.068,9999.000,9999.000,9999.000,9999.000,9999.000,9999.000,9999.000
202608031812,   0.039,   0.068,9999.000,9999.000,9999.000,9999.000,9999.000,9999.000,9999.000
202608031818,   0.036,   0.068,9999.000,9999.000,9999.000,9999.000,9999.000,9999.000,9999.000
202608031824,   0.033,   0.059,9999.000,9999.000,9999.000,9999.000,9999.000,9999.000,9999.000
202608031830,   0.030,   0.049,9999.000,9999.000,9999.000,9999.000,9999.000,9999.000,9999.000
202608031836,   0.026,   0.049,9999.000,9999.000,9999.000,9999.000,9999.000,9999.000,9999.000
202608031842,   0.023,   0.049,9999.000,9999.000,9999.000,9999.000,9999.000,9999.000,9999.000
202608031848,   0.019,   0.039,9999.000,9999.000,9999.000,9999.000,9999.000,9999.000,9999.000
202608031854,   0.016,   0.029,9999.000,9999.000,9999.000,9999.000,9999.000,9999.000,9999.000
202608031900,   0.012,   0.019,   0.000,   0.007,   0.019,   0.000,   0.019,   0.000,   0.019
202608031906,   0.009,   0.029,9999.000,9999.000,9999.000,9999.000,9999.000,9999.000,9999.000
202608031912,   0.005,   0.019,9999.000,9999.000,9999.000,9999.000,9999.000,9999.000,9999.000
202608031918,   0.001,   0.000,9999.000,9999.000,9999.000,9999.000,9999.000,9999.000,9999.000
202608031924,  -0.001,   0.000,9999.000,9999.000,9999.000,9999.000,9999.000,9999.000,9999.000
202608031930,  -0.005,   0.000,9999.000,9999.000,9999.000,9999.000,9999.000,9999.000,9999.000
202608031936,  -0.008,   0.000,9999.000,9999.000,9999.000,9999.000,9999.000,9999.000,9999.000
202608031942,  -0.012,  -0.009,9999.000,9999.000,9999.000,9999.000,9999.000,9999.000,9999.000
202608031948,  -0.016,  -0.019,9999.000,9999.000,9999.000,9999.000,9999.000,9999.000,9999.000
202608031954,  -0.019,  -0.029,9999.000,9999.000,9999.000,9999.000,9999.000,9999.000,9999.000
202608032000,  -0.023,  -0.029,   0.000,  -0.006,  -0.029,   0.000,  -0.029,   0.000,  -0.029
202608032006,  -0.026,  -0.039,9999.000,9999.000,9999.000,9999.000,9999.000,9999.000,9999.000
202608032012,  -0.030,  -0.029,9999.000,9999.000,9999.000,9999.000,9999.000,9999.000,9999.000
202608032018,  -0.033,  -0.049,9999.000,9999.000,9999.000,9999.000,9999.000,9999.000,9999.000
202608032024,  -0.037,  -0.049,9999.000,9999.000,9999.000,9999.000,9999.000,9999.000,9999.000
202608032030,  -0.040,  -0.049,9999.000,9999.000,9999.000,9999.000,9999.000,9999.000,9999.000
202608032036,  -0.044,  -0.059,9999.000,9999.000,9999.000,9999.000,9999.000,9999.000,9999.000
202608032042,  -0.047,  -0.068,9999.000,9999.000,9999.000,9999.000,9999.000,9999.000,9999.000
202608032048,  -0.050,  -0.068,9999.000,9999.000,9999.000,9999.000,9999.000,9999.000,9999.000
202608032054,  -0.053,  -0.059,9999.000,9999.000,9999.000,9999.000,9999.000,9999.000,9999.000
202608032100,  -0.057,  -0.068,   0.000,  -0.011,  -0.068,   0.000,  -0.068,   0.000,  -0.068
202608032106,  -0.060,  -0.068,9999.000,9999.000,9999.000,9999.000,9999.000,9999.000,9999.000
202608032112,  -0.063,  -0.068,9999.000,9999.000,9999.000,9999.000,9999.000,9999.000,9999.000
202608032118,  -0.065,  -0.068,9999.000,9999.000,9999.000,9999.000,9999.000,9999.000,9999.000
202608032124,  -0.068,  -0.068,9999.000,9999.000,9999.000,9999.000,9999.000,9999.000,9999.000
202608032130,  -0.071,  -0.068,9999.000,9999.000,9999.000,9999.000,9999.000,9999.000,9999.000
202608032136,  -0.074,  -0.078,9999.000,9999.000,9999.000,9999.000,9999.000,9999.000,9999.000
202608032142,  -0.076,  -0.068,9999.000,9999.000,9999.000,9999.000,9999.000,9999.000,9999.000
202608032148,  -0.079,  -0.068,9999.000,9999.000,9999.000,9999.000,9999.000,9999.000,9999.000
202608032154,  -0.081,  -0.068,9999.000,9999.000,9999.000,9999.000,9999.000,9999.000,9999.000
202608032200,  -0.083,  -0.068,   0.000,   0.015,  -0.068,   0.000,  -0.068,   0.000,  -0.068
202608032206,  -0.085,  -0.059,9999.000,9999.000,9999.000,9999.000,9999.000,9999.000,9999.000
202608032212,  -0.087,  -0.059,9999.000,9999.000,9999.000,9999.000,9999.000,9999.000,9999.000
202608032218,  -0.089,  -0.068,9999.000,9999.000,9999.000,9999.000,9999.000,9999.000,9999.000
202608032224,  -0.091,  -0.068,9999.000,9999.000,9999.000,9999.000,9999.000,9999.000,9999.000
202608032230,  -0.093,  -0.068,9999.000,9999.000,9999.000,9999.000,9999.000,9999.000,9999.000
202608032236,  -0.094,  -0.068,9999.000,9999.000,9999.000,9999.000,9999.000,9999.000,9999.000
202608032242,  -0.096,  -0.078,9999.000,9999.000,9999.000,9999.000,9999.000,9999.000,9999.000
202608032248,  -0.097,  -0.068,9999.000,9999.000,9999.000,9999.000,9999.000,9999.000,9999.000
202608032254,  -0.098,  -0.078,9999.000,9999.000,9999.000,9999.000,9999.000,9999.000,9999.000
202608032300,  -0.099,  -0.068,   0.000,   0.031,  -0.068,   0.000,  -0.068,   0.000,  -0.068
202608032306,  -0.100,  -0.068,9999.000,9999.000,9999.000,9999.000,9999.000,9999.000,9999.000
202608032312,  -0.101,  -0.068,9999.000,9999.000,9999.000,9999.000,9999.000,9999.000,9999.000
202608032318,  -0.102,  -0.068,9999.000,9999.000,9999.000,9999.000,9999.000,9999.000,9999.000
202608032324,  -0.102,  -0.068,9999.000,9999.000,9999.000,9999.000,9999.000,9999.000,9999.000
202608032330,  -0.103,  -0.068,9999.000,9999.000,9999.000,9999.000,9999.000,9999.000,9999.000
202608032336,  -0.103,  -0.078,9999.000,9999.000,9999.000,9999.000,9999.000,9999.000,9999.000
202608032342,  -0.103,  -0.068,9999.000,9999.000,9999.000,9999.000,9999.000,9999.000,9999.000
202608032348,  -0.103,  -0.059,9999.000,9999.000,9999.000,9999.000,9999.000,9999.000,9999.000
202608032354,  -0.103,  -0.059,9999.000,9999.000,9999.000,9999.000,9999.000,9999.000,9999.000
202608040000,  -0.103,  -0.059,   0.100,  -0.056,  -0.059,   0.100,  -0.059,   0.200,   0.041
202608040006,  -0.103,  -0.059,9999.000,9999.000,9999.000,9999.000,9999.000,9999.000,9999.000
202608040012,  -0.102,  -0.049,9999.000,9999.000,9999.000,9999.000,9999.000,9999.000,9999.000
202608040018,  -0.102,  -0.039,9999.000,9999.000,9999.000,9999.000,9999.000,9999.000,9999.000
202608040024,  -0.101,  -0.029,9999.000,9999.000,9999.000,9999.000,9999.000,9999.000,9999.000
202608040030,  -0.100,  -0.029,9999.000,9999.000,9999.000,9999.000,9999.000,9999.000,9999.000
202608040036,  -0.100,  -0.029,9999.000,9999.000,9999.000,9999.000,9999.000,9999.000,9999.000
202608040042,  -0.099,  -0.019,9999.000,9999.000,9999.000,9999.000,9999.000,9999.000,9999.000
202608040048,  -0.098,  -0.009,9999.000,9999.000,9999.000,9999.000,9999.000,9999.000,9999.000
202608040054,  -0.097,  -0.019,9999.000,9999.000,9999.000,9999.000,9999.000,9999.000,9999.000
202608040100,  -0.095,  -0.009,   0.100,  -0.014,  -0.009,   0.100,  -0.009,   0.200,   0.091
202608040106,  -0.094,   0.000,9999.000,9999.000,9999.000,9999.000,9999.000,9999.000,9999.000
202608040112,  -0.093,   0.000,9999.000,9999.000,9999.000,9999.000,9999.000,9999.000,9999.000
202608040118,  -0.091,  -0.009,9999.000,9999.000,9999.000,9999.000,9999.000,9999.000,9999.000
202608040124,  -0.089,   0.000,9999.000,9999.000,9999.000,9999.000,9999.000,9999.000,9999.000
202608040130,  -0.088,   0.009,9999.000,9999.000,9999.000,9999.000,9999.000,9999.000,9999.000
202608040136,  -0.086,   0.009,9999.000,9999.000,9999.000,9999.000,9999.000,9999.000,9999.000
202608040142,  -0.084,   0.019,9999.000,9999.000,9999.000,9999.000,9999.000,9999.000,9999.000
202608040148,  -0.082,   0.019,9999.000,9999.000,9999.000,9999.000,9999.000,9999.000,9999.000
202608040154,  -0.080,   0.019,9999.000,9999.000,9999.000,9999.000,9999.000,9999.000,9999.000
202608040200,  -0.078,   0.029,   0.100,   0.007,   0.029,   0.100,   0.029,   0.100,   0.029
202608040206,  -0.076,   0.019,9999.000,9999.000,9999.000,9999.000,9999.000,9999.000,9999.000
202608040212,  -0.074,   0.019,9999.000,9999.000,9999.000,9999.000,9999.000,9999.000,9999.000
202608040218,  -0.072,   0.029,9999.000,9999.000,9999.000,9999.000,9999.000,9999.000,9999.000
202608040224,  -0.070,   0.029,9999.000,9999.000,9999.000,9999.000,9999.000,9999.000,9999.000
202608040230,  -0.068,   0.039,9999.000,9999.000,9999.000,9999.000,9999.000,9999.000,9999.000
202608040236,  -0.065,   0.029,9999.000,9999.000,9999.000,9999.000,9999.000,9999.000,9999.000
202608040242,  -0.063,   0.039,9999.000,9999.000,9999.000,9999.000,9999.000,9999.000,9999.000
202608040248,  -0.060,   0.029,9999.000,9999.000,9999.000,9999.000,9999.000,9999.000,9999.000
202608040254,  -0.058,   0.039,9999.000,9999.000,9999.000,9999.000,9999.000,9999.000,9999.000
202608040300,  -0.056,   0.049,   0.100,   0.005,   0.049,   0.100,   0.049,   0.100,   0.049
202608040306,  -0.053,   0.049,9999.000,9999.000,9999.000,9999.000,9999.000,9999.000,9999.000
202608040312,  -0.051,   0.049,9999.000,9999.000,9999.000,9999.000,9999.000,9999.000,9999.000
202608040318,  -0.048,   0.049,9999.000,9999.000,9999.000,9999.000,9999.000,9999.000,9999.000
202608040324,  -0.046,   0.059,9999.000,9999.000,9999.000,9999.000,9999.000,9999.000,9999.000
202608040330,  -0.043,   0.059,9999.000,9999.000,9999.000,9999.000,9999.000,9999.000,9999.000
202608040336,  -0.041,   0.068,9999.000,9999.000,9999.000,9999.000,9999.000,9999.000,9999.000
202608040342,  -0.038,   0.059,9999.000,9999.000,9999.000,9999.000,9999.000,9999.000,9999.000
202608040348,  -0.036,   0.068,9999.000,9999.000,9999.000,9999.000,9999.000,9999.000,9999.000
202608040354,  -0.033,   0.068,9999.000,9999.000,9999.000,9999.000,9999.000,9999.000,9999.000
202608040400,  -0.031,   0.088,   0.100,   0.019,   0.088,   0.100,   0.088,   0.100,   0.088
202608040406,  -0.028,   0.088,9999.000,9999.000,9999.000,9999.000,9999.000,9999.000,9999.000
202608040412,  -0.026,   0.088,9999.000,9999.000,9999.000,9999.000,9999.000,9999.000,9999.000
202608040418,  -0.023,   0.049,9999.000,9999.000,9999.000,9999.000,9999.000,9999.000,9999.000
202608040424,  -0.021,   0.088,9999.000,9999.000,9999.000,9999.000,9999.000,9999.000,9999.000
202608040430,  -0.018,   0.088,9999.000,9999.000,9999.000,9999.000,9999.000,9999.000,9999.000
202608040436,  -0.016,   0.098,9999.000,9999.000,9999.000,9999.000,9999.000,9999.000,9999.000
202608040442,  -0.013,   0.098,9999.000,9999.000,9999.000,9999.000,9999.000,9999.000,9999.000
202608040448,  -0.011,   0.111,9999.000,9999.000,9999.000,9999.000,9999.000,9999.000,9999.000
202608040454,  -0.008,   0.098,9999.000,9999.000,9999.000,9999.000,9999.000,9999.000,9999.000
202608040500,  -0.006,   0.121,   0.100,   0.027,   0.121,   0.100,   0.121,   0.100,   0.121
202608040506,  -0.004,   0.121,9999.000,9999.000,9999.000,9999.000,9999.000,9999.000,9999.000
202608040512,  -0.001,   0.131,9999.000,9999.000,9999.000,9999.000,9999.000,9999.000,9999.000
202608040518,   0.000,   0.131,9999.000,9999.000,9999.000,9999.000,9999.000,9999.000,9999.000
202608040524,   0.002,   0.131,9999.000,9999.000,9999.000,9999.000,9999.000,9999.000,9999.000
202608040530,   0.004,   0.141,9999.000,9999.000,9999.000,9999.000,9999.000,9999.000,9999.000
202608040536,   0.007,   0.141,9999.000,9999.000,9999.000,9999.000,9999.000,9999.000,9999.000
202608040542,   0.009,   0.131,9999.000,9999.000,9999.000,9999.000,9999.000,9999.000,9999.000
202608040548,   0.011,   0.141,9999.000,9999.000,9999.000,9999.000,9999.000,9999.000,9999.000
202608040554,   0.013,   0.141,9999.000,9999.000,9999.000,9999.000,9999.000,9999.000,9999.000
202608040600,   0.015,   0.121,   0.200,  -0.094,   0.121,   0.200,   0.121,   0.200,   0.121
202608040606,   0.017,   0.141,9999.000,9999.000,9999.000,9999.000,9999.000,9999.000,9999.000
202608040612,   0.019,   0.141,9999.000,9999.000,9999.000,9999.000,9999.000,9999.000,9999.000
202608040618,   0.021,   0.141,9999.000,9999.000,9999.000,9999.000,9999.000,9999.000,9999.000
202608040624,   0.023,   0.141,9999.000,9999.000,9999.000,9999.000,9999.000,9999.000,9999.000
202608040630,   0.025,   0.141,9999.000,9999.000,9999.000,9999.000,9999.000,9999.000,9999.000
202608040636,   0.027,   0.141,9999.000,9999.000,9999.000,9999.000,9999.000,9999.000,9999.000
202608040642,   0.029,   0.141,9999.000,9999.000,9999.000,9999.000,9999.000,9999.000,9999.000
202608040648,   0.031,   0.141,9999.000,9999.000,9999.000,9999.000,9999.000,9999.000,9999.000
202608040654,   0.033,   0.141,9999.000,9999.000,9999.000,9999.000,9999.000,9999.000,9999.000
202608040700,   0.035,   0.141,   0.200,  -0.094,   0.141,   0.200,   0.141,   0.200,   0.141
202608040706,   0.036,   0.141,9999.000,9999.000,9999.000,9999.000,9999.000,9999.000,9999.000
202608040712,   0.038,   0.141,9999.000,9999.000,9999.000,9999.000,9999.000,9999.000,9999.000
202608040718,   0.040,   0.141,9999.000,9999.000,9999.000,9999.000,9999.000,9999.000,9999.000
202608040724,   0.042,   0.141,9999.000,9999.000,9999.000,9999.000,9999.000,9999.000,9999.000
202608040730,   0.043,   0.141,9999.000,9999.000,9999.000,9999.000,9999.000,9999.000,9999.000
202608040736,   0.045,   0.141,9999.000,9999.000,9999.000,9999.000,9999.000,9999.000,9999.000
202608040742,   0.047,   0.141,9999.000,9999.000,9999.000,9999.000,9999.000,9999.000,9999.000
202608040748,   0.048,   0.141,9999.000,9999.000,9999.000,9999.000,9999.000,9999.000,9999.000
202608040754,   0.050,   0.141,9999.000,9999.000,9999.000,9999.000,9999.000,9999.000,9999.000
202608040800,   0.052,   0.141,   0.200,  -0.111,   0.141,   0.200,   0.141,   0.200,   0.141
202608040806,   0.053,   0.141,9999.000,9999.000,9999.000,9999.000,9999.000,9999.000,9999.000
202608040812,   0.055,   0.141,9999.000,9999.000,9999.000,9999.000,9999.000,9999.000,9999.000
202608040818,   0.057,   0.141,9999.000,9999.000,9999.000,9999.000,9999.000,9999.000,9999.000
202608040824,   0.058,   0.150,9999.000,9999.000,9999.000,9999.000,9999.000,9999.000,9999.000
202608040830,   0.060,   0.150,9999.000,9999.000,9999.000,9999.000,9999.000,9999.000,9999.000
202608040836,   0.062,   0.150,9999.000,9999.000,9999.000,9999.000,9999.000,9999.000,9999.000
202608040842,   0.063,   0.150,9999.000,9999.000,9999.000,9999.000,9999.000,9999.000,9999.000
202608040848,   0.065,   0.160,9999.000,9999.000,9999.000,9999.000,9999.000,9999.000,9999.000
202608040854,   0.067,   0.160,9999.000,9999.000,9999.000,9999.000,9999.000,9999.000,9999.000
202608040900,   0.068,   0.160,   0.200,  -0.108,   0.160,   0.200,   0.160,   0.200,   0.160
202608040906,   0.070,   0.180,9999.000,9999.000,9999.000,9999.000,9999.000,9999.000,9999.000
202608040912,   0.072,   0.170,9999.000,9999.000,9999.000,9999.000,9999.000,9999.000,9999.000
202608040918,   0.073,   0.170,9999.000,9999.000,9999.000,9999.000,9999.000,9999.000,9999.000
202608040924,   0.075,   0.170,9999.000,9999.000,9999.000,9999.000,9999.000,9999.000,9999.000
202608040930,   0.076,   0.170,9999.000,9999.000,9999.000,9999.000,9999.000,9999.000,9999.000
202608040936,   0.078,   0.170,9999.000,9999.000,9999.000,9999.000,9999.000,9999.000,9999.000
202608040942,   0.080,   0.180,9999.000,9999.000,9999.000,9999.000,9999.000,9999.000,9999.000
202608040948,   0.081,   0.180,9999.000,9999.000,9999.000,9999.000,9999.000,9999.000,9999.000
202608040954,   0.083,   0.180,9999.000,9999.000,9999.000,9999.000,9999.000,9999.000,9999.000
202608041000,   0.085,   0.180,   0.200,  -0.105,   0.180,   0.200,   0.180,   0.200,   0.180
202608041006,   0.086,   0.190,9999.000,9999.000,9999.000,9999.000,9999.000,9999.000,9999.000
202608041012,   0.088,   0.190,9999.000,9999.000,9999.000,9999.000,9999.000,9999.000,9999.000
202608041018,   0.090,   0.190,9999.000,9999.000,9999.000,9999.000,9999.000,9999.000,9999.000
202608041024,   0.092,   0.180,9999.000,9999.000,9999.000,9999.000,9999.000,9999.000,9999.000
202608041030,   0.093,   0.200,9999.000,9999.000,9999.000,9999.000,9999.000,9999.000,9999.000
202608041036,   0.095,   0.200,9999.000,9999.000,9999.000,9999.000,9999.000,9999.000,9999.000
202608041042,   0.097,   0.209,9999.000,9999.000,9999.000,9999.000,9999.000,9999.000,9999.000
202608041048,   0.098,   0.209,9999.000,9999.000,9999.000,9999.000,9999.000,9999.000,9999.000
202608041054,   0.100,   0.219,9999.000,9999.000,9999.000,9999.000,9999.000,9999.000,9999.000
202608041100,   0.102,   0.219,   0.200,  -0.083,   0.219,   0.200,   0.219,   0.300,   0.319
202608041106,   0.103,   0.219,9999.000,9999.000,9999.000,9999.000,9999.000,9999.000,9999.000
202608041112,   0.105,   0.209,9999.000,9999.000,9999.000,9999.000,9999.000,9999.000,9999.000
202608041118,   0.107,   0.219,9999.000,9999.000,9999.000,9999.000,9999.000,9999.000,9999.000
202608041124,   0.108,   0.229,9999.000,9999.000,9999.000,9999.000,9999.000,9999.000,9999.000
202608041130,   0.110,   0.239,9999.000,9999.000,9999.000,9999.000,9999.000,9999.000,9999.000
202608041136,   0.111,   0.229,9999.000,9999.000,9999.000,9999.000,9999.000,9999.000,9999.000
202608041142,   0.113,   0.229,9999.000,9999.000,9999.000,9999.000,9999.000,9999.000,9999.000
202608041148,   0.115,   0.219,9999.000,9999.000,9999.000,9999.000,9999.000,9999.000,9999.000
202608041154,   0.116,   0.229,9999.000,9999.000,9999.000,9999.000,9999.000,9999.000,9999.000
202608041200,   0.118,   0.239,   0.300,  -0.179,   0.239,   0.300,   0.239,   0.400,   0.339
202608041206,   0.119,   0.239,9999.000,9999.000,9999.000,9999.000,9999.000,9999.000,9999.000
202608041212,   0.121,   0.239,9999.000,9999.000,9999.000,9999.000,9999.000,9999.000,9999.000
202608041218,   0.122,   0.239,9999.000,9999.000,9999.000,9999.000,9999.000,9999.000,9999.000
202608041224,   0.123,   0.229,9999.000,9999.000,9999.000,9999.000,9999.000,9999.000,9999.000
202608041230,   0.125,   0.239,9999.000,9999.000,9999.000,9999.000,9999.000,9999.000,9999.000
202608041236,   0.126,   0.239,9999.000,9999.000,9999.000,9999.000,9999.000,9999.000,9999.000
202608041242,   0.127,   0.229,9999.000,9999.000,9999.000,9999.000,9999.000,9999.000,9999.000
202608041248,   0.128,   0.219,9999.000,9999.000,9999.000,9999.000,9999.000,9999.000,9999.000
202608041254,   0.129,   0.229,9999.000,9999.000,9999.000,9999.000,9999.000,9999.000,9999.000
202608041300,   0.131,   0.219,   0.300,  -0.212,   0.219,   0.300,   0.219,   0.400,   0.319
202608041306,   0.132,   0.229,9999.000,9999.000,9999.000,9999.000,9999.000,9999.000,9999.000
202608041312,   0.132,   0.229,9999.000,9999.000,9999.000,9999.000,9999.000,9999.000,9999.000
202608041318,   0.133,   0.229,9999.000,9999.000,9999.000,9999.000,9999.000,9999.000,9999.000
202608041324,   0.134,   0.229,9999.000,9999.000,9999.000,9999.000,9999.000,9999.000,9999.000
202608041330,   0.135,   0.219,9999.000,9999.000,9999.000,9999.000,9999.000,9999.000,9999.000
202608041336,   0.136,   0.219,9999.000,9999.000,9999.000,9999.000,9999.000,9999.000,9999.000
202608041342,   0.136,   0.219,9999.000,9999.000,9999.000,9999.000,9999.000,9999.000,9999.000
202608041348,   0.137,   0.219,9999.000,9999.000,9999.000,9999.000,9999.000,9999.000,9999.000
202608041354,   0.137,   0.219,9999.000,9999.000,9999.000,9999.000,9999.000,9999.000,9999.000
202608041400,   0.137,   0.200,   0.300,  -0.237,   0.200,   0.300,   0.200,   0.400,   0.300
202608041406,   0.138,   0.209,9999.000,9999.000,9999.000,9999.000,9999.000,9999.000,9999.000
202608041412,   0.138,   0.209,9999.000,9999.000,9999.000,9999.000,9999.000,9999.000,9999.000
202608041418,   0.138,   0.219,9999.000,9999.000,9999.000,9999.000,9999.000,9999.000,9999.000
202608041424,   0.138,   0.219,9999.000,9999.000,9999.000,9999.000,9999.000,9999.000,9999.000
202608041430,   0.137,   0.209,9999.000,9999.000,9999.000,9999.000,9999.000,9999.000,9999.000
202608041436,   0.137,   0.209,9999.000,9999.000,9999.000,9999.000,9999.000,9999.000,9999.000
202608041442,   0.137,   0.209,9999.000,9999.000,9999.000,9999.000,9999.000,9999.000,9999.000
202608041448,   0.136,   0.219,9999.000,9999.000,9999.000,9999.000,9999.000,9999.000,9999.000
202608041454,   0.136,   0.209,9999.000,9999.000,9999.000,9999.000,9999.000,9999.000,9999.000
202608041500,   0.135,   0.209,   0.300,  -0.226,   0.209,   0.300,   0.209,   0.400,   0.309
202608041506,   0.134,   0.209,9999.000,9999.000,9999.000,9999.000,9999.000,9999.000,9999.000
202608041512,   0.133,   0.200,9999.000,9999.000,9999.000,9999.000,9999.000,9999.000,9999.000
202608041518,   0.132,   0.200,9999.000,9999.000,9999.000,9999.000,9999.000,9999.000,9999.000
202608041524,   0.131,   0.190,9999.000,9999.000,9999.000,9999.000,9999.000,9999.000,9999.000
202608041530,   0.129,   0.190,9999.000,9999.000,9999.000,9999.000,9999.000,9999.000,9999.000
202608041536,   0.128,   0.190,9999.000,9999.000,9999.000,9999.000,9999.000,9999.000,9999.000
202608041542,   0.126,   0.180,9999.000,9999.000,9999.000,9999.000,9999.000,9999.000,9999.000
202608041548,   0.125,   0.180,9999.000,9999.000,9999.000,9999.000,9999.000,9999.000,9999.000
202608041554,   0.123,   0.180,9999.000,9999.000,9999.000,9999.000,9999.000,9999.000,9999.000
202608041600,   0.121,   0.180,   0.300,  -0.241,   0.180,   0.300,   0.180,   0.300,   0.180
202608041606,   0.119,   0.190,9999.000,9999.000,9999.000,9999.000,9999.000,9999.000,9999.000
202608041612,   0.117,   0.190,9999.000,9999.000,9999.000,9999.000,9999.000,9999.000,9999.000
202608041618,   0.114,   0.190,9999.000,9999.000,9999.000,9999.000,9999.000,9999.000,9999.000
202608041624,   0.112,   0.190,9999.000,9999.000,9999.000,9999.000,9999.000,9999.000,9999.000
202608041630,   0.109,   0.200,9999.000,9999.000,9999.000,9999.000,9999.000,9999.000,9999.000
202608041636,   0.107,   0.190,9999.000,9999.000,9999.000,9999.000,9999.000,9999.000,9999.000
202608041642,   0.104,   0.200,9999.000,9999.000,9999.000,9999.000,9999.000,9999.000,9999.000
202608041648,   0.101,   0.190,9999.000,9999.000,9999.000,9999.000,9999.000,9999.000,9999.000
202608041654,   0.098,   0.190,9999.000,9999.000,9999.000,9999.000,9999.000,9999.000,9999.000
202608041700,   0.095,   0.180,   0.300,  -0.215,   0.180,   0.300,   0.180,   0.300,   0.180
202608041706,   0.091,   0.180,9999.000,9999.000,9999.000,9999.000,9999.000,9999.000,9999.000
202608041712,   0.088,   0.180,9999.000,9999.000,9999.000,9999.000,9999.000,9999.000,9999.000
202608041718,   0.084,   0.170,9999.000,9999.000,9999.000,9999.000,9999.000,9999.000,9999.000
202608041724,   0.081,   0.170,9999.000,9999.000,9999.000,9999.000,9999.000,9999.000,9999.000
202608041730,   0.077,   0.160,9999.000,9999.000,9999.000,9999.000,9999.000,9999.000,9999.000
202608041736,   0.073,   0.160,9999.000,9999.000,9999.000,9999.000,9999.000,9999.000,9999.000
202608041742,   0.069,   0.160,9999.000,9999.000,9999.000,9999.000,9999.000,9999.000,9999.000
202608041748,   0.065,   0.150,9999.000,9999.000,9999.000,9999.000,9999.000,9999.000,9999.000
202608041754,   0.061,   0.141,9999.000,9999.000,9999.000,9999.000,9999.000,9999.000,9999.000
202608041800,   0.057,   0.141,   0.300,  -0.216,   0.141,   0.300,   0.141,   0.300,   0.141
202608041806,   0.053,   0.141,9999.000,9999.000,9999.000,9999.000,9999.000,9999.000,9999.000
202608041812,   0.048,   0.141,9999.000,9999.000,9999.000,9999.000,9999.000,9999.000,9999.000
202608041818,   0.044,   0.131,9999.000,9999.000,9999.000,9999.000,9999.000,9999.000,9999.000
202608041824,   0.040,   0.121,9999.000,9999.000,9999.000,9999.000,9999.000,9999.000,9999.000
202608041830,   0.035,   0.121,9999.000,9999.000,9999.000,9999.000,9999.000,9999.000,9999.000
202608041836,   0.030,   2.148,9999.000,9999.000,9999.000,9999.000,9999.000,9999.000,9999.000
202608041842,   0.026,   2.158,9999.000,9999.000,9999.000,9999.000,9999.000,9999.000,9999.000
202608041848,   0.021,   2.158,9999.000,9999.000,9999.000,9999.000,9999.000,9999.000,9999.000
202608041854,   0.016,   2.148,9999.000,9999.000,9999.000,9999.000,9999.000,9999.000,9999.000
202608041900,   0.012,   2.148,   0.300,   1.836,   2.148,   0.200,   2.048,   0.300,   2.148
202608041906,   0.007,   2.138,9999.000,9999.000,9999.000,9999.000,9999.000,9999.000,9999.000
202608041912,   0.002,   2.128,9999.000,9999.000,9999.000,9999.000,9999.000,9999.000,9999.000
202608041918,  -0.002,   2.118,9999.000,9999.000,9999.000,9999.000,9999.000,9999.000,9999.000
202608041924,  -0.007,   2.118,9999.000,9999.000,9999.000,9999.000,9999.000,9999.000,9999.000
202608041930,  -0.012,   2.099,9999.000,9999.000,9999.000,9999.000,9999.000,9999.000,9999.000
202608041936,  -0.017,   2.099,9999.000,9999.000,9999.000,9999.000,9999.000,9999.000,9999.000
202608041942,  -0.022,   2.089,9999.000,9999.000,9999.000,9999.000,9999.000,9999.000,9999.000
202608041948,  -0.026,   2.089,9999.000,9999.000,9999.000,9999.000,9999.000,9999.000,9999.000
202608041954,  -0.031,   2.079,9999.000,9999.000,9999.000,9999.000,9999.000,9999.000,9999.000
202608042000,  -0.036,   0.570,   0.300,   0.306,   0.570,   0.200,   0.470,   0.300,   0.570
202608042006,  -0.041,  -0.019,9999.000,9999.000,9999.000,9999.000,9999.000,9999.000,9999.000
202608042012,  -0.046,  -0.019,9999.000,9999.000,9999.000,9999.000,9999.000,9999.000,9999.000
202608042018,  -0.050,  -0.029,9999.000,9999.000,9999.000,9999.000,9999.000,9999.000,9999.000
202608042024,  -0.055,  -0.029,9999.000,9999.000,9999.000,9999.000,9999.000,9999.000,9999.000
202608042030,  -0.060,  -0.049,9999.000,9999.000,9999.000,9999.000,9999.000,9999.000,9999.000
202608042036,  -0.064,  -0.039,9999.000,9999.000,9999.000,9999.000,9999.000,9999.000,9999.000
202608042042,  -0.069,  -0.039,9999.000,9999.000,9999.000,9999.000,9999.000,9999.000,9999.000
202608042048,  -0.073,  -0.049,9999.000,9999.000,9999.000,9999.000,9999.000,9999.000,9999.000
202608042054,  -0.078,  -0.059,9999.000,9999.000,9999.000,9999.000,9999.000,9999.000,9999.000
202608042100,  -0.082,  -0.068,   0.300,  -0.286,  -0.068,   0.200,  -0.168,   0.300,  -0.068
202608042106,  -0.086,  -0.068,9999.000,9999.000,9999.000,9999.000,9999.000,9999.000,9999.000
202608042112,  -0.090,  -0.068,9999.000,9999.000,9999.000,9999.000,9999.000,9999.000,9999.000
202608042118,  -0.094,  -0.068,9999.000,9999.000,9999.000,9999.000,9999.000,9999.000,9999.000
202608042124,  -0.098,  -0.088,9999.000,9999.000,9999.000,9999.000,9999.000,9999.000,9999.000
202608042130,  -0.102,  -0.068,9999.000,9999.000,9999.000,9999.000,9999.000,9999.000,9999.000
202608042136,  -0.106,  -0.088,9999.000,9999.000,9999.000,9999.000,9999.000,9999.000,9999.000
202608042142,  -0.110,  -0.078,9999.000,9999.000,9999.000,9999.000,9999.000,9999.000,9999.000
202608042148,  -0.113,  -0.068,9999.000,9999.000,9999.000,9999.000,9999.000,9999.000,9999.000
202608042154,  -0.117,  -0.088,9999.000,9999.000,9999.000,9999.000,9999.000,9999.000,9999.000
202608042200,  -0.120,  -0.088,   0.200,  -0.168,  -0.088,   0.200,  -0.088,   0.300,   0.012
202608042206,  -0.123,  -0.088,9999.000,9999.000,9999.000,9999.000,9999.000,9999.000,9999.000
202608042212,  -0.126,  -0.098,9999.000,9999.000,9999.000,9999.000,9999.000,9999.000,9999.000
202608042218,  -0.129,  -0.098,9999.000,9999.000,9999.000,9999.000,9999.000,9999.000,9999.000
202608042224,  -0.132,  -0.098,9999.000,9999.000,9999.000,9999.000,9999.000,9999.000,9999.000
202608042230,  -0.134,  -0.078,9999.000,9999.000,9999.000,9999.000,9999.000,9999.000,9999.000
202608042236,  -0.137,  -0.098,9999.000,9999.000,9999.000,9999.000,9999.000,9999.000,9999.000
202608042242,  -0.139,  -0.098,9999.000,9999.000,9999.000,9999.000,9999.000,9999.000,9999.000
202608042248,  -0.141,  -0.098,9999.000,9999.000,9999.000,9999.000,9999.000,9999.000,9999.000
202608042254,  -0.143,  -0.098,9999.000,9999.000,9999.000,9999.000,9999.000,9999.000,9999.000
202608042300,  -0.145,  -0.098,   0.200,  -0.153,  -0.098,   0.200,  -0.098,   0.200,  -0.098
202608042306,  -0.147,  -0.088,9999.000,9999.000,9999.000,9999.000,9999.000,9999.000,9999.000
202608042312,  -0.148,  -0.088,9999.000,9999.000,9999.000,9999.000,9999.000,9999.000,9999.000
202608042318,  -0.150,  -0.088,9999.000,9999.000,9999.000,9999.000,9999.000,9999.000,9999.000
202608042324,  -0.151,  -0.088,9999.000,9999.000,9999.000,9999.000,9999.000,9999.000,9999.000
202608042330,  -0.152,  -0.088,9999.000,9999.000,9999.000,9999.000,9999.000,9999.000,9999.000
202608042336,  -0.153,  -0.078,9999.000,9999.000,9999.000,9999.000,9999.000,9999.000,9999.000
202608042342,  -0.154,  -0.078,9999.000,9999.000,9999.000,9999.000,9999.000,9999.000,9999.000
202608042348,  -0.154,  -0.078,9999.000,9999.000,9999.000,9999.000,9999.000,9999.000,9999.000
202608042354,  -0.155,  -0.078,9999.000,9999.000,9999.000,9999.000,9999.000,9999.000,9999.000
202608050000,  -0.155,  -0.078,   0.300,  -0.223,  -0.078,   0.200,  -0.178,   0.300,  -0.078
202608050006,  -0.155,  -0.068,9999.000,9999.000,9999.000,9999.000,9999.000,9999.000,9999.000
202608050012,  -0.155,  -0.068,9999.000,9999.000,9999.000,9999.000,9999.000,9999.000,9999.000
202608050018,  -0.155,  -0.068,9999.000,9999.000,9999.000,9999.000,9999.000,9999.000,9999.000
202608050024,  -0.155,  -0.068,9999.000,9999.000,9999.000,9999.000,9999.000,9999.000,9999.000
202608050030,  -0.154,  -0.059,9999.000,9999.000,9999.000,9999.000,9999.000,9999.000,9999.000
202608050036,  -0.153,  -0.059,9999.000,9999.000,9999.000,9999.000,9999.000,9999.000,9999.000
202608050042,  -0.153,  -0.059,9999.000,9999.000,9999.000,9999.000,9999.000,9999.000,9999.000
202608050048,  -0.152,  -0.059,9999.000,9999.000,9999.000,9999.000,9999.000,9999.000,9999.000
202608050054,  -0.151,  -0.039,9999.000,9999.000,9999.000,9999.000,9999.000,9999.000,9999.000
202608050100,  -0.149,  -0.039,   0.300,  -0.190,  -0.039,   0.200,  -0.139,   0.300,  -0.039
202608050106,  -0.148,  -0.039,9999.000,9999.000,9999.000,9999.000,9999.000,9999.000,9999.000
202608050112,  -0.146,  -0.039,9999.000,9999.000,9999.000,9999.000,9999.000,9999.000,9999.000
202608050118,  -0.145,  -0.039,9999.000,9999.000,9999.000,9999.000,9999.000,9999.000,9999.000
202608050124,  -0.143,  -0.029,9999.000,9999.000,9999.000,9999.000,9999.000,9999.000,9999.000
202608050130,  -0.141,  -0.029,9999.000,9999.000,9999.000,9999.000,9999.000,9999.000,9999.000
202608050136,  -0.139,  -0.029,9999.000,9999.000,9999.000,9999.000,9999.000,9999.000,9999.000
202608050142,  -0.137,  -0.029,9999.000,9999.000,9999.000,9999.000,9999.000,9999.000,9999.000
202608050148,  -0.135,  -0.019,9999.000,9999.000,9999.000,9999.000,9999.000,9999.000,9999.000
202608050154,  -0.132,  -0.019,9999.000,9999.000,9999.000,9999.000,9999.000,9999.000,9999.000
202608050200,  -0.130,  -0.019,   0.300,  -0.189,  -0.019,   0.200,  -0.119,   0.300,  -0.019
202608050206,  -0.127,  -0.019,9999.000,9999.000,9999.000,9999.000,9999.000,9999.000,9999.000
202608050212,  -0.124,  -0.009,9999.000,9999.000,9999.000,9999.000,9999.000,9999.000,9999.000
202608050218,  -0.122,  -0.009,9999.000,9999.000,9999.000,9999.000,9999.000,9999.000,9999.000
202608050224,  -0.119,  -0.009,9999.000,9999.000,9999.000,9999.000,9999.000,9999.000,9999.000
202608050230,  -0.116,  -0.009,9999.000,9999.000,9999.000,9999.000,9999.000,9999.000,9999.000
202608050236,  -0.112,   0.000,9999.000,9999.000,9999.000,9999.000,9999.000,9999.000,9999.000
202608050242,  -0.109,   0.000,9999.000,9999.000,9999.000,9999.000,9999.000,9999.000,9999.000
202608050248,  -0.106,   0.000,9999.000,9999.000,9999.000,9999.000,9999.000,9999.000,9999.000
202608050254,  -0.103,   0.000,9999.000,9999.000,9999.000,9999.000,9999.000,9999.000,9999.000
202608050300,  -0.099,   0.000,   0.300,  -0.201,   0.000,   0.200,  -0.100,   0.300,   0.000
202608050306,  -0.096,   0.000,9999.000,9999.000,9999.000,9999.000,9999.000,9999.000,9999.000
202608050312,  -0.092,   0.009,9999.000,9999.000,9999.000,9999.000,9999.000,9999.000,9999.000
202608050318,  -0.089,   0.019,9999.000,9999.000,9999.000,9999.000,9999.000,9999.000,9999.000
202608050324,  -0.085,   0.019,9999.000,9999.000,9999.000,9999.000,9999.000,9999.000,9999.000
202608050330,  -0.081,   0.019,9999.000,9999.000,9999.000,9999.000,9999.000,9999.000,9999.000
202608050336,  -0.078,   0.019,9999.000,9999.000,9999.000,9999.000,9999.000,9999.000,9999.000
202608050342,  -0.074,   0.019,9999.000,9999.000,9999.000,9999.000,9999.000,9999.000,9999.000
202608050348,  -0.070,   0.019,9999.000,9999.000,9999.000,9999.000,9999.000,9999.000,9999.000
202608050354,  -0.066,   0.029,9999.000,9999.000,9999.000,9999.000,9999.000,9999.000,9999.000
202608050400,  -0.062,   0.039,   0.300,  -0.199,   0.039,   0.200,  -0.061,   0.300,   0.039
202608050406,  -0.058,   0.039,9999.000,9999.000,9999.000,9999.000,9999.000,9999.000,9999.000
202608050412,  -0.054,   0.049,9999.000,9999.000,9999.000,9999.000,9999.000,9999.000,9999.000
202608050418,  -0.050,   0.049,9999.000,9999.000,9999.000,9999.000,9999.000,9999.000,9999.000
202608050424,  -0.046,   0.062,9999.000,9999.000,9999.000,9999.000,9999.000,9999.000,9999.000
202608050430,  -0.042,9999.000,9999.000,9999.000,9999.000,9999.000,9999.000,9999.000,9999.000
202608050436,  -0.038,9999.000,9999.000,9999.000,9999.000,9999.000,9999.000,9999.000,9999.000
202608050442,  -0.034,9999.000,9999.000,9999.000,9999.000,9999.000,9999.000,9999.000,9999.000
202608050448,  -0.030,9999.000,9999.000,9999.000,9999.000,9999.000,9999.000,9999.000,9999.000
202608050454,  -0.026,   0.049,9999.000,9999.000,9999.000,9999.000,9999.000,9999.000,9999.000
202608050500,  -0.022,   0.059,   0.300,  -0.219,   0.059,   0.200,  -0.041,   0.300,   0.059
202608050506,  -0.018,   0.068,9999.000,9999.000,9999.000,9999.000,9999.000,9999.000,9999.000
202608050512,  -0.014,   0.068,9999.000,9999.000,9999.000,9999.000,9999.000,9999.000,9999.000
202608050518,  -0.010,   0.068,9999.000,9999.000,9999.000,9999.000,9999.000,9999.000,9999.000
202608050524,  -0.006,   0.088,9999.000,9999.000,9999.000,9999.000,9999.000,9999.000,9999.000
202608050530,  -0.002,   0.088,9999.000,9999.000,9999.000,9999.000,9999.000,9999.000,9999.000
202608050536,   0.001,   0.088,9999.000,9999.000,9999.000,9999.000,9999.000,9999.000,9999.000
202608050542,   0.005,   0.088,9999.000,9999.000,9999.000,9999.000,9999.000,9999.000,9999.000
202608050548,   0.009,   0.098,9999.000,9999.000,9999.000,9999.000,9999.000,9999.000,9999.000
202608050554,   0.013,   0.111,9999.000,9999.000,9999.000,9999.000,9999.000,9999.000,9999.000
202608050600,   0.017,   0.111,   0.300,  -0.206,   0.111,   0.200,   0.011,   0.300,   0.111
202608050606,   0.021,   0.121,9999.000,9999.000,9999.000,9999.000,9999.000,9999.000,9999.000
202608050612,   0.024,9999.000,9999.000,9999.000,9999.000,9999.000,9999.000,9999.000,9999.000
202608050618,   0.028,9999.000,9999.000,9999.000,9999.000,9999.000,9999.000,9999.000,9999.000
202608050624,   0.032,   0.150,9999.000,9999.000,9999.000,9999.000,9999.000,9999.000,9999.000
202608050630,   0.036,9999.000,9999.000,9999.000,9999.000,9999.000,9999.000,9999.000,9999.000
202608050636,   0.039,9999.000,9999.000,9999.000,9999.000,9999.000,9999.000,9999.000,9999.000
202608050642,   0.043,9999.000,9999.000,9999.000,9999.000,9999.000,9999.000,9999.000,9999.000
202608050648,   0.047,9999.000,9999.000,9999.000,9999.000,9999.000,9999.000,9999.000,9999.000
202608050654,   0.050,   0.141,9999.000,9999.000,9999.000,9999.000,9999.000,9999.000,9999.000
202608050700,   0.054,   0.150,   0.300,  -0.204,   0.150,   0.200,   0.050,   0.300,   0.150
202608050706,   0.058,   0.141,9999.000,9999.000,9999.000,9999.000,9999.000,9999.000,9999.000
202608050712,   0.061,   0.160,9999.000,9999.000,9999.000,9999.000,9999.000,9999.000,9999.000
202608050718,   0.065,   0.170,9999.000,9999.000,9999.000,9999.000,9999.000,9999.000,9999.000
202608050724,   0.068,   0.160,9999.000,9999.000,9999.000,9999.000,9999.000,9999.000,9999.000
202608050730,   0.071,   0.160,9999.000,9999.000,9999.000,9999.000,9999.000,9999.000,9999.000
202608050736,   0.075,   0.170,9999.000,9999.000,9999.000,9999.000,9999.000,9999.000,9999.000
202608050742,   0.078,   0.170,9999.000,9999.000,9999.000,9999.000,9999.000,9999.000,9999.000
202608050748,   0.081,   0.180,9999.000,9999.000,9999.000,9999.000,9999.000,9999.000,9999.000
202608050754,   0.085,   0.190,9999.000,9999.000,9999.000,9999.000,9999.000,9999.000,9999.000
202608050800,   0.088,   0.190,   0.300,  -0.198,   0.190,   0.300,   0.190,   0.300,   0.190
202608050806,   0.091,   0.200,9999.000,9999.000,9999.000,9999.000,9999.000,9999.000,9999.000
202608050812,   0.094,   0.200,9999.000,9999.000,9999.000,9999.000,9999.000,9999.000,9999.000
202608050818,   0.097,   0.200,9999.000,9999.000,9999.000,9999.000,9999.000,9999.000,9999.000
202608050824,   0.100,   0.209,9999.000,9999.000,9999.000,9999.000,9999.000,9999.000,9999.000
202608050830,   0.103,   0.209,9999.000,9999.000,9999.000,9999.000,9999.000,9999.000,9999.000
202608050836,   0.106,   0.209,9999.000,9999.000,9999.000,9999.000,9999.000,9999.000,9999.000
202608050842,   0.109,   0.219,9999.000,9999.000,9999.000,9999.000,9999.000,9999.000,9999.000
202608050848,   0.112,   0.219,9999.000,9999.000,9999.000,9999.000,9999.000,9999.000,9999.000
202608050854,   0.115,   0.229,9999.000,9999.000,9999.000,9999.000,9999.000,9999.000,9999.000
202608050900,   0.118,   0.229,   0.300,  -0.189,   0.229,   0.300,   0.229,   0.300,   0.229
202608050906,   0.121,   0.229,9999.000,9999.000,9999.000,9999.000,9999.000,9999.000,9999.000
202608050912,   0.124,   0.229,9999.000,9999.000,9999.000,9999.000,9999.000,9999.000,9999.000
202608050918,   0.126,   0.229,9999.000,9999.000,9999.000,9999.000,9999.000,9999.000,9999.000
202608050924,   0.129,   0.239,9999.000,9999.000,9999.000,9999.000,9999.000,9999.000,9999.000
202608050930,   0.132,   0.239,9999.000,9999.000,9999.000,9999.000,9999.000,9999.000,9999.000
202608050936,   0.134,   0.239,9999.000,9999.000,9999.000,9999.000,9999.000,9999.000,9999.000
202608050942,   0.137,   0.239,9999.000,9999.000,9999.000,9999.000,9999.000,9999.000,9999.000
202608050948,   0.139,   0.239,9999.000,9999.000,9999.000,9999.000,9999.000,9999.000,9999.000
202608050954,   0.142,   0.239,9999.000,9999.000,9999.000,9999.000,9999.000,9999.000,9999.000
202608051000,   0.144,   0.249,   0.300,  -0.195,   0.249,   0.300,   0.249,   0.300,   0.249
202608051006,   0.147,   0.249,9999.000,9999.000,9999.000,9999.000,9999.000,9999.000,9999.000
202608051012,   0.149,   0.259,9999.000,9999.000,9999.000,9999.000,9999.000,9999.000,9999.000
202608051018,   0.152,   0.259,9999.000,9999.000,9999.000,9999.000,9999.000,9999.000,9999.000
202608051024,   0.154,   0.259,9999.000,9999.000,9999.000,9999.000,9999.000,9999.000,9999.000
202608051030,   0.156,   0.268,9999.000,9999.000,9999.000,9999.000,9999.000,9999.000,9999.000
202608051036,   0.159,   0.268,9999.000,9999.000,9999.000,9999.000,9999.000,9999.000,9999.000
202608051042,   0.161,   0.268,9999.000,9999.000,9999.000,9999.000,9999.000,9999.000,9999.000
202608051048,   0.163,   0.278,9999.000,9999.000,9999.000,9999.000,9999.000,9999.000,9999.000
202608051054,   0.165,   0.278,9999.000,9999.000,9999.000,9999.000,9999.000,9999.000,9999.000
202608051100,   0.167,   0.288,   0.300,  -0.179,   0.288,   0.300,   0.288,   0.300,   0.288
202608051106,   0.169,   0.278,9999.000,9999.000,9999.000,9999.000,9999.000,9999.000,9999.000
202608051112,   0.171,   0.288,9999.000,9999.000,9999.000,9999.000,9999.000,9999.000,9999.000
202608051118,   0.173,   1.279,9999.000,9999.000,9999.000,9999.000,9999.000,9999.000,9999.000
202608051124,   0.175,   0.298,9999.000,9999.000,9999.000,9999.000,9999.000,9999.000,9999.000
202608051130,   0.177,   0.298,9999.000,9999.000,9999.000,9999.000,9999.000,9999.000,9999.000
202608051136,   0.179,   0.298,9999.000,9999.000,9999.000,9999.000,9999.000,9999.000,9999.000
202608051142,   0.180,   0.308,9999.000,9999.000,9999.000,9999.000,9999.000,9999.000,9999.000
202608051148,   0.182,   0.308,9999.000,9999.000,9999.000,9999.000,9999.000,9999.000,9999.000
202608051154,   0.184,   0.308,9999.000,9999.000,9999.000,9999.000,9999.000,9999.000,9999.000
202608051200,   0.185,   0.321,   0.300,  -0.164,   0.321,   0.300,   0.321,   0.300,   0.321
202608051206,   0.187,   0.331,9999.000,9999.000,9999.000,9999.000,9999.000,9999.000,9999.000
202608051212,   0.188,   0.341,9999.000,9999.000,9999.000,9999.000,9999.000,9999.000,9999.000
202608051218,   0.189,   0.341,9999.000,9999.000,9999.000,9999.000,9999.000,9999.000,9999.000
202608051224,   0.191,   0.341,9999.000,9999.000,9999.000,9999.000,9999.000,9999.000,9999.000
202608051230,   0.192,   0.331,9999.000,9999.000,9999.000,9999.000,9999.000,9999.000,9999.000
202608051236,   0.193,   0.341,9999.000,9999.000,9999.000,9999.000,9999.000,9999.000,9999.000
202608051242,   0.194,   0.341,9999.000,9999.000,9999.000,9999.000,9999.000,9999.000,9999.000
202608051248,   0.195,   0.341,9999.000,9999.000,9999.000,9999.000,9999.000,9999.000,9999.000
202608051254,   0.196,   0.331,9999.000,9999.000,9999.000,9999.000,9999.000,9999.000,9999.000
202608051300,   0.197,   0.341,   0.300,  -0.156,   0.341,   0.300,   0.341,   0.300,   0.341
202608051306,   0.198,   0.341,9999.000,9999.000,9999.000,9999.000,9999.000,9999.000,9999.000
202608051312,   0.198,   0.331,9999.000,9999.000,9999.000,9999.000,9999.000,9999.000,9999.000
202608051318,   0.199,   0.341,9999.000,9999.000,9999.000,9999.000,9999.000,9999.000,9999.000
202608051324,   0.199,   0.350,9999.000,9999.000,9999.000,9999.000,9999.000,9999.000,9999.000
202608051330,   0.200,   0.350,9999.000,9999.000,9999.000,9999.000,9999.000,9999.000,9999.000
202608051336,   0.200,   0.350,9999.000,9999.000,9999.000,9999.000,9999.000,9999.000,9999.000
202608051342,   0.200,   0.350,9999.000,9999.000,9999.000,9999.000,9999.000,9999.000,9999.000
202608051348,   0.200,   0.350,9999.000,9999.000,9999.000,9999.000,9999.000,9999.000,9999.000
202608051354,   0.200,   0.350,9999.000,9999.000,9999.000,9999.000,9999.000,9999.000,9999.000
202608051400,   0.200,   0.350,   0.300,  -0.150,   0.350,   0.300,   0.350,   0.300,   0.350
202608051406,   0.200,   0.360,9999.000,9999.000,9999.000,9999.000,9999.000,9999.000,9999.000
202608051412,   0.199,   0.350,9999.000,9999.000,9999.000,9999.000,9999.000,9999.000,9999.000
202608051418,   0.199,   0.341,9999.000,9999.000,9999.000,9999.000,9999.000,9999.000,9999.000
202608051424,   0.198,   0.341,9999.000,9999.000,9999.000,9999.000,9999.000,9999.000,9999.000
202608051430,   0.197,   0.341,9999.000,9999.000,9999.000,9999.000,9999.000,9999.000,9999.000
202608051436,   0.196,   0.341,9999.000,9999.000,9999.000,9999.000,9999.000,9999.000,9999.000
202608051442,   0.195,   0.341,9999.000,9999.000,9999.000,9999.000,9999.000,9999.000,9999.000
202608051448,   0.194,   0.341,9999.000,9999.000,9999.000,9999.000,9999.000,9999.000,9999.000
202608051454,   0.193,   0.341,9999.000,9999.000,9999.000,9999.000,9999.000,9999.000,9999.000
202608051500,   0.192,   0.331,   0.300,  -0.161,   0.331,   0.300,   0.331,   0.300,   0.331
202608051506,   0.190,   0.331,9999.000,9999.000,9999.000,9999.000,9999.000,9999.000,9999.000
202608051512,   0.189,   0.331,9999.000,9999.000,9999.000,9999.000,9999.000,9999.000,9999.000
202608051518,   0.187,   0.341,9999.000,9999.000,9999.000,9999.000,9999.000,9999.000,9999.000
202608051524,   0.185,   0.331,9999.000,9999.000,9999.000,9999.000,9999.000,9999.000,9999.000
202608051530,   0.183,   0.331,9999.000,9999.000,9999.000,9999.000,9999.000,9999.000,9999.000
202608051536,   0.181,   0.331,9999.000,9999.000,9999.000,9999.000,9999.000,9999.000,9999.000
202608051542,   0.179,   0.331,9999.000,9999.000,9999.000,9999.000,9999.000,9999.000,9999.000
202608051548,   0.176,   0.331,9999.000,9999.000,9999.000,9999.000,9999.000,9999.000,9999.000
202608051554,   0.174,   0.308,9999.000,9999.000,9999.000,9999.000,9999.000,9999.000,9999.000
202608051600,   0.171,   0.321,   0.300,  -0.150,   0.321,   0.300,   0.321,   0.300,   0.321
202608051606,   0.168,   0.321,9999.000,9999.000,9999.000,9999.000,9999.000,9999.000,9999.000
202608051612,   0.165,   0.321,9999.000,9999.000,9999.000,9999.000,9999.000,9999.000,9999.000
202608051618,   0.162,   0.308,9999.000,9999.000,9999.000,9999.000,9999.000,9999.000,9999.000
202608051624,   0.159,   0.321,9999.000,9999.000,9999.000,9999.000,9999.000,9999.000,9999.000
202608051630,   0.155,   0.308,9999.000,9999.000,9999.000,9999.000,9999.000,9999.000,9999.000
202608051636,   0.152,   0.308,9999.000,9999.000,9999.000,9999.000,9999.000,9999.000,9999.000
202608051642,   0.148,   0.298,9999.000,9999.000,9999.000,9999.000,9999.000,9999.000,9999.000
202608051648,   0.144,   0.308,9999.000,9999.000,9999.000,9999.000,9999.000,9999.000,9999.000
202608051654,   0.141,   0.298,9999.000,9999.000,9999.000,9999.000,9999.000,9999.000,9999.000
202608051700,   0.137,   0.298,   0.300,  -0.139,   0.298,   0.300,   0.298,   0.300,   0.298
202608051706,   0.132,   0.288,9999.000,9999.000,9999.000,9999.000,9999.000,9999.000,9999.000
202608051712,   0.128,   0.288,9999.000,9999.000,9999.000,9999.000,9999.000,9999.000,9999.000
202608051718,   0.124,   0.278,9999.000,9999.000,9999.000,9999.000,9999.000,9999.000,9999.000
202608051724,   0.119,   0.278,9999.000,9999.000,9999.000,9999.000,9999.000,9999.000,9999.000
202608051730,   0.115,   0.278,9999.000,9999.000,9999.000,9999.000,9999.000,9999.000,9999.000
202608051736,   0.110,   0.278,9999.000,9999.000,9999.000,9999.000,9999.000,9999.000,9999.000
202608051742,   0.105,   0.278,9999.000,9999.000,9999.000,9999.000,9999.000,9999.000,9999.000
202608051748,   0.100,   0.288,9999.000,9999.000,9999.000,9999.000,9999.000,9999.000,9999.000
202608051754,   0.095,   0.278,9999.000,9999.000,9999.000,9999.000,9999.000,9999.000,9999.000
202608051800,   0.090,   0.229,   0.300,  -0.161,   0.229,   0.300,   0.229,   0.300,   0.229
202608051806,   0.085,   0.259,9999.000,9999.000,9999.000,9999.000,9999.000,9999.000,9999.000
202608051812,   0.080,   0.239,9999.000,9999.000,9999.000,9999.000,9999.000,9999.000,9999.000
202608051818,   0.074,   0.249,9999.000,9999.000,9999.000,9999.000,9999.000,9999.000,9999.000
202608051824,   0.069,   0.229,9999.000,9999.000,9999.000,9999.000,9999.000,9999.000,9999.000
202608051830,   0.063,   0.229,9999.000,9999.000,9999.000,9999.000,9999.000,9999.000,9999.000
202608051836,   0.058,   0.219,9999.000,9999.000,9999.000,9999.000,9999.000,9999.000,9999.000
202608051842,   0.052,   0.219,9999.000,9999.000,9999.000,9999.000,9999.000,9999.000,9999.000
202608051848,   0.046,   0.209,9999.000,9999.000,9999.000,9999.000,9999.000,9999.000,9999.000
202608051854,   0.040,   0.209,9999.000,9999.000,9999.000,9999.000,9999.000,9999.000,9999.000
202608051900,   0.035,   0.200,   0.300,  -0.135,   0.200,   0.300,   0.200,   0.300,   0.200
202608051906,   0.029,   0.190,9999.000,9999.000,9999.000,9999.000,9999.000,9999.000,9999.000
202608051912,   0.023,   0.190,9999.000,9999.000,9999.000,9999.000,9999.000,9999.000,9999.000
202608051918,   0.017,   0.180,9999.000,9999.000,9999.000,9999.000,9999.000,9999.000,9999.000
202608051924,   0.011,   0.170,9999.000,9999.000,9999.000,9999.000,9999.000,9999.000,9999.000
202608051930,   0.005,   0.160,9999.000,9999.000,9999.000,9999.000,9999.000,9999.000,9999.000
202608051936,   0.000,   0.141,9999.000,9999.000,9999.000,9999.000,9999.000,9999.000,9999.000
202608051942,  -0.006,   0.131,9999.000,9999.000,9999.000,9999.000,9999.000,9999.000,9999.000
202608051948,  -0.012,   0.121,9999.000,9999.000,9999.000,9999.000,9999.000,9999.000,9999.000
202608051954,  -0.018,   0.121,9999.000,9999.000,9999.000,9999.000,9999.000,9999.000,9999.000
202608052000,  -0.024,   0.098,   0.300,  -0.178,   0.098,   0.300,   0.098,   0.300,   0.098
202608052006,  -0.030,   0.088,9999.000,9999.000,9999.000,9999.000,9999.000,9999.000,9999.000
202608052012,  -0.036,   0.088,9999.000,9999.000,9999.000,9999.000,9999.000,9999.000,9999.000
202608052018,  -0.042,   0.078,9999.000,9999.000,9999.000,9999.000,9999.000,9999.000,9999.000
202608052024,  -0.048,   0.068,9999.000,9999.000,9999.000,9999.000,9999.000,9999.000,9999.000
202608052030,  -0.054,   0.059,9999.000,9999.000,9999.000,9999.000,9999.000,9999.000,9999.000
202608052036,  -0.060,   0.059,9999.000,9999.000,9999.000,9999.000,9999.000,9999.000,9999.000
202608052042,  -0.066,   0.059,9999.000,9999.000,9999.000,9999.000,9999.000,9999.000,9999.000
202608052048,  -0.071,   0.049,9999.000,9999.000,9999.000,9999.000,9999.000,9999.000,9999.000
202608052054,  -0.077,   0.039,9999.000,9999.000,9999.000,9999.000,9999.000,9999.000,9999.000
202608052100,  -0.083,   0.019,   0.300,  -0.198,   0.019,   0.300,   0.019,   0.300,   0.019
202608052106,  -0.088,   0.019,9999.000,9999.000,9999.000,9999.000,9999.000,9999.000,9999.000
202608052112,  -0.094,   0.019,9999.000,9999.000,9999.000,9999.000,9999.000,9999.000,9999.000
202608052118,  -0.099,   0.009,9999.000,9999.000,9999.000,9999.000,9999.000,9999.000,9999.000
202608052124,  -0.104,   0.000,9999.000,9999.000,9999.000,9999.000,9999.000,9999.000,9999.000
202608052130,  -0.109,  -0.009,9999.000,9999.000,9999.000,9999.000,9999.000,9999.000,9999.000
202608052136,  -0.114,  -0.019,9999.000,9999.000,9999.000,9999.000,9999.000,9999.000,9999.000
202608052142,  -0.119,  -0.019,9999.000,9999.000,9999.000,9999.000,9999.000,9999.000,9999.000
202608052148,  -0.124,  -0.029,9999.000,9999.000,9999.000,9999.000,9999.000,9999.000,9999.000
202608052154,  -0.129,  -0.009,9999.000,9999.000,9999.000,9999.000,9999.000,9999.000,9999.000
202608052200,  -0.133,  -0.029,   0.300,  -0.196,  -0.029,   0.300,  -0.029,   0.300,  -0.029
202608052206,  -0.138,  -0.019,9999.000,9999.000,9999.000,9999.000,9999.000,9999.000,9999.000
202608052212,  -0.142,  -0.019,9999.000,9999.000,9999.000,9999.000,9999.000,9999.000,9999.000
202608052218,  -0.146,  -0.029,9999.000,9999.000,9999.000,9999.000,9999.000,9999.000,9999.000
202608052224,  -0.150,  -0.039,9999.000,9999.000,9999.000,9999.000,9999.000,9999.000,9999.000
202608052230,  -0.154,  -0.049,9999.000,9999.000,9999.000,9999.000,9999.000,9999.000,9999.000
202608052236,  -0.158,  -0.059,9999.000,9999.000,9999.000,9999.000,9999.000,9999.000,9999.000
202608052242,  -0.162,  -0.059,9999.000,9999.000,9999.000,9999.000,9999.000,9999.000,9999.000
202608052248,  -0.165,  -0.059,9999.000,9999.000,9999.000,9999.000,9999.000,9999.000,9999.000
202608052254,  -0.168,  -0.059,9999.000,9999.000,9999.000,9999.000,9999.000,9999.000,9999.000
202608052300,  -0.172,  -0.068,   0.300,  -0.196,  -0.068,   0.300,  -0.068,   0.300,  -0.068
202608052306,  -0.175,  -0.059,9999.000,9999.000,9999.000,9999.000,9999.000,9999.000,9999.000
202608052312,  -0.177,  -0.068,9999.000,9999.000,9999.000,9999.000,9999.000,9999.000,9999.000
202608052318,  -0.180,  -0.068,9999.000,9999.000,9999.000,9999.000,9999.000,9999.000,9999.000
202608052324,  -0.182,  -0.068,9999.000,9999.000,9999.000,9999.000,9999.000,9999.000,9999.000
202608052330,  -0.185,  -0.068,9999.000,9999.000,9999.000,9999.000,9999.000,9999.000,9999.000
202608052336,  -0.187,  -0.068,9999.000,9999.000,9999.000,9999.000,9999.000,9999.000,9999.000
202608052342,  -0.189,  -0.068,9999.000,9999.000,9999.000,9999.000,9999.000,9999.000,9999.000
202608052348,  -0.190,  -0.078,9999.000,9999.000,9999.000,9999.000,9999.000,9999.000,9999.000
202608052354,  -0.192,  -0.088,9999.000,9999.000,9999.000,9999.000,9999.000,9999.000,9999.000
202608060000,  -0.193,  -0.088,   0.300,  -0.195,  -0.088,   0.300,  -0.088,   0.300,  -0.088
202608060006,  -0.194,  -0.098,9999.000,9999.000,9999.000,9999.000,9999.000,9999.000,9999.000
202608060012,  -0.195,  -0.098,9999.000,9999.000,9999.000,9999.000,9999.000,9999.000,9999.000
202608060018,  -0.196,  -0.088,9999.000,9999.000,9999.000,9999.000,9999.000,9999.000,9999.000
202608060024,  -0.197,  -0.088,9999.000,9999.000,9999.000,9999.000,9999.000,9999.000,9999.000
202608060030,  -0.197,  -0.098,9999.000,9999.000,9999.000,9999.000,9999.000,9999.000,9999.000
202608060036,  -0.198,  -0.088,9999.000,9999.000,9999.000,9999.000,9999.000,9999.000,9999.000
202608060042,  -0.198,  -0.098,9999.000,9999.000,9999.000,9999.000,9999.000,9999.000,9999.000
202608060048,  -0.198,  -0.088,9999.000,9999.000,9999.000,9999.000,9999.000,9999.000,9999.000
202608060054,  -0.197,  -0.068,9999.000,9999.000,9999.000,9999.000,9999.000,9999.000,9999.000
202608060100,  -0.197,  -0.078,   0.300,  -0.181,  -0.078,   0.300,  -0.078,   0.300,  -0.078
202608060106,  -0.196,  -0.068,9999.000,9999.000,9999.000,9999.000,9999.000,9999.000,9999.000
202608060112,  -0.195,  -0.068,9999.000,9999.000,9999.000,9999.000,9999.000,9999.000,9999.000
202608060118,  -0.194,  -0.068,9999.000,9999.000,9999.000,9999.000,9999.000,9999.000,9999.000
202608060124,  -0.193,  -0.068,9999.000,9999.000,9999.000,9999.000,9999.000,9999.000,9999.000
202608060130,  -0.192,  -0.059,9999.000,9999.000,9999.000,9999.000,9999.000,9999.000,9999.000
202608060136,  -0.190,  -0.068,9999.000,9999.000,9999.000,9999.000,9999.000,9999.000,9999.000
202608060142,  -0.189,  -0.059,9999.000,9999.000,9999.000,9999.000,9999.000,9999.000,9999.000
202608060148,  -0.187,  -0.059,9999.000,9999.000,9999.000,9999.000,9999.000,9999.000,9999.000
202608060154,  -0.185,  -0.068,9999.000,9999.000,9999.000,9999.000,9999.000,9999.000,9999.000
202608060200,  -0.183,  -0.059,   0.300,  -0.176,  -0.059,   0.300,  -0.059,   0.300,  -0.059
202608060206,  -0.180,  -0.049,9999.000,9999.000,9999.000,9999.000,9999.000,9999.000,9999.000
202608060212,  -0.178,  -0.039,9999.000,9999.000,9999.000,9999.000,9999.000,9999.000,9999.000
202608060218,  -0.175,  -0.039,9999.000,9999.000,9999.000,9999.000,9999.000,9999.000,9999.000
202608060224,  -0.172,  -0.039,9999.000,9999.000,9999.000,9999.000,9999.000,9999.000,9999.000
202608060230,  -0.169,  -0.049,9999.000,9999.000,9999.000,9999.000,9999.000,9999.000,9999.000
202608060236,  -0.166,  -0.049,9999.000,9999.000,9999.000,9999.000,9999.000,9999.000,9999.000
202608060242,  -0.163,  -0.049,9999.000,9999.000,9999.000,9999.000,9999.000,9999.000,9999.000
202608060248,  -0.160,  -0.039,9999.000,9999.000,9999.000,9999.000,9999.000,9999.000,9999.000
202608060254,  -0.156,  -0.039,9999.000,9999.000,9999.000,9999.000,9999.000,9999.000,9999.000
202608060300,  -0.153,  -0.049,   0.300,  -0.196,  -0.049,   0.300,  -0.049,   0.300,  -0.049
202608060306,  -0.149,  -0.029,9999.000,9999.000,9999.000,9999.000,9999.000,9999.000,9999.000
202608060312,  -0.145,  -0.029,9999.000,9999.000,9999.000,9999.000,9999.000,9999.000,9999.000
202608060318,  -0.142,  -0.029,9999.000,9999.000,9999.000,9999.000,9999.000,9999.000,9999.000
202608060324,  -0.138,  -0.019,9999.000,9999.000,9999.000,9999.000,9999.000,9999.000,9999.000
202608060330,  -0.133,  -0.009,9999.000,9999.000,9999.000,9999.000,9999.000,9999.000,9999.000
202608060336,  -0.129,  -0.019,9999.000,9999.000,9999.000,9999.000,9999.000,9999.000,9999.000
202608060342,  -0.125,  -0.009,9999.000,9999.000,9999.000,9999.000,9999.000,9999.000,9999.000
202608060348,  -0.120,  -0.009,9999.000,9999.000,9999.000,9999.000,9999.000,9999.000,9999.000
202608060354,  -0.116,  -0.009,9999.000,9999.000,9999.000,9999.000,9999.000,9999.000,9999.000
202608060400,  -0.111,  -0.009,   0.300,  -0.198,  -0.009,   0.300,  -0.009,   0.300,  -0.009
202608060406,  -0.107,   0.000,9999.000,9999.000,9999.000,9999.000,9999.000,9999.000,9999.000
202608060412,  -0.102,   0.009,9999.000,9999.000,9999.000,9999.000,9999.000,9999.000,9999.000
202608060418,  -0.097,   0.009,9999.000,9999.000,9999.000,9999.000,9999.000,9999.000,9999.000
202608060424,  -0.092,   0.000,9999.000,9999.000,9999.000,9999.000,9999.000,9999.000,9999.000
202608060430,  -0.088,   0.000,9999.000,9999.000,9999.000,9999.000,9999.000,9999.000,9999.000
202608060436,  -0.083,   0.000,9999.000,9999.000,9999.000,9999.000,9999.000,9999.000,9999.000
202608060442,  -0.078,   0.019,9999.000,9999.000,9999.000,9999.000,9999.000,9999.000,9999.000
202608060448,  -0.073,   0.029,9999.000,9999.000,9999.000,9999.000,9999.000,9999.000,9999.000
202608060454,  -0.067,   0.029,9999.000,9999.000,9999.000,9999.000,9999.000,9999.000,9999.000
202608060500,  -0.062,   0.019,   0.300,  -0.219,   0.019,   0.300,   0.019,   0.300,   0.019
202608060506,  -0.057,   0.019,9999.000,9999.000,9999.000,9999.000,9999.000,9999.000,9999.000
202608060512,  -0.052,   0.029,9999.000,9999.000,9999.000,9999.000,9999.000,9999.000,9999.000
202608060518,  -0.047,   0.049,9999.000,9999.000,9999.000,9999.000,9999.000,9999.000,9999.000
202608060524,  -0.041,   0.049,9999.000,9999.000,9999.000,9999.000,9999.000,9999.000,9999.000
202608060530,  -0.036,   0.049,9999.000,9999.000,9999.000,9999.000,9999.000,9999.000,9999.000
202608060536,  -0.031,   0.059,9999.000,9999.000,9999.000,9999.000,9999.000,9999.000,9999.000
202608060542,  -0.026,   0.059,9999.000,9999.000,9999.000,9999.000,9999.000,9999.000,9999.000
202608060548,  -0.020,   0.059,9999.000,9999.000,9999.000,9999.000,9999.000,9999.000,9999.000
202608060554,  -0.015,   0.068,9999.000,9999.000,9999.000,9999.000,9999.000,9999.000,9999.000
202608060600,  -0.010,   0.088,   0.300,  -0.202,   0.088,   0.300,   0.088,   0.300,   0.088
202608060606,  -0.004,   0.098,9999.000,9999.000,9999.000,9999.000,9999.000,9999.000,9999.000
202608060612,   0.000,   0.098,9999.000,9999.000,9999.000,9999.000,9999.000,9999.000,9999.000
202608060618,   0.005,   0.098,9999.000,9999.000,9999.000,9999.000,9999.000,9999.000,9999.000
202608060624,   0.011,   0.121,9999.000,9999.000,9999.000,9999.000,9999.000,9999.000,9999.000
202608060630,   0.016,   0.121,9999.000,9999.000,9999.000,9999.000,9999.000,9999.000,9999.000
202608060636,   0.021,   0.141,9999.000,9999.000,9999.000,9999.000,9999.000,9999.000,9999.000
202608060642,   0.027,   0.141,9999.000,9999.000,9999.000,9999.000,9999.000,9999.000,9999.000
202608060648,   0.032,   0.150,9999.000,9999.000,9999.000,9999.000,9999.000,9999.000,9999.000
202608060654,   0.037,   0.160,9999.000,9999.000,9999.000,9999.000,9999.000,9999.000,9999.000
202608060700,   0.042,   0.160,   0.300,  -0.182,   0.160,   0.300,   0.160,   0.300,   0.160
202608060706,   0.047,   0.170,9999.000,9999.000,9999.000,9999.000,9999.000,9999.000,9999.000
202608060712,   0.053,   0.160,9999.000,9999.000,9999.000,9999.000,9999.000,9999.000,9999.000
202608060718,   0.058,   0.180,9999.000,9999.000,9999.000,9999.000,9999.000,9999.000,9999.000
202608060724,   0.063,   0.190,9999.000,9999.000,9999.000,9999.000,9999.000,9999.000,9999.000
202608060730,   0.068,   0.190,9999.000,9999.000,9999.000,9999.000,9999.000,9999.000,9999.000
202608060736,   0.073,   0.160,9999.000,9999.000,9999.000,9999.000,9999.000,9999.000,9999.000
202608060742,   0.078,   0.190,9999.000,9999.000,9999.000,9999.000,9999.000,9999.000,9999.000
202608060748,   0.083,   0.200,9999.000,9999.000,9999.000,9999.000,9999.000,9999.000,9999.000
202608060754,   0.088,   0.209,9999.000,9999.000,9999.000,9999.000,9999.000,9999.000,9999.000
202608060800,   0.093,   0.219,   0.300,  -0.174,   0.219,   0.300,   0.219,   0.300,   0.219
202608060806,   0.097,   0.229,9999.000,9999.000,9999.000,9999.000,9999.000,9999.000,9999.000
202608060812,   0.102,   0.229,9999.000,9999.000,9999.000,9999.000,9999.000,9999.000,9999.000
202608060818,   0.107,   0.239,9999.000,9999.000,9999.000,9999.000,9999.000,9999.000,9999.000
202608060824,   0.112,   0.239,9999.000,9999.000,9999.000,9999.000,9999.000,9999.000,9999.000
202608060830,   0.116,   0.249,9999.000,9999.000,9999.000,9999.000,9999.000,9999.000,9999.000
202608060836,   0.121,   0.259,9999.000,9999.000,9999.000,9999.000,9999.000,9999.000,9999.000
202608060842,   0.125,   0.259,9999.000,9999.000,9999.000,9999.000,9999.000,9999.000,9999.000
202608060848,   0.130,   0.259,9999.000,9999.000,9999.000,9999.000,9999.000,9999.000,9999.000
202608060854,   0.134,   0.268,9999.000,9999.000,9999.000,9999.000,9999.000,9999.000,9999.000
202608060900,   0.139,   0.268,   0.300,  -0.171,   0.268,   0.300,   0.268,   0.300,   0.268
202608060906,   0.143,   0.268,9999.000,9999.000,9999.000,9999.000,9999.000,9999.000,9999.000
202608060912,   0.147,   0.278,9999.000,9999.000,9999.000,9999.000,9999.000,9999.000,9999.000
202608060918,   0.151,   0.278,9999.000,9999.000,9999.000,9999.000,9999.000,9999.000,9999.000
202608060924,   0.156,   0.278,9999.000,9999.000,9999.000,9999.000,9999.000,9999.000,9999.000
202608060930,   0.160,   0.278,9999.000,9999.000,9999.000,9999.000,9999.000,9999.000,9999.000
202608060936,   0.164,   0.278,9999.000,9999.000,9999.000,9999.000,9999.000,9999.000,9999.000
202608060942,   0.168,   0.278,9999.000,9999.000,9999.000,9999.000,9999.000,9999.000,9999.000
202608060948,   0.172,   0.278,9999.000,9999.000,9999.000,9999.000,9999.000,9999.000,9999.000
202608060954,   0.176,   0.288,9999.000,9999.000,9999.000,9999.000,9999.000,9999.000,9999.000
202608061000,   0.179,   0.288,   0.300,  -0.191,   0.288,   0.300,   0.288,   0.300,   0.288
202608061006,   0.183,   0.288,9999.000,9999.000,9999.000,9999.000,9999.000,9999.000,9999.000
202608061012,   0.187,   0.288,9999.000,9999.000,9999.000,9999.000,9999.000,9999.000,9999.000
202608061018,   0.190,   0.298,9999.000,9999.000,9999.000,9999.000,9999.000,9999.000,9999.000
202608061024,   0.194,   0.308,9999.000,9999.000,9999.000,9999.000,9999.000,9999.000,9999.000
202608061030,   0.197,   0.321,9999.000,9999.000,9999.000,9999.000,9999.000,9999.000,9999.000
202608061036,   0.201,   0.331,9999.000,9999.000,9999.000,9999.000,9999.000,9999.000,9999.000
202608061042,   0.204,   0.341,9999.000,9999.000,9999.000,9999.000,9999.000,9999.000,9999.000
202608061048,   0.207,   0.341,9999.000,9999.000,9999.000,9999.000,9999.000,9999.000,9999.000
202608061054,   0.210,   0.350,9999.000,9999.000,9999.000,9999.000,9999.000,9999.000,9999.000
202608061100,   0.213,   0.360,   0.300,  -0.153,   0.360,   0.300,   0.360,   0.300,   0.360
202608061106,   0.216,   0.360,9999.000,9999.000,9999.000,9999.000,9999.000,9999.000,9999.000
202608061112,   0.220,   0.360,9999.000,9999.000,9999.000,9999.000,9999.000,9999.000,9999.000
202608061118,   0.222,   0.380,9999.000,9999.000,9999.000,9999.000,9999.000,9999.000,9999.000
202608061124,   0.225,   0.390,9999.000,9999.000,9999.000,9999.000,9999.000,9999.000,9999.000
202608061130,   0.228,   0.400,9999.000,9999.000,9999.000,9999.000,9999.000,9999.000,9999.000
202608061136,   0.230,   0.390,9999.000,9999.000,9999.000,9999.000,9999.000,9999.000,9999.000
202608061142,   0.233,   0.400,9999.000,9999.000,9999.000,9999.000,9999.000,9999.000,9999.000
202608061148,   0.235,   0.400,9999.000,9999.000,9999.000,9999.000,9999.000,9999.000,9999.000
202608061154,   0.237,   0.390,9999.000,9999.000,9999.000,9999.000,9999.000,9999.000,9999.000
202608061200,   0.240,   0.400,   0.300,  -0.140,   0.400,   0.300,   0.400,   0.300,   0.400
202608061206,   0.242,   0.400,9999.000,9999.000,9999.000,9999.000,9999.000,9999.000,9999.000
202608061212,   0.244,   0.400,9999.000,9999.000,9999.000,9999.000,9999.000,9999.000,9999.000
202608061218,   0.246,   0.400,9999.000,9999.000,9999.000,9999.000,9999.000,9999.000,9999.000
202608061224,   0.248,   0.409,9999.000,9999.000,9999.000,9999.000,9999.000,9999.000,9999.000
202608061230,   0.249,   0.419,9999.000,9999.000,9999.000,9999.000,9999.000,9999.000,9999.000
202608061236,   0.251,   0.409,9999.000,9999.000,9999.000,9999.000,9999.000,9999.000,9999.000
202608061242,   0.253,   0.409,9999.000,9999.000,9999.000,9999.000,9999.000,9999.000,9999.000
202608061248,   0.254,   0.419,9999.000,9999.000,9999.000,9999.000,9999.000,9999.000,9999.000
202608061254,   0.255,   0.419,9999.000,9999.000,9999.000,9999.000,9999.000,9999.000,9999.000
202608061300,   0.257,   0.419,   0.300,  -0.138,   0.419,   0.300,   0.419,   0.300,   0.419
202608061306,   0.258,   0.419,9999.000,9999.000,9999.000,9999.000,9999.000,9999.000,9999.000
202608061312,   0.259,   0.419,9999.000,9999.000,9999.000,9999.000,9999.000,9999.000,9999.000
202608061318,   0.260,   0.419,9999.000,9999.000,9999.000,9999.000,9999.000,9999.000,9999.000
202608061324,   0.261,   0.429,9999.000,9999.000,9999.000,9999.000,9999.000,9999.000,9999.000
202608061330,   0.261,   0.429,9999.000,9999.000,9999.000,9999.000,9999.000,9999.000,9999.000
202608061336,   0.262,   0.419,9999.000,9999.000,9999.000,9999.000,9999.000,9999.000,9999.000
202608061342,   0.262,   0.429,9999.000,9999.000,9999.000,9999.000,9999.000,9999.000,9999.000
202608061348,   0.262,   0.429,9999.000,9999.000,9999.000,9999.000,9999.000,9999.000,9999.000
202608061354,   0.263,   0.429,9999.000,9999.000,9999.000,9999.000,9999.000,9999.000,9999.000
202608061400,   0.263,   0.429,   0.300,  -0.134,   0.429,   0.300,   0.429,   0.300,   0.429
202608061406,   0.262,   0.429,9999.000,9999.000,9999.000,9999.000,9999.000,9999.000,9999.000
202608061412,   0.262,   0.429,9999.000,9999.000,9999.000,9999.000,9999.000,9999.000,9999.000
202608061418,   0.262,   0.439,9999.000,9999.000,9999.000,9999.000,9999.000,9999.000,9999.000
202608061424,   0.261,   0.439,9999.000,9999.000,9999.000,9999.000,9999.000,9999.000,9999.000
202608061430,   0.261,   0.439,9999.000,9999.000,9999.000,9999.000,9999.000,9999.000,9999.000
202608061436,   0.260,   0.429,9999.000,9999.000,9999.000,9999.000,9999.000,9999.000,9999.000
202608061442,   0.259,   0.439,9999.000,9999.000,9999.000,9999.000,9999.000,9999.000,9999.000
202608061448,   0.258,   0.439,9999.000,9999.000,9999.000,9999.000,9999.000,9999.000,9999.000
202608061454,   0.257,   0.439,9999.000,9999.000,9999.000,9999.000,9999.000,9999.000,9999.000
202608061500,   0.255,   0.449,   0.300,  -0.106,   0.449,   0.300,   0.449,   0.300,   0.449
202608061506,   0.254,   0.449,9999.000,9999.000,9999.000,9999.000,9999.000,9999.000,9999.000
202608061512,   0.252,   0.449,9999.000,9999.000,9999.000,9999.000,9999.000,9999.000,9999.000
202608061518,   0.250,   0.439,9999.000,9999.000,9999.000,9999.000,9999.000,9999.000,9999.000
202608061524,   0.248,   0.439,9999.000,9999.000,9999.000,9999.000,9999.000,9999.000,9999.000
202608061530,   0.246,   0.429,9999.000,9999.000,9999.000,9999.000,9999.000,9999.000,9999.000
202608061536,   0.244,   0.439,9999.000,9999.000,9999.000,9999.000,9999.000,9999.000,9999.000
202608061542,   0.242,   0.439,9999.000,9999.000,9999.000,9999.000,9999.000,9999.000,9999.000
202608061548,   0.239,   0.429,9999.000,9999.000,9999.000,9999.000,9999.000,9999.000,9999.000
202608061554,   0.237,   0.439,9999.000,9999.000,9999.000,9999.000,9999.000,9999.000,9999.000
202608061600,   0.234,   0.429,   0.300,  -0.105,   0.429,   0.300,   0.429,   0.300,   0.429
202608061606,   0.231,   0.439,9999.000,9999.000,9999.000,9999.000,9999.000,9999.000,9999.000
202608061612,   0.228,   0.429,9999.000,9999.000,9999.000,9999.000,9999.000,9999.000,9999.000
202608061618,   0.224,   0.429,9999.000,9999.000,9999.000,9999.000,9999.000,9999.000,9999.000
202608061624,   0.221,   0.429,9999.000,9999.000,9999.000,9999.000,9999.000,9999.000,9999.000
202608061630,   0.217,   0.429,9999.000,9999.000,9999.000,9999.000,9999.000,9999.000,9999.000
202608061636,   0.214,   0.419,9999.000,9999.000,9999.000,9999.000,9999.000,9999.000,9999.000
202608061642,   0.210,   0.429,9999.000,9999.000,9999.000,9999.000,9999.000,9999.000,9999.000
202608061648,   0.206,   0.400,9999.000,9999.000,9999.000,9999.000,9999.000,9999.000,9999.000
202608061654,   0.202,   0.419,9999.000,9999.000,9999.000,9999.000,9999.000,9999.000,9999.000
202608061700,   0.197,   0.419,   0.300,  -0.078,   0.419,   0.300,   0.419,   0.300,   0.419
202608061706,   0.193,   0.419,9999.000,9999.000,9999.000,9999.000,9999.000,9999.000,9999.000
202608061712,   0.188,   0.409,9999.000,9999.000,9999.000,9999.000,9999.000,9999.000,9999.000
202608061718,   0.184,   0.419,9999.000,9999.000,9999.000,9999.000,9999.000,9999.000,9999.000
202608061724,   0.179,   0.409,9999.000,9999.000,9999.000,9999.000,9999.000,9999.000,9999.000
202608061730,   0.174,   0.419,9999.000,9999.000,9999.000,9999.000,9999.000,9999.000,9999.000
202608061736,   0.169,   0.409,9999.000,9999.000,9999.000,9999.000,9999.000,9999.000,9999.000
202608061742,   0.164,   0.400,9999.000,9999.000,9999.000,9999.000,9999.000,9999.000,9999.000
202608061748,   0.158,   0.400,9999.000,9999.000,9999.000,9999.000,9999.000,9999.000,9999.000
202608061754,   0.153,   0.400,9999.000,9999.000,9999.000,9999.000,9999.000,9999.000,9999.000
202608061800,   0.147,   0.390,   0.300,  -0.057,   0.390,   0.300,   0.390,   0.300,   0.390
202608061806,   0.142,   0.390,9999.000,9999.000,9999.000,9999.000,9999.000,9999.000,9999.000
202608061812,   0.136,   0.380,9999.000,9999.000,9999.000,9999.000,9999.000,9999.000,9999.000
202608061818,   0.130,   0.370,9999.000,9999.000,9999.000,9999.000,9999.000,9999.000,9999.000
202608061824,   0.124,   0.370,9999.000,9999.000,9999.000,9999.000,9999.000,9999.000,9999.000
202608061830,   0.118,   0.360,9999.000,9999.000,9999.000,9999.000,9999.000,9999.000,9999.000
202608061836,   0.112,   0.350,9999.000,9999.000,9999.000,9999.000,9999.000,9999.000,9999.000
202608061842,   0.106,   0.350,9999.000,9999.000,9999.000,9999.000,9999.000,9999.000,9999.000
202608061848,   0.099,   0.341,9999.000,9999.000,9999.000,9999.000,9999.000,9999.000,9999.000
202608061854,   0.093,   0.341,9999.000,9999.000,9999.000,9999.000,9999.000,9999.000,9999.000
202608061900,   0.086,   0.331,   0.300,  -0.055,   0.331,   0.300,   0.331,   0.300,   0.331
202608061906,   0.080,   0.331,9999.000,9999.000,9999.000,9999.000,9999.000,9999.000,9999.000
202608061912,   0.073,   0.321,9999.000,9999.000,9999.000,9999.000,9999.000,9999.000,9999.000
202608061918,   0.067,   0.321,9999.000,9999.000,9999.000,9999.000,9999.000,9999.000,9999.000
202608061924,   0.060,   0.298,9999.000,9999.000,9999.000,9999.000,9999.000,9999.000,9999.000
202608061930,   0.053,   0.278,9999.000,9999.000,9999.000,9999.000,9999.000,9999.000,9999.000
202608061936,   0.046,   0.288,9999.000,9999.000,9999.000,9999.000,9999.000,9999.000,9999.000
202608061942,   0.039,   0.268,9999.000,9999.000,9999.000,9999.000,9999.000,9999.000,9999.000
202608061948,   0.033,   0.268,9999.000,9999.000,9999.000,9999.000,9999.000,9999.000,9999.000
202608061954,   0.026,   0.268,9999.000,9999.000,9999.000,9999.000,9999.000,9999.000,9999.000
202608062000,   0.019,   0.249,   0.300,  -0.070,   0.249,   0.300,   0.249,   0.300,   0.249
202608062006,   0.012,   0.249,9999.000,9999.000,9999.000,9999.000,9999.000,9999.000,9999.000
202608062012,   0.005,   0.239,9999.000,9999.000,9999.000,9999.000,9999.000,9999.000,9999.000
202608062018,  -0.001,   0.229,9999.000,9999.000,9999.000,9999.000,9999.000,9999.000,9999.000
202608062024,  -0.008,   0.209,9999.000,9999.000,9999.000,9999.000,9999.000,9999.000,9999.000
202608062030,  -0.015,   0.200,9999.000,9999.000,9999.000,9999.000,9999.000,9999.000,9999.000
202608062036,  -0.022,   0.190,9999.000,9999.000,9999.000,9999.000,9999.000,9999.000,9999.000
202608062042,  -0.029,   0.170,9999.000,9999.000,9999.000,9999.000,9999.000,9999.000,9999.000
202608062048,  -0.035,   0.160,9999.000,9999.000,9999.000,9999.000,9999.000,9999.000,9999.000
202608062054,  -0.042,   0.160,9999.000,9999.000,9999.000,9999.000,9999.000,9999.000,9999.000
202608062100,  -0.049,   0.150,   0.300,  -0.101,   0.150,   0.300,   0.150,   0.300,   0.150
202608062106,  -0.056,   0.150,9999.000,9999.000,9999.000,9999.000,9999.000,9999.000,9999.000
202608062112,  -0.062,   0.131,9999.000,9999.000,9999.000,9999.000,9999.000,9999.000,9999.000
202608062118,  -0.069,   0.141,9999.000,9999.000,9999.000,9999.000,9999.000,9999.000,9999.000
202608062124,  -0.075,   0.131,9999.000,9999.000,9999.000,9999.000,9999.000,9999.000,9999.000
202608062130,  -0.082,   0.121,9999.000,9999.000,9999.000,9999.000,9999.000,9999.000,9999.000
202608062136,  -0.088,   0.121,9999.000,9999.000,9999.000,9999.000,9999.000,9999.000,9999.000
202608062142,  -0.095,   0.121,9999.000,9999.000,9999.000,9999.000,9999.000,9999.000,9999.000
202608062148,  -0.101,   0.121,9999.000,9999.000,9999.000,9999.000,9999.000,9999.000,9999.000
202608062154,  -0.107,   0.121,9999.000,9999.000,9999.000,9999.000,9999.000,9999.000,9999.000
202608062200,  -0.113,   0.121,   0.300,  -0.066,   0.121,   0.300,   0.121,   0.300,   0.121
202608062206,  -0.119,   0.121,9999.000,9999.000,9999.000,9999.000,9999.000,9999.000,9999.000
202608062212,  -0.125,   0.111,9999.000,9999.000,9999.000,9999.000,9999.000,9999.000,9999.000
202608062218,  -0.130,   0.098,9999.000,9999.000,9999.000,9999.000,9999.000,9999.000,9999.000
202608062224,  -0.136,   0.098,9999.000,9999.000,9999.000,9999.000,9999.000,9999.000,9999.000
202608062230,  -0.141,   0.098,9999.000,9999.000,9999.000,9999.000,9999.000,9999.000,9999.000
202608062236,  -0.147,   0.078,9999.000,9999.000,9999.000,9999.000,9999.000,9999.000,9999.000
202608062242,  -0.152,   0.068,9999.000,9999.000,9999.000,9999.000,9999.000,9999.000,9999.000
202608062248,  -0.157,   0.068,9999.000,9999.000,9999.000,9999.000,9999.000,9999.000,9999.000
202608062254,  -0.162,   0.059,9999.000,9999.000,9999.000,9999.000,9999.000,9999.000,9999.000
202608062300,  -0.166,   0.039,   0.300,  -0.095,   0.039,   0.300,   0.039,   0.300,   0.039
202608062306,  -0.171,   0.049,9999.000,9999.000,9999.000,9999.000,9999.000,9999.000,9999.000
202608062312,  -0.175,   0.039,9999.000,9999.000,9999.000,9999.000,9999.000,9999.000,9999.000
202608062318,  -0.180,   0.049,9999.000,9999.000,9999.000,9999.000,9999.000,9999.000,9999.000
202608062324,  -0.184,   0.029,9999.000,9999.000,9999.000,9999.000,9999.000,9999.000,9999.000
202608062330,  -0.188,   0.029,9999.000,9999.000,9999.000,9999.000,9999.000,9999.000,9999.000
202608062336,  -0.191,   0.029,9999.000,9999.000,9999.000,9999.000,9999.000,9999.000,9999.000
202608062342,  -0.195,   0.019,9999.000,9999.000,9999.000,9999.000,9999.000,9999.000,9999.000
202608062348,  -0.198,   0.019,9999.000,9999.000,9999.000,9999.000,9999.000,9999.000,9999.000
202608062354,  -0.202,   0.019,9999.000,9999.000,9999.000,9999.000,9999.000,9999.000,9999.000
202608070000,  -0.205,   0.009,   0.400,  -0.186,   0.009,   0.400,   0.009,   0.400,   0.009
202608070006,  -0.207,   0.019,9999.000,9999.000,9999.000,9999.000,9999.000,9999.000,9999.000
202608070012,  -0.210,   0.009,9999.000,9999.000,9999.000,9999.000,9999.000,9999.000,9999.000
202608070018,  -0.213,   0.019,9999.000,9999.000,9999.000,9999.000,9999.000,9999.000,9999.000
202608070024,  -0.215,   0.009,9999.000,9999.000,9999.000,9999.000,9999.000,9999.000,9999.000
202608070030,  -0.217,   0.019,9999.000,9999.000,9999.000,9999.000,9999.000,9999.000,9999.000
202608070036,  -0.219,   0.019,9999.000,9999.000,9999.000,9999.000,9999.000,9999.000,9999.000
202608070042,  -0.221,   0.019,9999.000,9999.000,9999.000,9999.000,9999.000,9999.000,9999.000
202608070048,  -0.222,   0.009,9999.000,9999.000,9999.000,9999.000,9999.000,9999.000,9999.000
202608070054,  -0.223,   0.019,9999.000,9999.000,9999.000,9999.000,9999.000,9999.000,9999.000
202608070100,  -0.224,   0.009,   0.400,  -0.167,   0.009,   0.400,   0.009,   0.400,   0.009
202608070106,  -0.225,   0.000,9999.000,9999.000,9999.000,9999.000,9999.000,9999.000,9999.000
202608070112,  -0.226,   0.009,9999.000,9999.000,9999.000,9999.000,9999.000,9999.000,9999.000
202608070118,  -0.227,   0.000,9999.000,9999.000,9999.000,9999.000,9999.000,9999.000,9999.000
202608070124,  -0.227,   0.000,9999.000,9999.000,9999.000,9999.000,9999.000,9999.000,9999.000
202608070130,  -0.227,  -0.009,9999.000,9999.000,9999.000,9999.000,9999.000,9999.000,9999.000
202608070136,  -0.227,  -0.009,9999.000,9999.000,9999.000,9999.000,9999.000,9999.000,9999.000
202608070142,  -0.227,  -0.009,9999.000,9999.000,9999.000,9999.000,9999.000,9999.000,9999.000
202608070148,  -0.226,  -0.009,9999.000,9999.000,9999.000,9999.000,9999.000,9999.000,9999.000
202608070154,  -0.226,   0.009,9999.000,9999.000,9999.000,9999.000,9999.000,9999.000,9999.000
202608070200,  -0.225,   0.019,   0.400,  -0.156,   0.019,   0.400,   0.019,   0.400,   0.019
202608070206,  -0.224,   0.029,9999.000,9999.000,9999.000,9999.000,9999.000,9999.000,9999.000
202608070212,  -0.222,   0.029,9999.000,9999.000,9999.000,9999.000,9999.000,9999.000,9999.000
202608070218,  -0.221,   0.029,9999.000,9999.000,9999.000,9999.000,9999.000,9999.000,9999.000
202608070224,  -0.219,   0.029,9999.000,9999.000,9999.000,9999.000,9999.000,9999.000,9999.000
202608070230,  -0.218,   0.039,9999.000,9999.000,9999.000,9999.000,9999.000,9999.000,9999.000
202608070236,  -0.216,   0.029,9999.000,9999.000,9999.000,9999.000,9999.000,9999.000,9999.000
202608070242,  -0.214,   0.019,9999.000,9999.000,9999.000,9999.000,9999.000,9999.000,9999.000
202608070248,  -0.211,   0.029,9999.000,9999.000,9999.000,9999.000,9999.000,9999.000,9999.000
202608070254,  -0.209,   0.029,9999.000,9999.000,9999.000,9999.000,9999.000,9999.000,9999.000
202608070300,  -0.206,   0.029,   0.400,  -0.165,   0.029,   0.400,   0.029,   0.400,   0.029
202608070306,  -0.203,   0.029,9999.000,9999.000,9999.000,9999.000,9999.000,9999.000,9999.000
202608070312,  -0.200,   0.029,9999.000,9999.000,9999.000,9999.000,9999.000,9999.000,9999.000
202608070318,  -0.197,   0.039,9999.000,9999.000,9999.000,9999.000,9999.000,9999.000,9999.000
202608070324,  -0.194,   0.039,9999.000,9999.000,9999.000,9999.000,9999.000,9999.000,9999.000
202608070330,  -0.190,   0.039,9999.000,9999.000,9999.000,9999.000,9999.000,9999.000,9999.000
202608070336,  -0.187,   0.039,9999.000,9999.000,9999.000,9999.000,9999.000,9999.000,9999.000
202608070342,  -0.183,   0.049,9999.000,9999.000,9999.000,9999.000,9999.000,9999.000,9999.000
202608070348,  -0.179,   0.049,9999.000,9999.000,9999.000,9999.000,9999.000,9999.000,9999.000
202608070354,  -0.175,   0.049,9999.000,9999.000,9999.000,9999.000,9999.000,9999.000,9999.000
202608070400,  -0.171,   0.059,   0.400,  -0.170,   0.059,   0.400,   0.059,   0.400,   0.059
202608070406,  -0.167,   0.059,9999.000,9999.000,9999.000,9999.000,9999.000,9999.000,9999.000
202608070412,  -0.162,   0.059,9999.000,9999.000,9999.000,9999.000,9999.000,9999.000,9999.000
202608070418,  -0.158,   0.059,9999.000,9999.000,9999.000,9999.000,9999.000,9999.000,9999.000
202608070424,  -0.153,   0.059,9999.000,9999.000,9999.000,9999.000,9999.000,9999.000,9999.000
202608070430,  -0.148,   0.059,9999.000,9999.000,9999.000,9999.000,9999.000,9999.000,9999.000
202608070436,  -0.143,   0.059,9999.000,9999.000,9999.000,9999.000,9999.000,9999.000,9999.000
202608070442,  -0.138,   0.068,9999.000,9999.000,9999.000,9999.000,9999.000,9999.000,9999.000
202608070448,  -0.133,   0.059,9999.000,9999.000,9999.000,9999.000,9999.000,9999.000,9999.000
202608070454,  -0.128,   0.068,9999.000,9999.000,9999.000,9999.000,9999.000,9999.000,9999.000
202608070500,  -0.123,   0.059,   0.400,  -0.218,   0.059,   0.400,   0.059,   0.400,   0.059
202608070506,  -0.117,   0.068,9999.000,9999.000,9999.000,9999.000,9999.000,9999.000,9999.000
202608070512,  -0.112,   0.068,9999.000,9999.000,9999.000,9999.000,9999.000,9999.000,9999.000
202608070518,  -0.106,   0.068,9999.000,9999.000,9999.000,9999.000,9999.000,9999.000,9999.000
202608070524,  -0.101,   0.068,9999.000,9999.000,9999.000,9999.000,9999.000,9999.000,9999.000
202608070530,  -0.095,   0.078,9999.000,9999.000,9999.000,9999.000,9999.000,9999.000,9999.000
202608070536,  -0.089,   0.088,9999.000,9999.000,9999.000,9999.000,9999.000,9999.000,9999.000
202608070542,  -0.083,   0.088,9999.000,9999.000,9999.000,9999.000,9999.000,9999.000,9999.000
202608070548,  -0.077,   0.088,9999.000,9999.000,9999.000,9999.000,9999.000,9999.000,9999.000
202608070554,  -0.071,   0.098,9999.000,9999.000,9999.000,9999.000,9999.000,9999.000,9999.000
202608070600,  -0.065,   0.098,   0.400,  -0.237,   0.098,   0.400,   0.098,   0.400,   0.098
202608070606,  -0.059,   0.111,9999.000,9999.000,9999.000,9999.000,9999.000,9999.000,9999.000
202608070612,  -0.053,   0.121,9999.000,9999.000,9999.000,9999.000,9999.000,9999.000,9999.000
202608070618,  -0.047,   0.121,9999.000,9999.000,9999.000,9999.000,9999.000,9999.000,9999.000
202608070624,  -0.041,   0.141,9999.000,9999.000,9999.000,9999.000,9999.000,9999.000,9999.000
202608070630,  -0.035,   0.141,9999.000,9999.000,9999.000,9999.000,9999.000,9999.000,9999.000
202608070636,  -0.028,   0.141,9999.000,9999.000,9999.000,9999.000,9999.000,9999.000,9999.000
202608070642,  -0.022,   0.150,9999.000,9999.000,9999.000,9999.000,9999.000,9999.000,9999.000
202608070648,  -0.016,   0.160,9999.000,9999.000,9999.000,9999.000,9999.000,9999.000,9999.000
202608070654,  -0.010,   0.170,9999.000,9999.000,9999.000,9999.000,9999.000,9999.000,9999.000
202608070700,  -0.003,   0.180,   0.400,  -0.217,   0.180,   0.400,   0.180,   0.400,   0.180
202608070706,   0.002,   0.190,9999.000,9999.000,9999.000,9999.000,9999.000,9999.000,9999.000
202608070712,   0.009,   0.200,9999.000,9999.000,9999.000,9999.000,9999.000,9999.000,9999.000
202608070718,   0.015,   0.209,9999.000,9999.000,9999.000,9999.000,9999.000,9999.000,9999.000
202608070724,   0.021,   0.209,9999.000,9999.000,9999.000,9999.000,9999.000,9999.000,9999.000
202608070730,   0.028,   0.229,9999.000,9999.000,9999.000,9999.000,9999.000,9999.000,9999.000
202608070736,   0.034,   0.229,9999.000,9999.000,9999.000,9999.000,9999.000,9999.000,9999.000
202608070742,   0.040,   0.239,9999.000,9999.000,9999.000,9999.000,9999.000,9999.000,9999.000
202608070748,   0.047,   0.259,9999.000,9999.000,9999.000,9999.000,9999.000,9999.000,9999.000
202608070754,   0.053,   0.268,9999.000,9999.000,9999.000,9999.000,9999.000,9999.000,9999.000
202608070800,   0.059,   0.268,   0.400,  -0.191,   0.268,   0.400,   0.268,   0.500,   0.368
202608070806,   0.066,   0.278,9999.000,9999.000,9999.000,9999.000,9999.000,9999.000,9999.000
202608070812,   0.072,   0.288,9999.000,9999.000,9999.000,9999.000,9999.000,9999.000,9999.000
202608070818,   0.078,   0.298,9999.000,9999.000,9999.000,9999.000,9999.000,9999.000,9999.000
202608070824,   0.084,   0.308,9999.000,9999.000,9999.000,9999.000,9999.000,9999.000,9999.000
202608070830,   0.090,   0.321,9999.000,9999.000,9999.000,9999.000,9999.000,9999.000,9999.000
202608070836,   0.097,   0.321,9999.000,9999.000,9999.000,9999.000,9999.000,9999.000,9999.000
202608070842,   0.103,   0.331,9999.000,9999.000,9999.000,9999.000,9999.000,9999.000,9999.000
202608070848,   0.109,   0.331,9999.000,9999.000,9999.000,9999.000,9999.000,9999.000,9999.000
202608070854,   0.115,   0.341,9999.000,9999.000,9999.000,9999.000,9999.000,9999.000,9999.000
202608070900,   0.121,   0.350,   0.400,  -0.171,   0.350,   0.400,   0.350,   0.500,   0.450
202608070906,   0.127,   0.350,9999.000,9999.000,9999.000,9999.000,9999.000,9999.000,9999.000
202608070912,   0.132,   0.360,9999.000,9999.000,9999.000,9999.000,9999.000,9999.000,9999.000
202608070918,   0.138,   0.370,9999.000,9999.000,9999.000,9999.000,9999.000,9999.000,9999.000
202608070924,   0.144,   0.370,9999.000,9999.000,9999.000,9999.000,9999.000,9999.000,9999.000
202608070930,   0.150,   0.380,9999.000,9999.000,9999.000,9999.000,9999.000,9999.000,9999.000
202608070936,   0.155,   0.380,9999.000,9999.000,9999.000,9999.000,9999.000,9999.000,9999.000
202608070942,   0.161,   0.380,9999.000,9999.000,9999.000,9999.000,9999.000,9999.000,9999.000
202608070948,   0.167,   0.390,9999.000,9999.000,9999.000,9999.000,9999.000,9999.000,9999.000
202608070954,   0.172,   0.390,9999.000,9999.000,9999.000,9999.000,9999.000,9999.000,9999.000
202608071000,   0.177,   0.400,   0.400,  -0.177,   0.400,   0.400,   0.400,   0.500,   0.500
202608071006,   0.183,   0.390,9999.000,9999.000,9999.000,9999.000,9999.000,9999.000,9999.000
202608071012,   0.188,   0.390,9999.000,9999.000,9999.000,9999.000,9999.000,9999.000,9999.000
202608071018,   0.193,   0.400,9999.000,9999.000,9999.000,9999.000,9999.000,9999.000,9999.000
202608071024,   0.198,   0.400,9999.000,9999.000,9999.000,9999.000,9999.000,9999.000,9999.000
202608071030,   0.203,   0.409,9999.000,9999.000,9999.000,9999.000,9999.000,9999.000,9999.000
202608071036,   0.208,   0.409,9999.000,9999.000,9999.000,9999.000,9999.000,9999.000,9999.000
202608071042,   0.213,   0.429,9999.000,9999.000,9999.000,9999.000,9999.000,9999.000,9999.000
202608071048,   0.218,   0.439,9999.000,9999.000,9999.000,9999.000,9999.000,9999.000,9999.000
202608071054,   0.222,   0.449,9999.000,9999.000,9999.000,9999.000,9999.000,9999.000,9999.000
202608071100,   0.227,   0.449,   0.400,  -0.178,   0.449,   0.400,   0.449,   0.500,   0.549
202608071106,   0.232,   0.459,9999.000,9999.000,9999.000,9999.000,9999.000,9999.000,9999.000
202608071112,   0.236,   0.469,9999.000,9999.000,9999.000,9999.000,9999.000,9999.000,9999.000
202608071118,   0.240,   0.469,9999.000,9999.000,9999.000,9999.000,9999.000,9999.000,9999.000
202608071124,   0.244,   0.478,9999.000,9999.000,9999.000,9999.000,9999.000,9999.000,9999.000
202608071130,   0.249,   0.469,9999.000,9999.000,9999.000,9999.000,9999.000,9999.000,9999.000
202608071136,   0.253,   0.459,9999.000,9999.000,9999.000,9999.000,9999.000,9999.000,9999.000
202608071142,   0.256,   0.469,9999.000,9999.000,9999.000,9999.000,9999.000,9999.000,9999.000
202608071148,   0.260,   0.478,9999.000,9999.000,9999.000,9999.000,9999.000,9999.000,9999.000
202608071154,   0.264,   0.478,9999.000,9999.000,9999.000,9999.000,9999.000,9999.000,9999.000
202608071200,   0.267,   0.488,   0.400,  -0.179,   0.488,   0.300,   0.388,   0.400,   0.488
202608071206,   0.271,   0.488,9999.000,9999.000,9999.000,9999.000,9999.000,9999.000,9999.000
202608071212,   0.274,   0.488,9999.000,9999.000,9999.000,9999.000,9999.000,9999.000,9999.000
202608071218,   0.278,   0.498,9999.000,9999.000,9999.000,9999.000,9999.000,9999.000,9999.000
202608071224,   0.281,   0.518,9999.000,9999.000,9999.000,9999.000,9999.000,9999.000,9999.000
202608071230,   0.284,   0.518,9999.000,9999.000,9999.000,9999.000,9999.000,9999.000,9999.000
202608071236,   0.287,   0.508,9999.000,9999.000,9999.000,9999.000,9999.000,9999.000,9999.000
202608071242,   0.289,   0.508,9999.000,9999.000,9999.000,9999.000,9999.000,9999.000,9999.000
202608071248,   0.292,   0.508,9999.000,9999.000,9999.000,9999.000,9999.000,9999.000,9999.000
202608071254,   0.294,   0.508,9999.000,9999.000,9999.000,9999.000,9999.000,9999.000,9999.000
202608071300,   0.297,   0.498,   0.400,  -0.199,   0.498,   0.300,   0.398,   0.400,   0.498
202608071306,   0.299,   0.508,9999.000,9999.000,9999.000,9999.000,9999.000,9999.000,9999.000
202608071312,   0.301,   0.518,9999.000,9999.000,9999.000,9999.000,9999.000,9999.000,9999.000
202608071318,   0.303,   0.508,9999.000,9999.000,9999.000,9999.000,9999.000,9999.000,9999.000
202608071324,   0.305,   0.518,9999.000,9999.000,9999.000,9999.000,9999.000,9999.000,9999.000
202608071330,   0.307,   0.518,9999.000,9999.000,9999.000,9999.000,9999.000,9999.000,9999.000
202608071336,   0.308,   0.518,9999.000,9999.000,9999.000,9999.000,9999.000,9999.000,9999.000
202608071342,   0.310,   0.518,9999.000,9999.000,9999.000,9999.000,9999.000,9999.000,9999.000
202608071348,   0.311,   0.508,9999.000,9999.000,9999.000,9999.000,9999.000,9999.000,9999.000
202608071354,   0.312,   0.508,9999.000,9999.000,9999.000,9999.000,9999.000,9999.000,9999.000
202608071400,   0.313,   0.508,   0.400,  -0.205,   0.508,   0.300,   0.408,   0.400,   0.508
202608071406,   0.314,   0.518,9999.000,9999.000,9999.000,9999.000,9999.000,9999.000,9999.000
202608071412,   0.315,   0.518,9999.000,9999.000,9999.000,9999.000,9999.000,9999.000,9999.000
202608071418,   0.315,   0.531,9999.000,9999.000,9999.000,9999.000,9999.000,9999.000,9999.000
202608071424,   0.316,   0.518,9999.000,9999.000,9999.000,9999.000,9999.000,9999.000,9999.000
202608071430,   0.316,   0.531,9999.000,9999.000,9999.000,9999.000,9999.000,9999.000,9999.000
202608071436,   0.316,   0.541,9999.000,9999.000,9999.000,9999.000,9999.000,9999.000,9999.000
202608071442,   0.316,   0.531,9999.000,9999.000,9999.000,9999.000,9999.000,9999.000,9999.000
202608071448,   0.316,   0.531,9999.000,9999.000,9999.000,9999.000,9999.000,9999.000,9999.000
202608071454,   0.315,   0.531,9999.000,9999.000,9999.000,9999.000,9999.000,9999.000,9999.000
202608071500,   0.315,   0.518,   0.400,  -0.197,   0.518,   0.300,   0.418,   0.400,   0.518
202608071506,   0.314,   0.518,9999.000,9999.000,9999.000,9999.000,9999.000,9999.000,9999.000
202608071512,   0.313,   0.531,9999.000,9999.000,9999.000,9999.000,9999.000,9999.000,9999.000
202608071518,   0.312,   0.531,9999.000,9999.000,9999.000,9999.000,9999.000,9999.000,9999.000
202608071524,   0.311,   0.518,9999.000,9999.000,9999.000,9999.000,9999.000,9999.000,9999.000
202608071530,   0.309,   0.508,9999.000,9999.000,9999.000,9999.000,9999.000,9999.000,9999.000
202608071536,   0.308,   0.498,9999.000,9999.000,9999.000,9999.000,9999.000,9999.000,9999.000
202608071542,   0.306,   0.498,9999.000,9999.000,9999.000,9999.000,9999.000,9999.000,9999.000
202608071548,   0.304,   0.508,9999.000,9999.000,9999.000,9999.000,9999.000,9999.000,9999.000
202608071554,   0.302,   0.508,9999.000,9999.000,9999.000,9999.000,9999.000,9999.000,9999.000
202608071600,   0.300,   0.508,   0.400,  -0.192,   0.508,   0.300,   0.408,   0.400,   0.508
202608071606,   0.298,   0.508,9999.000,9999.000,9999.000,9999.000,9999.000,9999.000,9999.000
202608071612,   0.295,   0.498,9999.000,9999.000,9999.000,9999.000,9999.000,9999.000,9999.000
202608071618,   0.293,   0.488,9999.000,9999.000,9999.000,9999.000,9999.000,9999.000,9999.000
202608071624,   0.290,   0.508,9999.000,9999.000,9999.000,9999.000,9999.000,9999.000,9999.000
202608071630,   0.287,   0.518,9999.000,9999.000,9999.000,9999.000,9999.000,9999.000,9999.000
202608071636,   0.284,   0.508,9999.000,9999.000,9999.000,9999.000,9999.000,9999.000,9999.000
202608071642,   0.280,   0.508,9999.000,9999.000,9999.000,9999.000,9999.000,9999.000,9999.000
202608071648,   0.277,   0.518,9999.000,9999.000,9999.000,9999.000,9999.000,9999.000,9999.000
202608071654,   0.273,   1.229,9999.000,9999.000,9999.000,9999.000,9999.000,9999.000,9999.000
202608071700,   0.270,   0.508,   0.400,  -0.162,   0.508,   0.300,   0.408,   0.400,   0.508
202608071706,   0.266,   0.498,9999.000,9999.000,9999.000,9999.000,9999.000,9999.000,9999.000
202608071712,   0.262,   0.508,9999.000,9999.000,9999.000,9999.000,9999.000,9999.000,9999.000
202608071718,   0.257,   0.508,9999.000,9999.000,9999.000,9999.000,9999.000,9999.000,9999.000
202608071724,   0.253,   0.560,9999.000,9999.000,9999.000,9999.000,9999.000,9999.000,9999.000
202608071730,   0.248,   0.560,9999.000,9999.000,9999.000,9999.000,9999.000,9999.000,9999.000
202608071736,   0.244,   0.488,9999.000,9999.000,9999.000,9999.000,9999.000,9999.000,9999.000
202608071742,   0.239,   0.488,9999.000,9999.000,9999.000,9999.000,9999.000,9999.000,9999.000
202608071748,   0.234,   0.488,9999.000,9999.000,9999.000,9999.000,9999.000,9999.000,9999.000
202608071754,   0.229,   0.488,9999.000,9999.000,9999.000,9999.000,9999.000,9999.000,9999.000
202608071800,   0.224,   0.478,   0.200,   0.054,   0.478,   0.200,   0.478,   0.200,   0.478
202608071806,   0.218,   0.469,9999.000,9999.000,9999.000,9999.000,9999.000,9999.000,9999.000
202608071812,   0.213,   0.469,9999.000,9999.000,9999.000,9999.000,9999.000,9999.000,9999.000
202608071818,   0.207,   0.469,9999.000,9999.000,9999.000,9999.000,9999.000,9999.000,9999.000
202608071824,   0.201,   0.469,9999.000,9999.000,9999.000,9999.000,9999.000,9999.000,9999.000
202608071830,   0.195,   0.459,9999.000,9999.000,9999.000,9999.000,9999.000,9999.000,9999.000
202608071836,   0.189,   0.449,9999.000,9999.000,9999.000,9999.000,9999.000,9999.000,9999.000
202608071842,   0.183,   0.439,9999.000,9999.000,9999.000,9999.000,9999.000,9999.000,9999.000
202608071848,   0.177,   0.429,9999.000,9999.000,9999.000,9999.000,9999.000,9999.000,9999.000
202608071854,   0.171,   0.419,9999.000,9999.000,9999.000,9999.000,9999.000,9999.000,9999.000
202608071900,   0.164,   0.419,   0.200,   0.055,   0.419,   0.200,   0.419,   0.200,   0.419
202608071906,   0.158,   0.409,9999.000,9999.000,9999.000,9999.000,9999.000,9999.000,9999.000
202608071912,   0.151,   0.400,9999.000,9999.000,9999.000,9999.000,9999.000,9999.000,9999.000
202608071918,   0.144,   0.390,9999.000,9999.000,9999.000,9999.000,9999.000,9999.000,9999.000
202608071924,   0.137,   0.380,9999.000,9999.000,9999.000,9999.000,9999.000,9999.000,9999.000
202608071930,   0.131,   0.360,9999.000,9999.000,9999.000,9999.000,9999.000,9999.000,9999.000
202608071936,   0.124,   0.360,9999.000,9999.000,9999.000,9999.000,9999.000,9999.000,9999.000
202608071942,   0.116,   0.350,9999.000,9999.000,9999.000,9999.000,9999.000,9999.000,9999.000
202608071948,   0.109,   0.341,9999.000,9999.000,9999.000,9999.000,9999.000,9999.000,9999.000
202608071954,   0.102,   0.331,9999.000,9999.000,9999.000,9999.000,9999.000,9999.000,9999.000
202608072000,   0.095,   0.321,   0.200,   0.026,   0.321,   0.200,   0.321,   0.200,   0.321
202608072006,   0.088,   0.298,9999.000,9999.000,9999.000,9999.000,9999.000,9999.000,9999.000
202608072012,   0.080,   0.298,9999.000,9999.000,9999.000,9999.000,9999.000,9999.000,9999.000
202608072018,   0.073,   0.288,9999.000,9999.000,9999.000,9999.000,9999.000,9999.000,9999.000
202608072024,   0.066,   0.288,9999.000,9999.000,9999.000,9999.000,9999.000,9999.000,9999.000
202608072030,   0.058,   0.268,9999.000,9999.000,9999.000,9999.000,9999.000,9999.000,9999.000
202608072036,   0.051,   0.268,9999.000,9999.000,9999.000,9999.000,9999.000,9999.000,9999.000
202608072042,   0.043,   0.259,9999.000,9999.000,9999.000,9999.000,9999.000,9999.000,9999.000
202608072048,   0.036,   0.259,9999.000,9999.000,9999.000,9999.000,9999.000,9999.000,9999.000
202608072054,   0.028,   0.239,9999.000,9999.000,9999.000,9999.000,9999.000,9999.000,9999.000
202608072100,   0.021,   0.229,   0.200,   0.008,   0.229,   0.200,   0.229,   0.200,   0.229
202608072106,   0.013,   0.229,9999.000,9999.000,9999.000,9999.000,9999.000,9999.000,9999.000
202608072112,   0.006,   0.239,9999.000,9999.000,9999.000,9999.000,9999.000,9999.000,9999.000
202608072118,  -0.001,   0.219,9999.000,9999.000,9999.000,9999.000,9999.000,9999.000,9999.000
202608072124,  -0.008,   0.209,9999.000,9999.000,9999.000,9999.000,9999.000,9999.000,9999.000
202608072130,  -0.016,   0.209,9999.000,9999.000,9999.000,9999.000,9999.000,9999.000,9999.000
202608072136,  -0.023,   0.190,9999.000,9999.000,9999.000,9999.000,9999.000,9999.000,9999.000
202608072142,  -0.030,   0.170,9999.000,9999.000,9999.000,9999.000,9999.000,9999.000,9999.000
202608072148,  -0.038,   0.150,9999.000,9999.000,9999.000,9999.000,9999.000,9999.000,9999.000
202608072154,  -0.045,   0.141,9999.000,9999.000,9999.000,9999.000,9999.000,9999.000,9999.000
202608072200,  -0.052,   0.131,   0.200,  -0.017,   0.131,   0.200,   0.131,   0.200,   0.131
202608072206,  -0.059,   0.121,9999.000,9999.000,9999.000,9999.000,9999.000,9999.000,9999.000
202608072212,  -0.066,   0.121,9999.000,9999.000,9999.000,9999.000,9999.000,9999.000,9999.000
202608072218,  -0.074,   0.111,9999.000,9999.000,9999.000,9999.000,9999.000,9999.000,9999.000
202608072224,  -0.080,   0.088,9999.000,9999.000,9999.000,9999.000,9999.000,9999.000,9999.000
202608072230,  -0.087,   0.088,9999.000,9999.000,9999.000,9999.000,9999.000,9999.000,9999.000
202608072236,  -0.094,   0.088,9999.000,9999.000,9999.000,9999.000,9999.000,9999.000,9999.000
202608072242,  -0.101,   0.098,9999.000,9999.000,9999.000,9999.000,9999.000,9999.000,9999.000
202608072248,  -0.107,   0.088,9999.000,9999.000,9999.000,9999.000,9999.000,9999.000,9999.000
202608072254,  -0.114,   0.088,9999.000,9999.000,9999.000,9999.000,9999.000,9999.000,9999.000
202608072300,  -0.120,   0.078,   0.200,  -0.002,   0.078,   0.200,   0.078,   0.200,   0.078
202608072306,  -0.126,   0.078,9999.000,9999.000,9999.000,9999.000,9999.000,9999.000,9999.000
202608072312,  -0.133,   0.059,9999.000,9999.000,9999.000,9999.000,9999.000,9999.000,9999.000
202608072318,  -0.139,   0.059,9999.000,9999.000,9999.000,9999.000,9999.000,9999.000,9999.000
202608072324,  -0.144,   0.049,9999.000,9999.000,9999.000,9999.000,9999.000,9999.000,9999.000
202608072330,  -0.150,   0.049,9999.000,9999.000,9999.000,9999.000,9999.000,9999.000,9999.000
202608072336,  -0.156,   0.039,9999.000,9999.000,9999.000,9999.000,9999.000,9999.000,9999.000
202608072342,  -0.161,   0.049,9999.000,9999.000,9999.000,9999.000,9999.000,9999.000,9999.000
202608072348,  -0.167,   0.029,9999.000,9999.000,9999.000,9999.000,9999.000,9999.000,9999.000
202608072354,  -0.172,   0.029,9999.000,9999.000,9999.000,9999.000,9999.000,9999.000,9999.000
202608080000,  -0.177,   0.029,   0.300,  -0.094,   0.029,   0.200,  -0.071,   0.300,   0.029
202608080006,  -0.182,   0.029,9999.000,9999.000,9999.000,9999.000,9999.000,9999.000,9999.000
202608080012,  -0.186,   0.029,9999.000,9999.000,9999.000,9999.000,9999.000,9999.000,9999.000
202608080018,  -0.191,   0.029,9999.000,9999.000,9999.000,9999.000,9999.000,9999.000,9999.000
202608080024,  -0.195,   0.029,9999.000,9999.000,9999.000,9999.000,9999.000,9999.000,9999.000
202608080030,  -0.199,   0.019,9999.000,9999.000,9999.000,9999.000,9999.000,9999.000,9999.000
202608080036,  -0.203,   0.019,9999.000,9999.000,9999.000,9999.000,9999.000,9999.000,9999.000
202608080042,  -0.207,   0.009,9999.000,9999.000,9999.000,9999.000,9999.000,9999.000,9999.000
202608080048,  -0.211,   0.009,9999.000,9999.000,9999.000,9999.000,9999.000,9999.000,9999.000
202608080054,  -0.214,   0.009,9999.000,9999.000,9999.000,9999.000,9999.000,9999.000,9999.000
202608080100,  -0.218,   0.009,   0.200,   0.027,   0.009,   0.200,   0.009,   0.300,   0.109
202608080106,  -0.221,   0.009,9999.000,9999.000,9999.000,9999.000,9999.000,9999.000,9999.000
202608080112,  -0.224,   0.000,9999.000,9999.000,9999.000,9999.000,9999.000,9999.000,9999.000
202608080118,  -0.226,   0.009,9999.000,9999.000,9999.000,9999.000,9999.000,9999.000,9999.000
202608080124,  -0.229,  -0.009,9999.000,9999.000,9999.000,9999.000,9999.000,9999.000,9999.000
202608080130,  -0.231,  -0.019,9999.000,9999.000,9999.000,9999.000,9999.000,9999.000,9999.000
202608080136,  -0.233,  -0.029,9999.000,9999.000,9999.000,9999.000,9999.000,9999.000,9999.000
202608080142,  -0.235,  -0.029,9999.000,9999.000,9999.000,9999.000,9999.000,9999.000,9999.000
202608080148,  -0.237,  -0.029,9999.000,9999.000,9999.000,9999.000,9999.000,9999.000,9999.000
202608080154,  -0.238,  -0.029,9999.000,9999.000,9999.000,9999.000,9999.000,9999.000,9999.000
202608080200,  -0.240,  -0.029,   0.200,   0.011,  -0.029,   0.200,  -0.029,   0.300,   0.071
202608080206,  -0.241,  -0.029,9999.000,9999.000,9999.000,9999.000,9999.000,9999.000,9999.000
202608080212,  -0.242,  -0.029,9999.000,9999.000,9999.000,9999.000,9999.000,9999.000,9999.000
202608080218,  -0.243,  -0.039,9999.000,9999.000,9999.000,9999.000,9999.000,9999.000,9999.000
202608080224,  -0.243,  -0.029,9999.000,9999.000,9999.000,9999.000,9999.000,9999.000,9999.000
202608080230,  -0.243,  -0.029,9999.000,9999.000,9999.000,9999.000,9999.000,9999.000,9999.000
202608080236,  -0.243,  -0.039,9999.000,9999.000,9999.000,9999.000,9999.000,9999.000,9999.000
202608080242,  -0.243,  -0.039,9999.000,9999.000,9999.000,9999.000,9999.000,9999.000,9999.000
202608080248,  -0.243,  -0.029,9999.000,9999.000,9999.000,9999.000,9999.000,9999.000,9999.000
202608080254,  -0.243,  -0.019,9999.000,9999.000,9999.000,9999.000,9999.000,9999.000,9999.000
202608080300,  -0.242,  -0.019,   0.200,   0.023,  -0.019,   0.200,  -0.019,   0.300,   0.081
202608080306,  -0.241,   0.000,9999.000,9999.000,9999.000,9999.000,9999.000,9999.000,9999.000
202608080312,  -0.240,   0.000,9999.000,9999.000,9999.000,9999.000,9999.000,9999.000,9999.000
202608080318,  -0.239,   0.000,9999.000,9999.000,9999.000,9999.000,9999.000,9999.000,9999.000
202608080324,  -0.237,  -0.009,9999.000,9999.000,9999.000,9999.000,9999.000,9999.000,9999.000
202608080330,  -0.236,   0.000,9999.000,9999.000,9999.000,9999.000,9999.000,9999.000,9999.000
202608080336,  -0.234,   0.000,9999.000,9999.000,9999.000,9999.000,9999.000,9999.000,9999.000
202608080342,  -0.232,  -0.009,9999.000,9999.000,9999.000,9999.000,9999.000,9999.000,9999.000
202608080348,  -0.229,   0.000,9999.000,9999.000,9999.000,9999.000,9999.000,9999.000,9999.000
202608080354,  -0.227,   0.009,9999.000,9999.000,9999.000,9999.000,9999.000,9999.000,9999.000
202608080400,  -0.224,   0.009,   0.200,   0.033,   0.009,   0.200,   0.009,   0.300,   0.109
202608080406,  -0.222,   0.029,9999.000,9999.000,9999.000,9999.000,9999.000,9999.000,9999.000
202608080412,  -0.219,   0.019,9999.000,9999.000,9999.000,9999.000,9999.000,9999.000,9999.000
202608080418,  -0.215,   0.019,9999.000,9999.000,9999.000,9999.000,9999.000,9999.000,9999.000
202608080424,  -0.212,   0.029,9999.000,9999.000,9999.000,9999.000,9999.000,9999.000,9999.000
202608080430,  -0.209,   0.019,9999.000,9999.000,9999.000,9999.000,9999.000,9999.000,9999.000
202608080436,  -0.205,   0.019,9999.000,9999.000,9999.000,9999.000,9999.000,9999.000,9999.000
202608080442,  -0.201,   0.019,9999.000,9999.000,9999.000,9999.000,9999.000,9999.000,9999.000
202608080448,  -0.197,   0.029,9999.000,9999.000,9999.000,9999.000,9999.000,9999.000,9999.000
202608080454,  -0.193,   0.039,9999.000,9999.000,9999.000,9999.000,9999.000,9999.000,9999.000
202608080500,  -0.189,   0.039,   0.200,   0.028,   0.039,   0.200,   0.039,   0.300,   0.139
202608080506,  -0.184,   0.049,9999.000,9999.000,9999.000,9999.000,9999.000,9999.000,9999.000
202608080512,  -0.180,   0.049,9999.000,9999.000,9999.000,9999.000,9999.000,9999.000,9999.000
202608080518,  -0.175,   0.059,9999.000,9999.000,9999.000,9999.000,9999.000,9999.000,9999.000
202608080524,  -0.170,   0.049,9999.000,9999.000,9999.000,9999.000,9999.000,9999.000,9999.000
202608080530,  -0.165,   0.059,9999.000,9999.000,9999.000,9999.000,9999.000,9999.000,9999.000
202608080536,  -0.160,   0.068,9999.000,9999.000,9999.000,9999.000,9999.000,9999.000,9999.000
202608080542,  -0.155,   0.078,9999.000,9999.000,9999.000,9999.000,9999.000,9999.000,9999.000
202608080548,  -0.149,   0.088,9999.000,9999.000,9999.000,9999.000,9999.000,9999.000,9999.000
202608080554,  -0.144,   0.088,9999.000,9999.000,9999.000,9999.000,9999.000,9999.000,9999.000
202608080600,  -0.138,   0.078,   0.300,  -0.084,   0.078,   0.300,   0.078,   0.300,   0.078
202608080606,  -0.132,   0.098,9999.000,9999.000,9999.000,9999.000,9999.000,9999.000,9999.000
202608080612,  -0.127,   0.098,9999.000,9999.000,9999.000,9999.000,9999.000,9999.000,9999.000
202608080618,  -0.121,   0.111,9999.000,9999.000,9999.000,9999.000,9999.000,9999.000,9999.000
202608080624,  -0.114,   0.111,9999.000,9999.000,9999.000,9999.000,9999.000,9999.000,9999.000
202608080630,  -0.108,   0.121,9999.000,9999.000,9999.000,9999.000,9999.000,9999.000,9999.000
202608080636,  -0.102,   0.131,9999.000,9999.000,9999.000,9999.000,9999.000,9999.000,9999.000
202608080642,  -0.096,   0.141,9999.000,9999.000,9999.000,9999.000,9999.000,9999.000,9999.000
202608080648,  -0.089,   0.150,9999.000,9999.000,9999.000,9999.000,9999.000,9999.000,9999.000
202608080654,  -0.083,   0.150,9999.000,9999.000,9999.000,9999.000,9999.000,9999.000,9999.000
202608080700,  -0.076,   0.160,   0.300,  -0.064,   0.160,   0.300,   0.160,   0.300,   0.160
202608080706,  -0.070,   0.160,9999.000,9999.000,9999.000,9999.000,9999.000,9999.000,9999.000
202608080712,  -0.063,   0.180,9999.000,9999.000,9999.000,9999.000,9999.000,9999.000,9999.000
202608080718,  -0.056,   0.190,9999.000,9999.000,9999.000,9999.000,9999.000,9999.000,9999.000
202608080724,  -0.049,   0.190,9999.000,9999.000,9999.000,9999.000,9999.000,9999.000,9999.000
202608080730,  -0.042,   0.200,9999.000,9999.000,9999.000,9999.000,9999.000,9999.000,9999.000
202608080736,  -0.035,   0.209,9999.000,9999.000,9999.000,9999.000,9999.000,9999.000,9999.000
202608080742,  -0.028,   0.219,9999.000,9999.000,9999.000,9999.000,9999.000,9999.000,9999.000
202608080748,  -0.021,   0.229,9999.000,9999.000,9999.000,9999.000,9999.000,9999.000,9999.000
202608080754,  -0.014,   0.239,9999.000,9999.000,9999.000,9999.000,9999.000,9999.000,9999.000
202608080800,  -0.007,   0.249,   0.300,  -0.044,   0.249,   0.300,   0.249,   0.300,   0.249
202608080806,   0.000,   0.249,9999.000,9999.000,9999.000,9999.000,9999.000,9999.000,9999.000
202608080812,   0.006,   0.259,9999.000,9999.000,9999.000,9999.000,9999.000,9999.000,9999.000
202608080818,   0.013,   0.278,9999.000,9999.000,9999.000,9999.000,9999.000,9999.000,9999.000
202608080824,   0.020,   0.278,9999.000,9999.000,9999.000,9999.000,9999.000,9999.000,9999.000
202608080830,   0.028,   0.288,9999.000,9999.000,9999.000,9999.000,9999.000,9999.000,9999.000
202608080836,   0.035,   0.298,9999.000,9999.000,9999.000,9999.000,9999.000,9999.000,9999.000
202608080842,   0.042,   0.298,9999.000,9999.000,9999.000,9999.000,9999.000,9999.000,9999.000
202608080848,   0.049,   0.308,9999.000,9999.000,9999.000,9999.000,9999.000,9999.000,9999.000
202608080854,   0.056,   0.321,9999.000,9999.000,9999.000,9999.000,9999.000,9999.000,9999.000
202608080900,   0.064,   0.331,   0.300,  -0.033,   0.331,   0.300,   0.331,   0.300,   0.331
202608080906,   0.071,   0.331,9999.000,9999.000,9999.000,9999.000,9999.000,9999.000,9999.000
202608080912,   0.078,   0.341,9999.000,9999.000,9999.000,9999.000,9999.000,9999.000,9999.000
202608080918,   0.085,   0.341,9999.000,9999.000,9999.000,9999.000,9999.000,9999.000,9999.000
202608080924,   0.092,   0.360,9999.000,9999.000,9999.000,9999.000,9999.000,9999.000,9999.000
202608080930,   0.099,   0.360,9999.000,9999.000,9999.000,9999.000,9999.000,9999.000,9999.000
202608080936,   0.106,   0.350,9999.000,9999.000,9999.000,9999.000,9999.000,9999.000,9999.000
202608080942,   0.114,   0.380,9999.000,9999.000,9999.000,9999.000,9999.000,9999.000,9999.000
202608080948,   0.121,   0.380,9999.000,9999.000,9999.000,9999.000,9999.000,9999.000,9999.000
202608080954,   0.127,   1.128,9999.000,9999.000,9999.000,9999.000,9999.000,9999.000,9999.000
202608081000,   0.134,   1.820,   0.300,   1.386,   1.820,   0.300,   1.820,   0.300,   1.820
202608081006,   0.141,   1.820,9999.000,9999.000,9999.000,9999.000,9999.000,9999.000,9999.000
202608081012,   0.148,   1.840,9999.000,9999.000,9999.000,9999.000,9999.000,9999.000,9999.000
202608081018,   0.155,   1.849,9999.000,9999.000,9999.000,9999.000,9999.000,9999.000,9999.000
202608081024,   0.161,   1.869,9999.000,9999.000,9999.000,9999.000,9999.000,9999.000,9999.000
202608081030,   0.168,   1.849,9999.000,9999.000,9999.000,9999.000,9999.000,9999.000,9999.000
202608081036,   0.175,   1.899,9999.000,9999.000,9999.000,9999.000,9999.000,9999.000,9999.000
202608081042,   0.181,   1.899,9999.000,9999.000,9999.000,9999.000,9999.000,9999.000,9999.000
202608081048,   0.188,   1.908,9999.000,9999.000,9999.000,9999.000,9999.000,9999.000,9999.000
202608081054,   0.194,   1.879,9999.000,9999.000,9999.000,9999.000,9999.000,9999.000,9999.000
202608081100,   0.200,   1.928,   0.300,   1.428,   1.928,   0.300,   1.928,   0.300,   1.928
202608081106,   0.206,   0.400,9999.000,9999.000,9999.000,9999.000,9999.000,9999.000,9999.000
202608081112,   0.212,   0.409,9999.000,9999.000,9999.000,9999.000,9999.000,9999.000,9999.000
202608081118,   0.218,   0.439,9999.000,9999.000,9999.000,9999.000,9999.000,9999.000,9999.000
202608081124,   0.224,   0.488,9999.000,9999.000,9999.000,9999.000,9999.000,9999.000,9999.000
202608081130,   0.230,   0.419,9999.000,9999.000,9999.000,9999.000,9999.000,9999.000,9999.000
202608081136,   0.236,   0.518,9999.000,9999.000,9999.000,9999.000,9999.000,9999.000,9999.000
202608081142,   0.241,   0.429,9999.000,9999.000,9999.000,9999.000,9999.000,9999.000,9999.000
202608081148,   0.247,   0.449,9999.000,9999.000,9999.000,9999.000,9999.000,9999.000,9999.000
202608081154,   0.252,   0.439,9999.000,9999.000,9999.000,9999.000,9999.000,9999.000,9999.000
202608081200,   0.258,   0.449,   0.300,  -0.109,   0.449,   0.300,   0.449,   0.400,   0.549
202608081206,   0.263,9999.000,9999.000,9999.000,9999.000,9999.000,9999.000,9999.000,9999.000
202608081212,   0.268,9999.000,9999.000,9999.000,9999.000,9999.000,9999.000,9999.000,9999.000
202608081218,   0.273,9999.000,9999.000,9999.000,9999.000,9999.000,9999.000,9999.000,9999.000
202608081224,   0.278,9999.000,9999.000,9999.000,9999.000,9999.000,9999.000,9999.000,9999.000
202608081230,   0.282,9999.000,9999.000,9999.000,9999.000,9999.000,9999.000,9999.000,9999.000
202608081236,   0.287,9999.000,9999.000,9999.000,9999.000,9999.000,9999.000,9999.000,9999.000
202608081242,   0.291,9999.000,9999.000,9999.000,9999.000,9999.000,9999.000,9999.000,9999.000
202608081248,   0.296,9999.000,9999.000,9999.000,9999.000,9999.000,9999.000,9999.000,9999.000
202608081254,   0.300,9999.000,9999.000,9999.000,9999.000,9999.000,9999.000,9999.000,9999.000
202608081300,   0.304,9999.000,   0.300,  -0.107,   0.497,   0.300,   0.497,   0.400,   0.597
202608081306,   0.308,9999.000,9999.000,9999.000,9999.000,9999.000,9999.000,9999.000,9999.000
202608081312,   0.312,9999.000,9999.000,9999.000,9999.000,9999.000,9999.000,9999.000,9999.000
202608081318,   0.315,9999.000,9999.000,9999.000,9999.000,9999.000,9999.000,9999.000,9999.000
202608081324,   0.319,9999.000,9999.000,9999.000,9999.000,9999.000,9999.000,9999.000,9999.000
202608081330,   0.322,9999.000,9999.000,9999.000,9999.000,9999.000,9999.000,9999.000,9999.000
202608081336,   0.325,9999.000,9999.000,9999.000,9999.000,9999.000,9999.000,9999.000,9999.000
202608081342,   0.328,9999.000,9999.000,9999.000,9999.000,9999.000,9999.000,9999.000,9999.000
202608081348,   0.331,9999.000,9999.000,9999.000,9999.000,9999.000,9999.000,9999.000,9999.000
202608081354,   0.334,9999.000,9999.000,9999.000,9999.000,9999.000,9999.000,9999.000,9999.000
202608081400,   0.337,9999.000,   0.300,  -0.105,   0.532,   0.300,   0.532,   0.400,   0.632
202608081406,   0.339,9999.000,9999.000,9999.000,9999.000,9999.000,9999.000,9999.000,9999.000
202608081412,   0.341,9999.000,9999.000,9999.000,9999.000,9999.000,9999.000,9999.000,9999.000
202608081418,   0.343,9999.000,9999.000,9999.000,9999.000,9999.000,9999.000,9999.000,9999.000
202608081424,   0.345,9999.000,9999.000,9999.000,9999.000,9999.000,9999.000,9999.000,9999.000
202608081430,   0.347,9999.000,9999.000,9999.000,9999.000,9999.000,9999.000,9999.000,9999.000
202608081436,   0.349,9999.000,9999.000,9999.000,9999.000,9999.000,9999.000,9999.000,9999.000
202608081442,   0.350,9999.000,9999.000,9999.000,9999.000,9999.000,9999.000,9999.000,9999.000
202608081448,   0.352,9999.000,9999.000,9999.000,9999.000,9999.000,9999.000,9999.000,9999.000
202608081454,   0.353,9999.000,9999.000,9999.000,9999.000,9999.000,9999.000,9999.000,9999.000
202608081500,   0.354,9999.000,   0.300,  -0.103,   0.551,   0.300,   0.551,   0.400,   0.651
202608081506,   0.355,9999.000,9999.000,9999.000,9999.000,9999.000,9999.000,9999.000,9999.000
202608081512,   0.355,9999.000,9999.000,9999.000,9999.000,9999.000,9999.000,9999.000,9999.000
202608081518,   0.356,9999.000,9999.000,9999.000,9999.000,9999.000,9999.000,9999.000,9999.000
202608081524,   0.356,9999.000,9999.000,9999.000,9999.000,9999.000,9999.000,9999.000,9999.000
202608081530,   0.356,9999.000,9999.000,9999.000,9999.000,9999.000,9999.000,9999.000,9999.000
202608081536,   0.356,9999.000,9999.000,9999.000,9999.000,9999.000,9999.000,9999.000,9999.000
202608081542,   0.356,9999.000,9999.000,9999.000,9999.000,9999.000,9999.000,9999.000,9999.000
202608081548,   0.355,9999.000,9999.000,9999.000,9999.000,9999.000,9999.000,9999.000,9999.000
202608081554,   0.355,9999.000,9999.000,9999.000,9999.000,9999.000,9999.000,9999.000,9999.000
202608081600,   0.354,9999.000,   0.300,  -0.100,   0.554,   0.300,   0.554,   0.400,   0.654
202608081606,   0.353,9999.000,9999.000,9999.000,9999.000,9999.000,9999.000,9999.000,9999.000
202608081612,   0.352,9999.000,9999.000,9999.000,9999.000,9999.000,9999.000,9999.000,9999.000
202608081618,   0.351,9999.000,9999.000,9999.000,9999.000,9999.000,9999.000,9999.000,9999.000
202608081624,   0.349,9999.000,9999.000,9999.000,9999.000,9999.000,9999.000,9999.000,9999.000
202608081630,   0.348,9999.000,9999.000,9999.000,9999.000,9999.000,9999.000,9999.000,9999.000
202608081636,   0.346,9999.000,9999.000,9999.000,9999.000,9999.000,9999.000,9999.000,9999.000
202608081642,   0.344,9999.000,9999.000,9999.000,9999.000,9999.000,9999.000,9999.000,9999.000
202608081648,   0.342,9999.000,9999.000,9999.000,9999.000,9999.000,9999.000,9999.000,9999.000
202608081654,   0.339,9999.000,9999.000,9999.000,9999.000,9999.000,9999.000,9999.000,9999.000
202608081700,   0.337,9999.000,   0.300,  -0.098,   0.539,   0.300,   0.539,   0.300,   0.539
202608081706,   0.334,9999.000,9999.000,9999.000,9999.000,9999.000,9999.000,9999.000,9999.000
202608081712,   0.331,9999.000,9999.000,9999.000,9999.000,9999.000,9999.000,9999.000,9999.000
202608081718,   0.328,9999.000,9999.000,9999.000,9999.000,9999.000,9999.000,9999.000,9999.000
202608081724,   0.325,9999.000,9999.000,9999.000,9999.000,9999.000,9999.000,9999.000,9999.000
202608081730,   0.322,9999.000,9999.000,9999.000,9999.000,9999.000,9999.000,9999.000,9999.000
202608081736,   0.319,9999.000,9999.000,9999.000,9999.000,9999.000,9999.000,9999.000,9999.000
202608081742,   0.315,9999.000,9999.000,9999.000,9999.000,9999.000,9999.000,9999.000,9999.000
202608081748,   0.311,9999.000,9999.000,9999.000,9999.000,9999.000,9999.000,9999.000,9999.000
202608081754,   0.307,9999.000,9999.000,9999.000,9999.000,9999.000,9999.000,9999.000,9999.000
202608081800,   0.303,9999.000,   0.300,  -0.096,   0.507,   0.300,   0.507,   0.300,   0.507
202608081806,   0.299,9999.000,9999.000,9999.000,9999.000,9999.000,9999.000,9999.000,9999.000
202608081812,   0.294,9999.000,9999.000,9999.000,9999.000,9999.000,9999.000,9999.000,9999.000
202608081818,   0.290,9999.000,9999.000,9999.000,9999.000,9999.000,9999.000,9999.000,9999.000
202608081824,   0.285,9999.000,9999.000,9999.000,9999.000,9999.000,9999.000,9999.000,9999.000
202608081830,   0.280,9999.000,9999.000,9999.000,9999.000,9999.000,9999.000,9999.000,9999.000
202608081836,   0.275,9999.000,9999.000,9999.000,9999.000,9999.000,9999.000,9999.000,9999.000
202608081842,   0.270,9999.000,9999.000,9999.000,9999.000,9999.000,9999.000,9999.000,9999.000
202608081848,   0.265,9999.000,9999.000,9999.000,9999.000,9999.000,9999.000,9999.000,9999.000
202608081854,   0.259,9999.000,9999.000,9999.000,9999.000,9999.000,9999.000,9999.000,9999.000
202608081900,   0.254,9999.000,   0.300,  -0.094,   0.460,   0.300,   0.460,   0.300,   0.460
202608081906,   0.248,9999.000,9999.000,9999.000,9999.000,9999.000,9999.000,9999.000,9999.000
202608081912,   0.242,9999.000,9999.000,9999.000,9999.000,9999.000,9999.000,9999.000,9999.000
202608081918,   0.236,9999.000,9999.000,9999.000,9999.000,9999.000,9999.000,9999.000,9999.000
202608081924,   0.230,9999.000,9999.000,9999.000,9999.000,9999.000,9999.000,9999.000,9999.000
202608081930,   0.224,9999.000,9999.000,9999.000,9999.000,9999.000,9999.000,9999.000,9999.000
202608081936,   0.217,9999.000,9999.000,9999.000,9999.000,9999.000,9999.000,9999.000,9999.000
202608081942,   0.211,9999.000,9999.000,9999.000,9999.000,9999.000,9999.000,9999.000,9999.000
202608081948,   0.204,9999.000,9999.000,9999.000,9999.000,9999.000,9999.000,9999.000,9999.000
202608081954,   0.198,9999.000,9999.000,9999.000,9999.000,9999.000,9999.000,9999.000,9999.000
202608082000,   0.191,9999.000,   0.300,  -0.092,   0.399,   0.300,   0.399,   0.300,   0.399
202608082006,   0.184,9999.000,9999.000,9999.000,9999.000,9999.000,9999.000,9999.000,9999.000
202608082012,   0.177,9999.000,9999.000,9999.000,9999.000,9999.000,9999.000,9999.000,9999.000
202608082018,   0.170,9999.000,9999.000,9999.000,9999.000,9999.000,9999.000,9999.000,9999.000
202608082024,   0.163,9999.000,9999.000,9999.000,9999.000,9999.000,9999.000,9999.000,9999.000
202608082030,   0.156,9999.000,9999.000,9999.000,9999.000,9999.000,9999.000,9999.000,9999.000
202608082036,   0.149,9999.000,9999.000,9999.000,9999.000,9999.000,9999.000,9999.000,9999.000
202608082042,   0.141,9999.000,9999.000,9999.000,9999.000,9999.000,9999.000,9999.000,9999.000
202608082048,   0.134,9999.000,9999.000,9999.000,9999.000,9999.000,9999.000,9999.000,9999.000
202608082054,   0.127,9999.000,9999.000,9999.000,9999.000,9999.000,9999.000,9999.000,9999.000
202608082100,   0.119,9999.000,   0.300,  -0.090,   0.329,   0.300,   0.329,   0.300,   0.329
202608082106,   0.112,9999.000,9999.000,9999.000,9999.000,9999.000,9999.000,9999.000,9999.000
202608082112,   0.104,9999.000,9999.000,9999.000,9999.000,9999.000,9999.000,9999.000,9999.000
202608082118,   0.096,9999.000,9999.000,9999.000,9999.000,9999.000,9999.000,9999.000,9999.000
202608082124,   0.089,9999.000,9999.000,9999.000,9999.000,9999.000,9999.000,9999.000,9999.000
202608082130,   0.081,9999.000,9999.000,9999.000,9999.000,9999.000,9999.000,9999.000,9999.000
202608082136,   0.073,9999.000,9999.000,9999.000,9999.000,9999.000,9999.000,9999.000,9999.000
202608082142,   0.066,9999.000,9999.000,9999.000,9999.000,9999.000,9999.000,9999.000,9999.000
202608082148,   0.058,9999.000,9999.000,9999.000,9999.000,9999.000,9999.000,9999.000,9999.000
202608082154,   0.050,9999.000,9999.000,9999.000,9999.000,9999.000,9999.000,9999.000,9999.000
202608082200,   0.042,9999.000,   0.300,  -0.088,   0.254,   0.300,   0.254,   0.300,   0.254
202608082206,   0.034,9999.000,9999.000,9999.000,9999.000,9999.000,9999.000,9999.000,9999.000
202608082212,   0.027,9999.000,9999.000,9999.000,9999.000,9999.000,9999.000,9999.000,9999.000
202608082218,   0.019,9999.000,9999.000,9999.000,9999.000,9999.000,9999.000,9999.000,9999.000
202608082224,   0.011,9999.000,9999.000,9999.000,9999.000,9999.000,9999.000,9999.000,9999.000
202608082230,   0.003,9999.000,9999.000,9999.000,9999.000,9999.000,9999.000,9999.000,9999.000
202608082236,  -0.003,9999.000,9999.000,9999.000,9999.000,9999.000,9999.000,9999.000,9999.000
202608082242,  -0.011,9999.000,9999.000,9999.000,9999.000,9999.000,9999.000,9999.000,9999.000
202608082248,  -0.019,9999.000,9999.000,9999.000,9999.000,9999.000,9999.000,9999.000,9999.000
202608082254,  -0.026,9999.000,9999.000,9999.000,9999.000,9999.000,9999.000,9999.000,9999.000
202608082300,  -0.034,9999.000,   0.300,  -0.086,   0.180,   0.300,   0.180,   0.300,   0.180
202608082306,  -0.041,9999.000,9999.000,9999.000,9999.000,9999.000,9999.000,9999.000,9999.000
202608082312,  -0.049,9999.000,9999.000,9999.000,9999.000,9999.000,9999.000,9999.000,9999.000
202608082318,  -0.056,9999.000,9999.000,9999.000,9999.000,9999.000,9999.000,9999.000,9999.000
202608082324,  -0.063,9999.000,9999.000,9999.000,9999.000,9999.000,9999.000,9999.000,9999.000
202608082330,  -0.071,9999.000,9999.000,9999.000,9999.000,9999.000,9999.000,9999.000,9999.000
202608082336,  -0.078,9999.000,9999.000,9999.000,9999.000,9999.000,9999.000,9999.000,9999.000
202608082342,  -0.085,9999.000,9999.000,9999.000,9999.000,9999.000,9999.000,9999.000,9999.000
202608082348,  -0.092,9999.000,9999.000,9999.000,9999.000,9999.000,9999.000,9999.000,9999.000
202608082354,  -0.099,9999.000,9999.000,9999.000,9999.000,9999.000,9999.000,9999.000,9999.000
202608090000,  -0.105,9999.000,   0.300,  -0.083,   0.112,   0.300,   0.112,   0.300,   0.112
202608090006,  -0.112,9999.000,9999.000,9999.000,9999.000,9999.000,9999.000,9999.000,9999.000
202608090012,  -0.119,9999.000,9999.000,9999.000,9999.000,9999.000,9999.000,9999.000,9999.000
202608090018,  -0.125,9999.000,9999.000,9999.000,9999.000,9999.000,9999.000,9999.000,9999.000
202608090024,  -0.132,9999.000,9999.000,9999.000,9999.000,9999.000,9999.000,9999.000,9999.000
202608090030,  -0.138,9999.000,9999.000,9999.000,9999.000,9999.000,9999.000,9999.000,9999.000
202608090036,  -0.144,9999.000,9999.000,9999.000,9999.000,9999.000,9999.000,9999.000,9999.000
202608090042,  -0.150,9999.000,9999.000,9999.000,9999.000,9999.000,9999.000,9999.000,9999.000
202608090048,  -0.156,9999.000,9999.000,9999.000,9999.000,9999.000,9999.000,9999.000,9999.000
202608090054,  -0.161,9999.000,9999.000,9999.000,9999.000,9999.000,9999.000,9999.000,9999.000
202608090100,  -0.167,9999.000,   0.300,  -0.083,   0.050,   0.300,   0.050,   0.300,   0.050
202608090106,  -0.172,9999.000,9999.000,9999.000,9999.000,9999.000,9999.000,9999.000,9999.000
202608090112,  -0.178,9999.000,9999.000,9999.000,9999.000,9999.000,9999.000,9999.000,9999.000
202608090118,  -0.183,9999.000,9999.000,9999.000,9999.000,9999.000,9999.000,9999.000,9999.000
202608090124,  -0.188,9999.000,9999.000,9999.000,9999.000,9999.000,9999.000,9999.000,9999.000
202608090130,  -0.192,9999.000,9999.000,9999.000,9999.000,9999.000,9999.000,9999.000,9999.000
202608090136,  -0.197,9999.000,9999.000,9999.000,9999.000,9999.000,9999.000,9999.000,9999.000
202608090142,  -0.201,9999.000,9999.000,9999.000,9999.000,9999.000,9999.000,9999.000,9999.000
202608090148,  -0.206,9999.000,9999.000,9999.000,9999.000,9999.000,9999.000,9999.000,9999.000
202608090154,  -0.210,9999.000,9999.000,9999.000,9999.000,9999.000,9999.000,9999.000,9999.000
202608090200,  -0.214,9999.000,   0.300,  -0.083,   0.003,   0.300,   0.003,   0.300,   0.003
202608090206,  -0.217,9999.000,9999.000,9999.000,9999.000,9999.000,9999.000,9999.000,9999.000
202608090212,  -0.221,9999.000,9999.000,9999.000,9999.000,9999.000,9999.000,9999.000,9999.000
202608090218,  -0.224,9999.000,9999.000,9999.000,9999.000,9999.000,9999.000,9999.000,9999.000
202608090224,  -0.227,9999.000,9999.000,9999.000,9999.000,9999.000,9999.000,9999.000,9999.000
202608090230,  -0.230,9999.000,9999.000,9999.000,9999.000,9999.000,9999.000,9999.000,9999.000
202608090236,  -0.233,9999.000,9999.000,9999.000,9999.000,9999.000,9999.000,9999.000,9999.000
202608090242,  -0.236,9999.000,9999.000,9999.000,9999.000,9999.000,9999.000,9999.000,9999.000
202608090248,  -0.238,9999.000,9999.000,9999.000,9999.000,9999.000,9999.000,9999.000,9999.000
202608090254,  -0.240,9999.000,9999.000,9999.000,9999.000,9999.000,9999.000,9999.000,9999.000
202608090300,  -0.242,9999.000,   0.300,  -0.083,  -0.025,   0.300,  -0.025,   0.300,  -0.025
202608090306,  -0.244,9999.000,9999.000,9999.000,9999.000,9999.000,9999.000,9999.000,9999.000
202608090312,  -0.245,9999.000,9999.000,9999.000,9999.000,9999.000,9999.000,9999.000,9999.000
202608090318,  -0.247,9999.000,9999.000,9999.000,9999.000,9999.000,9999.000,9999.000,9999.000
202608090324,  -0.248,9999.000,9999.000,9999.000,9999.000,9999.000,9999.000,9999.000,9999.000
202608090330,  -0.249,9999.000,9999.000,9999.000,9999.000,9999.000,9999.000,9999.000,9999.000
202608090336,  -0.250,9999.000,9999.000,9999.000,9999.000,9999.000,9999.000,9999.000,9999.000
202608090342,  -0.250,9999.000,9999.000,9999.000,9999.000,9999.000,9999.000,9999.000,9999.000
202608090348,  -0.250,9999.000,9999.000,9999.000,9999.000,9999.000,9999.000,9999.000,9999.000
202608090354,  -0.250,9999.000,9999.000,9999.000,9999.000,9999.000,9999.000,9999.000,9999.000
202608090400,  -0.250,9999.000,   0.300,  -0.083,  -0.033,   0.300,  -0.033,   0.300,  -0.033
202608090406,  -0.250,9999.000,9999.000,9999.000,9999.000,9999.000,9999.000,9999.000,9999.000
202608090412,  -0.249,9999.000,9999.000,9999.000,9999.000,9999.000,9999.000,9999.000,9999.000
202608090418,  -0.249,9999.000,9999.000,9999.000,9999.000,9999.000,9999.000,9999.000,9999.000
202608090424,  -0.248,9999.000,9999.000,9999.000,9999.000,9999.000,9999.000,9999.000,9999.000
202608090430,  -0.247,9999.000,9999.000,9999.000,9999.000,9999.000,9999.000,9999.000,9999.000
202608090436,  -0.245,9999.000,9999.000,9999.000,9999.000,9999.000,9999.000,9999.000,9999.000
202608090442,  -0.244,9999.000,9999.000,9999.000,9999.000,9999.000,9999.000,9999.000,9999.000
202608090448,  -0.242,9999.000,9999.000,9999.000,9999.000,9999.000,9999.000,9999.000,9999.000
202608090454,  -0.240,9999.000,9999.000,9999.000,9999.000,9999.000,9999.000,9999.000,9999.000
202608090500,  -0.238,9999.000,   0.300,  -0.083,  -0.021,   0.300,  -0.021,   0.300,  -0.021
202608090506,  -0.235,9999.000,9999.000,9999.000,9999.000,9999.000,9999.000,9999.000,9999.000
202608090512,  -0.233,9999.000,9999.000,9999.000,9999.000,9999.000,9999.000,9999.000,9999.000
202608090518,  -0.230,9999.000,9999.000,9999.000,9999.000,9999.000,9999.000,9999.000,9999.000
202608090524,  -0.227,9999.000,9999.000,9999.000,9999.000,9999.000,9999.000,9999.000,9999.000
202608090530,  -0.224,9999.000,9999.000,9999.000,9999.000,9999.000,9999.000,9999.000,9999.000
202608090536,  -0.220,9999.000,9999.000,9999.000,9999.000,9999.000,9999.000,9999.000,9999.000
202608090542,  -0.217,9999.000,9999.000,9999.000,9999.000,9999.000,9999.000,9999.000,9999.000
202608090548,  -0.213,9999.000,9999.000,9999.000,9999.000,9999.000,9999.000,9999.000,9999.000
202608090554,  -0.209,9999.000,9999.000,9999.000,9999.000,9999.000,9999.000,9999.000,9999.000
202608090600,  -0.205,9999.000,   0.300,  -0.083,   0.012,   0.300,   0.012,   0.300,   0.012
202608090606,  -0.201,9999.000,9999.000,9999.000,9999.000,9999.000,9999.000,9999.000,9999.000
202608090612,  -0.197,9999.000,9999.000,9999.000,9999.000,9999.000,9999.000,9999.000,9999.000
202608090618,  -0.192,9999.000,9999.000,9999.000,9999.000,9999.000,9999.000,9999.000,9999.000
202608090624,  -0.187,9999.000,9999.000,9999.000,9999.000,9999.000,9999.000,9999.000,9999.000
202608090630,  -0.182,9999.000,9999.000,9999.000,9999.000,9999.000,9999.000,9999.000,9999.000
202608090636,  -0.177,9999.000,9999.000,9999.000,9999.000,9999.000,9999.000,9999.000,9999.000
202608090642,  -0.172,9999.000,9999.000,9999.000,9999.000,9999.000,9999.000,9999.000,9999.000
202608090648,  -0.166,9999.000,9999.000,9999.000,9999.000,9999.000,9999.000,9999.000,9999.000
202608090654,  -0.161,9999.000,9999.000,9999.000,9999.000,9999.000,9999.000,9999.000,9999.000
202608090700,  -0.155,9999.000,   0.300,  -0.083,   0.062,   0.300,   0.062,   0.400,   0.162
202608090706,  -0.149,9999.000,9999.000,9999.000,9999.000,9999.000,9999.000,9999.000,9999.000
202608090712,  -0.143,9999.000,9999.000,9999.000,9999.000,9999.000,9999.000,9999.000,9999.000
202608090718,  -0.137,9999.000,9999.000,9999.000,9999.000,9999.000,9999.000,9999.000,9999.000
202608090724,  -0.131,9999.000,9999.000,9999.000,9999.000,9999.000,9999.000,9999.000,9999.000
202608090730,  -0.125,9999.000,9999.000,9999.000,9999.000,9999.000,9999.000,9999.000,9999.000
202608090736,  -0.118,9999.000,9999.000,9999.000,9999.000,9999.000,9999.000,9999.000,9999.000
202608090742,  -0.112,9999.000,9999.000,9999.000,9999.000,9999.000,9999.000,9999.000,9999.000
202608090748,  -0.105,9999.000,9999.000,9999.000,9999.000,9999.000,9999.000,9999.000,9999.000
202608090754,  -0.098,9999.000,9999.000,9999.000,9999.000,9999.000,9999.000,9999.000,9999.000
202608090800,  -0.091,9999.000,   0.300,  -0.083,   0.126,   0.300,   0.126,   0.400,   0.226
202608090806,  -0.084,9999.000,9999.000,9999.000,9999.000,9999.000,9999.000,9999.000,9999.000
202608090812,  -0.077,9999.000,9999.000,9999.000,9999.000,9999.000,9999.000,9999.000,9999.000
202608090818,  -0.070,9999.000,9999.000,9999.000,9999.000,9999.000,9999.000,9999.000,9999.000
202608090824,  -0.063,9999.000,9999.000,9999.000,9999.000,9999.000,9999.000,9999.000,9999.000
202608090830,  -0.055,9999.000,9999.000,9999.000,9999.000,9999.000,9999.000,9999.000,9999.000
202608090836,  -0.048,9999.000,9999.000,9999.000,9999.000,9999.000,9999.000,9999.000,9999.000
202608090842,  -0.040,9999.000,9999.000,9999.000,9999.000,9999.000,9999.000,9999.000,9999.000
202608090848,  -0.033,9999.000,9999.000,9999.000,9999.000,9999.000,9999.000,9999.000,9999.000
202608090854,  -0.025,9999.000,9999.000,9999.000,9999.000,9999.000,9999.000,9999.000,9999.000
202608090900,  -0.018,9999.000,   0.300,  -0.083,   0.199,   0.300,   0.199,   0.400,   0.299
202608090906,  -0.010,9999.000,9999.000,9999.000,9999.000,9999.000,9999.000,9999.000,9999.000
202608090912,  -0.002,9999.000,9999.000,9999.000,9999.000,9999.000,9999.000,9999.000,9999.000
202608090918,   0.004,9999.000,9999.000,9999.000,9999.000,9999.000,9999.000,9999.000,9999.000
202608090924,   0.012,9999.000,9999.000,9999.000,9999.000,9999.000,9999.000,9999.000,9999.000
202608090930,   0.020,9999.000,9999.000,9999.000,9999.000,9999.000,9999.000,9999.000,9999.000
202608090936,   0.028,9999.000,9999.000,9999.000,9999.000,9999.000,9999.000,9999.000,9999.000
202608090942,   0.036,9999.000,9999.000,9999.000,9999.000,9999.000,9999.000,9999.000,9999.000
202608090948,   0.044,9999.000,9999.000,9999.000,9999.000,9999.000,9999.000,9999.000,9999.000
202608090954,   0.051,9999.000,9999.000,9999.000,9999.000,9999.000,9999.000,9999.000,9999.000
202608091000,   0.059,9999.000,   0.300,  -0.083,   0.276,   0.300,   0.276,   0.400,   0.376
202608091006,   0.067,9999.000,9999.000,9999.000,9999.000,9999.000,9999.000,9999.000,9999.000
202608091012,   0.075,9999.000,9999.000,9999.000,9999.000,9999.000,9999.000,9999.000,9999.000
202608091018,   0.083,9999.000,9999.000,9999.000,9999.000,9999.000,9999.000,9999.000,9999.000
202608091024,   0.091,9999.000,9999.000,9999.000,9999.000,9999.000,9999.000,9999.000,9999.000
202608091030,   0.098,9999.000,9999.000,9999.000,9999.000,9999.000,9999.000,9999.000,9999.000
202608091036,   0.106,9999.000,9999.000,9999.000,9999.000,9999.000,9999.000,9999.000,9999.000
202608091042,   0.114,9999.000,9999.000,9999.000,9999.000,9999.000,9999.000,9999.000,9999.000
202608091048,   0.122,9999.000,9999.000,9999.000,9999.000,9999.000,9999.000,9999.000,9999.000
202608091054,   0.129,9999.000,9999.000,9999.000,9999.000,9999.000,9999.000,9999.000,9999.000
202608091100,   0.137,9999.000,   0.300,  -0.083,   0.354,   0.300,   0.354,   0.400,   0.454
202608091106,   0.144,9999.000,9999.000,9999.000,9999.000,9999.000,9999.000,9999.000,9999.000
202608091112,   0.152,9999.000,9999.000,9999.000,9999.000,9999.000,9999.000,9999.000,9999.000
202608091118,   0.159,9999.000,9999.000,9999.000,9999.000,9999.000,9999.000,9999.000,9999.000
202608091124,   0.167,9999.000,9999.000,9999.000,9999.000,9999.000,9999.000,9999.000,9999.000
202608091130,   0.174,9999.000,9999.000,9999.000,9999.000,9999.000,9999.000,9999.000,9999.000
202608091136,   0.181,9999.000,9999.000,9999.000,9999.000,9999.000,9999.000,9999.000,9999.000
202608091142,   0.188,9999.000,9999.000,9999.000,9999.000,9999.000,9999.000,9999.000,9999.000
202608091148,   0.196,9999.000,9999.000,9999.000,9999.000,9999.000,9999.000,9999.000,9999.000
202608091154,   0.203,9999.000,9999.000,9999.000,9999.000,9999.000,9999.000,9999.000,9999.000
202608091200,   0.209,9999.000,   0.300,  -0.083,   0.426,   0.300,   0.426,   0.400,   0.526
202608091206,   0.216,9999.000,9999.000,9999.000,9999.000,9999.000,9999.000,9999.000,9999.000
202608091212,   0.223,9999.000,9999.000,9999.000,9999.000,9999.000,9999.000,9999.000,9999.000
202608091218,   0.230,9999.000,9999.000,9999.000,9999.000,9999.000,9999.000,9999.000,9999.000
202608091224,   0.236,9999.000,9999.000,9999.000,9999.000,9999.000,9999.000,9999.000,9999.000
202608091230,   0.243,9999.000,9999.000,9999.000,9999.000,9999.000,9999.000,9999.000,9999.000
202608091236,   0.249,9999.000,9999.000,9999.000,9999.000,9999.000,9999.000,9999.000,9999.000
202608091242,   0.255,9999.000,9999.000,9999.000,9999.000,9999.000,9999.000,9999.000,9999.000
202608091248,   0.261,9999.000,9999.000,9999.000,9999.000,9999.000,9999.000,9999.000,9999.000
202608091254,   0.267,9999.000,9999.000,9999.000,9999.000,9999.000,9999.000,9999.000,9999.000
202608091300,   0.273,9999.000,   0.300,  -0.083,   0.490,   0.300,   0.490,   0.400,   0.590
202608091306,   0.278,9999.000,9999.000,9999.000,9999.000,9999.000,9999.000,9999.000,9999.000
202608091312,   0.284,9999.000,9999.000,9999.000,9999.000,9999.000,9999.000,9999.000,9999.000
202608091318,   0.289,9999.000,9999.000,9999.000,9999.000,9999.000,9999.000,9999.000,9999.000
202608091324,   0.295,9999.000,9999.000,9999.000,9999.000,9999.000,9999.000,9999.000,9999.000
202608091330,   0.300,9999.000,9999.000,9999.000,9999.000,9999.000,9999.000,9999.000,9999.000
202608091336,   0.305,9999.000,9999.000,9999.000,9999.000,9999.000,9999.000,9999.000,9999.000
202608091342,   0.310,9999.000,9999.000,9999.000,9999.000,9999.000,9999.000,9999.000,9999.000
202608091348,   0.315,9999.000,9999.000,9999.000,9999.000,9999.000,9999.000,9999.000,9999.000
202608091354,   0.319,9999.000,9999.000,9999.000,9999.000,9999.000,9999.000,9999.000,9999.000
202608091400,   0.324,9999.000,   0.300,  -0.083,   0.541,   0.300,   0.541,   0.400,   0.641
202608091406,   0.328,9999.000,9999.000,9999.000,9999.000,9999.000,9999.000,9999.000,9999.000
202608091412,   0.332,9999.000,9999.000,9999.000,9999.000,9999.000,9999.000,9999.000,9999.000
202608091418,   0.336,9999.000,9999.000,9999.000,9999.000,9999.000,9999.000,9999.000,9999.000
202608091424,   0.340,9999.000,9999.000,9999.000,9999.000,9999.000,9999.000,9999.000,9999.000
202608091430,   0.343,9999.000,9999.000,9999.000,9999.000,9999.000,9999.000,9999.000,9999.000
202608091436,   0.347,9999.000,9999.000,9999.000,9999.000,9999.000,9999.000,9999.000,9999.000
202608091442,   0.350,9999.000,9999.000,9999.000,9999.000,9999.000,9999.000,9999.000,9999.000
202608091448,   0.353,9999.000,9999.000,9999.000,9999.000,9999.000,9999.000,9999.000,9999.000
202608091454,   0.356,9999.000,9999.000,9999.000,9999.000,9999.000,9999.000,9999.000,9999.000
202608091500,   0.359,9999.000,   0.300,  -0.083,   0.576,   0.300,   0.576,   0.400,   0.676
202608091506,   0.362,9999.000,9999.000,9999.000,9999.000,9999.000,9999.000,9999.000,9999.000
202608091512,   0.364,9999.000,9999.000,9999.000,9999.000,9999.000,9999.000,9999.000,9999.000
202608091518,   0.367,9999.000,9999.000,9999.000,9999.000,9999.000,9999.000,9999.000,9999.000
202608091524,   0.369,9999.000,9999.000,9999.000,9999.000,9999.000,9999.000,9999.000,9999.000
202608091530,   0.371,9999.000,9999.000,9999.000,9999.000,9999.000,9999.000,9999.000,9999.000
202608091536,   0.373,9999.000,9999.000,9999.000,9999.000,9999.000,9999.000,9999.000,9999.000
202608091542,   0.374,9999.000,9999.000,9999.000,9999.000,9999.000,9999.000,9999.000,9999.000
202608091548,   0.376,9999.000,9999.000,9999.000,9999.000,9999.000,9999.000,9999.000,9999.000
202608091554,   0.377,9999.000,9999.000,9999.000,9999.000,9999.000,9999.000,9999.000,9999.000
202608091600,   0.378,9999.000,   0.300,  -0.083,   0.595,   0.300,   0.595,   0.400,   0.695
202608091606,   0.379,9999.000,9999.000,9999.000,9999.000,9999.000,9999.000,9999.000,9999.000
202608091612,   0.380,9999.000,9999.000,9999.000,9999.000,9999.000,9999.000,9999.000,9999.000
202608091618,   0.381,9999.000,9999.000,9999.000,9999.000,9999.000,9999.000,9999.000,9999.000
202608091624,   0.381,9999.000,9999.000,9999.000,9999.000,9999.000,9999.000,9999.000,9999.000
202608091630,   0.381,9999.000,9999.000,9999.000,9999.000,9999.000,9999.000,9999.000,9999.000
202608091636,   0.381,9999.000,9999.000,9999.000,9999.000,9999.000,9999.000,9999.000,9999.000
202608091642,   0.381,9999.000,9999.000,9999.000,9999.000,9999.000,9999.000,9999.000,9999.000
202608091648,   0.381,9999.000,9999.000,9999.000,9999.000,9999.000,9999.000,9999.000,9999.000
202608091654,   0.381,9999.000,9999.000,9999.000,9999.000,9999.000,9999.000,9999.000,9999.000
202608091700,   0.380,9999.000,   0.300,  -0.083,   0.597,   0.300,   0.597,   0.400,   0.697
202608091706,   0.379,9999.000,9999.000,9999.000,9999.000,9999.000,9999.000,9999.000,9999.000
202608091712,   0.378,9999.000,9999.000,9999.000,9999.000,9999.000,9999.000,9999.000,9999.000
202608091718,   0.377,9999.000,9999.000,9999.000,9999.000,9999.000,9999.000,9999.000,9999.000
202608091724,   0.376,9999.000,9999.000,9999.000,9999.000,9999.000,9999.000,9999.000,9999.000
202608091730,   0.374,9999.000,9999.000,9999.000,9999.000,9999.000,9999.000,9999.000,9999.000
202608091736,   0.373,9999.000,9999.000,9999.000,9999.000,9999.000,9999.000,9999.000,9999.000
202608091742,   0.371,9999.000,9999.000,9999.000,9999.000,9999.000,9999.000,9999.000,9999.000
202608091748,   0.369,9999.000,9999.000,9999.000,9999.000,9999.000,9999.000,9999.000,9999.000
202608091754,   0.367,9999.000,9999.000,9999.000,9999.000,9999.000,9999.000,9999.000,9999.000
202608091800,   0.364,9999.000,   0.300,  -0.083,   0.581,   0.300,   0.581,   0.400,   0.681
202608091806,   0.362,9999.000,9999.000,9999.000,9999.000,9999.000,9999.000,9999.000,9999.000
202608091812,   0.359,9999.000,9999.000,9999.000,9999.000,9999.000,9999.000,9999.000,9999.000
202608091818,   0.356,9999.000,9999.000,9999.000,9999.000,9999.000,9999.000,9999.000,9999.000
202608091824,   0.353,9999.000,9999.000,9999.000,9999.000,9999.000,9999.000,9999.000,9999.000
202608091830,   0.350,9999.000,9999.000,9999.000,9999.000,9999.000,9999.000,9999.000,9999.000
202608091836,   0.347,9999.000,9999.000,9999.000,9999.000,9999.000,9999.000,9999.000,9999.000
202608091842,   0.343,9999.000,9999.000,9999.000,9999.000,9999.000,9999.000,9999.000,9999.000
202608091848,   0.340,9999.000,9999.000,9999.000,9999.000,9999.000,9999.000,9999.000,9999.000
202608091854,   0.336,9999.000,9999.000,9999.000,9999.000,9999.000,9999.000,9999.000,9999.000
202608091900,   0.332,9999.000,   0.300,  -0.083,   0.549,   0.300,   0.549,   0.400,   0.649
202608091906,   0.328,9999.000,9999.000,9999.000,9999.000,9999.000,9999.000,9999.000,9999.000
202608091912,   0.323,9999.000,9999.000,9999.000,9999.000,9999.000,9999.000,9999.000,9999.000
202608091918,   0.319,9999.000,9999.000,9999.000,9999.000,9999.000,9999.000,9999.000,9999.000
202608091924,   0.314,9999.000,9999.000,9999.000,9999.000,9999.000,9999.000,9999.000,9999.000
202608091930,   0.310,9999.000,9999.000,9999.000,9999.000,9999.000,9999.000,9999.000,9999.000
202608091936,   0.305,9999.000,9999.000,9999.000,9999.000,9999.000,9999.000,9999.000,9999.000
202608091942,   0.300,9999.000,9999.000,9999.000,9999.000,9999.000,9999.000,9999.000,9999.000
202608091948,   0.295,9999.000,9999.000,9999.000,9999.000,9999.000,9999.000,9999.000,9999.000
202608091954,   0.290,9999.000,9999.000,9999.000,9999.000,9999.000,9999.000,9999.000,9999.000
202608092000,   0.284,9999.000,   0.300,  -0.083,   0.501,   0.300,   0.501,   0.400,   0.601
202608092006,   0.279,9999.000,9999.000,9999.000,9999.000,9999.000,9999.000,9999.000,9999.000
202608092012,   0.273,9999.000,9999.000,9999.000,9999.000,9999.000,9999.000,9999.000,9999.000
202608092018,   0.267,9999.000,9999.000,9999.000,9999.000,9999.000,9999.000,9999.000,9999.000
202608092024,   0.261,9999.000,9999.000,9999.000,9999.000,9999.000,9999.000,9999.000,9999.000
202608092030,   0.255,9999.000,9999.000,9999.000,9999.000,9999.000,9999.000,9999.000,9999.000
202608092036,   0.249,9999.000,9999.000,9999.000,9999.000,9999.000,9999.000,9999.000,9999.000
202608092042,   0.243,9999.000,9999.000,9999.000,9999.000,9999.000,9999.000,9999.000,9999.000
202608092048,   0.237,9999.000,9999.000,9999.000,9999.000,9999.000,9999.000,9999.000,9999.000
202608092054,   0.230,9999.000,9999.000,9999.000,9999.000,9999.000,9999.000,9999.000,9999.000
202608092100,   0.224,9999.000,   0.300,  -0.083,   0.441,   0.300,   0.441,   0.400,   0.541
202608092106,   0.217,9999.000,9999.000,9999.000,9999.000,9999.000,9999.000,9999.000,9999.000
202608092112,   0.210,9999.000,9999.000,9999.000,9999.000,9999.000,9999.000,9999.000,9999.000
202608092118,   0.203,9999.000,9999.000,9999.000,9999.000,9999.000,9999.000,9999.000,9999.000
202608092124,   0.196,9999.000,9999.000,9999.000,9999.000,9999.000,9999.000,9999.000,9999.000
202608092130,   0.189,9999.000,9999.000,9999.000,9999.000,9999.000,9999.000,9999.000,9999.000
202608092136,   0.182,9999.000,9999.000,9999.000,9999.000,9999.000,9999.000,9999.000,9999.000
202608092142,   0.175,9999.000,9999.000,9999.000,9999.000,9999.000,9999.000,9999.000,9999.000
202608092148,   0.168,9999.000,9999.000,9999.000,9999.000,9999.000,9999.000,9999.000,9999.000
202608092154,   0.161,9999.000,9999.000,9999.000,9999.000,9999.000,9999.000,9999.000,9999.000
202608092200,   0.153,9999.000,   0.300,  -0.083,   0.370,   0.300,   0.370,   0.400,   0.470
202608092206,   0.146,9999.000,9999.000,9999.000,9999.000,9999.000,9999.000,9999.000,9999.000
202608092212,   0.138,9999.000,9999.000,9999.000,9999.000,9999.000,9999.000,9999.000,9999.000
202608092218,   0.131,9999.000,9999.000,9999.000,9999.000,9999.000,9999.000,9999.000,9999.000
202608092224,   0.123,9999.000,9999.000,9999.000,9999.000,9999.000,9999.000,9999.000,9999.000
202608092230,   0.115,9999.000,9999.000,9999.000,9999.000,9999.000,9999.000,9999.000,9999.000
202608092236,   0.108,9999.000,9999.000,9999.000,9999.000,9999.000,9999.000,9999.000,9999.000
202608092242,   0.100,9999.000,9999.000,9999.000,9999.000,9999.000,9999.000,9999.000,9999.000
202608092248,   0.092,9999.000,9999.000,9999.000,9999.000,9999.000,9999.000,9999.000,9999.000
202608092254,   0.084,9999.000,9999.000,9999.000,9999.000,9999.000,9999.000,9999.000,9999.000
202608092300,   0.076,9999.000,   0.300,  -0.083,   0.293,   0.300,   0.293,   0.400,   0.393
202608092306,   0.069,9999.000,9999.000,9999.000,9999.000,9999.000,9999.000,9999.000,9999.000
202608092312,   0.061,9999.000,9999.000,9999.000,9999.000,9999.000,9999.000,9999.000,9999.000
202608092318,   0.053,9999.000,9999.000,9999.000,9999.000,9999.000,9999.000,9999.000,9999.000
202608092324,   0.045,9999.000,9999.000,9999.000,9999.000,9999.000,9999.000,9999.000,9999.000
202608092330,   0.037,9999.000,9999.000,9999.000,9999.000,9999.000,9999.000,9999.000,9999.000
202608092336,   0.029,9999.000,9999.000,9999.000,9999.000,9999.000,9999.000,9999.000,9999.000
202608092342,   0.021,9999.000,9999.000,9999.000,9999.000,9999.000,9999.000,9999.000,9999.000
202608092348,   0.014,9999.000,9999.000,9999.000,9999.000,9999.000,9999.000,9999.000,9999.000
202608092354,   0.006,9999.000,9999.000,9999.000,9999.000,9999.000,9999.000,9999.000,9999.000
202608100000,  -0.001,9999.000,   0.300,  -0.083,   0.216,   0.300,   0.216,   0.400,   0.316
202608100006,  -0.009,9999.000,9999.000,9999.000,9999.000,9999.000,9999.000,9999.000,9999.000
202608100012,  -0.016,9999.000,9999.000,9999.000,9999.000,9999.000,9999.000,9999.000,9999.000
202608100018,  -0.024,9999.000,9999.000,9999.000,9999.000,9999.000,9999.000,9999.000,9999.000
202608100024,  -0.032,9999.000,9999.000,9999.000,9999.000,9999.000,9999.000,9999.000,9999.000
202608100030,  -0.039,9999.000,9999.000,9999.000,9999.000,9999.000,9999.000,9999.000,9999.000
202608100036,  -0.047,9999.000,9999.000,9999.000,9999.000,9999.000,9999.000,9999.000,9999.000
202608100042,  -0.054,9999.000,9999.000,9999.000,9999.000,9999.000,9999.000,9999.000,9999.000
202608100048,  -0.062,9999.000,9999.000,9999.000,9999.000,9999.000,9999.000,9999.000,9999.000
202608100054,  -0.069,9999.000,9999.000,9999.000,9999.000,9999.000,9999.000,9999.000,9999.000
202608100100,  -0.076,9999.000,   0.300,  -0.083,   0.141,   0.300,   0.141,   0.400,   0.241
202608100106,  -0.083,9999.000,9999.000,9999.000,9999.000,9999.000,9999.000,9999.000,9999.000
202608100112,  -0.090,9999.000,9999.000,9999.000,9999.000,9999.000,9999.000,9999.000,9999.000
202608100118,  -0.097,9999.000,9999.000,9999.000,9999.000,9999.000,9999.000,9999.000,9999.000
202608100124,  -0.104,9999.000,9999.000,9999.000,9999.000,9999.000,9999.000,9999.000,9999.000
202608100130,  -0.111,9999.000,9999.000,9999.000,9999.000,9999.000,9999.000,9999.000,9999.000
202608100136,  -0.118,9999.000,9999.000,9999.000,9999.000,9999.000,9999.000,9999.000,9999.000
202608100142,  -0.124,9999.000,9999.000,9999.000,9999.000,9999.000,9999.000,9999.000,9999.000
202608100148,  -0.131,9999.000,9999.000,9999.000,9999.000,9999.000,9999.000,9999.000,9999.000
202608100154,  -0.137,9999.000,9999.000,9999.000,9999.000,9999.000,9999.000,9999.000,9999.000
202608100200,  -0.143,9999.000,   0.300,  -0.083,   0.074,   0.300,   0.074,   0.400,   0.174
202608100206,  -0.149,9999.000,9999.000,9999.000,9999.000,9999.000,9999.000,9999.000,9999.000
202608100212,  -0.155,9999.000,9999.000,9999.000,9999.000,9999.000,9999.000,9999.000,9999.000
202608100218,  -0.161,9999.000,9999.000,9999.000,9999.000,9999.000,9999.000,9999.000,9999.000
202608100224,  -0.166,9999.000,9999.000,9999.000,9999.000,9999.000,9999.000,9999.000,9999.000
202608100230,  -0.172,9999.000,9999.000,9999.000,9999.000,9999.000,9999.000,9999.000,9999.000
202608100236,  -0.177,9999.000,9999.000,9999.000,9999.000,9999.000,9999.000,9999.000,9999.000
202608100242,  -0.182,9999.000,9999.000,9999.000,9999.000,9999.000,9999.000,9999.000,9999.000
202608100248,  -0.187,9999.000,9999.000,9999.000,9999.000,9999.000,9999.000,9999.000,9999.000
202608100254,  -0.192,9999.000,9999.000,9999.000,9999.000,9999.000,9999.000,9999.000,9999.000
202608100300,  -0.197,9999.000,   0.300,  -0.083,   0.020,   0.300,   0.020,   0.400,   0.120
202608100306,  -0.201,9999.000,9999.000,9999.000,9999.000,9999.000,9999.000,9999.000,9999.000
202608100312,  -0.206,9999.000,9999.000,9999.000,9999.000,9999.000,9999.000,9999.000,9999.000
202608100318,  -0.210,9999.000,9999.000,9999.000,9999.000,9999.000,9999.000,9999.000,9999.000
202608100324,  -0.214,9999.000,9999.000,9999.000,9999.000,9999.000,9999.000,9999.000,9999.000
202608100330,  -0.217,9999.000,9999.000,9999.000,9999.000,9999.000,9999.000,9999.000,9999.000
202608100336,  -0.221,9999.000,9999.000,9999.000,9999.000,9999.000,9999.000,9999.000,9999.000
202608100342,  -0.224,9999.000,9999.000,9999.000,9999.000,9999.000,9999.000,9999.000,9999.000
202608100348,  -0.227,9999.000,9999.000,9999.000,9999.000,9999.000,9999.000,9999.000,9999.000
202608100354,  -0.230,9999.000,9999.000,9999.000,9999.000,9999.000,9999.000,9999.000,9999.000
202608100400,  -0.233,9999.000,   0.300,  -0.083,  -0.016,   0.300,  -0.016,   0.400,   0.084
202608100406,  -0.235,9999.000,9999.000,9999.000,9999.000,9999.000,9999.000,9999.000,9999.000
202608100412,  -0.238,9999.000,9999.000,9999.000,9999.000,9999.000,9999.000,9999.000,9999.000
202608100418,  -0.240,9999.000,9999.000,9999.000,9999.000,9999.000,9999.000,9999.000,9999.000
202608100424,  -0.242,9999.000,9999.000,9999.000,9999.000,9999.000,9999.000,9999.000,9999.000
202608100430,  -0.243,9999.000,9999.000,9999.000,9999.000,9999.000,9999.000,9999.000,9999.000
202608100436,  -0.245,9999.000,9999.000,9999.000,9999.000,9999.000,9999.000,9999.000,9999.000
202608100442,  -0.246,9999.000,9999.000,9999.000,9999.000,9999.000,9999.000,9999.000,9999.000
202608100448,  -0.247,9999.000,9999.000,9999.000,9999.000,9999.000,9999.000,9999.000,9999.000
202608100454,  -0.248,9999.000,9999.000,9999.000,9999.000,9999.000,9999.000,9999.000,9999.000
202608100500,  -0.248,9999.000,   0.300,  -0.083,  -0.031,   0.300,  -0.031,   0.400,   0.069
202608100506,  -0.249,9999.000,9999.000,9999.000,9999.000,9999.000,9999.000,9999.000,9999.000
202608100512,  -0.249,9999.000,9999.000,9999.000,9999.000,9999.000,9999.000,9999.000,9999.000
202608100518,  -0.249,9999.000,9999.000,9999.000,9999.000,9999.000,9999.000,9999.000,9999.000
202608100524,  -0.248,9999.000,9999.000,9999.000,9999.000,9999.000,9999.000,9999.000,9999.000
202608100530,  -0.248,9999.000,9999.000,9999.000,9999.000,9999.000,9999.000,9999.000,9999.000
202608100536,  -0.247,9999.000,9999.000,9999.000,9999.000,9999.000,9999.000,9999.000,9999.000
202608100542,  -0.246,9999.000,9999.000,9999.000,9999.000,9999.000,9999.000,9999.000,9999.000
202608100548,  -0.245,9999.000,9999.000,9999.000,9999.000,9999.000,9999.000,9999.000,9999.000
202608100554,  -0.243,9999.000,9999.000,9999.000,9999.000,9999.000,9999.000,9999.000,9999.000
202608100600,  -0.241,9999.000,   0.300,  -0.083,  -0.024,   0.300,  -0.024,   0.400,   0.076
202608100606,  -0.240,9999.000,9999.000,9999.000,9999.000,9999.000,9999.000,9999.000,9999.000
202608100612,  -0.237,9999.000,9999.000,9999.000,9999.000,9999.000,9999.000,9999.000,9999.000
202608100618,  -0.235,9999.000,9999.000,9999.000,9999.000,9999.000,9999.000,9999.000,9999.000
202608100624,  -0.233,9999.000,9999.000,9999.000,9999.000,9999.000,9999.000,9999.000,9999.000
202608100630,  -0.230,9999.000,9999.000,9999.000,9999.000,9999.000,9999.000,9999.000,9999.000
202608100636,  -0.227,9999.000,9999.000,9999.000,9999.000,9999.000,9999.000,9999.000,9999.000
202608100642,  -0.224,9999.000,9999.000,9999.000,9999.000,9999.000,9999.000,9999.000,9999.000
202608100648,  -0.220,9999.000,9999.000,9999.000,9999.000,9999.000,9999.000,9999.000,9999.000
202608100654,  -0.217,9999.000,9999.000,9999.000,9999.000,9999.000,9999.000,9999.000,9999.000
202608100700,  -0.213,9999.000,   0.300,  -0.083,   0.004,   0.300,   0.004,   0.400,   0.104
202608100706,  -0.209,9999.000,9999.000,9999.000,9999.000,9999.000,9999.000,9999.000,9999.000
202608100712,  -0.205,9999.000,9999.000,9999.000,9999.000,9999.000,9999.000,9999.000,9999.000
202608100718,  -0.200,9999.000,9999.000,9999.000,9999.000,9999.000,9999.000,9999.000,9999.000
202608100724,  -0.196,9999.000,9999.000,9999.000,9999.000,9999.000,9999.000,9999.000,9999.000
202608100730,  -0.191,9999.000,9999.000,9999.000,9999.000,9999.000,9999.000,9999.000,9999.000
202608100736,  -0.186,9999.000,9999.000,9999.000,9999.000,9999.000,9999.000,9999.000,9999.000
202608100742,  -0.181,9999.000,9999.000,9999.000,9999.000,9999.000,9999.000,9999.000,9999.000
202608100748,  -0.175,9999.000,9999.000,9999.000,9999.000,9999.000,9999.000,9999.000,9999.000
202608100754,  -0.170,9999.000,9999.000,9999.000,9999.000,9999.000,9999.000,9999.000,9999.000
202608100800,  -0.164,9999.000,   0.300,  -0.083,   0.053,   0.300,   0.053,   0.400,   0.153
202608100806,  -0.159,9999.000,9999.000,9999.000,9999.000,9999.000,9999.000,9999.000,9999.000
202608100812,  -0.153,9999.000,9999.000,9999.000,9999.000,9999.000,9999.000,9999.000,9999.000
202608100818,  -0.146,9999.000,9999.000,9999.000,9999.000,9999.000,9999.000,9999.000,9999.000
202608100824,  -0.140,9999.000,9999.000,9999.000,9999.000,9999.000,9999.000,9999.000,9999.000
202608100830,  -0.134,9999.000,9999.000,9999.000,9999.000,9999.000,9999.000,9999.000,9999.000
202608100836,  -0.127,9999.000,9999.000,9999.000,9999.000,9999.000,9999.000,9999.000,9999.000
202608100842,  -0.121,9999.000,9999.000,9999.000,9999.000,9999.000,9999.000,9999.000,9999.000
202608100848,  -0.114,9999.000,9999.000,9999.000,9999.000,9999.000,9999.000,9999.000,9999.000
202608100854,  -0.107,9999.000,9999.000,9999.000,9999.000,9999.000,9999.000,9999.000,9999.000
202608100900,  -0.100,9999.000,   0.400,  -0.083,   0.217,   0.300,   0.117,   0.400,   0.217
202608100906,  -0.093,9999.000,9999.000,9999.000,9999.000,9999.000,9999.000,9999.000,9999.000
202608100912,  -0.085,9999.000,9999.000,9999.000,9999.000,9999.000,9999.000,9999.000,9999.000
202608100918,  -0.078,9999.000,9999.000,9999.000,9999.000,9999.000,9999.000,9999.000,9999.000
202608100924,  -0.071,9999.000,9999.000,9999.000,9999.000,9999.000,9999.000,9999.000,9999.000
202608100930,  -0.063,9999.000,9999.000,9999.000,9999.000,9999.000,9999.000,9999.000,9999.000
202608100936,  -0.055,9999.000,9999.000,9999.000,9999.000,9999.000,9999.000,9999.000,9999.000
202608100942,  -0.048,9999.000,9999.000,9999.000,9999.000,9999.000,9999.000,9999.000,9999.000
202608100948,  -0.040,9999.000,9999.000,9999.000,9999.000,9999.000,9999.000,9999.000,9999.000
202608100954,  -0.032,9999.000,9999.000,9999.000,9999.000,9999.000,9999.000,9999.000,9999.000
202608101000,  -0.024,9999.000,   0.400,  -0.083,   0.293,   0.300,   0.193,   0.400,   0.293
202608101006,  -0.016,9999.000,9999.000,9999.000,9999.000,9999.000,9999.000,9999.000,9999.000
202608101012,  -0.008,9999.000,9999.000,9999.000,9999.000,9999.000,9999.000,9999.000,9999.000
202608101018,   0.000,9999.000,9999.000,9999.000,9999.000,9999.000,9999.000,9999.000,9999.000
202608101024,   0.007,9999.000,9999.000,9999.000,9999.000,9999.000,9999.000,9999.000,9999.000
202608101030,   0.015,9999.000,9999.000,9999.000,9999.000,9999.000,9999.000,9999.000,9999.000
202608101036,   0.023,9999.000,9999.000,9999.000,9999.000,9999.000,9999.000,9999.000,9999.000
202608101042,   0.031,9999.000,9999.000,9999.000,9999.000,9999.000,9999.000,9999.000,9999.000
202608101048,   0.039,9999.000,9999.000,9999.000,9999.000,9999.000,9999.000,9999.000,9999.000
202608101054,   0.048,9999.000,9999.000,9999.000,9999.000,9999.000,9999.000,9999.000,9999.000
202608101100,   0.056,9999.000,   0.400,  -0.083,   0.373,   0.300,   0.273,   0.400,   0.373
202608101106,   0.064,9999.000,9999.000,9999.000,9999.000,9999.000,9999.000,9999.000,9999.000
202608101112,   0.072,9999.000,9999.000,9999.000,9999.000,9999.000,9999.000,9999.000,9999.000
202608101118,   0.080,9999.000,9999.000,9999.000,9999.000,9999.000,9999.000,9999.000,9999.000
202608101124,   0.088,9999.000,9999.000,9999.000,9999.000,9999.000,9999.000,9999.000,9999.000
202608101130,   0.096,9999.000,9999.000,9999.000,9999.000,9999.000,9999.000,9999.000,9999.000
202608101136,   0.104,9999.000,9999.000,9999.000,9999.000,9999.000,9999.000,9999.000,9999.000
202608101142,   0.113,9999.000,9999.000,9999.000,9999.000,9999.000,9999.000,9999.000,9999.000
202608101148,   0.120,9999.000,9999.000,9999.000,9999.000,9999.000,9999.000,9999.000,9999.000
202608101154,   0.128,9999.000,9999.000,9999.000,9999.000,9999.000,9999.000,9999.000,9999.000
202608101200,   0.136,9999.000,   0.400,  -0.083,   0.453,   0.300,   0.353,   0.400,   0.453
202608101206,   0.144,9999.000,9999.000,9999.000,9999.000,9999.000,9999.000,9999.000,9999.000
202608101212,   0.152,9999.000,9999.000,9999.000,9999.000,9999.000,9999.000,9999.000,9999.000
202608101218,   0.160,9999.000,9999.000,9999.000,9999.000,9999.000,9999.000,9999.000,9999.000
202608101224,   0.167,9999.000,9999.000,9999.000,9999.000,9999.000,9999.000,9999.000,9999.000
202608101230,   0.175,9999.000,9999.000,9999.000,9999.000,9999.000,9999.000,9999.000,9999.000
202608101236,   0.182,9999.000,9999.000,9999.000,9999.000,9999.000,9999.000,9999.000,9999.000
202608101242,   0.190,9999.000,9999.000,9999.000,9999.000,9999.000,9999.000,9999.000,9999.000
202608101248,   0.197,9999.000,9999.000,9999.000,9999.000,9999.000,9999.000,9999.000,9999.000
202608101254,   0.204,9999.000,9999.000,9999.000,9999.000,9999.000,9999.000,9999.000,9999.000
202608101300,   0.211,9999.000,   0.400,  -0.083,   0.528,   0.300,   0.428,   0.400,   0.528
202608101306,   0.218,9999.000,9999.000,9999.000,9999.000,9999.000,9999.000,9999.000,9999.000
202608101312,   0.225,9999.000,9999.000,9999.000,9999.000,9999.000,9999.000,9999.000,9999.000
202608101318,   0.232,9999.000,9999.000,9999.000,9999.000,9999.000,9999.000,9999.000,9999.000
202608101324,   0.239,9999.000,9999.000,9999.000,9999.000,9999.000,9999.000,9999.000,9999.000
202608101330,   0.245,9999.000,9999.000,9999.000,9999.000,9999.000,9999.000,9999.000,9999.000
202608101336,   0.252,9999.000,9999.000,9999.000,9999.000,9999.000,9999.000,9999.000,9999.000
202608101342,   0.258,9999.000,9999.000,9999.000,9999.000,9999.000,9999.000,9999.000,9999.000
202608101348,   0.264,9999.000,9999.000,9999.000,9999.000,9999.000,9999.000,9999.000,9999.000
202608101354,   0.270,9999.000,9999.000,9999.000,9999.000,9999.000,9999.000,9999.000,9999.000
202608101400,   0.276,9999.000,   0.400,  -0.083,   0.593,   0.300,   0.493,   0.400,   0.593
202608101406,   0.282,9999.000,9999.000,9999.000,9999.000,9999.000,9999.000,9999.000,9999.000
202608101412,   0.288,9999.000,9999.000,9999.000,9999.000,9999.000,9999.000,9999.000,9999.000
202608101418,   0.293,9999.000,9999.000,9999.000,9999.000,9999.000,9999.000,9999.000,9999.000
202608101424,   0.299,9999.000,9999.000,9999.000,9999.000,9999.000,9999.000,9999.000,9999.000
202608101430,   0.304,9999.000,9999.000,9999.000,9999.000,9999.000,9999.000,9999.000,9999.000
202608101436,   0.309,9999.000,9999.000,9999.000,9999.000,9999.000,9999.000,9999.000,9999.000
202608101442,   0.314,9999.000,9999.000,9999.000,9999.000,9999.000,9999.000,9999.000,9999.000
202608101448,   0.319,9999.000,9999.000,9999.000,9999.000,9999.000,9999.000,9999.000,9999.000
202608101454,   0.324,9999.000,9999.000,9999.000,9999.000,9999.000,9999.000,9999.000,9999.000
202608101500,   0.328,9999.000,   0.400,  -0.083,   0.645,   0.300,   0.545,   0.400,   0.645
202608101506,   0.332,9999.000,9999.000,9999.000,9999.000,9999.000,9999.000,9999.000,9999.000
202608101512,   0.337,9999.000,9999.000,9999.000,9999.000,9999.000,9999.000,9999.000,9999.000
202608101518,   0.341,9999.000,9999.000,9999.000,9999.000,9999.000,9999.000,9999.000,9999.000
202608101524,   0.345,9999.000,9999.000,9999.000,9999.000,9999.000,9999.000,9999.000,9999.000
202608101530,   0.348,9999.000,9999.000,9999.000,9999.000,9999.000,9999.000,9999.000,9999.000
202608101536,   0.352,9999.000,9999.000,9999.000,9999.000,9999.000,9999.000,9999.000,9999.000
202608101542,   0.355,9999.000,9999.000,9999.000,9999.000,9999.000,9999.000,9999.000,9999.000
202608101548,   0.359,9999.000,9999.000,9999.000,9999.000,9999.000,9999.000,9999.000,9999.000
202608101554,   0.362,9999.000,9999.000,9999.000,9999.000,9999.000,9999.000,9999.000,9999.000
202608101600,   0.365,9999.000,   0.400,  -0.083,   0.682,   0.300,   0.582,   0.400,   0.682
202608101606,   0.367,9999.000,9999.000,9999.000,9999.000,9999.000,9999.000,9999.000,9999.000
202608101612,   0.370,9999.000,9999.000,9999.000,9999.000,9999.000,9999.000,9999.000,9999.000
202608101618,   0.372,9999.000,9999.000,9999.000,9999.000,9999.000,9999.000,9999.000,9999.000
202608101624,   0.375,9999.000,9999.000,9999.000,9999.000,9999.000,9999.000,9999.000,9999.000
202608101630,   0.377,9999.000,9999.000,9999.000,9999.000,9999.000,9999.000,9999.000,9999.000
202608101636,   0.379,9999.000,9999.000,9999.000,9999.000,9999.000,9999.000,9999.000,9999.000
202608101642,   0.381,9999.000,9999.000,9999.000,9999.000,9999.000,9999.000,9999.000,9999.000
202608101648,   0.382,9999.000,9999.000,9999.000,9999.000,9999.000,9999.000,9999.000,9999.000
202608101654,   0.384,9999.000,9999.000,9999.000,9999.000,9999.000,9999.000,9999.000,9999.000
202608101700,   0.385,9999.000,   0.300,  -0.083,   0.602,   0.300,   0.602,   0.400,   0.702
202608101706,   0.386,9999.000,9999.000,9999.000,9999.000,9999.000,9999.000,9999.000,9999.000
202608101712,   0.387,9999.000,9999.000,9999.000,9999.000,9999.000,9999.000,9999.000,9999.000
202608101718,   0.388,9999.000,9999.000,9999.000,9999.000,9999.000,9999.000,9999.000,9999.000
202608101724,   0.388,9999.000,9999.000,9999.000,9999.000,9999.000,9999.000,9999.000,9999.000
202608101730,   0.389,9999.000,9999.000,9999.000,9999.000,9999.000,9999.000,9999.000,9999.000
202608101736,   0.389,9999.000,9999.000,9999.000,9999.000,9999.000,9999.000,9999.000,9999.000
202608101742,   0.389,9999.000,9999.000,9999.000,9999.000,9999.000,9999.000,9999.000,9999.000
202608101748,   0.389,9999.000,9999.000,9999.000,9999.000,9999.000,9999.000,9999.000,9999.000
202608101754,   0.389,9999.000,9999.000,9999.000,9999.000,9999.000,9999.000,9999.000,9999.000
202608101800,   0.389,9999.000,   0.300,  -0.083,   0.606,   0.300,   0.606,   0.400,   0.706
202608101806,   0.388,9999.000,9999.000,9999.000,9999.000,9999.000,9999.000,9999.000,9999.000
202608101812,   0.388,9999.000,9999.000,9999.000,9999.000,9999.000,9999.000,9999.000,9999.000
202608101818,   0.387,9999.000,9999.000,9999.000,9999.000,9999.000,9999.000,9999.000,9999.000
202608101824,   0.386,9999.000,9999.000,9999.000,9999.000,9999.000,9999.000,9999.000,9999.000
202608101830,   0.385,9999.000,9999.000,9999.000,9999.000,9999.000,9999.000,9999.000,9999.000
202608101836,   0.383,9999.000,9999.000,9999.000,9999.000,9999.000,9999.000,9999.000,9999.000
202608101842,   0.382,9999.000,9999.000,9999.000,9999.000,9999.000,9999.000,9999.000,9999.000
202608101848,   0.380,9999.000,9999.000,9999.000,9999.000,9999.000,9999.000,9999.000,9999.000
202608101854,   0.378,9999.000,9999.000,9999.000,9999.000,9999.000,9999.000,9999.000,9999.000
202608101900,   0.376,9999.000,   0.300,  -0.083,   0.593,   0.300,   0.593,   0.400,   0.693
202608101906,   0.374,9999.000,9999.000,9999.000,9999.000,9999.000,9999.000,9999.000,9999.000
202608101912,   0.372,9999.000,9999.000,9999.000,9999.000,9999.000,9999.000,9999.000,9999.000
202608101918,   0.370,9999.000,9999.000,9999.000,9999.000,9999.000,9999.000,9999.000,9999.000
202608101924,   0.367,9999.000,9999.000,9999.000,9999.000,9999.000,9999.000,9999.000,9999.000
202608101930,   0.364,9999.000,9999.000,9999.000,9999.000,9999.000,9999.000,9999.000,9999.000
202608101936,   0.362,9999.000,9999.000,9999.000,9999.000,9999.000,9999.000,9999.000,9999.000
202608101942,   0.359,9999.000,9999.000,9999.000,9999.000,9999.000,9999.000,9999.000,9999.000
202608101948,   0.355,9999.000,9999.000,9999.000,9999.000,9999.000,9999.000,9999.000,9999.000
202608101954,   0.352,9999.000,9999.000,9999.000,9999.000,9999.000,9999.000,9999.000,9999.000
202608102000,   0.349,9999.000,   0.300,  -0.083,   0.566,   0.300,   0.566,   0.400,   0.666
202608102006,   0.345,9999.000,9999.000,9999.000,9999.000,9999.000,9999.000,9999.000,9999.000
202608102012,   0.341,9999.000,9999.000,9999.000,9999.000,9999.000,9999.000,9999.000,9999.000
202608102018,   0.338,9999.000,9999.000,9999.000,9999.000,9999.000,9999.000,9999.000,9999.000
202608102024,   0.333,9999.000,9999.000,9999.000,9999.000,9999.000,9999.000,9999.000,9999.000
202608102030,   0.329,9999.000,9999.000,9999.000,9999.000,9999.000,9999.000,9999.000,9999.000
202608102036,   0.325,9999.000,9999.000,9999.000,9999.000,9999.000,9999.000,9999.000,9999.000
202608102042,   0.321,9999.000,9999.000,9999.000,9999.000,9999.000,9999.000,9999.000,9999.000
202608102048,   0.316,9999.000,9999.000,9999.000,9999.000,9999.000,9999.000,9999.000,9999.000
202608102054,   0.311,9999.000,9999.000,9999.000,9999.000,9999.000,9999.000,9999.000,9999.000
202608102100,   0.307,9999.000,   0.300,  -0.083,   0.524,   0.300,   0.524,   0.400,   0.624
202608102106,   0.302,9999.000,9999.000,9999.000,9999.000,9999.000,9999.000,9999.000,9999.000
202608102112,   0.296,9999.000,9999.000,9999.000,9999.000,9999.000,9999.000,9999.000,9999.000
202608102118,   0.291,9999.000,9999.000,9999.000,9999.000,9999.000,9999.000,9999.000,9999.000
202608102124,   0.286,9999.000,9999.000,9999.000,9999.000,9999.000,9999.000,9999.000,9999.000
202608102130,   0.280,9999.000,9999.000,9999.000,9999.000,9999.000,9999.000,9999.000,9999.000
202608102136,   0.275,9999.000,9999.000,9999.000,9999.000,9999.000,9999.000,9999.000,9999.000
202608102142,   0.269,9999.000,9999.000,9999.000,9999.000,9999.000,9999.000,9999.000,9999.000
202608102148,   0.263,9999.000,9999.000,9999.000,9999.000,9999.000,9999.000,9999.000,9999.000
202608102154,   0.257,9999.000,9999.000,9999.000,9999.000,9999.000,9999.000,9999.000,9999.000
202608102200,   0.251,9999.000,   0.300,  -0.083,   0.468,   0.300,   0.468,   0.400,   0.568
202608102206,   0.245,9999.000,9999.000,9999.000,9999.000,9999.000,9999.000,9999.000,9999.000
202608102212,   0.239,9999.000,9999.000,9999.000,9999.000,9999.000,9999.000,9999.000,9999.000
202608102218,   0.233,9999.000,9999.000,9999.000,9999.000,9999.000,9999.000,9999.000,9999.000
202608102224,   0.226,9999.000,9999.000,9999.000,9999.000,9999.000,9999.000,9999.000,9999.000
202608102230,   0.220,9999.000,9999.000,9999.000,9999.000,9999.000,9999.000,9999.000,9999.000
202608102236,   0.213,9999.000,9999.000,9999.000,9999.000,9999.000,9999.000,9999.000,9999.000
202608102242,   0.206,9999.000,9999.000,9999.000,9999.000,9999.000,9999.000,9999.000,9999.000
202608102248,   0.199,9999.000,9999.000,9999.000,9999.000,9999.000,9999.000,9999.000,9999.000
202608102254,   0.193,9999.000,9999.000,9999.000,9999.000,9999.000,9999.000,9999.000,9999.000
202608102300,   0.186,9999.000,   0.300,  -0.083,   0.403,   0.300,   0.403,   0.300,   0.403
202608102306,   0.178,9999.000,9999.000,9999.000,9999.000,9999.000,9999.000,9999.000,9999.000
202608102312,   0.171,9999.000,9999.000,9999.000,9999.000,9999.000,9999.000,9999.000,9999.000
202608102318,   0.164,9999.000,9999.000,9999.000,9999.000,9999.000,9999.000,9999.000,9999.000
202608102324,   0.157,9999.000,9999.000,9999.000,9999.000,9999.000,9999.000,9999.000,9999.000
202608102330,   0.149,9999.000,9999.000,9999.000,9999.000,9999.000,9999.000,9999.000,9999.000
202608102336,   0.142,9999.000,9999.000,9999.000,9999.000,9999.000,9999.000,9999.000,9999.000
202608102342,   0.135,9999.000,9999.000,9999.000,9999.000,9999.000,9999.000,9999.000,9999.000
202608102348,   0.127,9999.000,9999.000,9999.000,9999.000,9999.000,9999.000,9999.000,9999.000
202608102354,   0.119,9999.000,9999.000,9999.000,9999.000,9999.000,9999.000,9999.000,9999.000
202608110000,   0.112,9999.000,   0.300,  -0.083,   0.329,   0.300,   0.329,   0.300,   0.329
202608110006,   0.104,9999.000,9999.000,9999.000,9999.000,9999.000,9999.000,9999.000,9999.000
202608110012,   0.097,9999.000,9999.000,9999.000,9999.000,9999.000,9999.000,9999.000,9999.000
202608110018,   0.089,9999.000,9999.000,9999.000,9999.000,9999.000,9999.000,9999.000,9999.000
202608110024,   0.081,9999.000,9999.000,9999.000,9999.000,9999.000,9999.000,9999.000,9999.000
202608110030,   0.073,9999.000,9999.000,9999.000,9999.000,9999.000,9999.000,9999.000,9999.000
202608110036,   0.066,9999.000,9999.000,9999.000,9999.000,9999.000,9999.000,9999.000,9999.000
202608110042,   0.058,9999.000,9999.000,9999.000,9999.000,9999.000,9999.000,9999.000,9999.000
202608110048,   0.050,9999.000,9999.000,9999.000,9999.000,9999.000,9999.000,9999.000,9999.000
202608110054,   0.042,9999.000,9999.000,9999.000,9999.000,9999.000,9999.000,9999.000,9999.000
202608110100,   0.034,9999.000,   0.300,  -0.083,   0.251,   0.300,   0.251,   0.300,   0.251
202608110106,   0.027,9999.000,9999.000,9999.000,9999.000,9999.000,9999.000,9999.000,9999.000
202608110112,   0.019,9999.000,9999.000,9999.000,9999.000,9999.000,9999.000,9999.000,9999.000
202608110118,   0.011,9999.000,9999.000,9999.000,9999.000,9999.000,9999.000,9999.000,9999.000
202608110124,   0.003,9999.000,9999.000,9999.000,9999.000,9999.000,9999.000,9999.000,9999.000
202608110130,  -0.003,9999.000,9999.000,9999.000,9999.000,9999.000,9999.000,9999.000,9999.000
202608110136,  -0.011,9999.000,9999.000,9999.000,9999.000,9999.000,9999.000,9999.000,9999.000
202608110142,  -0.019,9999.000,9999.000,9999.000,9999.000,9999.000,9999.000,9999.000,9999.000
202608110148,  -0.026,9999.000,9999.000,9999.000,9999.000,9999.000,9999.000,9999.000,9999.000
202608110154,  -0.034,9999.000,9999.000,9999.000,9999.000,9999.000,9999.000,9999.000,9999.000
202608110200,  -0.041,9999.000,   0.300,  -0.083,   0.176,   0.300,   0.176,   0.300,   0.176
202608110206,  -0.049,9999.000,9999.000,9999.000,9999.000,9999.000,9999.000,9999.000,9999.000
202608110212,  -0.056,9999.000,9999.000,9999.000,9999.000,9999.000,9999.000,9999.000,9999.000
202608110218,  -0.063,9999.000,9999.000,9999.000,9999.000,9999.000,9999.000,9999.000,9999.000
202608110224,  -0.070,9999.000,9999.000,9999.000,9999.000,9999.000,9999.000,9999.000,9999.000
202608110230,  -0.077,9999.000,9999.000,9999.000,9999.000,9999.000,9999.000,9999.000,9999.000
202608110236,  -0.084,9999.000,9999.000,9999.000,9999.000,9999.000,9999.000,9999.000,9999.000
202608110242,  -0.091,9999.000,9999.000,9999.000,9999.000,9999.000,9999.000,9999.000,9999.000
202608110248,  -0.098,9999.000,9999.000,9999.000,9999.000,9999.000,9999.000,9999.000,9999.000
202608110254,  -0.105,9999.000,9999.000,9999.000,9999.000,9999.000,9999.000,9999.000,9999.000
202608110300,  -0.111,9999.000,   0.300,  -0.083,   0.106,   0.300,   0.106,   0.300,   0.106
202608110306,  -0.118,9999.000,9999.000,9999.000,9999.000,9999.000,9999.000,9999.000,9999.000
202608110312,  -0.124,9999.000,9999.000,9999.000,9999.000,9999.000,9999.000,9999.000,9999.000
202608110318,  -0.130,9999.000,9999.000,9999.000,9999.000,9999.000,9999.000,9999.000,9999.000
202608110324,  -0.136,9999.000,9999.000,9999.000,9999.000,9999.000,9999.000,9999.000,9999.000
202608110330,  -0.142,9999.000,9999.000,9999.000,9999.000,9999.000,9999.000,9999.000,9999.000
202608110336,  -0.148,9999.000,9999.000,9999.000,9999.000,9999.000,9999.000,9999.000,9999.000
202608110342,  -0.153,9999.000,9999.000,9999.000,9999.000,9999.000,9999.000,9999.000,9999.000
202608110348,  -0.159,9999.000,9999.000,9999.000,9999.000,9999.000,9999.000,9999.000,9999.000
202608110354,  -0.164,9999.000,9999.000,9999.000,9999.000,9999.000,9999.000,9999.000,9999.000
202608110400,  -0.169,9999.000,   0.300,  -0.083,   0.048,   0.300,   0.048,   0.300,   0.048
202608110406,  -0.174,9999.000,9999.000,9999.000,9999.000,9999.000,9999.000,9999.000,9999.000
202608110412,  -0.179,9999.000,9999.000,9999.000,9999.000,9999.000,9999.000,9999.000,9999.000
202608110418,  -0.183,9999.000,9999.000,9999.000,9999.000,9999.000,9999.000,9999.000,9999.000
202608110424,  -0.188,9999.000,9999.000,9999.000,9999.000,9999.000,9999.000,9999.000,9999.000
202608110430,  -0.192,9999.000,9999.000,9999.000,9999.000,9999.000,9999.000,9999.000,9999.000
202608110436,  -0.196,9999.000,9999.000,9999.000,9999.000,9999.000,9999.000,9999.000,9999.000
202608110442,  -0.200,9999.000,9999.000,9999.000,9999.000,9999.000,9999.000,9999.000,9999.000
202608110448,  -0.203,9999.000,9999.000,9999.000,9999.000,9999.000,9999.000,9999.000,9999.000
202608110454,  -0.207,9999.000,9999.000,9999.000,9999.000,9999.000,9999.000,9999.000,9999.000
202608110500,  -0.210,9999.000,   0.300,  -0.083,   0.007,   0.300,   0.007,   0.300,   0.007
202608110506,  -0.213,9999.000,9999.000,9999.000,9999.000,9999.000,9999.000,9999.000,9999.000
202608110512,  -0.216,9999.000,9999.000,9999.000,9999.000,9999.000,9999.000,9999.000,9999.000
202608110518,  -0.218,9999.000,9999.000,9999.000,9999.000,9999.000,9999.000,9999.000,9999.000
202608110524,  -0.221,9999.000,9999.000,9999.000,9999.000,9999.000,9999.000,9999.000,9999.000
202608110530,  -0.223,9999.000,9999.000,9999.000,9999.000,9999.000,9999.000,9999.000,9999.000
202608110536,  -0.224,9999.000,9999.000,9999.000,9999.000,9999.000,9999.000,9999.000,9999.000
202608110542,  -0.226,9999.000,9999.000,9999.000,9999.000,9999.000,9999.000,9999.000,9999.000
202608110548,  -0.228,9999.000,9999.000,9999.000,9999.000,9999.000,9999.000,9999.000,9999.000
202608110554,  -0.229,9999.000,9999.000,9999.000,9999.000,9999.000,9999.000,9999.000,9999.000
202608110600,  -0.230,9999.000,   0.300,  -0.083,  -0.013,   0.300,  -0.013,   0.300,  -0.013
202608110606,  -0.230,9999.000,9999.000,9999.000,9999.000,9999.000,9999.000,9999.000,9999.000
202608110612,  -0.231,9999.000,9999.000,9999.000,9999.000,9999.000,9999.000,9999.000,9999.000
202608110618,  -0.231,9999.000,9999.000,9999.000,9999.000,9999.000,9999.000,9999.000,9999.000
202608110624,  -0.231,9999.000,9999.000,9999.000,9999.000,9999.000,9999.000,9999.000,9999.000
202608110630,  -0.231,9999.000,9999.000,9999.000,9999.000,9999.000,9999.000,9999.000,9999.000
202608110636,  -0.230,9999.000,9999.000,9999.000,9999.000,9999.000,9999.000,9999.000,9999.000
202608110642,  -0.230,9999.000,9999.000,9999.000,9999.000,9999.000,9999.000,9999.000,9999.000
202608110648,  -0.229,9999.000,9999.000,9999.000,9999.000,9999.000,9999.000,9999.000,9999.000
202608110654,  -0.228,9999.000,9999.000,9999.000,9999.000,9999.000,9999.000,9999.000,9999.000
202608110700,  -0.226,9999.000,   0.300,  -0.083,  -0.009,   0.300,  -0.009,   0.400,   0.091
202608110706,  -0.225,9999.000,9999.000,9999.000,9999.000,9999.000,9999.000,9999.000,9999.000
202608110712,  -0.223,9999.000,9999.000,9999.000,9999.000,9999.000,9999.000,9999.000,9999.000
202608110718,  -0.221,9999.000,9999.000,9999.000,9999.000,9999.000,9999.000,9999.000,9999.000
202608110724,  -0.218,9999.000,9999.000,9999.000,9999.000,9999.000,9999.000,9999.000,9999.000
202608110730,  -0.216,9999.000,9999.000,9999.000,9999.000,9999.000,9999.000,9999.000,9999.000
202608110736,  -0.213,9999.000,9999.000,9999.000,9999.000,9999.000,9999.000,9999.000,9999.000
202608110742,  -0.210,9999.000,9999.000,9999.000,9999.000,9999.000,9999.000,9999.000,9999.000
202608110748,  -0.207,9999.000,9999.000,9999.000,9999.000,9999.000,9999.000,9999.000,9999.000
202608110754,  -0.203,9999.000,9999.000,9999.000,9999.000,9999.000,9999.000,9999.000,9999.000
202608110800,  -0.200,9999.000,   0.300,  -0.083,   0.017,   0.300,   0.017,   0.400,   0.117
202608110806,  -0.196,9999.000,9999.000,9999.000,9999.000,9999.000,9999.000,9999.000,9999.000
202608110812,  -0.192,9999.000,9999.000,9999.000,9999.000,9999.000,9999.000,9999.000,9999.000
202608110818,  -0.188,9999.000,9999.000,9999.000,9999.000,9999.000,9999.000,9999.000,9999.000
202608110824,  -0.183,9999.000,9999.000,9999.000,9999.000,9999.000,9999.000,9999.000,9999.000
202608110830,  -0.179,9999.000,9999.000,9999.000,9999.000,9999.000,9999.000,9999.000,9999.000
202608110836,  -0.174,9999.000,9999.000,9999.000,9999.000,9999.000,9999.000,9999.000,9999.000
202608110842,  -0.169,9999.000,9999.000,9999.000,9999.000,9999.000,9999.000,9999.000,9999.000
202608110848,  -0.163,9999.000,9999.000,9999.000,9999.000,9999.000,9999.000,9999.000,9999.000
202608110854,  -0.158,9999.000,9999.000,9999.000,9999.000,9999.000,9999.000,9999.000,9999.000
202608110900,  -0.153,9999.000,   0.300,  -0.083,   0.064,   0.300,   0.064,   0.400,   0.164
202608110906,  -0.147,9999.000,9999.000,9999.000,9999.000,9999.000,9999.000,9999.000,9999.000
202608110912,  -0.141,9999.000,9999.000,9999.000,9999.000,9999.000,9999.000,9999.000,9999.000
202608110918,  -0.135,9999.000,9999.000,9999.000,9999.000,9999.000,9999.000,9999.000,9999.000
202608110924,  -0.129,9999.000,9999.000,9999.000,9999.000,9999.000,9999.000,9999.000,9999.000
202608110930,  -0.123,9999.000,9999.000,9999.000,9999.000,9999.000,9999.000,9999.000,9999.000
202608110936,  -0.116,9999.000,9999.000,9999.000,9999.000,9999.000,9999.000,9999.000,9999.000
202608110942,  -0.110,9999.000,9999.000,9999.000,9999.000,9999.000,9999.000,9999.000,9999.000
202608110948,  -0.103,9999.000,9999.000,9999.000,9999.000,9999.000,9999.000,9999.000,9999.000
202608110954,  -0.096,9999.000,9999.000,9999.000,9999.000,9999.000,9999.000,9999.000,9999.000
202608111000,  -0.089,9999.000,   0.300,  -0.083,   0.128,   0.300,   0.128,   0.400,   0.228
202608111006,  -0.082,9999.000,9999.000,9999.000,9999.000,9999.000,9999.000,9999.000,9999.000
202608111012,  -0.075,9999.000,9999.000,9999.000,9999.000,9999.000,9999.000,9999.000,9999.000
202608111018,  -0.068,9999.000,9999.000,9999.000,9999.000,9999.000,9999.000,9999.000,9999.000
202608111024,  -0.060,9999.000,9999.000,9999.000,9999.000,9999.000,9999.000,9999.000,9999.000
202608111030,  -0.053,9999.000,9999.000,9999.000,9999.000,9999.000,9999.000,9999.000,9999.000
202608111036,  -0.045,9999.000,9999.000,9999.000,9999.000,9999.000,9999.000,9999.000,9999.000
202608111042,  -0.038,9999.000,9999.000,9999.000,9999.000,9999.000,9999.000,9999.000,9999.000
202608111048,  -0.030,9999.000,9999.000,9999.000,9999.000,9999.000,9999.000,9999.000,9999.000
202608111054,  -0.023,9999.000,9999.000,9999.000,9999.000,9999.000,9999.000,9999.000,9999.000
202608111100,  -0.015,9999.000,   0.300,  -0.083,   0.202,   0.300,   0.202,   0.400,   0.302
202608111106,  -0.007,9999.000,9999.000,9999.000,9999.000,9999.000,9999.000,9999.000,9999.000
202608111112,   0.000,9999.000,9999.000,9999.000,9999.000,9999.000,9999.000,9999.000,9999.000
202608111118,   0.008,9999.000,9999.000,9999.000,9999.000,9999.000,9999.000,9999.000,9999.000
202608111124,   0.015,9999.000,9999.000,9999.000,9999.000,9999.000,9999.000,9999.000,9999.000
202608111130,   0.023,9999.000,9999.000,9999.000,9999.000,9999.000,9999.000,9999.000,9999.000
202608111136,   0.031,9999.000,9999.000,9999.000,9999.000,9999.000,9999.000,9999.000,9999.000
202608111142,   0.039,9999.000,9999.000,9999.000,9999.000,9999.000,9999.000,9999.000,9999.000
202608111148,   0.047,9999.000,9999.000,9999.000,9999.000,9999.000,9999.000,9999.000,9999.000
202608111154,   0.055,9999.000,9999.000,9999.000,9999.000,9999.000,9999.000,9999.000,9999.000
202608111200,   0.063,9999.000,   0.300,  -0.083,   0.280,   0.300,   0.280,   0.400,   0.380
202608111206,   0.071,9999.000,9999.000,9999.000,9999.000,9999.000,9999.000,9999.000,9999.000
202608111212,   0.079,9999.000,9999.000,9999.000,9999.000,9999.000,9999.000,9999.000,9999.000
202608111218,   0.087,9999.000,9999.000,9999.000,9999.000,9999.000,9999.000,9999.000,9999.000
202608111224,   0.094,9999.000,9999.000,9999.000,9999.000,9999.000,9999.000,9999.000,9999.000
202608111230,   0.102,9999.000,9999.000,9999.000,9999.000,9999.000,9999.000,9999.000,9999.000
202608111236,   0.110,9999.000,9999.000,9999.000,9999.000,9999.000,9999.000,9999.000,9999.000
202608111242,   0.117,9999.000,9999.000,9999.000,9999.000,9999.000,9999.000,9999.000,9999.000
202608111248,   0.125,9999.000,9999.000,9999.000,9999.000,9999.000,9999.000,9999.000,9999.000
202608111254,   0.133,9999.000,9999.000,9999.000,9999.000,9999.000,9999.000,9999.000,9999.000
202608111300,   0.140,9999.000,   0.300,  -0.083,   0.357,   0.300,   0.357,   0.400,   0.457
202608111306,   0.148,9999.000,9999.000,9999.000,9999.000,9999.000,9999.000,9999.000,9999.000
202608111312,   0.155,9999.000,9999.000,9999.000,9999.000,9999.000,9999.000,9999.000,9999.000
202608111318,   0.162,9999.000,9999.000,9999.000,9999.000,9999.000,9999.000,9999.000,9999.000
202608111324,   0.169,9999.000,9999.000,9999.000,9999.000,9999.000,9999.000,9999.000,9999.000
202608111330,   0.177,9999.000,9999.000,9999.000,9999.000,9999.000,9999.000,9999.000,9999.000
202608111336,   0.184,9999.000,9999.000,9999.000,9999.000,9999.000,9999.000,9999.000,9999.000
202608111342,   0.190,9999.000,9999.000,9999.000,9999.000,9999.000,9999.000,9999.000,9999.000
202608111348,   0.197,9999.000,9999.000,9999.000,9999.000,9999.000,9999.000,9999.000,9999.000
202608111354,   0.204,9999.000,9999.000,9999.000,9999.000,9999.000,9999.000,9999.000,9999.000
202608111400,   0.211,9999.000,   0.300,  -0.083,   0.428,   0.300,   0.428,   0.400,   0.528
202608111406,   0.217,9999.000,9999.000,9999.000,9999.000,9999.000,9999.000,9999.000,9999.000
202608111412,   0.224,9999.000,9999.000,9999.000,9999.000,9999.000,9999.000,9999.000,9999.000
202608111418,   0.230,9999.000,9999.000,9999.000,9999.000,9999.000,9999.000,9999.000,9999.000
202608111424,   0.236,9999.000,9999.000,9999.000,9999.000,9999.000,9999.000,9999.000,9999.000
202608111430,   0.242,9999.000,9999.000,9999.000,9999.000,9999.000,9999.000,9999.000,9999.000
202608111436,   0.248,9999.000,9999.000,9999.000,9999.000,9999.000,9999.000,9999.000,9999.000
202608111442,   0.254,9999.000,9999.000,9999.000,9999.000,9999.000,9999.000,9999.000,9999.000
202608111448,   0.260,9999.000,9999.000,9999.000,9999.000,9999.000,9999.000,9999.000,9999.000
202608111454,   0.265,9999.000,9999.000,9999.000,9999.000,9999.000,9999.000,9999.000,9999.000
202608111500,   0.271,9999.000,   0.300,  -0.083,   0.488,   0.300,   0.488,   0.400,   0.588
202608111506,   0.276,9999.000,9999.000,9999.000,9999.000,9999.000,9999.000,9999.000,9999.000
202608111512,   0.281,9999.000,9999.000,9999.000,9999.000,9999.000,9999.000,9999.000,9999.000
202608111518,   0.286,9999.000,9999.000,9999.000,9999.000,9999.000,9999.000,9999.000,9999.000
202608111524,   0.291,9999.000,9999.000,9999.000,9999.000,9999.000,9999.000,9999.000,9999.000
202608111530,   0.296,9999.000,9999.000,9999.000,9999.000,9999.000,9999.000,9999.000,9999.000
202608111536,   0.301,9999.000,9999.000,9999.000,9999.000,9999.000,9999.000,9999.000,9999.000
202608111542,   0.305,9999.000,9999.000,9999.000,9999.000,9999.000,9999.000,9999.000,9999.000
202608111548,   0.310,9999.000,9999.000,9999.000,9999.000,9999.000,9999.000,9999.000,9999.000
202608111554,   0.314,9999.000,9999.000,9999.000,9999.000,9999.000,9999.000,9999.000,9999.000
202608111600,   0.318,9999.000,   0.300,  -0.083,   0.535,   0.300,   0.535,   0.400,   0.635
202608111606,   0.322,9999.000,9999.000,9999.000,9999.000,9999.000,9999.000,9999.000,9999.000
202608111612,   0.326,9999.000,9999.000,9999.000,9999.000,9999.000,9999.000,9999.000,9999.000
202608111618,   0.329,9999.000,9999.000,9999.000,9999.000,9999.000,9999.000,9999.000,9999.000
202608111624,   0.333,9999.000,9999.000,9999.000,9999.000,9999.000,9999.000,9999.000,9999.000
202608111630,   0.336,9999.000,9999.000,9999.000,9999.000,9999.000,9999.000,9999.000,9999.000
202608111636,   0.339,9999.000,9999.000,9999.000,9999.000,9999.000,9999.000,9999.000,9999.000
202608111642,   0.343,9999.000,9999.000,9999.000,9999.000,9999.000,9999.000,9999.000,9999.000
202608111648,   0.345,9999.000,9999.000,9999.000,9999.000,9999.000,9999.000,9999.000,9999.000
202608111654,   0.348,9999.000,9999.000,9999.000,9999.000,9999.000,9999.000,9999.000,9999.000
202608111700,   0.351,9999.000,   0.300,  -0.083,   0.568,   0.300,   0.568,   0.400,   0.668
202608111706,   0.354,9999.000,9999.000,9999.000,9999.000,9999.000,9999.000,9999.000,9999.000
202608111712,   0.356,9999.000,9999.000,9999.000,9999.000,9999.000,9999.000,9999.000,9999.000
202608111718,   0.358,9999.000,9999.000,9999.000,9999.000,9999.000,9999.000,9999.000,9999.000
202608111724,   0.360,9999.000,9999.000,9999.000,9999.000,9999.000,9999.000,9999.000,9999.000
202608111730,   0.362,9999.000,9999.000,9999.000,9999.000,9999.000,9999.000,9999.000,9999.000
202608111736,   0.364,9999.000,9999.000,9999.000,9999.000,9999.000,9999.000,9999.000,9999.000
202608111742,   0.366,9999.000,9999.000,9999.000,9999.000,9999.000,9999.000,9999.000,9999.000
202608111748,   0.367,9999.000,9999.000,9999.000,9999.000,9999.000,9999.000,9999.000,9999.000
202608111754,   0.369,9999.000,9999.000,9999.000,9999.000,9999.000,9999.000,9999.000,9999.000
202608111800,   0.370,9999.000,   0.300,  -0.083,   0.587,   0.300,   0.587,   0.300,   0.587
202608111806,   0.371,9999.000,9999.000,9999.000,9999.000,9999.000,9999.000,9999.000,9999.000
202608111812,   0.372,9999.000,9999.000,9999.000,9999.000,9999.000,9999.000,9999.000,9999.000
202608111818,   0.373,9999.000,9999.000,9999.000,9999.000,9999.000,9999.000,9999.000,9999.000
202608111824,   0.374,9999.000,9999.000,9999.000,9999.000,9999.000,9999.000,9999.000,9999.000
202608111830,   0.374,9999.000,9999.000,9999.000,9999.000,9999.000,9999.000,9999.000,9999.000
202608111836,   0.375,9999.000,9999.000,9999.000,9999.000,9999.000,9999.000,9999.000,9999.000
202608111842,   0.375,9999.000,9999.000,9999.000,9999.000,9999.000,9999.000,9999.000,9999.000
202608111848,   0.375,9999.000,9999.000,9999.000,9999.000,9999.000,9999.000,9999.000,9999.000
202608111854,   0.375,9999.000,9999.000,9999.000,9999.000,9999.000,9999.000,9999.000,9999.000
202608111900,   0.375,9999.000,   0.300,  -0.083,   0.592,   0.300,   0.592,   0.300,   0.592
202608111906,   0.375,9999.000,9999.000,9999.000,9999.000,9999.000,9999.000,9999.000,9999.000
202608111912,   0.374,9999.000,9999.000,9999.000,9999.000,9999.000,9999.000,9999.000,9999.000
202608111918,   0.374,9999.000,9999.000,9999.000,9999.000,9999.000,9999.000,9999.000,9999.000
202608111924,   0.373,9999.000,9999.000,9999.000,9999.000,9999.000,9999.000,9999.000,9999.000
202608111930,   0.372,9999.000,9999.000,9999.000,9999.000,9999.000,9999.000,9999.000,9999.000
202608111936,   0.372,9999.000,9999.000,9999.000,9999.000,9999.000,9999.000,9999.000,9999.000
202608111942,   0.370,9999.000,9999.000,9999.000,9999.000,9999.000,9999.000,9999.000,9999.000
202608111948,   0.369,9999.000,9999.000,9999.000,9999.000,9999.000,9999.000,9999.000,9999.000
202608111954,   0.368,9999.000,9999.000,9999.000,9999.000,9999.000,9999.000,9999.000,9999.000
202608112000,   0.367,9999.000,   0.300,  -0.083,   0.584,   0.300,   0.584,   0.300,   0.584
202608112006,   0.365,9999.000,9999.000,9999.000,9999.000,9999.000,9999.000,9999.000,9999.000
202608112012,   0.363,9999.000,9999.000,9999.000,9999.000,9999.000,9999.000,9999.000,9999.000
202608112018,   0.361,9999.000,9999.000,9999.000,9999.000,9999.000,9999.000,9999.000,9999.000
202608112024,   0.359,9999.000,9999.000,9999.000,9999.000,9999.000,9999.000,9999.000,9999.000
202608112030,   0.357,9999.000,9999.000,9999.000,9999.000,9999.000,9999.000,9999.000,9999.000
202608112036,   0.355,9999.000,9999.000,9999.000,9999.000,9999.000,9999.000,9999.000,9999.000
202608112042,   0.353,9999.000,9999.000,9999.000,9999.000,9999.000,9999.000,9999.000,9999.000
202608112048,   0.350,9999.000,9999.000,9999.000,9999.000,9999.000,9999.000,9999.000,9999.000
202608112054,   0.348,9999.000,9999.000,9999.000,9999.000,9999.000,9999.000,9999.000,9999.000
202608112100,   0.345,9999.000,   0.300,  -0.083,   0.562,   0.300,   0.562,   0.300,   0.562
202608112106,   0.342,9999.000,9999.000,9999.000,9999.000,9999.000,9999.000,9999.000,9999.000
202608112112,   0.339,9999.000,9999.000,9999.000,9999.000,9999.000,9999.000,9999.000,9999.000
202608112118,   0.336,9999.000,9999.000,9999.000,9999.000,9999.000,9999.000,9999.000,9999.000
202608112124,   0.333,9999.000,9999.000,9999.000,9999.000,9999.000,9999.000,9999.000,9999.000
202608112130,   0.329,9999.000,9999.000,9999.000,9999.000,9999.000,9999.000,9999.000,9999.000
202608112136,   0.326,9999.000,9999.000,9999.000,9999.000,9999.000,9999.000,9999.000,9999.000
202608112142,   0.322,9999.000,9999.000,9999.000,9999.000,9999.000,9999.000,9999.000,9999.000
202608112148,   0.318,9999.000,9999.000,9999.000,9999.000,9999.000,9999.000,9999.000,9999.000
202608112154,   0.314,9999.000,9999.000,9999.000,9999.000,9999.000,9999.000,9999.000,9999.000
202608112200,   0.310,9999.000,   0.300,  -0.083,   0.527,   0.300,   0.527,   0.300,   0.527
202608112206,   0.306,9999.000,9999.000,9999.000,9999.000,9999.000,9999.000,9999.000,9999.000
202608112212,   0.302,9999.000,9999.000,9999.000,9999.000,9999.000,9999.000,9999.000,9999.000
202608112218,   0.298,9999.000,9999.000,9999.000,9999.000,9999.000,9999.000,9999.000,9999.000
202608112224,   0.293,9999.000,9999.000,9999.000,9999.000,9999.000,9999.000,9999.000,9999.000
202608112230,   0.288,9999.000,9999.000,9999.000,9999.000,9999.000,9999.000,9999.000,9999.000
202608112236,   0.284,9999.000,9999.000,9999.000,9999.000,9999.000,9999.000,9999.000,9999.000
202608112242,   0.279,9999.000,9999.000,9999.000,9999.000,9999.000,9999.000,9999.000,9999.000
202608112248,   0.274,9999.000,9999.000,9999.000,9999.000,9999.000,9999.000,9999.000,9999.000
202608112254,   0.269,9999.000,9999.000,9999.000,9999.000,9999.000,9999.000,9999.000,9999.000
202608112300,   0.263,9999.000,   0.300,  -0.083,   0.480,   0.300,   0.480,   0.300,   0.480
202608112306,   0.258,9999.000,9999.000,9999.000,9999.000,9999.000,9999.000,9999.000,9999.000
202608112312,   0.253,9999.000,9999.000,9999.000,9999.000,9999.000,9999.000,9999.000,9999.000
202608112318,   0.247,9999.000,9999.000,9999.000,9999.000,9999.000,9999.000,9999.000,9999.000
202608112324,   0.241,9999.000,9999.000,9999.000,9999.000,9999.000,9999.000,9999.000,9999.000
202608112330,   0.236,9999.000,9999.000,9999.000,9999.000,9999.000,9999.000,9999.000,9999.000
202608112336,   0.230,9999.000,9999.000,9999.000,9999.000,9999.000,9999.000,9999.000,9999.000
202608112342,   0.224,9999.000,9999.000,9999.000,9999.000,9999.000,9999.000,9999.000,9999.000
202608112348,   0.218,9999.000,9999.000,9999.000,9999.000,9999.000,9999.000,9999.000,9999.000
202608112354,   0.211,9999.000,9999.000,9999.000,9999.000,9999.000,9999.000,9999.000,9999.000
202608120000,   0.205,9999.000,   0.300,  -0.083,   0.422,   0.300,   0.422,   0.300,   0.422
202608120006,   0.199,9999.000,9999.000,9999.000,9999.000,9999.000,9999.000,9999.000,9999.000
202608120012,   0.192,9999.000,9999.000,9999.000,9999.000,9999.000,9999.000,9999.000,9999.000
202608120018,   0.186,9999.000,9999.000,9999.000,9999.000,9999.000,9999.000,9999.000,9999.000
202608120024,   0.179,9999.000,9999.000,9999.000,9999.000,9999.000,9999.000,9999.000,9999.000
202608120030,   0.173,9999.000,9999.000,9999.000,9999.000,9999.000,9999.000,9999.000,9999.000
202608120036,   0.166,9999.000,9999.000,9999.000,9999.000,9999.000,9999.000,9999.000,9999.000
202608120042,   0.159,9999.000,9999.000,9999.000,9999.000,9999.000,9999.000,9999.000,9999.000
202608120048,   0.152,9999.000,9999.000,9999.000,9999.000,9999.000,9999.000,9999.000,9999.000
202608120054,   0.145,9999.000,9999.000,9999.000,9999.000,9999.000,9999.000,9999.000,9999.000
202608120100,   0.138,9999.000,   0.300,  -0.083,   0.355,   0.300,   0.355,   0.300,   0.355
202608120106,   0.131,9999.000,9999.000,9999.000,9999.000,9999.000,9999.000,9999.000,9999.000
202608120112,   0.124,9999.000,9999.000,9999.000,9999.000,9999.000,9999.000,9999.000,9999.000
202608120118,   0.117,9999.000,9999.000,9999.000,9999.000,9999.000,9999.000,9999.000,9999.000
202608120124,   0.110,9999.000,9999.000,9999.000,9999.000,9999.000,9999.000,9999.000,9999.000
202608120130,   0.102,9999.000,9999.000,9999.000,9999.000,9999.000,9999.000,9999.000,9999.000
202608120136,   0.095,9999.000,9999.000,9999.000,9999.000,9999.000,9999.000,9999.000,9999.000
202608120142,   0.088,9999.000,9999.000,9999.000,9999.000,9999.000,9999.000,9999.000,9999.000
202608120148,   0.080,9999.000,9999.000,9999.000,9999.000,9999.000,9999.000,9999.000,9999.000
202608120154,   0.073,9999.000,9999.000,9999.000,9999.000,9999.000,9999.000,9999.000,9999.000
202608120200,   0.066,9999.000,   0.300,  -0.083,   0.283,   0.300,   0.283,   0.300,   0.283
202608120206,   0.058,9999.000,9999.000,9999.000,9999.000,9999.000,9999.000,9999.000,9999.000
202608120212,   0.051,9999.000,9999.000,9999.000,9999.000,9999.000,9999.000,9999.000,9999.000
202608120218,   0.044,9999.000,9999.000,9999.000,9999.000,9999.000,9999.000,9999.000,9999.000
202608120224,   0.036,9999.000,9999.000,9999.000,9999.000,9999.000,9999.000,9999.000,9999.000
202608120230,   0.029,9999.000,9999.000,9999.000,9999.000,9999.000,9999.000,9999.000,9999.000
202608120236,   0.022,9999.000,9999.000,9999.000,9999.000,9999.000,9999.000,9999.000,9999.000
202608120242,   0.014,9999.000,9999.000,9999.000,9999.000,9999.000,9999.000,9999.000,9999.000
202608120248,   0.007,9999.000,9999.000,9999.000,9999.000,9999.000,9999.000,9999.000,9999.000
202608120254,   0.000,9999.000,9999.000,9999.000,9999.000,9999.000,9999.000,9999.000,9999.000
202608120300,  -0.006,9999.000,   0.300,  -0.083,   0.211,   0.300,   0.211,   0.300,   0.211
202608120306,  -0.013,9999.000,9999.000,9999.000,9999.000,9999.000,9999.000,9999.000,9999.000
202608120312,  -0.020,9999.000,9999.000,9999.000,9999.000,9999.000,9999.000,9999.000,9999.000
202608120318,  -0.027,9999.000,9999.000,9999.000,9999.000,9999.000,9999.000,9999.000,9999.000
202608120324,  -0.034,9999.000,9999.000,9999.000,9999.000,9999.000,9999.000,9999.000,9999.000
202608120330,  -0.041,9999.000,9999.000,9999.000,9999.000,9999.000,9999.000,9999.000,9999.000
202608120336,  -0.048,9999.000,9999.000,9999.000,9999.000,9999.000,9999.000,9999.000,9999.000
202608120342,  -0.054,9999.000,9999.000,9999.000,9999.000,9999.000,9999.000,9999.000,9999.000
202608120348,  -0.061,9999.000,9999.000,9999.000,9999.000,9999.000,9999.000,9999.000,9999.000
202608120354,  -0.067,9999.000,9999.000,9999.000,9999.000,9999.000,9999.000,9999.000,9999.000
202608120400,  -0.074,9999.000,   0.300,  -0.083,   0.143,   0.300,   0.143,   0.300,   0.143
202608120406,  -0.080,9999.000,9999.000,9999.000,9999.000,9999.000,9999.000,9999.000,9999.000
202608120412,  -0.086,9999.000,9999.000,9999.000,9999.000,9999.000,9999.000,9999.000,9999.000
202608120418,  -0.092,9999.000,9999.000,9999.000,9999.000,9999.000,9999.000,9999.000,9999.000
202608120424,  -0.098,9999.000,9999.000,9999.000,9999.000,9999.000,9999.000,9999.000,9999.000
202608120430,  -0.103,9999.000,9999.000,9999.000,9999.000,9999.000,9999.000,9999.000,9999.000
202608120436,  -0.109,9999.000,9999.000,9999.000,9999.000,9999.000,9999.000,9999.000,9999.000
202608120442,  -0.114,9999.000,9999.000,9999.000,9999.000,9999.000,9999.000,9999.000,9999.000
202608120448,  -0.120,9999.000,9999.000,9999.000,9999.000,9999.000,9999.000,9999.000,9999.000
202608120454,  -0.125,9999.000,9999.000,9999.000,9999.000,9999.000,9999.000,9999.000,9999.000
202608120500,  -0.130,9999.000,   0.300,  -0.083,   0.087,   0.300,   0.087,   0.300,   0.087
202608120506,  -0.134,9999.000,9999.000,9999.000,9999.000,9999.000,9999.000,9999.000,9999.000
202608120512,  -0.139,9999.000,9999.000,9999.000,9999.000,9999.000,9999.000,9999.000,9999.000
202608120518,  -0.143,9999.000,9999.000,9999.000,9999.000,9999.000,9999.000,9999.000,9999.000
202608120524,  -0.148,9999.000,9999.000,9999.000,9999.000,9999.000,9999.000,9999.000,9999.000
202608120530,  -0.152,9999.000,9999.000,9999.000,9999.000,9999.000,9999.000,9999.000,9999.000
202608120536,  -0.155,9999.000,9999.000,9999.000,9999.000,9999.000,9999.000,9999.000,9999.000
202608120542,  -0.159,9999.000,9999.000,9999.000,9999.000,9999.000,9999.000,9999.000,9999.000
202608120548,  -0.163,9999.000,9999.000,9999.000,9999.000,9999.000,9999.000,9999.000,9999.000
202608120554,  -0.166,9999.000,9999.000,9999.000,9999.000,9999.000,9999.000,9999.000,9999.000
202608120600,  -0.169,9999.000,   0.300,  -0.083,   0.048,   0.300,   0.048,   0.300,   0.048
202608120606,  -0.172,9999.000,9999.000,9999.000,9999.000,9999.000,9999.000,9999.000,9999.000
202608120612,  -0.174,9999.000,9999.000,9999.000,9999.000,9999.000,9999.000,9999.000,9999.000
202608120618,  -0.177,9999.000,9999.000,9999.000,9999.000,9999.000,9999.000,9999.000,9999.000
202608120624,  -0.179,9999.000,9999.000,9999.000,9999.000,9999.000,9999.000,9999.000,9999.000
202608120630,  -0.181,9999.000,9999.000,9999.000,9999.000,9999.000,9999.000,9999.000,9999.000
202608120636,  -0.182,9999.000,9999.000,9999.000,9999.000,9999.000,9999.000,9999.000,9999.000
202608120642,  -0.184,9999.000,9999.000,9999.000,9999.000,9999.000,9999.000,9999.000,9999.000
202608120648,  -0.185,9999.000,9999.000,9999.000,9999.000,9999.000,9999.000,9999.000,9999.000
202608120654,  -0.186,9999.000,9999.000,9999.000,9999.000,9999.000,9999.000,9999.000,9999.000
202608120700,  -0.187,9999.000,   0.300,  -0.083,   0.030,   0.300,   0.030,   0.300,   0.030
202608120706,  -0.188,9999.000,9999.000,9999.000,9999.000,9999.000,9999.000,9999.000,9999.000
202608120712,  -0.188,9999.000,9999.000,9999.000,9999.000,9999.000,9999.000,9999.000,9999.000
202608120718,  -0.188,9999.000,9999.000,9999.000,9999.000,9999.000,9999.000,9999.000,9999.000
202608120724,  -0.188,9999.000,9999.000,9999.000,9999.000,9999.000,9999.000,9999.000,9999.000
202608120730,  -0.188,9999.000,9999.000,9999.000,9999.000,9999.000,9999.000,9999.000,9999.000
202608120736,  -0.187,9999.000,9999.000,9999.000,9999.000,9999.000,9999.000,9999.000,9999.000
202608120742,  -0.186,9999.000,9999.000,9999.000,9999.000,9999.000,9999.000,9999.000,9999.000
202608120748,  -0.185,9999.000,9999.000,9999.000,9999.000,9999.000,9999.000,9999.000,9999.000
202608120754,  -0.184,9999.000,9999.000,9999.000,9999.000,9999.000,9999.000,9999.000,9999.000
202608120800,  -0.183,9999.000,   0.300,  -0.083,   0.034,   0.300,   0.034,   0.300,   0.034
202608120806,  -0.181,9999.000,9999.000,9999.000,9999.000,9999.000,9999.000,9999.000,9999.000
202608120812,  -0.179,9999.000,9999.000,9999.000,9999.000,9999.000,9999.000,9999.000,9999.000
202608120818,  -0.177,9999.000,9999.000,9999.000,9999.000,9999.000,9999.000,9999.000,9999.000
202608120824,  -0.175,9999.000,9999.000,9999.000,9999.000,9999.000,9999.000,9999.000,9999.000
202608120830,  -0.172,9999.000,9999.000,9999.000,9999.000,9999.000,9999.000,9999.000,9999.000
202608120836,  -0.169,9999.000,9999.000,9999.000,9999.000,9999.000,9999.000,9999.000,9999.000
202608120842,  -0.166,9999.000,9999.000,9999.000,9999.000,9999.000,9999.000,9999.000,9999.000
202608120848,  -0.163,9999.000,9999.000,9999.000,9999.000,9999.000,9999.000,9999.000,9999.000
202608120854,  -0.160,9999.000,9999.000,9999.000,9999.000,9999.000,9999.000,9999.000,9999.000
202608120900,  -0.156,9999.000,   0.300,  -0.083,   0.061,   0.300,   0.061,   0.300,   0.061
202608120906,  -0.152,9999.000,9999.000,9999.000,9999.000,9999.000,9999.000,9999.000,9999.000
202608120912,  -0.148,9999.000,9999.000,9999.000,9999.000,9999.000,9999.000,9999.000,9999.000
202608120918,  -0.144,9999.000,9999.000,9999.000,9999.000,9999.000,9999.000,9999.000,9999.000
202608120924,  -0.140,9999.000,9999.000,9999.000,9999.000,9999.000,9999.000,9999.000,9999.000
202608120930,  -0.135,9999.000,9999.000,9999.000,9999.000,9999.000,9999.000,9999.000,9999.000
202608120936,  -0.131,9999.000,9999.000,9999.000,9999.000,9999.000,9999.000,9999.000,9999.000
202608120942,  -0.126,9999.000,9999.000,9999.000,9999.000,9999.000,9999.000,9999.000,9999.000
202608120948,  -0.121,9999.000,9999.000,9999.000,9999.000,9999.000,9999.000,9999.000,9999.000
202608120954,  -0.116,9999.000,9999.000,9999.000,9999.000,9999.000,9999.000,9999.000,9999.000
202608121000,  -0.110,9999.000,   0.300,  -0.083,   0.107,   0.300,   0.107,   0.300,   0.107
202608121006,  -0.105,9999.000,9999.000,9999.000,9999.000,9999.000,9999.000,9999.000,9999.000
202608121012,  -0.099,9999.000,9999.000,9999.000,9999.000,9999.000,9999.000,9999.000,9999.000
202608121018,  -0.094,9999.000,9999.000,9999.000,9999.000,9999.000,9999.000,9999.000,9999.000
202608121024,  -0.088,9999.000,9999.000,9999.000,9999.000,9999.000,9999.000,9999.000,9999.000
202608121030,  -0.082,9999.000,9999.000,9999.000,9999.000,9999.000,9999.000,9999.000,9999.000
202608121036,  -0.076,9999.000,9999.000,9999.000,9999.000,9999.000,9999.000,9999.000,9999.000
202608121042,  -0.070,9999.000,9999.000,9999.000,9999.000,9999.000,9999.000,9999.000,9999.000
202608121048,  -0.064,9999.000,9999.000,9999.000,9999.000,9999.000,9999.000,9999.000,9999.000
202608121054,  -0.057,9999.000,9999.000,9999.000,9999.000,9999.000,9999.000,9999.000,9999.000
202608121100,  -0.051,9999.000,   0.300,  -0.083,   0.166,   0.300,   0.166,   0.400,   0.266
202608121106,  -0.044,9999.000,9999.000,9999.000,9999.000,9999.000,9999.000,9999.000,9999.000
202608121112,  -0.038,9999.000,9999.000,9999.000,9999.000,9999.000,9999.000,9999.000,9999.000
202608121118,  -0.031,9999.000,9999.000,9999.000,9999.000,9999.000,9999.000,9999.000,9999.000
202608121124,  -0.024,9999.000,9999.000,9999.000,9999.000,9999.000,9999.000,9999.000,9999.000
202608121130,  -0.017,9999.000,9999.000,9999.000,9999.000,9999.000,9999.000,9999.000,9999.000
202608121136,  -0.011,9999.000,9999.000,9999.000,9999.000,9999.000,9999.000,9999.000,9999.000
202608121142,  -0.004,9999.000,9999.000,9999.000,9999.000,9999.000,9999.000,9999.000,9999.000
202608121148,   0.002,9999.000,9999.000,9999.000,9999.000,9999.000,9999.000,9999.000,9999.000
202608121154,   0.009,9999.000,9999.000,9999.000,9999.000,9999.000,9999.000,9999.000,9999.000
202608121200,   0.016,9999.000,   0.300,  -0.083,   0.233,   0.300,   0.233,   0.400,   0.333
