        TIME,    TIDE,      OB,   SURGE,    BIAS,     TWL,SURGE90p,  TWL90p,SURGE10p,   TWL10p
202604261800,   1.073,   1.220,   0.600,  -0.453,   1.220,   0.500,   1.120,   0.600,   1.220
202604261806,   1.099,9999.000,9999.000,9999.000,9999.000,9999.000,9999.000,9999.000,9999.000
202604261812,   1.123,   1.269,9999.000,9999.000,9999.000,9999.000,9999.000,9999.000,9999.000
202604261818,   1.147,9999.000,9999.000,9999.000,9999.000,9999.000,9999.000,9999.000,9999.000
202604261824,   1.170,   1.298,9999.000,9999.000,9999.000,9999.000,9999.000,9999.000,9999.000
202604261830,   1.193,9999.000,9999.000,9999.000,9999.000,9999.000,9999.000,9999.000,9999.000
202604261836,   1.214,   1.338,9999.000,9999.000,9999.000,9999.000,9999.000,9999.000,9999.000
202604261842,   1.235,9999.000,9999.000,9999.000,9999.000,9999.000,9999.000,9999.000,9999.000
202604261848,   1.255,   1.371,9999.000,9999.000,9999.000,9999.000,9999.000,9999.000,9999.000
202604261854,   1.273,9999.000,9999.000,9999.000,9999.000,9999.000,9999.000,9999.000,9999.000
202604261900,   1.291,   1.400,   0.600,  -0.491,   1.400,   0.500,   1.300,   0.600,   1.400
202604261906,   1.308,   1.410,9999.000,9999.000,9999.000,9999.000,9999.000,9999.000,9999.000
202604261912,   1.323,   1.420,9999.000,9999.000,9999.000,9999.000,9999.000,9999.000,9999.000
202604261918,   1.338,   1.449,9999.000,9999.000,9999.000,9999.000,9999.000,9999.000,9999.000
202604261924,   1.351,   1.459,9999.000,9999.000,9999.000,9999.000,9999.000,9999.000,9999.000
202604261930,   1.363,   1.439,9999.000,9999.000,9999.000,9999.000,9999.000,9999.000,9999.000
202604261936,   1.374,   1.459,9999.000,9999.000,9999.000,9999.000,9999.000,9999.000,9999.000
202604261942,   1.383,   1.459,9999.000,9999.000,9999.000,9999.000,9999.000,9999.000,9999.000
202604261948,   1.392,   1.459,9999.000,9999.000,9999.000,9999.000,9999.000,9999.000,9999.000
202604261954,   1.399,   1.489,9999.000,9999.000,9999.000,9999.000,9999.000,9999.000,9999.000
202604262000,   1.404,   1.489,   0.600,  -0.515,   1.489,   0.500,   1.389,   0.600,   1.489
202604262006,   1.409,   1.489,9999.000,9999.000,9999.000,9999.000,9999.000,9999.000,9999.000
202604262012,   1.412,   1.498,9999.000,9999.000,9999.000,9999.000,9999.000,9999.000,9999.000
202604262018,   1.414,   1.498,9999.000,9999.000,9999.000,9999.000,9999.000,9999.000,9999.000
202604262024,   1.415,   1.508,9999.000,9999.000,9999.000,9999.000,9999.000,9999.000,9999.000
202604262030,   1.414,   1.508,9999.000,9999.000,9999.000,9999.000,9999.000,9999.000,9999.000
202604262036,   1.412,   1.498,9999.000,9999.000,9999.000,9999.000,9999.000,9999.000,9999.000
202604262042,   1.409,   1.498,9999.000,9999.000,9999.000,9999.000,9999.000,9999.000,9999.000
202604262048,   1.405,   1.498,9999.000,9999.000,9999.000,9999.000,9999.000,9999.000,9999.000
202604262054,   1.399,   1.489,9999.000,9999.000,9999.000,9999.000,9999.000,9999.000,9999.000
202604262100,   1.393,   1.479,   0.600,  -0.514,   1.479,   0.500,   1.379,   0.600,   1.479
202604262106,   1.385,   1.479,9999.000,9999.000,9999.000,9999.000,9999.000,9999.000,9999.000
202604262112,   1.376,   1.469,9999.000,9999.000,9999.000,9999.000,9999.000,9999.000,9999.000
202604262118,   1.366,   1.459,9999.000,9999.000,9999.000,9999.000,9999.000,9999.000,9999.000
202604262124,   1.355,   1.449,9999.000,9999.000,9999.000,9999.000,9999.000,9999.000,9999.000
202604262130,   1.343,   1.439,9999.000,9999.000,9999.000,9999.000,9999.000,9999.000,9999.000
202604262136,   1.330,   1.420,9999.000,9999.000,9999.000,9999.000,9999.000,9999.000,9999.000
202604262142,   1.316,   1.400,9999.000,9999.000,9999.000,9999.000,9999.000,9999.000,9999.000
202604262148,   1.301,   1.390,9999.000,9999.000,9999.000,9999.000,9999.000,9999.000,9999.000
202604262154,   1.286,   1.380,9999.000,9999.000,9999.000,9999.000,9999.000,9999.000,9999.000
202604262200,   1.269,   1.348,   0.600,  -0.521,   1.348,   0.500,   1.248,   0.600,   1.348
202604262206,   1.251,   1.338,9999.000,9999.000,9999.000,9999.000,9999.000,9999.000,9999.000
202604262212,   1.233,   1.328,9999.000,9999.000,9999.000,9999.000,9999.000,9999.000,9999.000
202604262218,   1.214,   1.318,9999.000,9999.000,9999.000,9999.000,9999.000,9999.000,9999.000
202604262224,   1.194,   1.308,9999.000,9999.000,9999.000,9999.000,9999.000,9999.000,9999.000
202604262230,   1.174,   1.289,9999.000,9999.000,9999.000,9999.000,9999.000,9999.000,9999.000
202604262236,   1.152,   1.259,9999.000,9999.000,9999.000,9999.000,9999.000,9999.000,9999.000
202604262242,   1.130,   1.249,9999.000,9999.000,9999.000,9999.000,9999.000,9999.000,9999.000
202604262248,   1.108,   1.249,9999.000,9999.000,9999.000,9999.000,9999.000,9999.000,9999.000
202604262254,   1.085,   1.239,9999.000,9999.000,9999.000,9999.000,9999.000,9999.000,9999.000
202604262300,   1.061,   1.220,   0.600,  -0.441,   1.220,   0.500,   1.120,   0.700,   1.320
202604262306,   1.037,   1.200,9999.000,9999.000,9999.000,9999.000,9999.000,9999.000,9999.000
202604262312,   1.013,   1.200,9999.000,9999.000,9999.000,9999.000,9999.000,9999.000,9999.000
202604262318,   0.988,   1.180,9999.000,9999.000,9999.000,9999.000,9999.000,9999.000,9999.000
202604262324,   0.963,   1.151,9999.000,9999.000,9999.000,9999.000,9999.000,9999.000,9999.000
202604262330,   0.938,   1.151,9999.000,9999.000,9999.000,9999.000,9999.000,9999.000,9999.000
202604262336,   0.912,   1.138,9999.000,9999.000,9999.000,9999.000,9999.000,9999.000,9999.000
202604262342,   0.886,   1.118,9999.000,9999.000,9999.000,9999.000,9999.000,9999.000,9999.000
202604262348,   0.860,   1.118,9999.000,9999.000,9999.000,9999.000,9999.000,9999.000,9999.000
202604262354,   0.834,   1.098,9999.000,9999.000,9999.000,9999.000,9999.000,9999.000,9999.000
202604270000,   0.808,   1.079,   0.500,  -0.229,   1.079,   0.500,   1.079,   0.600,   1.179
202604270006,   0.783,   1.069,9999.000,9999.000,9999.000,9999.000,9999.000,9999.000,9999.000
202604270012,   0.757,   1.059,9999.000,9999.000,9999.000,9999.000,9999.000,9999.000,9999.000
202604270018,   0.732,   1.039,9999.000,9999.000,9999.000,9999.000,9999.000,9999.000,9999.000
202604270024,   0.706,   1.029,9999.000,9999.000,9999.000,9999.000,9999.000,9999.000,9999.000
202604270030,   0.682,   1.020,9999.000,9999.000,9999.000,9999.000,9999.000,9999.000,9999.000
202604270036,   0.657,   1.000,9999.000,9999.000,9999.000,9999.000,9999.000,9999.000,9999.000
202604270042,   0.634,   0.990,9999.000,9999.000,9999.000,9999.000,9999.000,9999.000,9999.000
202604270048,   0.611,   0.980,9999.000,9999.000,9999.000,9999.000,9999.000,9999.000,9999.000
202604270054,   0.588,   0.961,9999.000,9999.000,9999.000,9999.000,9999.000,9999.000,9999.000
202604270100,   0.567,   0.951,   0.500,  -0.116,   0.951,   0.500,   0.951,   0.600,   1.051
202604270106,   0.546,   0.941,9999.000,9999.000,9999.000,9999.000,9999.000,9999.000,9999.000
202604270112,   0.526,   0.951,9999.000,9999.000,9999.000,9999.000,9999.000,9999.000,9999.000
202604270118,   0.507,   0.941,9999.000,9999.000,9999.000,9999.000,9999.000,9999.000,9999.000
202604270124,   0.490,   0.941,9999.000,9999.000,9999.000,9999.000,9999.000,9999.000,9999.000
202604270130,   0.473,   0.951,9999.000,9999.000,9999.000,9999.000,9999.000,9999.000,9999.000
202604270136,   0.458,   0.951,9999.000,9999.000,9999.000,9999.000,9999.000,9999.000,9999.000
202604270142,   0.444,   0.941,9999.000,9999.000,9999.000,9999.000,9999.000,9999.000,9999.000
202604270148,   0.431,   0.951,9999.000,9999.000,9999.000,9999.000,9999.000,9999.000,9999.000
202604270154,   0.420,   0.970,9999.000,9999.000,9999.000,9999.000,9999.000,9999.000,9999.000
202604270200,   0.410,   0.961,   0.600,  -0.049,   0.961,   0.500,   0.861,   0.600,   0.961
202604270206,   0.401,   0.970,9999.000,9999.000,9999.000,9999.000,9999.000,9999.000,9999.000
202604270212,   0.394,   0.970,9999.000,9999.000,9999.000,9999.000,9999.000,9999.000,9999.000
202604270218,   0.389,   0.980,9999.000,9999.000,9999.000,9999.000,9999.000,9999.000,9999.000
202604270224,   0.385,   1.000,9999.000,9999.000,9999.000,9999.000,9999.000,9999.000,9999.000
202604270230,   0.383,   1.010,9999.000,9999.000,9999.000,9999.000,9999.000,9999.000,9999.000
202604270236,   0.382,   1.020,9999.000,9999.000,9999.000,9999.000,9999.000,9999.000,9999.000
202604270242,   0.383,   1.039,9999.000,9999.000,9999.000,9999.000,9999.000,9999.000,9999.000
202604270248,   0.386,   1.069,9999.000,9999.000,9999.000,9999.000,9999.000,9999.000,9999.000
202604270254,   0.390,   1.079,9999.000,9999.000,9999.000,9999.000,9999.000,9999.000,9999.000
202604270300,   0.396,   1.108,   0.600,   0.112,   1.108,   0.500,   1.008,   0.700,   1.208
202604270306,   0.403,   1.128,9999.000,9999.000,9999.000,9999.000,9999.000,9999.000,9999.000
202604270312,   0.412,   1.161,9999.000,9999.000,9999.000,9999.000,9999.000,9999.000,9999.000
202604270318,   0.422,   1.180,9999.000,9999.000,9999.000,9999.000,9999.000,9999.000,9999.000
202604270324,   0.434,   1.210,9999.000,9999.000,9999.000,9999.000,9999.000,9999.000,9999.000
202604270330,   0.447,   1.249,9999.000,9999.000,9999.000,9999.000,9999.000,9999.000,9999.000
202604270336,   0.462,   1.279,9999.000,9999.000,9999.000,9999.000,9999.000,9999.000,9999.000
202604270342,   0.478,   1.298,9999.000,9999.000,9999.000,9999.000,9999.000,9999.000,9999.000
202604270348,   0.496,   1.328,9999.000,9999.000,9999.000,9999.000,9999.000,9999.000,9999.000
202604270354,   0.515,   1.361,9999.000,9999.000,9999.000,9999.000,9999.000,9999.000,9999.000
202604270400,   0.534,   1.400,   0.600,   0.266,   1.400,   0.600,   1.400,   0.700,   1.500
202604270406,   0.556,   1.430,9999.000,9999.000,9999.000,9999.000,9999.000,9999.000,9999.000
202604270412,   0.578,   1.469,9999.000,9999.000,9999.000,9999.000,9999.000,9999.000,9999.000
202604270418,   0.601,   1.489,9999.000,9999.000,9999.000,9999.000,9999.000,9999.000,9999.000
202604270424,   0.625,   1.528,9999.000,9999.000,9999.000,9999.000,9999.000,9999.000,9999.000
202604270430,   0.650,   1.557,9999.000,9999.000,9999.000,9999.000,9999.000,9999.000,9999.000
202604270436,   0.676,   1.590,9999.000,9999.000,9999.000,9999.000,9999.000,9999.000,9999.000
202604270442,   0.703,   1.639,9999.000,9999.000,9999.000,9999.000,9999.000,9999.000,9999.000
202604270448,   0.730,   1.669,9999.000,9999.000,9999.000,9999.000,9999.000,9999.000,9999.000
202604270454,   0.758,   1.699,9999.000,9999.000,9999.000,9999.000,9999.000,9999.000,9999.000
202604270500,   0.787,   1.738,   0.700,   0.251,   1.738,   0.600,   1.638,   0.700,   1.738
202604270506,   0.816,   1.767,9999.000,9999.000,9999.000,9999.000,9999.000,9999.000,9999.000
202604270512,   0.846,   1.800,9999.000,9999.000,9999.000,9999.000,9999.000,9999.000,9999.000
202604270518,   0.875,   1.840,9999.000,9999.000,9999.000,9999.000,9999.000,9999.000,9999.000
202604270524,   0.905,   1.869,9999.000,9999.000,9999.000,9999.000,9999.000,9999.000,9999.000
202604270530,   0.935,   1.908,9999.000,9999.000,9999.000,9999.000,9999.000,9999.000,9999.000
202604270536,   0.966,   1.938,9999.000,9999.000,9999.000,9999.000,9999.000,9999.000,9999.000
202604270542,   0.996,   1.967,9999.000,9999.000,9999.000,9999.000,9999.000,9999.000,9999.000
202604270548,   1.026,   2.010,9999.000,9999.000,9999.000,9999.000,9999.000,9999.000,9999.000
202604270554,   1.056,   2.040,9999.000,9999.000,9999.000,9999.000,9999.000,9999.000,9999.000
202604270600,   1.086,   2.059,   0.600,   0.373,   2.059,   0.600,   2.059,   0.700,   2.159
202604270606,   1.115,   2.109,9999.000,9999.000,9999.000,9999.000,9999.000,9999.000,9999.000
202604270612,   1.144,   2.148,9999.000,9999.000,9999.000,9999.000,9999.000,9999.000,9999.000
202604270618,   1.172,   2.168,9999.000,9999.000,9999.000,9999.000,9999.000,9999.000,9999.000
202604270624,   1.200,   2.200,9999.000,9999.000,9999.000,9999.000,9999.000,9999.000,9999.000
202604270630,   1.228,   2.230,9999.000,9999.000,9999.000,9999.000,9999.000,9999.000,9999.000
202604270636,   1.254,   2.259,9999.000,9999.000,9999.000,9999.000,9999.000,9999.000,9999.000
202604270642,   1.280,   2.289,9999.000,9999.000,9999.000,9999.000,9999.000,9999.000,9999.000
202604270648,   1.305,   2.318,9999.000,9999.000,9999.000,9999.000,9999.000,9999.000,9999.000
202604270654,   1.329,   2.338,9999.000,9999.000,9999.000,9999.000,9999.000,9999.000,9999.000
202604270700,   1.352,   2.377,   0.700,   0.325,   2.377,   0.600,   2.277,   0.800,   2.477
202604270706,   1.374,   2.400,9999.000,9999.000,9999.000,9999.000,9999.000,9999.000,9999.000
202604270712,   1.395,   2.410,9999.000,9999.000,9999.000,9999.000,9999.000,9999.000,9999.000
202604270718,   1.415,   2.440,9999.000,9999.000,9999.000,9999.000,9999.000,9999.000,9999.000
202604270724,   1.434,   2.469,9999.000,9999.000,9999.000,9999.000,9999.000,9999.000,9999.000
202604270730,   1.451,   2.479,9999.000,9999.000,9999.000,9999.000,9999.000,9999.000,9999.000
202604270736,   1.467,   2.489,9999.000,9999.000,9999.000,9999.000,9999.000,9999.000,9999.000
202604270742,   1.482,   2.509,9999.000,9999.000,9999.000,9999.000,9999.000,9999.000,9999.000
202604270748,   1.495,   2.528,9999.000,9999.000,9999.000,9999.000,9999.000,9999.000,9999.000
202604270754,   1.507,   2.538,9999.000,9999.000,9999.000,9999.000,9999.000,9999.000,9999.000
202604270800,   1.517,   2.558,   0.700,   0.341,   2.558,   0.600,   2.458,   0.800,   2.658
202604270806,   1.527,   2.558,9999.000,9999.000,9999.000,9999.000,9999.000,9999.000,9999.000
202604270812,   1.534,   2.578,9999.000,9999.000,9999.000,9999.000,9999.000,9999.000,9999.000
202604270818,   1.540,   2.587,9999.000,9999.000,9999.000,9999.000,9999.000,9999.000,9999.000
202604270824,   1.545,   2.587,9999.000,9999.000,9999.000,9999.000,9999.000,9999.000,9999.000
202604270830,   1.548,   2.597,9999.000,9999.000,9999.000,9999.000,9999.000,9999.000,9999.000
202604270836,   1.550,   2.597,9999.000,9999.000,9999.000,9999.000,9999.000,9999.000,9999.000
202604270842,   1.550,   2.578,9999.000,9999.000,9999.000,9999.000,9999.000,9999.000,9999.000
202604270848,   1.549,   2.597,9999.000,9999.000,9999.000,9999.000,9999.000,9999.000,9999.000
202604270854,   1.546,   2.597,9999.000,9999.000,9999.000,9999.000,9999.000,9999.000,9999.000
202604270900,   1.542,   2.597,   0.700,   0.355,   2.597,   0.700,   2.597,   0.800,   2.697
202604270906,   1.536,   2.597,9999.000,9999.000,9999.000,9999.000,9999.000,9999.000,9999.000
202604270912,   1.529,   2.587,9999.000,9999.000,9999.000,9999.000,9999.000,9999.000,9999.000
202604270918,   1.521,   2.587,9999.000,9999.000,9999.000,9999.000,9999.000,9999.000,9999.000
202604270924,   1.512,   2.568,9999.000,9999.000,9999.000,9999.000,9999.000,9999.000,9999.000
202604270930,   1.501,   2.568,9999.000,9999.000,9999.000,9999.000,9999.000,9999.000,9999.000
202604270936,   1.489,   2.558,9999.000,9999.000,9999.000,9999.000,9999.000,9999.000,9999.000
202604270942,   1.475,   2.538,9999.000,9999.000,9999.000,9999.000,9999.000,9999.000,9999.000
202604270948,   1.461,   2.538,9999.000,9999.000,9999.000,9999.000,9999.000,9999.000,9999.000
202604270954,   1.445,   2.528,9999.000,9999.000,9999.000,9999.000,9999.000,9999.000,9999.000
202604271000,   1.429,   2.509,   0.700,   0.380,   2.509,   0.700,   2.509,   0.800,   2.609
202604271006,   1.411,   2.499,9999.000,9999.000,9999.000,9999.000,9999.000,9999.000,9999.000
202604271012,   1.392,   2.479,9999.000,9999.000,9999.000,9999.000,9999.000,9999.000,9999.000
202604271018,   1.373,   2.459,9999.000,9999.000,9999.000,9999.000,9999.000,9999.000,9999.000
202604271024,   1.352,   2.450,9999.000,9999.000,9999.000,9999.000,9999.000,9999.000,9999.000
202604271030,   1.331,   2.420,9999.000,9999.000,9999.000,9999.000,9999.000,9999.000,9999.000
202604271036,   1.308,   2.410,9999.000,9999.000,9999.000,9999.000,9999.000,9999.000,9999.000
202604271042,   1.285,   2.387,9999.000,9999.000,9999.000,9999.000,9999.000,9999.000,9999.000
202604271048,   1.261,   2.368,9999.000,9999.000,9999.000,9999.000,9999.000,9999.000,9999.000
202604271054,   1.237,   2.348,9999.000,9999.000,9999.000,9999.000,9999.000,9999.000,9999.000
202604271100,   1.211,   2.318,   0.800,   0.307,   2.318,   0.700,   2.218,   0.900,   2.418
202604271106,   1.185,   2.299,9999.000,9999.000,9999.000,9999.000,9999.000,9999.000,9999.000
202604271112,   1.159,   2.279,9999.000,9999.000,9999.000,9999.000,9999.000,9999.000,9999.000
202604271118,   1.132,   2.259,9999.000,9999.000,9999.000,9999.000,9999.000,9999.000,9999.000
202604271124,   1.104,   2.230,9999.000,9999.000,9999.000,9999.000,9999.000,9999.000,9999.000
202604271130,   1.076,   2.210,9999.000,9999.000,9999.000,9999.000,9999.000,9999.000,9999.000
202604271136,   1.048,   2.191,9999.000,9999.000,9999.000,9999.000,9999.000,9999.000,9999.000
202604271142,   1.019,   2.168,9999.000,9999.000,9999.000,9999.000,9999.000,9999.000,9999.000
202604271148,   0.990,   2.148,9999.000,9999.000,9999.000,9999.000,9999.000,9999.000,9999.000
202604271154,   0.961,   2.128,9999.000,9999.000,9999.000,9999.000,9999.000,9999.000,9999.000
202604271200,   0.931,   2.109,   0.900,   0.278,   2.109,   0.800,   2.009,   0.900,   2.109
202604271206,   0.902,   2.079,9999.000,9999.000,9999.000,9999.000,9999.000,9999.000,9999.000
202604271212,   0.872,   2.059,9999.000,9999.000,9999.000,9999.000,9999.000,9999.000,9999.000
202604271218,   0.842,   2.030,9999.000,9999.000,9999.000,9999.000,9999.000,9999.000,9999.000
202604271224,   0.813,   2.010,9999.000,9999.000,9999.000,9999.000,9999.000,9999.000,9999.000
202604271230,   0.783,   1.990,9999.000,9999.000,9999.000,9999.000,9999.000,9999.000,9999.000
202604271236,   0.754,   1.967,9999.000,9999.000,9999.000,9999.000,9999.000,9999.000,9999.000
202604271242,   0.725,   1.938,9999.000,9999.000,9999.000,9999.000,9999.000,9999.000,9999.000
202604271248,   0.696,   1.928,9999.000,9999.000,9999.000,9999.000,9999.000,9999.000,9999.000
202604271254,   0.668,   1.899,9999.000,9999.000,9999.000,9999.000,9999.000,9999.000,9999.000
202604271300,   0.640,   1.879,   0.900,   0.339,   1.879,   0.800,   1.779,   1.000,   1.979
202604271306,   0.613,   1.859,9999.000,9999.000,9999.000,9999.000,9999.000,9999.000,9999.000
202604271312,   0.587,   1.849,9999.000,9999.000,9999.000,9999.000,9999.000,9999.000,9999.000
202604271318,   0.561,   1.830,9999.000,9999.000,9999.000,9999.000,9999.000,9999.000,9999.000
202604271324,   0.536,   1.800,9999.000,9999.000,9999.000,9999.000,9999.000,9999.000,9999.000
202604271330,   0.512,   1.790,9999.000,9999.000,9999.000,9999.000,9999.000,9999.000,9999.000
202604271336,   0.489,   1.767,9999.000,9999.000,9999.000,9999.000,9999.000,9999.000,9999.000
202604271342,   0.467,   1.748,9999.000,9999.000,9999.000,9999.000,9999.000,9999.000,9999.000
202604271348,   0.446,   1.738,9999.000,9999.000,9999.000,9999.000,9999.000,9999.000,9999.000
202604271354,   0.426,   1.728,9999.000,9999.000,9999.000,9999.000,9999.000,9999.000,9999.000
202604271400,   0.407,   1.708,   0.900,   0.401,   1.708,   0.900,   1.708,   1.000,   1.808
202604271406,   0.389,   1.699,9999.000,9999.000,9999.000,9999.000,9999.000,9999.000,9999.000
202604271412,   0.373,   1.669,9999.000,9999.000,9999.000,9999.000,9999.000,9999.000,9999.000
202604271418,   0.358,   1.659,9999.000,9999.000,9999.000,9999.000,9999.000,9999.000,9999.000
202604271424,   0.345,   1.649,9999.000,9999.000,9999.000,9999.000,9999.000,9999.000,9999.000
202604271430,   0.333,   1.639,9999.000,9999.000,9999.000,9999.000,9999.000,9999.000,9999.000
202604271436,   0.322,   1.620,9999.000,9999.000,9999.000,9999.000,9999.000,9999.000,9999.000
202604271442,   0.313,   1.620,9999.000,9999.000,9999.000,9999.000,9999.000,9999.000,9999.000
202604271448,   0.306,   1.620,9999.000,9999.000,9999.000,9999.000,9999.000,9999.000,9999.000
202604271454,   0.300,   1.610,9999.000,9999.000,9999.000,9999.000,9999.000,9999.000,9999.000
202604271500,   0.296,   1.610,   0.900,   0.414,   1.610,   0.900,   1.610,   1.000,   1.710
202604271506,   0.293,   1.600,9999.000,9999.000,9999.000,9999.000,9999.000,9999.000,9999.000
202604271512,   0.292,   1.600,9999.000,9999.000,9999.000,9999.000,9999.000,9999.000,9999.000
202604271518,   0.292,   1.600,9999.000,9999.000,9999.000,9999.000,9999.000,9999.000,9999.000
202604271524,   0.294,   1.620,9999.000,9999.000,9999.000,9999.000,9999.000,9999.000,9999.000
202604271530,   0.297,   1.620,9999.000,9999.000,9999.000,9999.000,9999.000,9999.000,9999.000
202604271536,   0.302,   1.630,9999.000,9999.000,9999.000,9999.000,9999.000,9999.000,9999.000
202604271542,   0.309,   1.630,9999.000,9999.000,9999.000,9999.000,9999.000,9999.000,9999.000
202604271548,   0.317,   1.639,9999.000,9999.000,9999.000,9999.000,9999.000,9999.000,9999.000
202604271554,   0.326,   1.659,9999.000,9999.000,9999.000,9999.000,9999.000,9999.000,9999.000
202604271600,   0.337,   1.669,   0.900,   0.432,   1.669,   0.900,   1.669,   1.000,   1.769
202604271606,   0.349,   1.679,9999.000,9999.000,9999.000,9999.000,9999.000,9999.000,9999.000
202604271612,   0.362,   1.689,9999.000,9999.000,9999.000,9999.000,9999.000,9999.000,9999.000
202604271618,   0.377,   1.708,9999.000,9999.000,9999.000,9999.000,9999.000,9999.000,9999.000
202604271624,   0.393,   1.718,9999.000,9999.000,9999.000,9999.000,9999.000,9999.000,9999.000
202604271630,   0.410,   1.748,9999.000,9999.000,9999.000,9999.000,9999.000,9999.000,9999.000
202604271636,   0.428,   1.767,9999.000,9999.000,9999.000,9999.000,9999.000,9999.000,9999.000
202604271642,   0.448,   1.790,9999.000,9999.000,9999.000,9999.000,9999.000,9999.000,9999.000
202604271648,   0.468,   1.810,9999.000,9999.000,9999.000,9999.000,9999.000,9999.000,9999.000
202604271654,   0.489,   1.820,9999.000,9999.000,9999.000,9999.000,9999.000,9999.000,9999.000
202604271700,   0.511,   1.849,   1.000,   0.338,   1.849,   0.900,   1.749,   1.000,   1.849
202604271706,   0.534,   1.849,9999.000,9999.000,9999.000,9999.000,9999.000,9999.000,9999.000
202604271712,   0.558,   1.869,9999.000,9999.000,9999.000,9999.000,9999.000,9999.000,9999.000
202604271718,   0.582,   1.899,9999.000,9999.000,9999.000,9999.000,9999.000,9999.000,9999.000
202604271724,   0.607,   1.908,9999.000,9999.000,9999.000,9999.000,9999.000,9999.000,9999.000
202604271730,   0.633,   1.948,9999.000,9999.000,9999.000,9999.000,9999.000,9999.000,9999.000
202604271736,   0.658,   1.967,9999.000,9999.000,9999.000,9999.000,9999.000,9999.000,9999.000
202604271742,   0.685,   2.000,9999.000,9999.000,9999.000,9999.000,9999.000,9999.000,9999.000
202604271748,   0.712,   2.030,9999.000,9999.000,9999.000,9999.000,9999.000,9999.000,9999.000
202604271754,   0.739,   2.030,9999.000,9999.000,9999.000,9999.000,9999.000,9999.000,9999.000
202604271800,   0.766,   2.059,   1.000,   0.293,   2.059,   1.000,   2.059,   1.100,   2.159
202604271806,   0.793,   2.099,9999.000,9999.000,9999.000,9999.000,9999.000,9999.000,9999.000
202604271812,   0.820,   2.118,9999.000,9999.000,9999.000,9999.000,9999.000,9999.000,9999.000
202604271818,   0.848,   2.128,9999.000,9999.000,9999.000,9999.000,9999.000,9999.000,9999.000
202604271824,   0.875,   2.148,9999.000,9999.000,9999.000,9999.000,9999.000,9999.000,9999.000
202604271830,   0.902,   2.191,9999.000,9999.000,9999.000,9999.000,9999.000,9999.000,9999.000
202604271836,   0.929,   2.210,9999.000,9999.000,9999.000,9999.000,9999.000,9999.000,9999.000
202604271842,   0.955,   2.210,9999.000,9999.000,9999.000,9999.000,9999.000,9999.000,9999.000
202604271848,   0.981,   2.230,9999.000,9999.000,9999.000,9999.000,9999.000,9999.000,9999.000
202604271854,   1.007,   2.269,9999.000,9999.000,9999.000,9999.000,9999.000,9999.000,9999.000
202604271900,   1.032,   2.279,   1.000,   0.247,   2.279,   1.000,   2.279,   1.100,   2.379
202604271906,   1.057,   2.299,9999.000,9999.000,9999.000,9999.000,9999.000,9999.000,9999.000
202604271912,   1.080,   2.309,9999.000,9999.000,9999.000,9999.000,9999.000,9999.000,9999.000
202604271918,   1.104,   2.338,9999.000,9999.000,9999.000,9999.000,9999.000,9999.000,9999.000
202604271924,   1.126,   2.368,9999.000,9999.000,9999.000,9999.000,9999.000,9999.000,9999.000
202604271930,   1.147,   2.368,9999.000,9999.000,9999.000,9999.000,9999.000,9999.000,9999.000
202604271936,   1.168,   2.377,9999.000,9999.000,9999.000,9999.000,9999.000,9999.000,9999.000
202604271942,   1.187,   2.387,9999.000,9999.000,9999.000,9999.000,9999.000,9999.000,9999.000
202604271948,   1.206,   2.400,9999.000,9999.000,9999.000,9999.000,9999.000,9999.000,9999.000
202604271954,   1.224,   2.420,9999.000,9999.000,9999.000,9999.000,9999.000,9999.000,9999.000
202604272000,   1.240,   2.430,   1.100,   0.090,   2.430,   1.000,   2.330,   1.100,   2.430
202604272006,   1.255,   2.450,9999.000,9999.000,9999.000,9999.000,9999.000,9999.000,9999.000
202604272012,   1.269,   2.450,9999.000,9999.000,9999.000,9999.000,9999.000,9999.000,9999.000
202604272018,   1.282,   2.459,9999.000,9999.000,9999.000,9999.000,9999.000,9999.000,9999.000
202604272024,   1.294,   2.479,9999.000,9999.000,9999.000,9999.000,9999.000,9999.000,9999.000
202604272030,   1.304,   2.469,9999.000,9999.000,9999.000,9999.000,9999.000,9999.000,9999.000
202604272036,   1.313,   2.459,9999.000,9999.000,9999.000,9999.000,9999.000,9999.000,9999.000
202604272042,   1.321,   2.479,9999.000,9999.000,9999.000,9999.000,9999.000,9999.000,9999.000
202604272048,   1.327,   2.469,9999.000,9999.000,9999.000,9999.000,9999.000,9999.000,9999.000
202604272054,   1.332,   2.489,9999.000,9999.000,9999.000,9999.000,9999.000,9999.000,9999.000
202604272100,   1.336,   2.479,   1.100,   0.043,   2.479,   1.000,   2.379,   1.100,   2.479
202604272106,   1.339,   2.469,9999.000,9999.000,9999.000,9999.000,9999.000,9999.000,9999.000
202604272112,   1.340,   2.469,9999.000,9999.000,9999.000,9999.000,9999.000,9999.000,9999.000
202604272118,   1.340,   2.440,9999.000,9999.000,9999.000,9999.000,9999.000,9999.000,9999.000
202604272124,   1.338,   2.440,9999.000,9999.000,9999.000,9999.000,9999.000,9999.000,9999.000
202604272130,   1.336,   2.440,9999.000,9999.000,9999.000,9999.000,9999.000,9999.000,9999.000
202604272136,   1.332,   2.430,9999.000,9999.000,9999.000,9999.000,9999.000,9999.000,9999.000
202604272142,   1.327,   2.430,9999.000,9999.000,9999.000,9999.000,9999.000,9999.000,9999.000
202604272148,   1.320,   2.420,9999.000,9999.000,9999.000,9999.000,9999.000,9999.000,9999.000
202604272154,   1.313,   2.400,9999.000,9999.000,9999.000,9999.000,9999.000,9999.000,9999.000
202604272200,   1.304,   2.377,   1.100,  -0.027,   2.377,   1.000,   2.277,   1.200,   2.477
202604272206,   1.294,   2.387,9999.000,9999.000,9999.000,9999.000,9999.000,9999.000,9999.000
202604272212,   1.283,   2.368,9999.000,9999.000,9999.000,9999.000,9999.000,9999.000,9999.000
202604272218,   1.272,   2.348,9999.000,9999.000,9999.000,9999.000,9999.000,9999.000,9999.000
202604272224,   1.259,   2.348,9999.000,9999.000,9999.000,9999.000,9999.000,9999.000,9999.000
202604272230,   1.245,   2.289,9999.000,9999.000,9999.000,9999.000,9999.000,9999.000,9999.000
202604272236,   1.230,   2.259,9999.000,9999.000,9999.000,9999.000,9999.000,9999.000,9999.000
202604272242,   1.214,   2.259,9999.000,9999.000,9999.000,9999.000,9999.000,9999.000,9999.000
202604272248,   1.197,   2.230,9999.000,9999.000,9999.000,9999.000,9999.000,9999.000,9999.000
202604272254,   1.180,   2.210,9999.000,9999.000,9999.000,9999.000,9999.000,9999.000,9999.000
202604272300,   1.162,   2.158,   1.100,  -0.104,   2.158,   1.000,   2.058,   1.200,   2.258
202604272306,   1.143,   2.158,9999.000,9999.000,9999.000,9999.000,9999.000,9999.000,9999.000
202604272312,   1.123,   2.128,9999.000,9999.000,9999.000,9999.000,9999.000,9999.000,9999.000
202604272318,   1.102,   2.079,9999.000,9999.000,9999.000,9999.000,9999.000,9999.000,9999.000
202604272324,   1.081,   2.079,9999.000,9999.000,9999.000,9999.000,9999.000,9999.000,9999.000
202604272330,   1.059,   2.079,9999.000,9999.000,9999.000,9999.000,9999.000,9999.000,9999.000
202604272336,   1.037,   2.040,9999.000,9999.000,9999.000,9999.000,9999.000,9999.000,9999.000
202604272342,   1.014,   2.010,9999.000,9999.000,9999.000,9999.000,9999.000,9999.000,9999.000
202604272348,   0.991,   1.990,9999.000,9999.000,9999.000,9999.000,9999.000,9999.000,9999.000
202604272354,   0.967,   1.958,9999.000,9999.000,9999.000,9999.000,9999.000,9999.000,9999.000
202604280000,   0.943,   1.938,   1.000,  -0.005,   1.938,   1.000,   1.938,   1.100,   2.038
202604280006,   0.918,   1.908,9999.000,9999.000,9999.000,9999.000,9999.000,9999.000,9999.000
202604280012,   0.893,   1.869,9999.000,9999.000,9999.000,9999.000,9999.000,9999.000,9999.000
202604280018,   0.868,   1.849,9999.000,9999.000,9999.000,9999.000,9999.000,9999.000,9999.000
202604280024,   0.843,   1.830,9999.000,9999.000,9999.000,9999.000,9999.000,9999.000,9999.000
202604280030,   0.818,   1.781,9999.000,9999.000,9999.000,9999.000,9999.000,9999.000,9999.000
202604280036,   0.792,   1.738,9999.000,9999.000,9999.000,9999.000,9999.000,9999.000,9999.000
202604280042,   0.767,   1.699,9999.000,9999.000,9999.000,9999.000,9999.000,9999.000,9999.000
202604280048,   0.742,   1.669,9999.000,9999.000,9999.000,9999.000,9999.000,9999.000,9999.000
202604280054,   0.716,   1.620,9999.000,9999.000,9999.000,9999.000,9999.000,9999.000,9999.000
202604280100,   0.691,   1.590,   1.100,  -0.201,   1.590,   1.000,   1.490,   1.100,   1.590
202604280106,   0.667,   1.580,9999.000,9999.000,9999.000,9999.000,9999.000,9999.000,9999.000
202604280112,   0.642,   1.528,9999.000,9999.000,9999.000,9999.000,9999.000,9999.000,9999.000
202604280118,   0.618,   1.489,9999.000,9999.000,9999.000,9999.000,9999.000,9999.000,9999.000
202604280124,   0.595,   1.479,9999.000,9999.000,9999.000,9999.000,9999.000,9999.000,9999.000
202604280130,   0.572,   1.439,9999.000,9999.000,9999.000,9999.000,9999.000,9999.000,9999.000
202604280136,   0.550,   1.430,9999.000,9999.000,9999.000,9999.000,9999.000,9999.000,9999.000
202604280142,   0.528,   1.410,9999.000,9999.000,9999.000,9999.000,9999.000,9999.000,9999.000
202604280148,   0.508,   1.380,9999.000,9999.000,9999.000,9999.000,9999.000,9999.000,9999.000
202604280154,   0.488,   1.361,9999.000,9999.000,9999.000,9999.000,9999.000,9999.000,9999.000
202604280200,   0.469,   1.338,   1.100,  -0.231,   1.338,   1.000,   1.238,   1.100,   1.338
202604280206,   0.451,   1.318,9999.000,9999.000,9999.000,9999.000,9999.000,9999.000,9999.000
202604280212,   0.435,   1.298,9999.000,9999.000,9999.000,9999.000,9999.000,9999.000,9999.000
202604280218,   0.419,   1.289,9999.000,9999.000,9999.000,9999.000,9999.000,9999.000,9999.000
202604280224,   0.405,   1.269,9999.000,9999.000,9999.000,9999.000,9999.000,9999.000,9999.000
202604280230,   0.392,   1.279,9999.000,9999.000,9999.000,9999.000,9999.000,9999.000,9999.000
202604280236,   0.381,   1.259,9999.000,9999.000,9999.000,9999.000,9999.000,9999.000,9999.000
202604280242,   0.371,   1.259,9999.000,9999.000,9999.000,9999.000,9999.000,9999.000,9999.000
202604280248,   0.362,   1.269,9999.000,9999.000,9999.000,9999.000,9999.000,9999.000,9999.000
202604280254,   0.355,   1.269,9999.000,9999.000,9999.000,9999.000,9999.000,9999.000,9999.000
202604280300,   0.350,   1.289,   1.100,  -0.161,   1.289,   1.000,   1.189,   1.100,   1.289
202604280306,   0.346,   1.308,9999.000,9999.000,9999.000,9999.000,9999.000,9999.000,9999.000
202604280312,   0.344,   1.318,9999.000,9999.000,9999.000,9999.000,9999.000,9999.000,9999.000
202604280318,   0.343,   1.318,9999.000,9999.000,9999.000,9999.000,9999.000,9999.000,9999.000
202604280324,   0.344,   1.318,9999.000,9999.000,9999.000,9999.000,9999.000,9999.000,9999.000
202604280330,   0.347,   1.318,9999.000,9999.000,9999.000,9999.000,9999.000,9999.000,9999.000
202604280336,   0.351,   1.338,9999.000,9999.000,9999.000,9999.000,9999.000,9999.000,9999.000
202604280342,   0.357,   1.348,9999.000,9999.000,9999.000,9999.000,9999.000,9999.000,9999.000
202604280348,   0.365,   1.371,9999.000,9999.000,9999.000,9999.000,9999.000,9999.000,9999.000
202604280354,   0.374,   1.400,9999.000,9999.000,9999.000,9999.000,9999.000,9999.000,9999.000
202604280400,   0.385,   1.400,   1.100,  -0.085,   1.400,   1.000,   1.300,   1.100,   1.400
202604280406,   0.398,   1.430,9999.000,9999.000,9999.000,9999.000,9999.000,9999.000,9999.000
202604280412,   0.412,   1.439,9999.000,9999.000,9999.000,9999.000,9999.000,9999.000,9999.000
202604280418,   0.427,   1.449,9999.000,9999.000,9999.000,9999.000,9999.000,9999.000,9999.000
202604280424,   0.444,   1.469,9999.000,9999.000,9999.000,9999.000,9999.000,9999.000,9999.000
202604280430,   0.463,   1.489,9999.000,9999.000,9999.000,9999.000,9999.000,9999.000,9999.000
202604280436,   0.483,   1.508,9999.000,9999.000,9999.000,9999.000,9999.000,9999.000,9999.000
202604280442,   0.504,   1.538,9999.000,9999.000,9999.000,9999.000,9999.000,9999.000,9999.000
202604280448,   0.527,   1.557,9999.000,9999.000,9999.000,9999.000,9999.000,9999.000,9999.000
202604280454,   0.550,   1.571,9999.000,9999.000,9999.000,9999.000,9999.000,9999.000,9999.000
202604280500,   0.575,   1.610,   1.100,  -0.065,   1.610,   1.000,   1.510,   1.100,   1.610
202604280506,   0.601,   1.630,9999.000,9999.000,9999.000,9999.000,9999.000,9999.000,9999.000
202604280512,   0.628,   1.649,9999.000,9999.000,9999.000,9999.000,9999.000,9999.000,9999.000
202604280518,   0.656,   1.699,9999.000,9999.000,9999.000,9999.000,9999.000,9999.000,9999.000
202604280524,   0.685,   1.708,9999.000,9999.000,9999.000,9999.000,9999.000,9999.000,9999.000
202604280530,   0.715,   1.748,9999.000,9999.000,9999.000,9999.000,9999.000,9999.000,9999.000
202604280536,   0.745,   1.781,9999.000,9999.000,9999.000,9999.000,9999.000,9999.000,9999.000
202604280542,   0.777,   1.810,9999.000,9999.000,9999.000,9999.000,9999.000,9999.000,9999.000
202604280548,   0.808,   1.849,9999.000,9999.000,9999.000,9999.000,9999.000,9999.000,9999.000
202604280554,   0.841,   1.879,9999.000,9999.000,9999.000,9999.000,9999.000,9999.000,9999.000
202604280600,   0.873,   1.908,   1.000,   0.035,   1.908,   0.900,   1.808,   1.100,   2.008
202604280606,   0.906,   1.928,9999.000,9999.000,9999.000,9999.000,9999.000,9999.000,9999.000
202604280612,   0.939,   1.981,9999.000,9999.000,9999.000,9999.000,9999.000,9999.000,9999.000
202604280618,   0.973,   2.010,9999.000,9999.000,9999.000,9999.000,9999.000,9999.000,9999.000
202604280624,   1.006,   2.049,9999.000,9999.000,9999.000,9999.000,9999.000,9999.000,9999.000
202604280630,   1.040,   2.079,9999.000,9999.000,9999.000,9999.000,9999.000,9999.000,9999.000
202604280636,   1.073,   2.079,9999.000,9999.000,9999.000,9999.000,9999.000,9999.000,9999.000
202604280642,   1.107,   2.118,9999.000,9999.000,9999.000,9999.000,9999.000,9999.000,9999.000
202604280648,   1.140,   2.168,9999.000,9999.000,9999.000,9999.000,9999.000,9999.000,9999.000
202604280654,   1.172,   2.177,9999.000,9999.000,9999.000,9999.000,9999.000,9999.000,9999.000
202604280700,   1.205,   2.210,   1.000,   0.005,   2.210,   0.900,   2.110,   1.100,   2.310
202604280706,   1.236,   2.230,9999.000,9999.000,9999.000,9999.000,9999.000,9999.000,9999.000
202604280712,   1.268,   2.259,9999.000,9999.000,9999.000,9999.000,9999.000,9999.000,9999.000
202604280718,   1.298,   2.299,9999.000,9999.000,9999.000,9999.000,9999.000,9999.000,9999.000
202604280724,   1.328,   2.318,9999.000,9999.000,9999.000,9999.000,9999.000,9999.000,9999.000
202604280730,   1.357,   2.348,9999.000,9999.000,9999.000,9999.000,9999.000,9999.000,9999.000
202604280736,   1.385,   2.377,9999.000,9999.000,9999.000,9999.000,9999.000,9999.000,9999.000
202604280742,   1.412,   2.410,9999.000,9999.000,9999.000,9999.000,9999.000,9999.000,9999.000
202604280748,   1.439,   2.410,9999.000,9999.000,9999.000,9999.000,9999.000,9999.000,9999.000
202604280754,   1.464,   2.420,9999.000,9999.000,9999.000,9999.000,9999.000,9999.000,9999.000
202604280800,   1.487,   2.479,   1.000,  -0.008,   2.479,   0.900,   2.379,   1.100,   2.579
202604280806,   1.510,   2.479,9999.000,9999.000,9999.000,9999.000,9999.000,9999.000,9999.000
202604280812,   1.531,   2.499,9999.000,9999.000,9999.000,9999.000,9999.000,9999.000,9999.000
202604280818,   1.551,   2.519,9999.000,9999.000,9999.000,9999.000,9999.000,9999.000,9999.000
202604280824,   1.570,   2.538,9999.000,9999.000,9999.000,9999.000,9999.000,9999.000,9999.000
202604280830,   1.587,   2.558,9999.000,9999.000,9999.000,9999.000,9999.000,9999.000,9999.000
202604280836,   1.603,   2.568,9999.000,9999.000,9999.000,9999.000,9999.000,9999.000,9999.000
202604280842,   1.617,   2.578,9999.000,9999.000,9999.000,9999.000,9999.000,9999.000,9999.000
202604280848,   1.630,   2.597,9999.000,9999.000,9999.000,9999.000,9999.000,9999.000,9999.000
202604280854,   1.641,   2.597,9999.000,9999.000,9999.000,9999.000,9999.000,9999.000,9999.000
202604280900,   1.651,   2.620,   1.000,  -0.031,   2.620,   0.900,   2.520,   1.100,   2.720
202604280906,   1.659,   2.640,9999.000,9999.000,9999.000,9999.000,9999.000,9999.000,9999.000
202604280912,   1.665,   2.610,9999.000,9999.000,9999.000,9999.000,9999.000,9999.000,9999.000
202604280918,   1.670,   2.640,9999.000,9999.000,9999.000,9999.000,9999.000,9999.000,9999.000
202604280924,   1.673,   2.640,9999.000,9999.000,9999.000,9999.000,9999.000,9999.000,9999.000
202604280930,   1.675,   2.620,9999.000,9999.000,9999.000,9999.000,9999.000,9999.000,9999.000
202604280936,   1.675,   2.620,9999.000,9999.000,9999.000,9999.000,9999.000,9999.000,9999.000
202604280942,   1.673,   2.620,9999.000,9999.000,9999.000,9999.000,9999.000,9999.000,9999.000
202604280948,   1.670,   2.620,9999.000,9999.000,9999.000,9999.000,9999.000,9999.000,9999.000
202604280954,   1.666,   2.610,9999.000,9999.000,9999.000,9999.000,9999.000,9999.000,9999.000
202604281000,   1.659,   2.610,   1.000,  -0.049,   2.610,   0.900,   2.510,   1.100,   2.710
202604281006,   1.652,   2.587,9999.000,9999.000,9999.000,9999.000,9999.000,9999.000,9999.000
202604281012,   1.643,   2.578,9999.000,9999.000,9999.000,9999.000,9999.000,9999.000,9999.000
202604281018,   1.632,   2.558,9999.000,9999.000,9999.000,9999.000,9999.000,9999.000,9999.000
202604281024,   1.621,   2.538,9999.000,9999.000,9999.000,9999.000,9999.000,9999.000,9999.000
202604281030,   1.608,   2.528,9999.000,9999.000,9999.000,9999.000,9999.000,9999.000,9999.000
202604281036,   1.593,   2.509,9999.000,9999.000,9999.000,9999.000,9999.000,9999.000,9999.000
202604281042,   1.577,   2.499,9999.000,9999.000,9999.000,9999.000,9999.000,9999.000,9999.000
202604281048,   1.561,   2.489,9999.000,9999.000,9999.000,9999.000,9999.000,9999.000,9999.000
202604281054,   1.542,   2.450,9999.000,9999.000,9999.000,9999.000,9999.000,9999.000,9999.000
202604281100,   1.523,   2.430,   1.000,  -0.093,   2.430,   0.900,   2.330,   1.100,   2.530
202604281106,   1.503,   2.410,9999.000,9999.000,9999.000,9999.000,9999.000,9999.000,9999.000
202604281112,   1.482,   2.377,9999.000,9999.000,9999.000,9999.000,9999.000,9999.000,9999.000
202604281118,   1.459,   2.328,9999.000,9999.000,9999.000,9999.000,9999.000,9999.000,9999.000
202604281124,   1.436,   2.279,9999.000,9999.000,9999.000,9999.000,9999.000,9999.000,9999.000
202604281130,   1.412,   2.289,9999.000,9999.000,9999.000,9999.000,9999.000,9999.000,9999.000
202604281136,   1.387,   2.250,9999.000,9999.000,9999.000,9999.000,9999.000,9999.000,9999.000
202604281142,   1.361,   2.220,9999.000,9999.000,9999.000,9999.000,9999.000,9999.000,9999.000
202604281148,   1.334,   2.200,9999.000,9999.000,9999.000,9999.000,9999.000,9999.000,9999.000
202604281154,   1.307,   2.168,9999.000,9999.000,9999.000,9999.000,9999.000,9999.000,9999.000
202604281200,   1.279,   2.138,   0.800,   0.059,   2.138,   0.800,   2.138,   0.900,   2.238
202604281206,   1.250,   2.109,9999.000,9999.000,9999.000,9999.000,9999.000,9999.000,9999.000
202604281212,   1.221,   2.079,9999.000,9999.000,9999.000,9999.000,9999.000,9999.000,9999.000
202604281218,   1.191,   2.049,9999.000,9999.000,9999.000,9999.000,9999.000,9999.000,9999.000
202604281224,   1.160,   2.020,9999.000,9999.000,9999.000,9999.000,9999.000,9999.000,9999.000
202604281230,   1.129,   1.990,9999.000,9999.000,9999.000,9999.000,9999.000,9999.000,9999.000
202604281236,   1.098,   1.948,9999.000,9999.000,9999.000,9999.000,9999.000,9999.000,9999.000
202604281242,   1.067,   1.928,9999.000,9999.000,9999.000,9999.000,9999.000,9999.000,9999.000
202604281248,   1.035,   1.889,9999.000,9999.000,9999.000,9999.000,9999.000,9999.000,9999.000
202604281254,   1.003,   1.859,9999.000,9999.000,9999.000,9999.000,9999.000,9999.000,9999.000
202604281300,   0.971,   1.820,   0.800,   0.049,   1.820,   0.800,   1.820,   0.900,   1.920
202604281306,   0.938,   1.790,9999.000,9999.000,9999.000,9999.000,9999.000,9999.000,9999.000
202604281312,   0.906,   1.767,9999.000,9999.000,9999.000,9999.000,9999.000,9999.000,9999.000
202604281318,   0.874,   1.748,9999.000,9999.000,9999.000,9999.000,9999.000,9999.000,9999.000
202604281324,   0.842,   1.718,9999.000,9999.000,9999.000,9999.000,9999.000,9999.000,9999.000
202604281330,   0.810,   1.699,9999.000,9999.000,9999.000,9999.000,9999.000,9999.000,9999.000
202604281336,   0.778,   1.659,9999.000,9999.000,9999.000,9999.000,9999.000,9999.000,9999.000
202604281342,   0.747,   1.630,9999.000,9999.000,9999.000,9999.000,9999.000,9999.000,9999.000
202604281348,   0.716,   1.620,9999.000,9999.000,9999.000,9999.000,9999.000,9999.000,9999.000
202604281354,   0.686,   1.580,9999.000,9999.000,9999.000,9999.000,9999.000,9999.000,9999.000
202604281400,   0.656,   1.548,   0.800,   0.092,   1.548,   0.800,   1.548,   0.900,   1.648
202604281406,   0.627,   1.548,9999.000,9999.000,9999.000,9999.000,9999.000,9999.000,9999.000
202604281412,   0.598,   1.528,9999.000,9999.000,9999.000,9999.000,9999.000,9999.000,9999.000
202604281418,   0.571,   1.498,9999.000,9999.000,9999.000,9999.000,9999.000,9999.000,9999.000
202604281424,   0.544,   1.469,9999.000,9999.000,9999.000,9999.000,9999.000,9999.000,9999.000
202604281430,   0.519,   1.430,9999.000,9999.000,9999.000,9999.000,9999.000,9999.000,9999.000
202604281436,   0.494,   1.410,9999.000,9999.000,9999.000,9999.000,9999.000,9999.000,9999.000
202604281442,   0.470,   1.390,9999.000,9999.000,9999.000,9999.000,9999.000,9999.000,9999.000
202604281448,   0.448,   1.371,9999.000,9999.000,9999.000,9999.000,9999.000,9999.000,9999.000
202604281454,   0.427,   1.371,9999.000,9999.000,9999.000,9999.000,9999.000,9999.000,9999.000
202604281500,   0.407,   1.371,   0.800,   0.164,   1.371,   0.800,   1.371,   0.900,   1.471
202604281506,   0.389,   1.361,9999.000,9999.000,9999.000,9999.000,9999.000,9999.000,9999.000
202604281512,   0.372,   1.348,9999.000,9999.000,9999.000,9999.000,9999.000,9999.000,9999.000
202604281518,   0.356,   1.318,9999.000,9999.000,9999.000,9999.000,9999.000,9999.000,9999.000
202604281524,   0.342,   1.308,9999.000,9999.000,9999.000,9999.000,9999.000,9999.000,9999.000
202604281530,   0.330,   1.298,9999.000,9999.000,9999.000,9999.000,9999.000,9999.000,9999.000
202604281536,   0.319,   1.279,9999.000,9999.000,9999.000,9999.000,9999.000,9999.000,9999.000
202604281542,   0.309,   1.259,9999.000,9999.000,9999.000,9999.000,9999.000,9999.000,9999.000
202604281548,   0.302,   1.249,9999.000,9999.000,9999.000,9999.000,9999.000,9999.000,9999.000
202604281554,   0.296,   1.249,9999.000,9999.000,9999.000,9999.000,9999.000,9999.000,9999.000
202604281600,   0.291,   1.249,   0.900,   0.058,   1.249,   0.800,   1.149,   0.900,   1.249
202604281606,   0.288,   1.239,9999.000,9999.000,9999.000,9999.000,9999.000,9999.000,9999.000
202604281612,   0.287,   1.220,9999.000,9999.000,9999.000,9999.000,9999.000,9999.000,9999.000
202604281618,   0.287,   1.210,9999.000,9999.000,9999.000,9999.000,9999.000,9999.000,9999.000
202604281624,   0.289,   1.210,9999.000,9999.000,9999.000,9999.000,9999.000,9999.000,9999.000
202604281630,   0.293,   1.220,9999.000,9999.000,9999.000,9999.000,9999.000,9999.000,9999.000
202604281636,   0.298,   1.220,9999.000,9999.000,9999.000,9999.000,9999.000,9999.000,9999.000
202604281642,   0.305,   1.210,9999.000,9999.000,9999.000,9999.000,9999.000,9999.000,9999.000
202604281648,   0.313,   1.190,9999.000,9999.000,9999.000,9999.000,9999.000,9999.000,9999.000
202604281654,   0.323,   1.200,9999.000,9999.000,9999.000,9999.000,9999.000,9999.000,9999.000
202604281700,   0.334,   1.229,   0.900,  -0.005,   1.229,   0.800,   1.129,   0.900,   1.229
202604281706,   0.346,   1.249,9999.000,9999.000,9999.000,9999.000,9999.000,9999.000,9999.000
202604281712,   0.360,   1.249,9999.000,9999.000,9999.000,9999.000,9999.000,9999.000,9999.000
202604281718,   0.375,   1.269,9999.000,9999.000,9999.000,9999.000,9999.000,9999.000,9999.000
202604281724,   0.391,   1.289,9999.000,9999.000,9999.000,9999.000,9999.000,9999.000,9999.000
202604281730,   0.409,   1.328,9999.000,9999.000,9999.000,9999.000,9999.000,9999.000,9999.000
202604281736,   0.427,   1.348,9999.000,9999.000,9999.000,9999.000,9999.000,9999.000,9999.000
202604281742,   0.447,   1.361,9999.000,9999.000,9999.000,9999.000,9999.000,9999.000,9999.000
202604281748,   0.468,   1.380,9999.000,9999.000,9999.000,9999.000,9999.000,9999.000,9999.000
202604281754,   0.489,   1.400,9999.000,9999.000,9999.000,9999.000,9999.000,9999.000,9999.000
202604281800,   0.512,   1.420,   0.800,   0.108,   1.420,   0.800,   1.420,   0.900,   1.520
202604281806,   0.535,   1.439,9999.000,9999.000,9999.000,9999.000,9999.000,9999.000,9999.000
202604281812,   0.559,   1.469,9999.000,9999.000,9999.000,9999.000,9999.000,9999.000,9999.000
202604281818,   0.583,   1.528,9999.000,9999.000,9999.000,9999.000,9999.000,9999.000,9999.000
202604281824,   0.608,   1.557,9999.000,9999.000,9999.000,9999.000,9999.000,9999.000,9999.000
202604281830,   0.634,   1.571,9999.000,9999.000,9999.000,9999.000,9999.000,9999.000,9999.000
202604281836,   0.660,   1.610,9999.000,9999.000,9999.000,9999.000,9999.000,9999.000,9999.000
202604281842,   0.686,   1.639,9999.000,9999.000,9999.000,9999.000,9999.000,9999.000,9999.000
202604281848,   0.713,   1.659,9999.000,9999.000,9999.000,9999.000,9999.000,9999.000,9999.000
202604281854,   0.740,   1.679,9999.000,9999.000,9999.000,9999.000,9999.000,9999.000,9999.000
202604281900,   0.767,   1.708,   0.800,   0.141,   1.708,   0.800,   1.708,   1.000,   1.908
202604281906,   0.793,   1.728,9999.000,9999.000,9999.000,9999.000,9999.000,9999.000,9999.000
202604281912,   0.820,   1.748,9999.000,9999.000,9999.000,9999.000,9999.000,9999.000,9999.000
202604281918,   0.847,   1.790,9999.000,9999.000,9999.000,9999.000,9999.000,9999.000,9999.000
202604281924,   0.874,   1.810,9999.000,9999.000,9999.000,9999.000,9999.000,9999.000,9999.000
202604281930,   0.900,   1.830,9999.000,9999.000,9999.000,9999.000,9999.000,9999.000,9999.000
202604281936,   0.926,   1.859,9999.000,9999.000,9999.000,9999.000,9999.000,9999.000,9999.000
202604281942,   0.951,   1.889,9999.000,9999.000,9999.000,9999.000,9999.000,9999.000,9999.000
202604281948,   0.976,   1.899,9999.000,9999.000,9999.000,9999.000,9999.000,9999.000,9999.000
202604281954,   1.001,   1.918,9999.000,9999.000,9999.000,9999.000,9999.000,9999.000,9999.000
202604282000,   1.025,   1.938,   0.800,   0.113,   1.938,   0.800,   1.938,   1.000,   2.138
202604282006,   1.048,   1.958,9999.000,9999.000,9999.000,9999.000,9999.000,9999.000,9999.000
202604282012,   1.070,   1.981,9999.000,9999.000,9999.000,9999.000,9999.000,9999.000,9999.000
202604282018,   1.091,   1.990,9999.000,9999.000,9999.000,9999.000,9999.000,9999.000,9999.000
202604282024,   1.112,   2.020,9999.000,9999.000,9999.000,9999.000,9999.000,9999.000,9999.000
202604282030,   1.131,   2.049,9999.000,9999.000,9999.000,9999.000,9999.000,9999.000,9999.000
202604282036,   1.149,   2.069,9999.000,9999.000,9999.000,9999.000,9999.000,9999.000,9999.000
202604282042,   1.167,   2.089,9999.000,9999.000,9999.000,9999.000,9999.000,9999.000,9999.000
202604282048,   1.183,   2.099,9999.000,9999.000,9999.000,9999.000,9999.000,9999.000,9999.000
202604282054,   1.198,   2.118,9999.000,9999.000,9999.000,9999.000,9999.000,9999.000,9999.000
202604282100,   1.212,   2.138,   0.800,   0.126,   2.138,   0.800,   2.138,   1.000,   2.338
202604282106,   1.224,   2.138,9999.000,9999.000,9999.000,9999.000,9999.000,9999.000,9999.000
202604282112,   1.235,   2.158,9999.000,9999.000,9999.000,9999.000,9999.000,9999.000,9999.000
202604282118,   1.245,   2.168,9999.000,9999.000,9999.000,9999.000,9999.000,9999.000,9999.000
202604282124,   1.254,   2.177,9999.000,9999.000,9999.000,9999.000,9999.000,9999.000,9999.000
202604282130,   1.261,   2.191,9999.000,9999.000,9999.000,9999.000,9999.000,9999.000,9999.000
202604282136,   1.267,   2.191,9999.000,9999.000,9999.000,9999.000,9999.000,9999.000,9999.000
202604282142,   1.272,   2.191,9999.000,9999.000,9999.000,9999.000,9999.000,9999.000,9999.000
202604282148,   1.275,   2.200,9999.000,9999.000,9999.000,9999.000,9999.000,9999.000,9999.000
202604282154,   1.277,   2.200,9999.000,9999.000,9999.000,9999.000,9999.000,9999.000,9999.000
202604282200,   1.277,   2.200,   0.900,   0.023,   2.200,   0.800,   2.100,   1.000,   2.300
202604282206,   1.276,   2.191,9999.000,9999.000,9999.000,9999.000,9999.000,9999.000,9999.000
202604282212,   1.274,   2.191,9999.000,9999.000,9999.000,9999.000,9999.000,9999.000,9999.000
202604282218,   1.271,   2.191,9999.000,9999.000,9999.000,9999.000,9999.000,9999.000,9999.000
202604282224,   1.266,   2.177,9999.000,9999.000,9999.000,9999.000,9999.000,9999.000,9999.000
202604282230,   1.260,   2.168,9999.000,9999.000,9999.000,9999.000,9999.000,9999.000,9999.000
202604282236,   1.253,   2.168,9999.000,9999.000,9999.000,9999.000,9999.000,9999.000,9999.000
202604282242,   1.244,   2.158,9999.000,9999.000,9999.000,9999.000,9999.000,9999.000,9999.000
202604282248,   1.235,   2.138,9999.000,9999.000,9999.000,9999.000,9999.000,9999.000,9999.000
202604282254,   1.224,   2.128,9999.000,9999.000,9999.000,9999.000,9999.000,9999.000,9999.000
202604282300,   1.212,   2.109,   0.800,   0.097,   2.109,   0.800,   2.109,   1.000,   2.309
202604282306,   1.199,   2.059,9999.000,9999.000,9999.000,9999.000,9999.000,9999.000,9999.000
202604282312,   1.186,   2.079,9999.000,9999.000,9999.000,9999.000,9999.000,9999.000,9999.000
202604282318,   1.171,   2.059,9999.000,9999.000,9999.000,9999.000,9999.000,9999.000,9999.000
202604282324,   1.155,   2.010,9999.000,9999.000,9999.000,9999.000,9999.000,9999.000,9999.000
202604282330,   1.139,   2.010,9999.000,9999.000,9999.000,9999.000,9999.000,9999.000,9999.000
202604282336,   1.121,   1.981,9999.000,9999.000,9999.000,9999.000,9999.000,9999.000,9999.000
202604282342,   1.103,   1.967,9999.000,9999.000,9999.000,9999.000,9999.000,9999.000,9999.000
202604282348,   1.084,   1.967,9999.000,9999.000,9999.000,9999.000,9999.000,9999.000,9999.000
202604282354,   1.064,   1.948,9999.000,9999.000,9999.000,9999.000,9999.000,9999.000,9999.000
202604290000,   1.044,   1.899,   0.800,   0.055,   1.899,   0.700,   1.799,   0.800,   1.899
202604290006,   1.023,   1.899,9999.000,9999.000,9999.000,9999.000,9999.000,9999.000,9999.000
202604290012,   1.001,   1.879,9999.000,9999.000,9999.000,9999.000,9999.000,9999.000,9999.000
202604290018,   0.979,   1.849,9999.000,9999.000,9999.000,9999.000,9999.000,9999.000,9999.000
202604290024,   0.957,   1.820,9999.000,9999.000,9999.000,9999.000,9999.000,9999.000,9999.000
202604290030,   0.934,   1.790,9999.000,9999.000,9999.000,9999.000,9999.000,9999.000,9999.000
202604290036,   0.910,   1.790,9999.000,9999.000,9999.000,9999.000,9999.000,9999.000,9999.000
202604290042,   0.886,   1.767,9999.000,9999.000,9999.000,9999.000,9999.000,9999.000,9999.000
202604290048,   0.862,   1.728,9999.000,9999.000,9999.000,9999.000,9999.000,9999.000,9999.000
202604290054,   0.838,   1.718,9999.000,9999.000,9999.000,9999.000,9999.000,9999.000,9999.000
202604290100,   0.813,   1.708,   0.800,   0.095,   1.708,   0.800,   1.708,   0.800,   1.708
202604290106,   0.788,   1.669,9999.000,9999.000,9999.000,9999.000,9999.000,9999.000,9999.000
202604290112,   0.764,   1.649,9999.000,9999.000,9999.000,9999.000,9999.000,9999.000,9999.000
202604290118,   0.739,   1.630,9999.000,9999.000,9999.000,9999.000,9999.000,9999.000,9999.000
202604290124,   0.714,   1.610,9999.000,9999.000,9999.000,9999.000,9999.000,9999.000,9999.000
202604290130,   0.689,   1.600,9999.000,9999.000,9999.000,9999.000,9999.000,9999.000,9999.000
202604290136,   0.665,   1.580,9999.000,9999.000,9999.000,9999.000,9999.000,9999.000,9999.000
202604290142,   0.640,   1.548,9999.000,9999.000,9999.000,9999.000,9999.000,9999.000,9999.000
202604290148,   0.616,   1.528,9999.000,9999.000,9999.000,9999.000,9999.000,9999.000,9999.000
202604290154,   0.593,   1.528,9999.000,9999.000,9999.000,9999.000,9999.000,9999.000,9999.000
202604290200,   0.570,   1.508,   0.800,   0.138,   1.508,   0.800,   1.508,   0.800,   1.508
202604290206,   0.547,   1.459,9999.000,9999.000,9999.000,9999.000,9999.000,9999.000,9999.000
202604290212,   0.525,   1.459,9999.000,9999.000,9999.000,9999.000,9999.000,9999.000,9999.000
202604290218,   0.504,   1.449,9999.000,9999.000,9999.000,9999.000,9999.000,9999.000,9999.000
202604290224,   0.483,   1.430,9999.000,9999.000,9999.000,9999.000,9999.000,9999.000,9999.000
202604290230,   0.463,   1.430,9999.000,9999.000,9999.000,9999.000,9999.000,9999.000,9999.000
202604290236,   0.444,   1.420,9999.000,9999.000,9999.000,9999.000,9999.000,9999.000,9999.000
202604290242,   0.426,   1.400,9999.000,9999.000,9999.000,9999.000,9999.000,9999.000,9999.000
202604290248,   0.409,   1.400,9999.000,9999.000,9999.000,9999.000,9999.000,9999.000,9999.000
202604290254,   0.394,   1.390,9999.000,9999.000,9999.000,9999.000,9999.000,9999.000,9999.000
202604290300,   0.379,   1.371,   0.800,   0.192,   1.371,   0.800,   1.371,   0.900,   1.471
202604290306,   0.366,   1.361,9999.000,9999.000,9999.000,9999.000,9999.000,9999.000,9999.000
202604290312,   0.354,   1.371,9999.000,9999.000,9999.000,9999.000,9999.000,9999.000,9999.000
202604290318,   0.343,   1.380,9999.000,9999.000,9999.000,9999.000,9999.000,9999.000,9999.000
202604290324,   0.334,   1.371,9999.000,9999.000,9999.000,9999.000,9999.000,9999.000,9999.000
202604290330,   0.326,   1.380,9999.000,9999.000,9999.000,9999.000,9999.000,9999.000,9999.000
202604290336,   0.320,   1.390,9999.000,9999.000,9999.000,9999.000,9999.000,9999.000,9999.000
202604290342,   0.316,   1.380,9999.000,9999.000,9999.000,9999.000,9999.000,9999.000,9999.000
202604290348,   0.313,   1.380,9999.000,9999.000,9999.000,9999.000,9999.000,9999.000,9999.000
202604290354,   0.311,   1.410,9999.000,9999.000,9999.000,9999.000,9999.000,9999.000,9999.000
202604290400,   0.312,   1.410,   0.800,   0.298,   1.410,   0.800,   1.410,   0.900,   1.510
202604290406,   0.314,   1.420,9999.000,9999.000,9999.000,9999.000,9999.000,9999.000,9999.000
202604290412,   0.317,   1.430,9999.000,9999.000,9999.000,9999.000,9999.000,9999.000,9999.000
202604290418,   0.323,   1.439,9999.000,9999.000,9999.000,9999.000,9999.000,9999.000,9999.000
202604290424,   0.330,   1.469,9999.000,9999.000,9999.000,9999.000,9999.000,9999.000,9999.000
202604290430,   0.339,   1.508,9999.000,9999.000,9999.000,9999.000,9999.000,9999.000,9999.000
202604290436,   0.349,   1.508,9999.000,9999.000,9999.000,9999.000,9999.000,9999.000,9999.000
202604290442,   0.361,   1.528,9999.000,9999.000,9999.000,9999.000,9999.000,9999.000,9999.000
202604290448,   0.375,   1.557,9999.000,9999.000,9999.000,9999.000,9999.000,9999.000,9999.000
202604290454,   0.390,   1.571,9999.000,9999.000,9999.000,9999.000,9999.000,9999.000,9999.000
202604290500,   0.407,   1.600,   0.800,   0.393,   1.600,   0.800,   1.600,   0.900,   1.700
202604290506,   0.426,   1.639,9999.000,9999.000,9999.000,9999.000,9999.000,9999.000,9999.000
202604290512,   0.446,   1.649,9999.000,9999.000,9999.000,9999.000,9999.000,9999.000,9999.000
202604290518,   0.467,   1.689,9999.000,9999.000,9999.000,9999.000,9999.000,9999.000,9999.000
202604290524,   0.490,   1.738,9999.000,9999.000,9999.000,9999.000,9999.000,9999.000,9999.000
202604290530,   0.514,   1.758,9999.000,9999.000,9999.000,9999.000,9999.000,9999.000,9999.000
202604290536,   0.540,   1.781,9999.000,9999.000,9999.000,9999.000,9999.000,9999.000,9999.000
202604290542,   0.566,   1.830,9999.000,9999.000,9999.000,9999.000,9999.000,9999.000,9999.000
202604290548,   0.594,   1.859,9999.000,9999.000,9999.000,9999.000,9999.000,9999.000,9999.000
202604290554,   0.623,   1.889,9999.000,9999.000,9999.000,9999.000,9999.000,9999.000,9999.000
202604290600,   0.653,   1.928,   0.900,   0.375,   1.928,   0.800,   1.828,   0.900,   1.928
202604290606,   0.684,   1.967,9999.000,9999.000,9999.000,9999.000,9999.000,9999.000,9999.000
202604290612,   0.716,   2.010,9999.000,9999.000,9999.000,9999.000,9999.000,9999.000,9999.000
202604290618,   0.748,   2.040,9999.000,9999.000,9999.000,9999.000,9999.000,9999.000,9999.000
202604290624,   0.782,   2.079,9999.000,9999.000,9999.000,9999.000,9999.000,9999.000,9999.000
202604290630,   0.816,   2.128,9999.000,9999.000,9999.000,9999.000,9999.000,9999.000,9999.000
202604290636,   0.850,   2.148,9999.000,9999.000,9999.000,9999.000,9999.000,9999.000,9999.000
202604290642,   0.885,   2.191,9999.000,9999.000,9999.000,9999.000,9999.000,9999.000,9999.000
202604290648,   0.920,   2.230,9999.000,9999.000,9999.000,9999.000,9999.000,9999.000,9999.000
202604290654,   0.956,   2.259,9999.000,9999.000,9999.000,9999.000,9999.000,9999.000,9999.000
202604290700,   0.991,   2.289,   0.900,   0.398,   2.289,   0.800,   2.189,   0.900,   2.289
202604290706,   1.027,   2.309,9999.000,9999.000,9999.000,9999.000,9999.000,9999.000,9999.000
202604290712,   1.063,   2.368,9999.000,9999.000,9999.000,9999.000,9999.000,9999.000,9999.000
202604290718,   1.099,   2.400,9999.000,9999.000,9999.000,9999.000,9999.000,9999.000,9999.000
202604290724,   1.135,   2.420,9999.000,9999.000,9999.000,9999.000,9999.000,9999.000,9999.000
202604290730,   1.171,   2.469,9999.000,9999.000,9999.000,9999.000,9999.000,9999.000,9999.000
202604290736,   1.206,   2.509,9999.000,9999.000,9999.000,9999.000,9999.000,9999.000,9999.000
202604290742,   1.241,   2.519,9999.000,9999.000,9999.000,9999.000,9999.000,9999.000,9999.000
202604290748,   1.275,   2.578,9999.000,9999.000,9999.000,9999.000,9999.000,9999.000,9999.000
202604290754,   1.309,   2.610,9999.000,9999.000,9999.000,9999.000,9999.000,9999.000,9999.000
202604290800,   1.342,   2.630,   0.900,   0.388,   2.630,   0.800,   2.530,   0.900,   2.630
202604290806,   1.374,   2.669,9999.000,9999.000,9999.000,9999.000,9999.000,9999.000,9999.000
202604290812,   1.406,   2.679,9999.000,9999.000,9999.000,9999.000,9999.000,9999.000,9999.000
202604290818,   1.436,   2.728,9999.000,9999.000,9999.000,9999.000,9999.000,9999.000,9999.000
202604290824,   1.466,   2.758,9999.000,9999.000,9999.000,9999.000,9999.000,9999.000,9999.000
202604290830,   1.495,   2.787,9999.000,9999.000,9999.000,9999.000,9999.000,9999.000,9999.000
202604290836,   1.522,   2.797,9999.000,9999.000,9999.000,9999.000,9999.000,9999.000,9999.000
202604290842,   1.549,   2.820,9999.000,9999.000,9999.000,9999.000,9999.000,9999.000,9999.000
202604290848,   1.574,   2.869,9999.000,9999.000,9999.000,9999.000,9999.000,9999.000,9999.000
202604290854,   1.598,   2.869,9999.000,9999.000,9999.000,9999.000,9999.000,9999.000,9999.000
202604290900,   1.620,   2.889,   0.900,   0.369,   2.889,   0.800,   2.789,   0.900,   2.889
202604290906,   1.641,   2.909,9999.000,9999.000,9999.000,9999.000,9999.000,9999.000,9999.000
202604290912,   1.661,   2.929,9999.000,9999.000,9999.000,9999.000,9999.000,9999.000,9999.000
202604290918,   1.679,   2.948,9999.000,9999.000,9999.000,9999.000,9999.000,9999.000,9999.000
202604290924,   1.695,   2.958,9999.000,9999.000,9999.000,9999.000,9999.000,9999.000,9999.000
202604290930,   1.710,   2.968,9999.000,9999.000,9999.000,9999.000,9999.000,9999.000,9999.000
202604290936,   1.723,   2.978,9999.000,9999.000,9999.000,9999.000,9999.000,9999.000,9999.000
202604290942,   1.735,   2.978,9999.000,9999.000,9999.000,9999.000,9999.000,9999.000,9999.000
202604290948,   1.745,   2.997,9999.000,9999.000,9999.000,9999.000,9999.000,9999.000,9999.000
202604290954,   1.753,   3.017,9999.000,9999.000,9999.000,9999.000,9999.000,9999.000,9999.000
202604291000,   1.759,   3.017,   0.900,   0.358,   3.017,   0.800,   2.917,   0.900,   3.017
202604291006,   1.764,   3.017,9999.000,9999.000,9999.000,9999.000,9999.000,9999.000,9999.000
202604291012,   1.767,   3.017,9999.000,9999.000,9999.000,9999.000,9999.000,9999.000,9999.000
202604291018,   1.769,   3.017,9999.000,9999.000,9999.000,9999.000,9999.000,9999.000,9999.000
202604291024,   1.769,   3.017,9999.000,9999.000,9999.000,9999.000,9999.000,9999.000,9999.000
202604291030,   1.767,   3.017,9999.000,9999.000,9999.000,9999.000,9999.000,9999.000,9999.000
202604291036,   1.763,   3.017,9999.000,9999.000,9999.000,9999.000,9999.000,9999.000,9999.000
202604291042,   1.758,   3.007,9999.000,9999.000,9999.000,9999.000,9999.000,9999.000,9999.000
202604291048,   1.752,   2.997,9999.000,9999.000,9999.000,9999.000,9999.000,9999.000,9999.000
202604291054,   1.744,   2.988,9999.000,9999.000,9999.000,9999.000,9999.000,9999.000,9999.000
202604291100,   1.734,   2.978,   0.900,   0.344,   2.978,   0.800,   2.878,   1.000,   3.078
202604291106,   1.723,   2.948,9999.000,9999.000,9999.000,9999.000,9999.000,9999.000,9999.000
202604291112,   1.710,   2.948,9999.000,9999.000,9999.000,9999.000,9999.000,9999.000,9999.000
202604291118,   1.696,   2.929,9999.000,9999.000,9999.000,9999.000,9999.000,9999.000,9999.000
202604291124,   1.681,   2.919,9999.000,9999.000,9999.000,9999.000,9999.000,9999.000,9999.000
202604291130,   1.664,   2.909,9999.000,9999.000,9999.000,9999.000,9999.000,9999.000,9999.000
202604291136,   1.646,   2.879,9999.000,9999.000,9999.000,9999.000,9999.000,9999.000,9999.000
202604291142,   1.627,   2.889,9999.000,9999.000,9999.000,9999.000,9999.000,9999.000,9999.000
202604291148,   1.607,   2.820,9999.000,9999.000,9999.000,9999.000,9999.000,9999.000,9999.000
202604291154,   1.585,   2.787,9999.000,9999.000,9999.000,9999.000,9999.000,9999.000,9999.000
202604291200,   1.562,   2.797,   0.900,   0.335,   2.797,   0.800,   2.697,   0.900,   2.797
202604291206,   1.539,   2.787,9999.000,9999.000,9999.000,9999.000,9999.000,9999.000,9999.000
202604291212,   1.514,   2.748,9999.000,9999.000,9999.000,9999.000,9999.000,9999.000,9999.000
202604291218,   1.488,   2.728,9999.000,9999.000,9999.000,9999.000,9999.000,9999.000,9999.000
202604291224,   1.462,   2.719,9999.000,9999.000,9999.000,9999.000,9999.000,9999.000,9999.000
202604291230,   1.435,   2.669,9999.000,9999.000,9999.000,9999.000,9999.000,9999.000,9999.000
202604291236,   1.406,   2.650,9999.000,9999.000,9999.000,9999.000,9999.000,9999.000,9999.000
202604291242,   1.377,   2.630,9999.000,9999.000,9999.000,9999.000,9999.000,9999.000,9999.000
202604291248,   1.348,   2.597,9999.000,9999.000,9999.000,9999.000,9999.000,9999.000,9999.000
202604291254,   1.317,   2.578,9999.000,9999.000,9999.000,9999.000,9999.000,9999.000,9999.000
202604291300,   1.287,   2.548,   0.900,   0.361,   2.548,   0.800,   2.448,   0.900,   2.548
202604291306,   1.255,   2.519,9999.000,9999.000,9999.000,9999.000,9999.000,9999.000,9999.000
202604291312,   1.223,   2.489,9999.000,9999.000,9999.000,9999.000,9999.000,9999.000,9999.000
202604291318,   1.191,   2.499,9999.000,9999.000,9999.000,9999.000,9999.000,9999.000,9999.000
202604291324,   1.158,   2.450,9999.000,9999.000,9999.000,9999.000,9999.000,9999.000,9999.000
202604291330,   1.124,   2.400,9999.000,9999.000,9999.000,9999.000,9999.000,9999.000,9999.000
202604291336,   1.091,   2.387,9999.000,9999.000,9999.000,9999.000,9999.000,9999.000,9999.000
202604291342,   1.057,   2.338,9999.000,9999.000,9999.000,9999.000,9999.000,9999.000,9999.000
202604291348,   1.023,   2.309,9999.000,9999.000,9999.000,9999.000,9999.000,9999.000,9999.000
202604291354,   0.989,   2.299,9999.000,9999.000,9999.000,9999.000,9999.000,9999.000,9999.000
202604291400,   0.955,   2.230,   0.900,   0.375,   2.230,   0.800,   2.130,   0.900,   2.230
202604291406,   0.921,   2.220,9999.000,9999.000,9999.000,9999.000,9999.000,9999.000,9999.000
202604291412,   0.888,   2.220,9999.000,9999.000,9999.000,9999.000,9999.000,9999.000,9999.000
202604291418,   0.854,   2.158,9999.000,9999.000,9999.000,9999.000,9999.000,9999.000,9999.000
202604291424,   0.821,   2.118,9999.000,9999.000,9999.000,9999.000,9999.000,9999.000,9999.000
202604291430,   0.788,   2.099,9999.000,9999.000,9999.000,9999.000,9999.000,9999.000,9999.000
202604291436,   0.755,   2.069,9999.000,9999.000,9999.000,9999.000,9999.000,9999.000,9999.000
202604291442,   0.723,   2.049,9999.000,9999.000,9999.000,9999.000,9999.000,9999.000,9999.000
202604291448,   0.691,   2.020,9999.000,9999.000,9999.000,9999.000,9999.000,9999.000,9999.000
202604291454,   0.661,   1.990,9999.000,9999.000,9999.000,9999.000,9999.000,9999.000,9999.000
202604291500,   0.630,   1.958,   0.900,   0.428,   1.958,   0.900,   1.958,   0.900,   1.958
202604291506,   0.601,   1.928,9999.000,9999.000,9999.000,9999.000,9999.000,9999.000,9999.000
202604291512,   0.573,   1.908,9999.000,9999.000,9999.000,9999.000,9999.000,9999.000,9999.000
202604291518,   0.545,   1.879,9999.000,9999.000,9999.000,9999.000,9999.000,9999.000,9999.000
202604291524,   0.519,   1.859,9999.000,9999.000,9999.000,9999.000,9999.000,9999.000,9999.000
202604291530,   0.494,   1.830,9999.000,9999.000,9999.000,9999.000,9999.000,9999.000,9999.000
202604291536,   0.470,   1.820,9999.000,9999.000,9999.000,9999.000,9999.000,9999.000,9999.000
202604291542,   0.447,   1.810,9999.000,9999.000,9999.000,9999.000,9999.000,9999.000,9999.000
202604291548,   0.426,   1.767,9999.000,9999.000,9999.000,9999.000,9999.000,9999.000,9999.000
202604291554,   0.406,   1.767,9999.000,9999.000,9999.000,9999.000,9999.000,9999.000,9999.000
202604291600,   0.387,   1.738,   0.900,   0.451,   1.738,   0.900,   1.738,   1.000,   1.838
202604291606,   0.370,   1.708,9999.000,9999.000,9999.000,9999.000,9999.000,9999.000,9999.000
202604291612,   0.354,   1.708,9999.000,9999.000,9999.000,9999.000,9999.000,9999.000,9999.000
202604291618,   0.340,   1.689,9999.000,9999.000,9999.000,9999.000,9999.000,9999.000,9999.000
202604291624,   0.328,   1.669,9999.000,9999.000,9999.000,9999.000,9999.000,9999.000,9999.000
202604291630,   0.317,   1.679,9999.000,9999.000,9999.000,9999.000,9999.000,9999.000,9999.000
202604291636,   0.308,   1.679,9999.000,9999.000,9999.000,9999.000,9999.000,9999.000,9999.000
202604291642,   0.300,   1.659,9999.000,9999.000,9999.000,9999.000,9999.000,9999.000,9999.000
202604291648,   0.294,   1.649,9999.000,9999.000,9999.000,9999.000,9999.000,9999.000,9999.000
202604291654,   0.290,   1.659,9999.000,9999.000,9999.000,9999.000,9999.000,9999.000,9999.000
202604291700,   0.288,   1.649,   0.900,   0.461,   1.649,   0.900,   1.649,   1.000,   1.749
202604291706,   0.287,   1.639,9999.000,9999.000,9999.000,9999.000,9999.000,9999.000,9999.000
202604291712,   0.288,   1.649,9999.000,9999.000,9999.000,9999.000,9999.000,9999.000,9999.000
202604291718,   0.290,   1.659,9999.000,9999.000,9999.000,9999.000,9999.000,9999.000,9999.000
202604291724,   0.294,   1.669,9999.000,9999.000,9999.000,9999.000,9999.000,9999.000,9999.000
202604291730,   0.300,   1.669,9999.000,9999.000,9999.000,9999.000,9999.000,9999.000,9999.000
202604291736,   0.307,   1.669,9999.000,9999.000,9999.000,9999.000,9999.000,9999.000,9999.000
202604291742,   0.316,   1.699,9999.000,9999.000,9999.000,9999.000,9999.000,9999.000,9999.000
202604291748,   0.326,   1.708,9999.000,9999.000,9999.000,9999.000,9999.000,9999.000,9999.000
202604291754,   0.338,   1.718,9999.000,9999.000,9999.000,9999.000,9999.000,9999.000,9999.000
202604291800,   0.351,   1.748,   0.900,   0.497,   1.748,   0.900,   1.748,   1.000,   1.848
202604291806,   0.365,   1.748,9999.000,9999.000,9999.000,9999.000,9999.000,9999.000,9999.000
202604291812,   0.381,   1.767,9999.000,9999.000,9999.000,9999.000,9999.000,9999.000,9999.000
202604291818,   0.398,   1.800,9999.000,9999.000,9999.000,9999.000,9999.000,9999.000,9999.000
202604291824,   0.416,   1.810,9999.000,9999.000,9999.000,9999.000,9999.000,9999.000,9999.000
202604291830,   0.435,   1.820,9999.000,9999.000,9999.000,9999.000,9999.000,9999.000,9999.000
202604291836,   0.455,   1.849,9999.000,9999.000,9999.000,9999.000,9999.000,9999.000,9999.000
202604291842,   0.476,   1.869,9999.000,9999.000,9999.000,9999.000,9999.000,9999.000,9999.000
202604291848,   0.497,   1.899,9999.000,9999.000,9999.000,9999.000,9999.000,9999.000,9999.000
202604291854,   0.520,   1.918,9999.000,9999.000,9999.000,9999.000,9999.000,9999.000,9999.000
202604291900,   0.544,   1.948,   0.900,   0.504,   1.948,   0.900,   1.948,   1.000,   2.048
202604291906,   0.568,   1.990,9999.000,9999.000,9999.000,9999.000,9999.000,9999.000,9999.000
202604291912,   0.592,   2.010,9999.000,9999.000,9999.000,9999.000,9999.000,9999.000,9999.000
202604291918,   0.617,   2.030,9999.000,9999.000,9999.000,9999.000,9999.000,9999.000,9999.000
202604291924,   0.643,   2.059,9999.000,9999.000,9999.000,9999.000,9999.000,9999.000,9999.000
202604291930,   0.669,   2.069,9999.000,9999.000,9999.000,9999.000,9999.000,9999.000,9999.000
202604291936,   0.695,   2.109,9999.000,9999.000,9999.000,9999.000,9999.000,9999.000,9999.000
202604291942,   0.721,   2.148,9999.000,9999.000,9999.000,9999.000,9999.000,9999.000,9999.000
202604291948,   0.748,   2.191,9999.000,9999.000,9999.000,9999.000,9999.000,9999.000,9999.000
202604291954,   0.774,   2.250,9999.000,9999.000,9999.000,9999.000,9999.000,9999.000,9999.000
202604292000,   0.801,   2.250,   1.000,   0.449,   2.250,   0.900,   2.150,   1.000,   2.250
202604292006,   0.827,   2.289,9999.000,9999.000,9999.000,9999.000,9999.000,9999.000,9999.000
202604292012,   0.853,   2.318,9999.000,9999.000,9999.000,9999.000,9999.000,9999.000,9999.000
202604292018,   0.879,   2.338,9999.000,9999.000,9999.000,9999.000,9999.000,9999.000,9999.000
202604292024,   0.904,   2.368,9999.000,9999.000,9999.000,9999.000,9999.000,9999.000,9999.000
202604292030,   0.929,   2.368,9999.000,9999.000,9999.000,9999.000,9999.000,9999.000,9999.000
202604292036,   0.953,   2.377,9999.000,9999.000,9999.000,9999.000,9999.000,9999.000,9999.000
202604292042,   0.977,   2.430,9999.000,9999.000,9999.000,9999.000,9999.000,9999.000,9999.000
202604292048,   1.000,   2.469,9999.000,9999.000,9999.000,9999.000,9999.000,9999.000,9999.000
202604292054,   1.022,   2.499,9999.000,9999.000,9999.000,9999.000,9999.000,9999.000,9999.000
202604292100,   1.044,   2.509,   1.000,   0.465,   2.509,   0.900,   2.409,   1.100,   2.609
202604292106,   1.064,   2.528,9999.000,9999.000,9999.000,9999.000,9999.000,9999.000,9999.000
202604292112,   1.084,   2.548,9999.000,9999.000,9999.000,9999.000,9999.000,9999.000,9999.000
202604292118,   1.102,   2.568,9999.000,9999.000,9999.000,9999.000,9999.000,9999.000,9999.000
202604292124,   1.120,   2.620,9999.000,9999.000,9999.000,9999.000,9999.000,9999.000,9999.000
202604292130,   1.136,   2.620,9999.000,9999.000,9999.000,9999.000,9999.000,9999.000,9999.000
202604292136,   1.151,   2.620,9999.000,9999.000,9999.000,9999.000,9999.000,9999.000,9999.000
202604292142,   1.165,   2.640,9999.000,9999.000,9999.000,9999.000,9999.000,9999.000,9999.000
202604292148,   1.177,   2.660,9999.000,9999.000,9999.000,9999.000,9999.000,9999.000,9999.000
202604292154,   1.189,   2.640,9999.000,9999.000,9999.000,9999.000,9999.000,9999.000,9999.000
202604292200,   1.199,   2.640,   1.000,   0.441,   2.640,   1.000,   2.640,   1.100,   2.740
202604292206,   1.207,   2.669,9999.000,9999.000,9999.000,9999.000,9999.000,9999.000,9999.000
202604292212,   1.215,   2.679,9999.000,9999.000,9999.000,9999.000,9999.000,9999.000,9999.000
202604292218,   1.220,   2.679,9999.000,9999.000,9999.000,9999.000,9999.000,9999.000,9999.000
202604292224,   1.225,   2.679,9999.000,9999.000,9999.000,9999.000,9999.000,9999.000,9999.000
202604292230,   1.228,   2.719,9999.000,9999.000,9999.000,9999.000,9999.000,9999.000,9999.000
202604292236,   1.230,   2.699,9999.000,9999.000,9999.000,9999.000,9999.000,9999.000,9999.000
202604292242,   1.230,   2.709,9999.000,9999.000,9999.000,9999.000,9999.000,9999.000,9999.000
202604292248,   1.229,   2.738,9999.000,9999.000,9999.000,9999.000,9999.000,9999.000,9999.000
202604292254,   1.227,   2.709,9999.000,9999.000,9999.000,9999.000,9999.000,9999.000,9999.000
202604292300,   1.223,   2.709,   1.100,   0.386,   2.709,   1.000,   2.609,   1.200,   2.809
202604292306,   1.218,   2.699,9999.000,9999.000,9999.000,9999.000,9999.000,9999.000,9999.000
202604292312,   1.211,   2.699,9999.000,9999.000,9999.000,9999.000,9999.000,9999.000,9999.000
202604292318,   1.204,   2.699,9999.000,9999.000,9999.000,9999.000,9999.000,9999.000,9999.000
202604292324,   1.195,   2.679,9999.000,9999.000,9999.000,9999.000,9999.000,9999.000,9999.000
202604292330,   1.185,   2.660,9999.000,9999.000,9999.000,9999.000,9999.000,9999.000,9999.000
202604292336,   1.174,   2.660,9999.000,9999.000,9999.000,9999.000,9999.000,9999.000,9999.000
202604292342,   1.162,   2.640,9999.000,9999.000,9999.000,9999.000,9999.000,9999.000,9999.000
202604292348,   1.149,   2.620,9999.000,9999.000,9999.000,9999.000,9999.000,9999.000,9999.000
202604292354,   1.134,   2.620,9999.000,9999.000,9999.000,9999.000,9999.000,9999.000,9999.000
202604300000,   1.119,   2.597,   1.000,   0.478,   2.597,   1.000,   2.597,   1.100,   2.697
202604300006,   1.103,   2.597,9999.000,9999.000,9999.000,9999.000,9999.000,9999.000,9999.000
202604300012,   1.086,   2.597,9999.000,9999.000,9999.000,9999.000,9999.000,9999.000,9999.000
202604300018,   1.068,   2.558,9999.000,9999.000,9999.000,9999.000,9999.000,9999.000,9999.000
202604300024,   1.050,   2.558,9999.000,9999.000,9999.000,9999.000,9999.000,9999.000,9999.000
202604300030,   1.031,   2.558,9999.000,9999.000,9999.000,9999.000,9999.000,9999.000,9999.000
202604300036,   1.011,   2.509,9999.000,9999.000,9999.000,9999.000,9999.000,9999.000,9999.000
202604300042,   0.990,   2.489,9999.000,9999.000,9999.000,9999.000,9999.000,9999.000,9999.000
202604300048,   0.969,   2.489,9999.000,9999.000,9999.000,9999.000,9999.000,9999.000,9999.000
202604300054,   0.947,   2.450,9999.000,9999.000,9999.000,9999.000,9999.000,9999.000,9999.000
202604300100,   0.925,   2.420,   1.000,   0.495,   2.420,   1.000,   2.420,   1.100,   2.520
202604300106,   0.903,   2.410,9999.000,9999.000,9999.000,9999.000,9999.000,9999.000,9999.000
202604300112,   0.880,   2.410,9999.000,9999.000,9999.000,9999.000,9999.000,9999.000,9999.000
202604300118,   0.856,   2.400,9999.000,9999.000,9999.000,9999.000,9999.000,9999.000,9999.000
202604300124,   0.833,   2.410,9999.000,9999.000,9999.000,9999.000,9999.000,9999.000,9999.000
202604300130,   0.809,   2.377,9999.000,9999.000,9999.000,9999.000,9999.000,9999.000,9999.000
202604300136,   0.785,   2.328,9999.000,9999.000,9999.000,9999.000,9999.000,9999.000,9999.000
202604300142,   0.761,   2.309,9999.000,9999.000,9999.000,9999.000,9999.000,9999.000,9999.000
202604300148,   0.737,   2.279,9999.000,9999.000,9999.000,9999.000,9999.000,9999.000,9999.000
202604300154,   0.713,   2.259,9999.000,9999.000,9999.000,9999.000,9999.000,9999.000,9999.000
202604300200,   0.689,   2.220,   1.100,   0.431,   2.220,   1.000,   2.120,   1.200,   2.320
202604300206,   0.665,   2.250,9999.000,9999.000,9999.000,9999.000,9999.000,9999.000,9999.000
202604300212,   0.641,   2.289,9999.000,9999.000,9999.000,9999.000,9999.000,9999.000,9999.000
202604300218,   0.618,   2.299,9999.000,9999.000,9999.000,9999.000,9999.000,9999.000,9999.000
202604300224,   0.594,   2.279,9999.000,9999.000,9999.000,9999.000,9999.000,9999.000,9999.000
202604300230,   0.571,   2.200,9999.000,9999.000,9999.000,9999.000,9999.000,9999.000,9999.000
202604300236,   0.549,   2.148,9999.000,9999.000,9999.000,9999.000,9999.000,9999.000,9999.000
202604300242,   0.527,   2.128,9999.000,9999.000,9999.000,9999.000,9999.000,9999.000,9999.000
202604300248,   0.506,   2.118,9999.000,9999.000,9999.000,9999.000,9999.000,9999.000,9999.000
202604300254,   0.485,   2.128,9999.000,9999.000,9999.000,9999.000,9999.000,9999.000,9999.000
202604300300,   0.465,   2.099,   1.100,   0.534,   2.099,   1.000,   1.999,   1.200,   2.199
202604300306,   0.446,   2.069,9999.000,9999.000,9999.000,9999.000,9999.000,9999.000,9999.000
202604300312,   0.427,   2.030,9999.000,9999.000,9999.000,9999.000,9999.000,9999.000,9999.000
202604300318,   0.410,   2.059,9999.000,9999.000,9999.000,9999.000,9999.000,9999.000,9999.000
202604300324,   0.393,   2.079,9999.000,9999.000,9999.000,9999.000,9999.000,9999.000,9999.000
202604300330,   0.378,   2.030,9999.000,9999.000,9999.000,9999.000,9999.000,9999.000,9999.000
202604300336,   0.364,   2.020,9999.000,9999.000,9999.000,9999.000,9999.000,9999.000,9999.000
202604300342,   0.351,   2.010,9999.000,9999.000,9999.000,9999.000,9999.000,9999.000,9999.000
202604300348,   0.339,   2.040,9999.000,9999.000,9999.000,9999.000,9999.000,9999.000,9999.000
202604300354,   0.329,   2.089,9999.000,9999.000,9999.000,9999.000,9999.000,9999.000,9999.000
202604300400,   0.320,   2.040,   1.100,   0.620,   2.040,   1.100,   2.040,   1.200,   2.140
202604300406,   0.312,   2.010,9999.000,9999.000,9999.000,9999.000,9999.000,9999.000,9999.000
202604300412,   0.306,   2.049,9999.000,9999.000,9999.000,9999.000,9999.000,9999.000,9999.000
202604300418,   0.301,   2.040,9999.000,9999.000,9999.000,9999.000,9999.000,9999.000,9999.000
202604300424,   0.298,   2.020,9999.000,9999.000,9999.000,9999.000,9999.000,9999.000,9999.000
202604300430,   0.297,   2.040,9999.000,9999.000,9999.000,9999.000,9999.000,9999.000,9999.000
202604300436,   0.297,   2.040,9999.000,9999.000,9999.000,9999.000,9999.000,9999.000,9999.000
202604300442,   0.299,   2.030,9999.000,9999.000,9999.000,9999.000,9999.000,9999.000,9999.000
202604300448,   0.303,   2.040,9999.000,9999.000,9999.000,9999.000,9999.000,9999.000,9999.000
202604300454,   0.308,   2.059,9999.000,9999.000,9999.000,9999.000,9999.000,9999.000,9999.000
202604300500,   0.315,   2.059,   1.200,   0.544,   2.059,   1.100,   1.959,   1.200,   2.059
202604300506,   0.324,   2.069,9999.000,9999.000,9999.000,9999.000,9999.000,9999.000,9999.000
202604300512,   0.334,   2.089,9999.000,9999.000,9999.000,9999.000,9999.000,9999.000,9999.000
202604300518,   0.346,   2.118,9999.000,9999.000,9999.000,9999.000,9999.000,9999.000,9999.000
202604300524,   0.360,   2.168,9999.000,9999.000,9999.000,9999.000,9999.000,9999.000,9999.000
202604300530,   0.375,   2.148,9999.000,9999.000,9999.000,9999.000,9999.000,9999.000,9999.000
202604300536,   0.392,   2.168,9999.000,9999.000,9999.000,9999.000,9999.000,9999.000,9999.000
202604300542,   0.411,   2.200,9999.000,9999.000,9999.000,9999.000,9999.000,9999.000,9999.000
202604300548,   0.431,   2.220,9999.000,9999.000,9999.000,9999.000,9999.000,9999.000,9999.000
202604300554,   0.452,   2.269,9999.000,9999.000,9999.000,9999.000,9999.000,9999.000,9999.000
202604300600,   0.476,   2.269,   1.100,   0.693,   2.269,   1.100,   2.269,   1.200,   2.369
202604300606,   0.500,   2.289,9999.000,9999.000,9999.000,9999.000,9999.000,9999.000,9999.000
202604300612,   0.526,   2.318,9999.000,9999.000,9999.000,9999.000,9999.000,9999.000,9999.000
202604300618,   0.553,   2.328,9999.000,9999.000,9999.000,9999.000,9999.000,9999.000,9999.000
202604300624,   0.581,   2.368,9999.000,9999.000,9999.000,9999.000,9999.000,9999.000,9999.000
202604300630,   0.610,   2.410,9999.000,9999.000,9999.000,9999.000,9999.000,9999.000,9999.000
202604300636,   0.641,   2.440,9999.000,9999.000,9999.000,9999.000,9999.000,9999.000,9999.000
202604300642,   0.672,   2.489,9999.000,9999.000,9999.000,9999.000,9999.000,9999.000,9999.000
202604300648,   0.705,   2.489,9999.000,9999.000,9999.000,9999.000,9999.000,9999.000,9999.000
202604300654,   0.738,   2.548,9999.000,9999.000,9999.000,9999.000,9999.000,9999.000,9999.000
202604300700,   0.772,   2.587,   1.100,   0.715,   2.587,   1.100,   2.587,   1.200,   2.687
202604300706,   0.806,   2.597,9999.000,9999.000,9999.000,9999.000,9999.000,9999.000,9999.000
202604300712,   0.842,   2.650,9999.000,9999.000,9999.000,9999.000,9999.000,9999.000,9999.000
202604300718,   0.877,   2.699,9999.000,9999.000,9999.000,9999.000,9999.000,9999.000,9999.000
202604300724,   0.914,   2.728,9999.000,9999.000,9999.000,9999.000,9999.000,9999.000,9999.000
202604300730,   0.950,   2.758,9999.000,9999.000,9999.000,9999.000,9999.000,9999.000,9999.000
202604300736,   0.987,   2.787,9999.000,9999.000,9999.000,9999.000,9999.000,9999.000,9999.000
202604300742,   1.024,   2.820,9999.000,9999.000,9999.000,9999.000,9999.000,9999.000,9999.000
202604300748,   1.061,   2.850,9999.000,9999.000,9999.000,9999.000,9999.000,9999.000,9999.000
202604300754,   1.098,   2.899,9999.000,9999.000,9999.000,9999.000,9999.000,9999.000,9999.000
202604300800,   1.135,   2.948,   1.100,   0.713,   2.948,   1.100,   2.948,   1.200,   3.048
202604300806,   1.172,   2.958,9999.000,9999.000,9999.000,9999.000,9999.000,9999.000,9999.000
202604300812,   1.208,   2.978,9999.000,9999.000,9999.000,9999.000,9999.000,9999.000,9999.000
202604300818,   1.245,   3.007,9999.000,9999.000,9999.000,9999.000,9999.000,9999.000,9999.000
202604300824,   1.281,   3.030,9999.000,9999.000,9999.000,9999.000,9999.000,9999.000,9999.000
202604300830,   1.316,   3.060,9999.000,9999.000,9999.000,9999.000,9999.000,9999.000,9999.000
202604300836,   1.351,   3.089,9999.000,9999.000,9999.000,9999.000,9999.000,9999.000,9999.000
202604300842,   1.385,   3.119,9999.000,9999.000,9999.000,9999.000,9999.000,9999.000,9999.000
202604300848,   1.418,   3.129,9999.000,9999.000,9999.000,9999.000,9999.000,9999.000,9999.000
202604300854,   1.450,   3.168,9999.000,9999.000,9999.000,9999.000,9999.000,9999.000,9999.000
202604300900,   1.482,   3.188,   1.100,   0.606,   3.188,   1.100,   3.188,   1.200,   3.288
202604300906,   1.512,   3.207,9999.000,9999.000,9999.000,9999.000,9999.000,9999.000,9999.000
202604300912,   1.542,   3.240,9999.000,9999.000,9999.000,9999.000,9999.000,9999.000,9999.000
202604300918,   1.570,   3.250,9999.000,9999.000,9999.000,9999.000,9999.000,9999.000,9999.000
202604300924,   1.597,   3.279,9999.000,9999.000,9999.000,9999.000,9999.000,9999.000,9999.000
202604300930,   1.623,   3.289,9999.000,9999.000,9999.000,9999.000,9999.000,9999.000,9999.000
202604300936,   1.647,   3.299,9999.000,9999.000,9999.000,9999.000,9999.000,9999.000,9999.000
202604300942,   1.670,   3.319,9999.000,9999.000,9999.000,9999.000,9999.000,9999.000,9999.000
202604300948,   1.692,   3.339,9999.000,9999.000,9999.000,9999.000,9999.000,9999.000,9999.000
202604300954,   1.712,   3.358,9999.000,9999.000,9999.000,9999.000,9999.000,9999.000,9999.000
202604301000,   1.730,   3.358,   1.100,   0.528,   3.358,   1.100,   3.358,   1.200,   3.458
202604301006,   1.747,   3.378,9999.000,9999.000,9999.000,9999.000,9999.000,9999.000,9999.000
202604301012,   1.762,   3.378,9999.000,9999.000,9999.000,9999.000,9999.000,9999.000,9999.000
202604301018,   1.776,   3.378,9999.000,9999.000,9999.000,9999.000,9999.000,9999.000,9999.000
202604301024,   1.788,   3.388,9999.000,9999.000,9999.000,9999.000,9999.000,9999.000,9999.000
202604301030,   1.798,   3.398,9999.000,9999.000,9999.000,9999.000,9999.000,9999.000,9999.000
202604301036,   1.807,   3.407,9999.000,9999.000,9999.000,9999.000,9999.000,9999.000,9999.000
202604301042,   1.814,   3.398,9999.000,9999.000,9999.000,9999.000,9999.000,9999.000,9999.000
202604301048,   1.819,   3.388,9999.000,9999.000,9999.000,9999.000,9999.000,9999.000,9999.000
202604301054,   1.822,   3.388,9999.000,9999.000,9999.000,9999.000,9999.000,9999.000,9999.000
202604301100,   1.824,   3.378,   1.100,   0.454,   3.378,   1.100,   3.378,   1.200,   3.478
202604301106,   1.824,   3.378,9999.000,9999.000,9999.000,9999.000,9999.000,9999.000,9999.000
202604301112,   1.822,   3.358,9999.000,9999.000,9999.000,9999.000,9999.000,9999.000,9999.000
202604301118,   1.818,   3.339,9999.000,9999.000,9999.000,9999.000,9999.000,9999.000,9999.000
202604301124,   1.813,   3.348,9999.000,9999.000,9999.000,9999.000,9999.000,9999.000,9999.000
202604301130,   1.806,   3.329,9999.000,9999.000,9999.000,9999.000,9999.000,9999.000,9999.000
202604301136,   1.798,   3.309,9999.000,9999.000,9999.000,9999.000,9999.000,9999.000,9999.000
202604301142,   1.788,   3.289,9999.000,9999.000,9999.000,9999.000,9999.000,9999.000,9999.000
202604301148,   1.777,   3.260,9999.000,9999.000,9999.000,9999.000,9999.000,9999.000,9999.000
202604301154,   1.764,   3.250,9999.000,9999.000,9999.000,9999.000,9999.000,9999.000,9999.000
202604301200,   1.749,   3.217,   1.000,   0.468,   3.217,   1.000,   3.217,   1.100,   3.317
202604301206,   1.734,   3.207,9999.000,9999.000,9999.000,9999.000,9999.000,9999.000,9999.000
202604301212,   1.716,   3.178,9999.000,9999.000,9999.000,9999.000,9999.000,9999.000,9999.000
202604301218,   1.698,   3.168,9999.000,9999.000,9999.000,9999.000,9999.000,9999.000,9999.000
202604301224,   1.678,   3.158,9999.000,9999.000,9999.000,9999.000,9999.000,9999.000,9999.000
202604301230,   1.657,   3.119,9999.000,9999.000,9999.000,9999.000,9999.000,9999.000,9999.000
202604301236,   1.635,   3.079,9999.000,9999.000,9999.000,9999.000,9999.000,9999.000,9999.000
202604301242,   1.612,   3.060,9999.000,9999.000,9999.000,9999.000,9999.000,9999.000,9999.000
202604301248,   1.588,   3.017,9999.000,9999.000,9999.000,9999.000,9999.000,9999.000,9999.000
202604301254,   1.563,   2.988,9999.000,9999.000,9999.000,9999.000,9999.000,9999.000,9999.000
202604301300,   1.537,   2.948,   1.000,   0.411,   2.948,   1.000,   2.948,   1.100,   3.048
202604301306,   1.509,   2.929,9999.000,9999.000,9999.000,9999.000,9999.000,9999.000,9999.000
202604301312,   1.481,   2.889,9999.000,9999.000,9999.000,9999.000,9999.000,9999.000,9999.000
202604301318,   1.453,   2.860,9999.000,9999.000,9999.000,9999.000,9999.000,9999.000,9999.000
202604301324,   1.423,   2.830,9999.000,9999.000,9999.000,9999.000,9999.000,9999.000,9999.000
202604301330,   1.393,   2.778,9999.000,9999.000,9999.000,9999.000,9999.000,9999.000,9999.000
202604301336,   1.362,   2.738,9999.000,9999.000,9999.000,9999.000,9999.000,9999.000,9999.000
202604301342,   1.330,   2.709,9999.000,9999.000,9999.000,9999.000,9999.000,9999.000,9999.000
202604301348,   1.298,   2.679,9999.000,9999.000,9999.000,9999.000,9999.000,9999.000,9999.000
202604301354,   1.266,   2.650,9999.000,9999.000,9999.000,9999.000,9999.000,9999.000,9999.000
202604301400,   1.233,   2.610,   1.000,   0.377,   2.610,   1.000,   2.610,   1.100,   2.710
202604301406,   1.199,   2.558,9999.000,9999.000,9999.000,9999.000,9999.000,9999.000,9999.000
202604301412,   1.165,   2.519,9999.000,9999.000,9999.000,9999.000,9999.000,9999.000,9999.000
202604301418,   1.131,   2.479,9999.000,9999.000,9999.000,9999.000,9999.000,9999.000,9999.000
202604301424,   1.097,   2.440,9999.000,9999.000,9999.000,9999.000,9999.000,9999.000,9999.000
202604301430,   1.063,   2.400,9999.000,9999.000,9999.000,9999.000,9999.000,9999.000,9999.000
202604301436,   1.028,   2.358,9999.000,9999.000,9999.000,9999.000,9999.000,9999.000,9999.000
202604301442,   0.993,   2.309,9999.000,9999.000,9999.000,9999.000,9999.000,9999.000,9999.000
202604301448,   0.959,   2.259,9999.000,9999.000,9999.000,9999.000,9999.000,9999.000,9999.000
202604301454,   0.924,   2.230,9999.000,9999.000,9999.000,9999.000,9999.000,9999.000,9999.000
202604301500,   0.890,   2.191,   1.000,   0.301,   2.191,   1.000,   2.191,   1.100,   2.291
202604301506,   0.856,   2.148,9999.000,9999.000,9999.000,9999.000,9999.000,9999.000,9999.000
202604301512,   0.822,   2.109,9999.000,9999.000,9999.000,9999.000,9999.000,9999.000,9999.000
202604301518,   0.789,   2.059,9999.000,9999.000,9999.000,9999.000,9999.000,9999.000,9999.000
202604301524,   0.756,   2.010,9999.000,9999.000,9999.000,9999.000,9999.000,9999.000,9999.000
202604301530,   0.724,   1.967,9999.000,9999.000,9999.000,9999.000,9999.000,9999.000,9999.000
202604301536,   0.692,   1.928,9999.000,9999.000,9999.000,9999.000,9999.000,9999.000,9999.000
202604301542,   0.661,   1.869,9999.000,9999.000,9999.000,9999.000,9999.000,9999.000,9999.000
202604301548,   0.631,   1.869,9999.000,9999.000,9999.000,9999.000,9999.000,9999.000,9999.000
202604301554,   0.602,   1.840,9999.000,9999.000,9999.000,9999.000,9999.000,9999.000,9999.000
202604301600,   0.574,   1.767,   1.000,   0.193,   1.767,   0.900,   1.667,   1.000,   1.767
202604301606,   0.546,   1.758,9999.000,9999.000,9999.000,9999.000,9999.000,9999.000,9999.000
202604301612,   0.520,   1.728,9999.000,9999.000,9999.000,9999.000,9999.000,9999.000,9999.000
202604301618,   0.495,   1.659,9999.000,9999.000,9999.000,9999.000,9999.000,9999.000,9999.000
202604301624,   0.471,   1.659,9999.000,9999.000,9999.000,9999.000,9999.000,9999.000,9999.000
202604301630,   0.449,   1.620,9999.000,9999.000,9999.000,9999.000,9999.000,9999.000,9999.000
202604301636,   0.427,   1.610,9999.000,9999.000,9999.000,9999.000,9999.000,9999.000,9999.000
202604301642,   0.408,   1.571,9999.000,9999.000,9999.000,9999.000,9999.000,9999.000,9999.000
202604301648,   0.389,   1.528,9999.000,9999.000,9999.000,9999.000,9999.000,9999.000,9999.000
202604301654,   0.372,   1.518,9999.000,9999.000,9999.000,9999.000,9999.000,9999.000,9999.000
202604301700,   0.357,   1.469,   1.000,   0.112,   1.469,   0.900,   1.369,   1.000,   1.469
202604301706,   0.343,   1.439,9999.000,9999.000,9999.000,9999.000,9999.000,9999.000,9999.000
202604301712,   0.331,   1.420,9999.000,9999.000,9999.000,9999.000,9999.000,9999.000,9999.000
202604301718,   0.321,   1.410,9999.000,9999.000,9999.000,9999.000,9999.000,9999.000,9999.000
202604301724,   0.312,   1.410,9999.000,9999.000,9999.000,9999.000,9999.000,9999.000,9999.000
202604301730,   0.305,   1.371,9999.000,9999.000,9999.000,9999.000,9999.000,9999.000,9999.000
202604301736,   0.300,   1.348,9999.000,9999.000,9999.000,9999.000,9999.000,9999.000,9999.000
202604301742,   0.296,   1.348,9999.000,9999.000,9999.000,9999.000,9999.000,9999.000,9999.000
202604301748,   0.294,   1.318,9999.000,9999.000,9999.000,9999.000,9999.000,9999.000,9999.000
202604301754,   0.293,   1.289,9999.000,9999.000,9999.000,9999.000,9999.000,9999.000,9999.000
202604301800,   0.295,   1.308,   0.900,   0.113,   1.308,   0.900,   1.308,   1.000,   1.408
202604301806,   0.298,   1.289,9999.000,9999.000,9999.000,9999.000,9999.000,9999.000,9999.000
202604301812,   0.302,   1.249,9999.000,9999.000,9999.000,9999.000,9999.000,9999.000,9999.000
202604301818,   0.308,   1.269,9999.000,9999.000,9999.000,9999.000,9999.000,9999.000,9999.000
202604301824,   0.316,   1.289,9999.000,9999.000,9999.000,9999.000,9999.000,9999.000,9999.000
202604301830,   0.325,   1.269,9999.000,9999.000,9999.000,9999.000,9999.000,9999.000,9999.000
202604301836,   0.335,   1.269,9999.000,9999.000,9999.000,9999.000,9999.000,9999.000,9999.000
202604301842,   0.347,   1.259,9999.000,9999.000,9999.000,9999.000,9999.000,9999.000,9999.000
202604301848,   0.361,   1.279,9999.000,9999.000,9999.000,9999.000,9999.000,9999.000,9999.000
202604301854,   0.375,   1.289,9999.000,9999.000,9999.000,9999.000,9999.000,9999.000,9999.000
202604301900,   0.391,   1.298,   0.900,   0.007,   1.298,   0.900,   1.298,   1.000,   1.398
202604301906,   0.408,   1.308,9999.000,9999.000,9999.000,9999.000,9999.000,9999.000,9999.000
202604301912,   0.426,   1.308,9999.000,9999.000,9999.000,9999.000,9999.000,9999.000,9999.000
202604301918,   0.445,   1.308,9999.000,9999.000,9999.000,9999.000,9999.000,9999.000,9999.000
202604301924,   0.466,   1.328,9999.000,9999.000,9999.000,9999.000,9999.000,9999.000,9999.000
202604301930,   0.487,   1.380,9999.000,9999.000,9999.000,9999.000,9999.000,9999.000,9999.000
202604301936,   0.509,   1.380,9999.000,9999.000,9999.000,9999.000,9999.000,9999.000,9999.000
202604301942,   0.531,   1.390,9999.000,9999.000,9999.000,9999.000,9999.000,9999.000,9999.000
202604301948,   0.554,   1.439,9999.000,9999.000,9999.000,9999.000,9999.000,9999.000,9999.000
202604301954,   0.578,   1.439,9999.000,9999.000,9999.000,9999.000,9999.000,9999.000,9999.000
202604302000,   0.603,   1.449,   0.900,  -0.054,   1.449,   0.900,   1.449,   0.900,   1.449
202604302006,   0.628,   1.479,9999.000,9999.000,9999.000,9999.000,9999.000,9999.000,9999.000
202604302012,   0.653,   1.498,9999.000,9999.000,9999.000,9999.000,9999.000,9999.000,9999.000
202604302018,   0.678,   1.508,9999.000,9999.000,9999.000,9999.000,9999.000,9999.000,9999.000
202604302024,   0.704,   1.538,9999.000,9999.000,9999.000,9999.000,9999.000,9999.000,9999.000
202604302030,   0.730,   1.590,9999.000,9999.000,9999.000,9999.000,9999.000,9999.000,9999.000
202604302036,   0.756,   1.610,9999.000,9999.000,9999.000,9999.000,9999.000,9999.000,9999.000
202604302042,   0.782,   1.630,9999.000,9999.000,9999.000,9999.000,9999.000,9999.000,9999.000
202604302048,   0.807,   1.669,9999.000,9999.000,9999.000,9999.000,9999.000,9999.000,9999.000
202604302054,   0.833,   1.649,9999.000,9999.000,9999.000,9999.000,9999.000,9999.000,9999.000
202604302100,   0.858,   1.649,   0.900,  -0.109,   1.649,   0.800,   1.549,   0.900,   1.649
202604302106,   0.883,   1.699,9999.000,9999.000,9999.000,9999.000,9999.000,9999.000,9999.000
202604302112,   0.907,   1.728,9999.000,9999.000,9999.000,9999.000,9999.000,9999.000,9999.000
202604302118,   0.931,   1.728,9999.000,9999.000,9999.000,9999.000,9999.000,9999.000,9999.000
202604302124,   0.954,   1.748,9999.000,9999.000,9999.000,9999.000,9999.000,9999.000,9999.000
202604302130,   0.977,   1.758,9999.000,9999.000,9999.000,9999.000,9999.000,9999.000,9999.000
202604302136,   0.999,   1.758,9999.000,9999.000,9999.000,9999.000,9999.000,9999.000,9999.000
202604302142,   1.019,   1.790,9999.000,9999.000,9999.000,9999.000,9999.000,9999.000,9999.000
202604302148,   1.040,   1.830,9999.000,9999.000,9999.000,9999.000,9999.000,9999.000,9999.000
202604302154,   1.059,   1.879,9999.000,9999.000,9999.000,9999.000,9999.000,9999.000,9999.000
202604302200,   1.077,   1.869,   0.900,  -0.108,   1.869,   0.800,   1.769,   0.900,   1.869
202604302206,   1.094,   1.849,9999.000,9999.000,9999.000,9999.000,9999.000,9999.000,9999.000
202604302212,   1.110,   1.879,9999.000,9999.000,9999.000,9999.000,9999.000,9999.000,9999.000
202604302218,   1.124,   1.908,9999.000,9999.000,9999.000,9999.000,9999.000,9999.000,9999.000
202604302224,   1.138,   1.918,9999.000,9999.000,9999.000,9999.000,9999.000,9999.000,9999.000
202604302230,   1.150,   1.948,9999.000,9999.000,9999.000,9999.000,9999.000,9999.000,9999.000
202604302236,   1.161,   1.967,9999.000,9999.000,9999.000,9999.000,9999.000,9999.000,9999.000
202604302242,   1.170,   1.938,9999.000,9999.000,9999.000,9999.000,9999.000,9999.000,9999.000
202604302248,   1.178,   1.918,9999.000,9999.000,9999.000,9999.000,9999.000,9999.000,9999.000
202604302254,   1.185,   1.928,9999.000,9999.000,9999.000,9999.000,9999.000,9999.000,9999.000
202604302300,   1.191,   1.918,   0.900,  -0.173,   1.918,   0.800,   1.818,   0.900,   1.918
202604302306,   1.195,   1.938,9999.000,9999.000,9999.000,9999.000,9999.000,9999.000,9999.000
202604302312,   1.197,   1.948,9999.000,9999.000,9999.000,9999.000,9999.000,9999.000,9999.000
202604302318,   1.198,   1.958,9999.000,9999.000,9999.000,9999.000,9999.000,9999.000,9999.000
202604302324,   1.198,   1.958,9999.000,9999.000,9999.000,9999.000,9999.000,9999.000,9999.000
202604302330,   1.196,   1.948,9999.000,9999.000,9999.000,9999.000,9999.000,9999.000,9999.000
202604302336,   1.193,   1.938,9999.000,9999.000,9999.000,9999.000,9999.000,9999.000,9999.000
202604302342,   1.189,   1.938,9999.000,9999.000,9999.000,9999.000,9999.000,9999.000,9999.000
202604302348,   1.184,   1.889,9999.000,9999.000,9999.000,9999.000,9999.000,9999.000,9999.000
202604302354,   1.177,   1.859,9999.000,9999.000,9999.000,9999.000,9999.000,9999.000,9999.000
202605010000,   1.168,   1.830,   0.800,  -0.138,   1.830,   0.700,   1.730,   0.800,   1.830
202605010006,   1.159,   1.810,9999.000,9999.000,9999.000,9999.000,9999.000,9999.000,9999.000
202605010012,   1.148,   1.810,9999.000,9999.000,9999.000,9999.000,9999.000,9999.000,9999.000
202605010018,   1.137,   1.790,9999.000,9999.000,9999.000,9999.000,9999.000,9999.000,9999.000
202605010024,   1.124,   1.748,9999.000,9999.000,9999.000,9999.000,9999.000,9999.000,9999.000
202605010030,   1.110,   1.718,9999.000,9999.000,9999.000,9999.000,9999.000,9999.000,9999.000
202605010036,   1.095,   1.708,9999.000,9999.000,9999.000,9999.000,9999.000,9999.000,9999.000
202605010042,   1.080,   1.738,9999.000,9999.000,9999.000,9999.000,9999.000,9999.000,9999.000
202605010048,   1.063,   1.718,9999.000,9999.000,9999.000,9999.000,9999.000,9999.000,9999.000
202605010054,   1.046,   1.689,9999.000,9999.000,9999.000,9999.000,9999.000,9999.000,9999.000
202605010100,   1.027,   1.718,   0.700,  -0.009,   1.718,   0.700,   1.718,   0.800,   1.818
202605010106,   1.008,   1.718,9999.000,9999.000,9999.000,9999.000,9999.000,9999.000,9999.000
202605010112,   0.989,   1.659,9999.000,9999.000,9999.000,9999.000,9999.000,9999.000,9999.000
202605010118,   0.969,   1.630,9999.000,9999.000,9999.000,9999.000,9999.000,9999.000,9999.000
202605010124,   0.948,   1.600,9999.000,9999.000,9999.000,9999.000,9999.000,9999.000,9999.000
202605010130,   0.927,   1.528,9999.000,9999.000,9999.000,9999.000,9999.000,9999.000,9999.000
202605010136,   0.905,   1.508,9999.000,9999.000,9999.000,9999.000,9999.000,9999.000,9999.000
202605010142,   0.883,   1.459,9999.000,9999.000,9999.000,9999.000,9999.000,9999.000,9999.000
202605010148,   0.860,   1.400,9999.000,9999.000,9999.000,9999.000,9999.000,9999.000,9999.000
202605010154,   0.838,   1.361,9999.000,9999.000,9999.000,9999.000,9999.000,9999.000,9999.000
202605010200,   0.815,   1.328,   0.700,  -0.187,   1.328,   0.700,   1.328,   0.800,   1.428
202605010206,   0.792,   1.308,9999.000,9999.000,9999.000,9999.000,9999.000,9999.000,9999.000
202605010212,   0.768,   1.279,9999.000,9999.000,9999.000,9999.000,9999.000,9999.000,9999.000
202605010218,   0.745,   1.289,9999.000,9999.000,9999.000,9999.000,9999.000,9999.000,9999.000
202605010224,   0.722,   1.269,9999.000,9999.000,9999.000,9999.000,9999.000,9999.000,9999.000
202605010230,   0.698,   1.249,9999.000,9999.000,9999.000,9999.000,9999.000,9999.000,9999.000
202605010236,   0.675,   1.210,9999.000,9999.000,9999.000,9999.000,9999.000,9999.000,9999.000
202605010242,   0.652,   1.190,9999.000,9999.000,9999.000,9999.000,9999.000,9999.000,9999.000
202605010248,   0.629,   1.151,9999.000,9999.000,9999.000,9999.000,9999.000,9999.000,9999.000
202605010254,   0.607,   1.128,9999.000,9999.000,9999.000,9999.000,9999.000,9999.000,9999.000
202605010300,   0.585,   1.108,   0.700,  -0.177,   1.108,   0.600,   1.008,   0.700,   1.108
202605010306,   0.563,   1.088,9999.000,9999.000,9999.000,9999.000,9999.000,9999.000,9999.000
202605010312,   0.541,   1.069,9999.000,9999.000,9999.000,9999.000,9999.000,9999.000,9999.000
202605010318,   0.520,   1.049,9999.000,9999.000,9999.000,9999.000,9999.000,9999.000,9999.000
202605010324,   0.500,   1.039,9999.000,9999.000,9999.000,9999.000,9999.000,9999.000,9999.000
202605010330,   0.480,   1.029,9999.000,9999.000,9999.000,9999.000,9999.000,9999.000,9999.000
202605010336,   0.461,   1.010,9999.000,9999.000,9999.000,9999.000,9999.000,9999.000,9999.000
202605010342,   0.443,   1.010,9999.000,9999.000,9999.000,9999.000,9999.000,9999.000,9999.000
202605010348,   0.426,   0.990,9999.000,9999.000,9999.000,9999.000,9999.000,9999.000,9999.000
202605010354,   0.409,   0.970,9999.000,9999.000,9999.000,9999.000,9999.000,9999.000,9999.000
202605010400,   0.394,   0.941,   0.700,  -0.153,   0.941,   0.600,   0.841,   0.700,   0.941
202605010406,   0.379,   0.941,9999.000,9999.000,9999.000,9999.000,9999.000,9999.000,9999.000
202605010412,   0.366,   0.941,9999.000,9999.000,9999.000,9999.000,9999.000,9999.000,9999.000
202605010418,   0.354,   0.951,9999.000,9999.000,9999.000,9999.000,9999.000,9999.000,9999.000
202605010424,   0.343,   0.928,9999.000,9999.000,9999.000,9999.000,9999.000,9999.000,9999.000
202605010430,   0.333,   0.928,9999.000,9999.000,9999.000,9999.000,9999.000,9999.000,9999.000
202605010436,   0.325,   0.908,9999.000,9999.000,9999.000,9999.000,9999.000,9999.000,9999.000
202605010442,   0.318,   0.888,9999.000,9999.000,9999.000,9999.000,9999.000,9999.000,9999.000
202605010448,   0.312,   0.908,9999.000,9999.000,9999.000,9999.000,9999.000,9999.000,9999.000
202605010454,   0.308,   0.908,9999.000,9999.000,9999.000,9999.000,9999.000,9999.000,9999.000
202605010500,   0.305,   0.898,   0.700,  -0.107,   0.898,   0.600,   0.798,   0.700,   0.898
202605010506,   0.304,   0.898,9999.000,9999.000,9999.000,9999.000,9999.000,9999.000,9999.000
202605010512,   0.305,   0.898,9999.000,9999.000,9999.000,9999.000,9999.000,9999.000,9999.000
202605010518,   0.307,   0.908,9999.000,9999.000,9999.000,9999.000,9999.000,9999.000,9999.000
202605010524,   0.311,   0.908,9999.000,9999.000,9999.000,9999.000,9999.000,9999.000,9999.000
202605010530,   0.317,   0.898,9999.000,9999.000,9999.000,9999.000,9999.000,9999.000,9999.000
202605010536,   0.324,   0.908,9999.000,9999.000,9999.000,9999.000,9999.000,9999.000,9999.000
202605010542,   0.333,   0.918,9999.000,9999.000,9999.000,9999.000,9999.000,9999.000,9999.000
202605010548,   0.343,   0.928,9999.000,9999.000,9999.000,9999.000,9999.000,9999.000,9999.000
202605010554,   0.355,   0.941,9999.000,9999.000,9999.000,9999.000,9999.000,9999.000,9999.000
202605010600,   0.369,   0.941,   0.700,  -0.128,   0.941,   0.600,   0.841,   0.700,   0.941
202605010606,   0.384,   0.941,9999.000,9999.000,9999.000,9999.000,9999.000,9999.000,9999.000
202605010612,   0.401,   0.951,9999.000,9999.000,9999.000,9999.000,9999.000,9999.000,9999.000
202605010618,   0.420,   0.951,9999.000,9999.000,9999.000,9999.000,9999.000,9999.000,9999.000
202605010624,   0.440,   0.970,9999.000,9999.000,9999.000,9999.000,9999.000,9999.000,9999.000
202605010630,   0.461,   0.990,9999.000,9999.000,9999.000,9999.000,9999.000,9999.000,9999.000
202605010636,   0.484,   1.020,9999.000,9999.000,9999.000,9999.000,9999.000,9999.000,9999.000
202605010642,   0.509,   1.029,9999.000,9999.000,9999.000,9999.000,9999.000,9999.000,9999.000
202605010648,   0.534,   1.049,9999.000,9999.000,9999.000,9999.000,9999.000,9999.000,9999.000
202605010654,   0.561,   1.069,9999.000,9999.000,9999.000,9999.000,9999.000,9999.000,9999.000
202605010700,   0.590,   1.069,   0.700,  -0.221,   1.069,   0.600,   0.969,   0.700,   1.069
202605010706,   0.619,   1.108,9999.000,9999.000,9999.000,9999.000,9999.000,9999.000,9999.000
202605010712,   0.649,   1.138,9999.000,9999.000,9999.000,9999.000,9999.000,9999.000,9999.000
202605010718,   0.680,   1.170,9999.000,9999.000,9999.000,9999.000,9999.000,9999.000,9999.000
202605010724,   0.713,   1.200,9999.000,9999.000,9999.000,9999.000,9999.000,9999.000,9999.000
202605010730,   0.746,   1.220,9999.000,9999.000,9999.000,9999.000,9999.000,9999.000,9999.000
202605010736,   0.780,   1.229,9999.000,9999.000,9999.000,9999.000,9999.000,9999.000,9999.000
202605010742,   0.814,   1.259,9999.000,9999.000,9999.000,9999.000,9999.000,9999.000,9999.000
202605010748,   0.849,   1.289,9999.000,9999.000,9999.000,9999.000,9999.000,9999.000,9999.000
202605010754,   0.885,   1.318,9999.000,9999.000,9999.000,9999.000,9999.000,9999.000,9999.000
202605010800,   0.921,   1.338,   0.700,  -0.283,   1.338,   0.600,   1.238,   0.700,   1.338
202605010806,   0.957,   1.371,9999.000,9999.000,9999.000,9999.000,9999.000,9999.000,9999.000
202605010812,   0.994,   1.400,9999.000,9999.000,9999.000,9999.000,9999.000,9999.000,9999.000
202605010818,   1.031,   1.410,9999.000,9999.000,9999.000,9999.000,9999.000,9999.000,9999.000
202605010824,   1.068,   1.439,9999.000,9999.000,9999.000,9999.000,9999.000,9999.000,9999.000
202605010830,   1.105,   1.469,9999.000,9999.000,9999.000,9999.000,9999.000,9999.000,9999.000
202605010836,   1.142,   1.498,9999.000,9999.000,9999.000,9999.000,9999.000,9999.000,9999.000
202605010842,   1.179,   1.528,9999.000,9999.000,9999.000,9999.000,9999.000,9999.000,9999.000
202605010848,   1.215,   1.548,9999.000,9999.000,9999.000,9999.000,9999.000,9999.000,9999.000
202605010854,   1.251,   1.580,9999.000,9999.000,9999.000,9999.000,9999.000,9999.000,9999.000
202605010900,   1.287,   1.620,   0.700,  -0.367,   1.620,   0.600,   1.520,   0.700,   1.620
202605010906,   1.322,   1.630,9999.000,9999.000,9999.000,9999.000,9999.000,9999.000,9999.000
202605010912,   1.357,   1.639,9999.000,9999.000,9999.000,9999.000,9999.000,9999.000,9999.000
202605010918,   1.391,   1.689,9999.000,9999.000,9999.000,9999.000,9999.000,9999.000,9999.000
202605010924,   1.424,   1.718,9999.000,9999.000,9999.000,9999.000,9999.000,9999.000,9999.000
202605010930,   1.457,   1.748,9999.000,9999.000,9999.000,9999.000,9999.000,9999.000,9999.000
202605010936,   1.488,   1.767,9999.000,9999.000,9999.000,9999.000,9999.000,9999.000,9999.000
202605010942,   1.519,   1.800,9999.000,9999.000,9999.000,9999.000,9999.000,9999.000,9999.000
202605010948,   1.549,   1.820,9999.000,9999.000,9999.000,9999.000,9999.000,9999.000,9999.000
202605010954,   1.577,   1.849,9999.000,9999.000,9999.000,9999.000,9999.000,9999.000,9999.000
202605011000,   1.604,   1.859,   0.700,  -0.445,   1.859,   0.600,   1.759,   0.700,   1.859
202605011006,   1.631,   1.879,9999.000,9999.000,9999.000,9999.000,9999.000,9999.000,9999.000
202605011012,   1.655,   1.908,9999.000,9999.000,9999.000,9999.000,9999.000,9999.000,9999.000
202605011018,   1.679,   1.918,9999.000,9999.000,9999.000,9999.000,9999.000,9999.000,9999.000
202605011024,   1.701,   1.928,9999.000,9999.000,9999.000,9999.000,9999.000,9999.000,9999.000
202605011030,   1.721,   1.958,9999.000,9999.000,9999.000,9999.000,9999.000,9999.000,9999.000
202605011036,   1.740,   1.967,9999.000,9999.000,9999.000,9999.000,9999.000,9999.000,9999.000
202605011042,   1.758,   1.990,9999.000,9999.000,9999.000,9999.000,9999.000,9999.000,9999.000
202605011048,   1.774,   1.990,9999.000,9999.000,9999.000,9999.000,9999.000,9999.000,9999.000
202605011054,   1.788,   2.010,9999.000,9999.000,9999.000,9999.000,9999.000,9999.000,9999.000
202605011100,   1.801,   2.000,   0.700,  -0.501,   2.000,   0.600,   1.900,   0.700,   2.000
202605011106,   1.812,   2.010,9999.000,9999.000,9999.000,9999.000,9999.000,9999.000,9999.000
202605011112,   1.821,   2.020,9999.000,9999.000,9999.000,9999.000,9999.000,9999.000,9999.000
202605011118,   1.828,   2.030,9999.000,9999.000,9999.000,9999.000,9999.000,9999.000,9999.000
202605011124,   1.834,   2.030,9999.000,9999.000,9999.000,9999.000,9999.000,9999.000,9999.000
202605011130,   1.838,   2.030,9999.000,9999.000,9999.000,9999.000,9999.000,9999.000,9999.000
202605011136,   1.840,   2.030,9999.000,9999.000,9999.000,9999.000,9999.000,9999.000,9999.000
202605011142,   1.841,   2.020,9999.000,9999.000,9999.000,9999.000,9999.000,9999.000,9999.000
202605011148,   1.840,   2.020,9999.000,9999.000,9999.000,9999.000,9999.000,9999.000,9999.000
202605011154,   1.837,   2.010,9999.000,9999.000,9999.000,9999.000,9999.000,9999.000,9999.000
202605011200,   1.833,   2.000,   0.700,  -0.533,   2.000,   0.600,   1.900,   0.700,   2.000
202605011206,   1.827,   2.000,9999.000,9999.000,9999.000,9999.000,9999.000,9999.000,9999.000
202605011212,   1.819,   2.000,9999.000,9999.000,9999.000,9999.000,9999.000,9999.000,9999.000
202605011218,   1.810,   1.981,9999.000,9999.000,9999.000,9999.000,9999.000,9999.000,9999.000
202605011224,   1.799,   1.967,9999.000,9999.000,9999.000,9999.000,9999.000,9999.000,9999.000
202605011230,   1.786,   1.958,9999.000,9999.000,9999.000,9999.000,9999.000,9999.000,9999.000
202605011236,   1.773,   1.948,9999.000,9999.000,9999.000,9999.000,9999.000,9999.000,9999.000
202605011242,   1.757,   1.928,9999.000,9999.000,9999.000,9999.000,9999.000,9999.000,9999.000
202605011248,   1.741,   1.918,9999.000,9999.000,9999.000,9999.000,9999.000,9999.000,9999.000
202605011254,   1.723,   1.899,9999.000,9999.000,9999.000,9999.000,9999.000,9999.000,9999.000
202605011300,   1.704,   1.889,   0.700,  -0.515,   1.889,   0.600,   1.789,   0.800,   1.989
202605011306,   1.683,   1.869,9999.000,9999.000,9999.000,9999.000,9999.000,9999.000,9999.000
202605011312,   1.662,   1.840,9999.000,9999.000,9999.000,9999.000,9999.000,9999.000,9999.000
202605011318,   1.639,   1.840,9999.000,9999.000,9999.000,9999.000,9999.000,9999.000,9999.000
202605011324,   1.615,   1.820,9999.000,9999.000,9999.000,9999.000,9999.000,9999.000,9999.000
202605011330,   1.590,   1.790,9999.000,9999.000,9999.000,9999.000,9999.000,9999.000,9999.000
202605011336,   1.564,   1.781,9999.000,9999.000,9999.000,9999.000,9999.000,9999.000,9999.000
202605011342,   1.538,   1.748,9999.000,9999.000,9999.000,9999.000,9999.000,9999.000,9999.000
202605011348,   1.510,   1.728,9999.000,9999.000,9999.000,9999.000,9999.000,9999.000,9999.000
202605011354,   1.482,   1.708,9999.000,9999.000,9999.000,9999.000,9999.000,9999.000,9999.000
202605011400,   1.452,   1.679,   0.700,  -0.473,   1.679,   0.600,   1.579,   0.800,   1.779
202605011406,   1.423,   1.649,9999.000,9999.000,9999.000,9999.000,9999.000,9999.000,9999.000
202605011412,   1.392,   1.620,9999.000,9999.000,9999.000,9999.000,9999.000,9999.000,9999.000
202605011418,   1.361,   1.600,9999.000,9999.000,9999.000,9999.000,9999.000,9999.000,9999.000
202605011424,   1.329,   1.571,9999.000,9999.000,9999.000,9999.000,9999.000,9999.000,9999.000
202605011430,   1.297,   1.538,9999.000,9999.000,9999.000,9999.000,9999.000,9999.000,9999.000
202605011436,   1.265,   1.518,9999.000,9999.000,9999.000,9999.000,9999.000,9999.000,9999.000
202605011442,   1.232,   1.489,9999.000,9999.000,9999.000,9999.000,9999.000,9999.000,9999.000
202605011448,   1.198,   1.469,9999.000,9999.000,9999.000,9999.000,9999.000,9999.000,9999.000
202605011454,   1.165,   1.449,9999.000,9999.000,9999.000,9999.000,9999.000,9999.000,9999.000
202605011500,   1.131,   1.420,   0.700,  -0.411,   1.420,   0.600,   1.320,   0.800,   1.520
202605011506,   1.097,   1.390,9999.000,9999.000,9999.000,9999.000,9999.000,9999.000,9999.000
202605011512,   1.063,   1.348,9999.000,9999.000,9999.000,9999.000,9999.000,9999.000,9999.000
202605011518,   1.029,   1.318,9999.000,9999.000,9999.000,9999.000,9999.000,9999.000,9999.000
202605011524,   0.995,   1.298,9999.000,9999.000,9999.000,9999.000,9999.000,9999.000,9999.000
202605011530,   0.961,   1.269,9999.000,9999.000,9999.000,9999.000,9999.000,9999.000,9999.000
202605011536,   0.927,   1.239,9999.000,9999.000,9999.000,9999.000,9999.000,9999.000,9999.000
202605011542,   0.893,   1.220,9999.000,9999.000,9999.000,9999.000,9999.000,9999.000,9999.000
202605011548,   0.859,   1.190,9999.000,9999.000,9999.000,9999.000,9999.000,9999.000,9999.000
202605011554,   0.826,   1.170,9999.000,9999.000,9999.000,9999.000,9999.000,9999.000,9999.000
202605011600,   0.793,   1.151,   0.700,  -0.342,   1.151,   0.600,   1.051,   0.800,   1.251
202605011606,   0.761,   1.118,9999.000,9999.000,9999.000,9999.000,9999.000,9999.000,9999.000
202605011612,   0.730,   1.088,9999.000,9999.000,9999.000,9999.000,9999.000,9999.000,9999.000
202605011618,   0.698,   1.059,9999.000,9999.000,9999.000,9999.000,9999.000,9999.000,9999.000
202605011624,   0.668,   1.029,9999.000,9999.000,9999.000,9999.000,9999.000,9999.000,9999.000
202605011630,   0.639,   1.010,9999.000,9999.000,9999.000,9999.000,9999.000,9999.000,9999.000
202605011636,   0.610,   0.980,9999.000,9999.000,9999.000,9999.000,9999.000,9999.000,9999.000
202605011642,   0.582,   0.941,9999.000,9999.000,9999.000,9999.000,9999.000,9999.000,9999.000
202605011648,   0.555,   0.928,9999.000,9999.000,9999.000,9999.000,9999.000,9999.000,9999.000
202605011654,   0.529,   0.898,9999.000,9999.000,9999.000,9999.000,9999.000,9999.000,9999.000
202605011700,   0.505,   0.869,   0.700,  -0.336,   0.869,   0.600,   0.769,   0.800,   0.969
202605011706,   0.481,   0.849,9999.000,9999.000,9999.000,9999.000,9999.000,9999.000,9999.000
202605011712,   0.459,   0.849,9999.000,9999.000,9999.000,9999.000,9999.000,9999.000,9999.000
202605011718,   0.438,   0.829,9999.000,9999.000,9999.000,9999.000,9999.000,9999.000,9999.000
202605011724,   0.419,   0.810,9999.000,9999.000,9999.000,9999.000,9999.000,9999.000,9999.000
202605011730,   0.401,   0.800,9999.000,9999.000,9999.000,9999.000,9999.000,9999.000,9999.000
202605011736,   0.384,   0.780,9999.000,9999.000,9999.000,9999.000,9999.000,9999.000,9999.000
202605011742,   0.369,   0.770,9999.000,9999.000,9999.000,9999.000,9999.000,9999.000,9999.000
202605011748,   0.356,   0.760,9999.000,9999.000,9999.000,9999.000,9999.000,9999.000,9999.000
202605011754,   0.344,   0.751,9999.000,9999.000,9999.000,9999.000,9999.000,9999.000,9999.000
202605011800,   0.333,   0.731,   0.600,  -0.202,   0.731,   0.500,   0.631,   0.700,   0.831
202605011806,   0.325,   0.718,9999.000,9999.000,9999.000,9999.000,9999.000,9999.000,9999.000
202605011812,   0.318,   0.741,9999.000,9999.000,9999.000,9999.000,9999.000,9999.000,9999.000
202605011818,   0.312,   0.741,9999.000,9999.000,9999.000,9999.000,9999.000,9999.000,9999.000
202605011824,   0.308,   0.698,9999.000,9999.000,9999.000,9999.000,9999.000,9999.000,9999.000
202605011830,   0.306,   0.708,9999.000,9999.000,9999.000,9999.000,9999.000,9999.000,9999.000
202605011836,   0.306,   0.708,9999.000,9999.000,9999.000,9999.000,9999.000,9999.000,9999.000
202605011842,   0.307,   0.708,9999.000,9999.000,9999.000,9999.000,9999.000,9999.000,9999.000
202605011848,   0.310,   0.708,9999.000,9999.000,9999.000,9999.000,9999.000,9999.000,9999.000
202605011854,   0.314,   0.708,9999.000,9999.000,9999.000,9999.000,9999.000,9999.000,9999.000
202605011900,   0.320,   0.718,   0.600,  -0.202,   0.718,   0.600,   0.718,   0.700,   0.818
202605011906,   0.327,   0.731,9999.000,9999.000,9999.000,9999.000,9999.000,9999.000,9999.000
202605011912,   0.336,   0.731,9999.000,9999.000,9999.000,9999.000,9999.000,9999.000,9999.000
202605011918,   0.346,   0.760,9999.000,9999.000,9999.000,9999.000,9999.000,9999.000,9999.000
202605011924,   0.358,   0.790,9999.000,9999.000,9999.000,9999.000,9999.000,9999.000,9999.000
202605011930,   0.371,   0.800,9999.000,9999.000,9999.000,9999.000,9999.000,9999.000,9999.000
202605011936,   0.385,   0.800,9999.000,9999.000,9999.000,9999.000,9999.000,9999.000,9999.000
202605011942,   0.401,   0.839,9999.000,9999.000,9999.000,9999.000,9999.000,9999.000,9999.000
202605011948,   0.418,   0.879,9999.000,9999.000,9999.000,9999.000,9999.000,9999.000,9999.000
202605011954,   0.435,   0.898,9999.000,9999.000,9999.000,9999.000,9999.000,9999.000,9999.000
202605012000,   0.454,   0.908,   0.600,  -0.146,   0.908,   0.600,   0.908,   0.700,   1.008
202605012006,   0.474,   0.951,9999.000,9999.000,9999.000,9999.000,9999.000,9999.000,9999.000
202605012012,   0.494,   0.970,9999.000,9999.000,9999.000,9999.000,9999.000,9999.000,9999.000
202605012018,   0.515,   0.990,9999.000,9999.000,9999.000,9999.000,9999.000,9999.000,9999.000
202605012024,   0.537,   1.010,9999.000,9999.000,9999.000,9999.000,9999.000,9999.000,9999.000
202605012030,   0.560,   1.059,9999.000,9999.000,9999.000,9999.000,9999.000,9999.000,9999.000
202605012036,   0.583,   1.088,9999.000,9999.000,9999.000,9999.000,9999.000,9999.000,9999.000
202605012042,   0.607,   1.108,9999.000,9999.000,9999.000,9999.000,9999.000,9999.000,9999.000
202605012048,   0.631,   1.151,9999.000,9999.000,9999.000,9999.000,9999.000,9999.000,9999.000
202605012054,   0.656,   1.190,9999.000,9999.000,9999.000,9999.000,9999.000,9999.000,9999.000
202605012100,   0.681,   1.229,   0.600,  -0.052,   1.229,   0.600,   1.229,   0.700,   1.329
202605012106,   0.706,   1.269,9999.000,9999.000,9999.000,9999.000,9999.000,9999.000,9999.000
202605012112,   0.731,   1.298,9999.000,9999.000,9999.000,9999.000,9999.000,9999.000,9999.000
202605012118,   0.756,   1.328,9999.000,9999.000,9999.000,9999.000,9999.000,9999.000,9999.000
202605012124,   0.781,   1.371,9999.000,9999.000,9999.000,9999.000,9999.000,9999.000,9999.000
202605012130,   0.806,   1.400,9999.000,9999.000,9999.000,9999.000,9999.000,9999.000,9999.000
202605012136,   0.830,   1.439,9999.000,9999.000,9999.000,9999.000,9999.000,9999.000,9999.000
202605012142,   0.854,   1.459,9999.000,9999.000,9999.000,9999.000,9999.000,9999.000,9999.000
202605012148,   0.878,   1.489,9999.000,9999.000,9999.000,9999.000,9999.000,9999.000,9999.000
202605012154,   0.902,   1.528,9999.000,9999.000,9999.000,9999.000,9999.000,9999.000,9999.000
202605012200,   0.925,   1.557,   0.700,  -0.068,   1.557,   0.600,   1.457,   0.700,   1.557
202605012206,   0.947,   1.600,9999.000,9999.000,9999.000,9999.000,9999.000,9999.000,9999.000
202605012212,   0.969,   1.610,9999.000,9999.000,9999.000,9999.000,9999.000,9999.000,9999.000
202605012218,   0.990,   1.630,9999.000,9999.000,9999.000,9999.000,9999.000,9999.000,9999.000
202605012224,   1.010,   1.679,9999.000,9999.000,9999.000,9999.000,9999.000,9999.000,9999.000
202605012230,   1.029,   1.699,9999.000,9999.000,9999.000,9999.000,9999.000,9999.000,9999.000
202605012236,   1.047,   1.728,9999.000,9999.000,9999.000,9999.000,9999.000,9999.000,9999.000
202605012242,   1.065,   1.748,9999.000,9999.000,9999.000,9999.000,9999.000,9999.000,9999.000
202605012248,   1.081,   1.781,9999.000,9999.000,9999.000,9999.000,9999.000,9999.000,9999.000
202605012254,   1.096,   1.800,9999.000,9999.000,9999.000,9999.000,9999.000,9999.000,9999.000
202605012300,   1.110,   1.840,   0.700,   0.030,   1.840,   0.700,   1.840,   0.700,   1.840
202605012306,   1.122,   1.869,9999.000,9999.000,9999.000,9999.000,9999.000,9999.000,9999.000
202605012312,   1.134,   1.899,9999.000,9999.000,9999.000,9999.000,9999.000,9999.000,9999.000
202605012318,   1.144,   1.918,9999.000,9999.000,9999.000,9999.000,9999.000,9999.000,9999.000
202605012324,   1.153,   1.938,9999.000,9999.000,9999.000,9999.000,9999.000,9999.000,9999.000
202605012330,   1.160,   1.958,9999.000,9999.000,9999.000,9999.000,9999.000,9999.000,9999.000
202605012336,   1.166,   1.958,9999.000,9999.000,9999.000,9999.000,9999.000,9999.000,9999.000
202605012342,   1.171,   1.958,9999.000,9999.000,9999.000,9999.000,9999.000,9999.000,9999.000
202605012348,   1.174,   1.981,9999.000,9999.000,9999.000,9999.000,9999.000,9999.000,9999.000
202605012354,   1.176,   2.000,9999.000,9999.000,9999.000,9999.000,9999.000,9999.000,9999.000
202605020000,   1.177,   2.000,   0.700,   0.123,   2.000,   0.700,   2.000,   0.800,   2.100
202605020006,   1.176,9999.000,9999.000,9999.000,9999.000,9999.000,9999.000,9999.000,9999.000
202605020012,   1.174,9999.000,9999.000,9999.000,9999.000,9999.000,9999.000,9999.000,9999.000
202605020018,   1.170,9999.000,9999.000,9999.000,9999.000,9999.000,9999.000,9999.000,9999.000
202605020024,   1.165,9999.000,9999.000,9999.000,9999.000,9999.000,9999.000,9999.000,9999.000
202605020030,   1.159,9999.000,9999.000,9999.000,9999.000,9999.000,9999.000,9999.000,9999.000
202605020036,   1.152,9999.000,9999.000,9999.000,9999.000,9999.000,9999.000,9999.000,9999.000
202605020042,   1.143,9999.000,9999.000,9999.000,9999.000,9999.000,9999.000,9999.000,9999.000
202605020048,   1.133,9999.000,9999.000,9999.000,9999.000,9999.000,9999.000,9999.000,9999.000
202605020054,   1.122,9999.000,9999.000,9999.000,9999.000,9999.000,9999.000,9999.000,9999.000
202605020100,   1.110,9999.000,   0.700,   0.121,   1.931,   0.700,   1.931,   0.800,   2.031
202605020106,   1.097,9999.000,9999.000,9999.000,9999.000,9999.000,9999.000,9999.000,9999.000
202605020112,   1.082,9999.000,9999.000,9999.000,9999.000,9999.000,9999.000,9999.000,9999.000
202605020118,   1.067,9999.000,9999.000,9999.000,9999.000,9999.000,9999.000,9999.000,9999.000
202605020124,   1.051,9999.000,9999.000,9999.000,9999.000,9999.000,9999.000,9999.000,9999.000
202605020130,   1.034,9999.000,9999.000,9999.000,9999.000,9999.000,9999.000,9999.000,9999.000
202605020136,   1.017,9999.000,9999.000,9999.000,9999.000,9999.000,9999.000,9999.000,9999.000
202605020142,   0.998,9999.000,9999.000,9999.000,9999.000,9999.000,9999.000,9999.000,9999.000
202605020148,   0.979,9999.000,9999.000,9999.000,9999.000,9999.000,9999.000,9999.000,9999.000
202605020154,   0.959,9999.000,9999.000,9999.000,9999.000,9999.000,9999.000,9999.000,9999.000
202605020200,   0.939,9999.000,   0.800,   0.120,   1.859,   0.700,   1.759,   0.800,   1.859
202605020206,   0.919,9999.000,9999.000,9999.000,9999.000,9999.000,9999.000,9999.000,9999.000
202605020212,   0.897,9999.000,9999.000,9999.000,9999.000,9999.000,9999.000,9999.000,9999.000
202605020218,   0.876,9999.000,9999.000,9999.000,9999.000,9999.000,9999.000,9999.000,9999.000
202605020224,   0.854,9999.000,9999.000,9999.000,9999.000,9999.000,9999.000,9999.000,9999.000
202605020230,   0.832,9999.000,9999.000,9999.000,9999.000,9999.000,9999.000,9999.000,9999.000
202605020236,   0.810,9999.000,9999.000,9999.000,9999.000,9999.000,9999.000,9999.000,9999.000
202605020242,   0.788,9999.000,9999.000,9999.000,9999.000,9999.000,9999.000,9999.000,9999.000
202605020248,   0.765,9999.000,9999.000,9999.000,9999.000,9999.000,9999.000,9999.000,9999.000
202605020254,   0.743,9999.000,9999.000,9999.000,9999.000,9999.000,9999.000,9999.000,9999.000
202605020300,   0.720,9999.000,   0.800,   0.118,   1.638,   0.800,   1.638,   0.900,   1.738
202605020306,   0.698,9999.000,9999.000,9999.000,9999.000,9999.000,9999.000,9999.000,9999.000
202605020312,   0.676,9999.000,9999.000,9999.000,9999.000,9999.000,9999.000,9999.000,9999.000
202605020318,   0.654,9999.000,9999.000,9999.000,9999.000,9999.000,9999.000,9999.000,9999.000
202605020324,   0.632,9999.000,9999.000,9999.000,9999.000,9999.000,9999.000,9999.000,9999.000
202605020330,   0.610,9999.000,9999.000,9999.000,9999.000,9999.000,9999.000,9999.000,9999.000
202605020336,   0.589,9999.000,9999.000,9999.000,9999.000,9999.000,9999.000,9999.000,9999.000
202605020342,   0.569,9999.000,9999.000,9999.000,9999.000,9999.000,9999.000,9999.000,9999.000
202605020348,   0.548,9999.000,9999.000,9999.000,9999.000,9999.000,9999.000,9999.000,9999.000
202605020354,   0.529,9999.000,9999.000,9999.000,9999.000,9999.000,9999.000,9999.000,9999.000
202605020400,   0.510,9999.000,   0.800,   0.117,   1.427,   0.800,   1.427,   0.900,   1.527
202605020406,   0.491,9999.000,9999.000,9999.000,9999.000,9999.000,9999.000,9999.000,9999.000
202605020412,   0.473,9999.000,9999.000,9999.000,9999.000,9999.000,9999.000,9999.000,9999.000
202605020418,   0.456,9999.000,9999.000,9999.000,9999.000,9999.000,9999.000,9999.000,9999.000
202605020424,   0.440,9999.000,9999.000,9999.000,9999.000,9999.000,9999.000,9999.000,9999.000
202605020430,   0.425,9999.000,9999.000,9999.000,9999.000,9999.000,9999.000,9999.000,9999.000
202605020436,   0.411,9999.000,9999.000,9999.000,9999.000,9999.000,9999.000,9999.000,9999.000
202605020442,   0.397,9999.000,9999.000,9999.000,9999.000,9999.000,9999.000,9999.000,9999.000
202605020448,   0.385,9999.000,9999.000,9999.000,9999.000,9999.000,9999.000,9999.000,9999.000
202605020454,   0.374,9999.000,9999.000,9999.000,9999.000,9999.000,9999.000,9999.000,9999.000
202605020500,   0.364,9999.000,   0.900,   0.115,   1.379,   0.800,   1.279,   0.900,   1.379
202605020506,   0.355,9999.000,9999.000,9999.000,9999.000,9999.000,9999.000,9999.000,9999.000
202605020512,   0.348,9999.000,9999.000,9999.000,9999.000,9999.000,9999.000,9999.000,9999.000
202605020518,   0.341,9999.000,9999.000,9999.000,9999.000,9999.000,9999.000,9999.000,9999.000
202605020524,   0.337,9999.000,9999.000,9999.000,9999.000,9999.000,9999.000,9999.000,9999.000
202605020530,   0.333,9999.000,9999.000,9999.000,9999.000,9999.000,9999.000,9999.000,9999.000
202605020536,   0.331,9999.000,9999.000,9999.000,9999.000,9999.000,9999.000,9999.000,9999.000
202605020542,   0.331,9999.000,9999.000,9999.000,9999.000,9999.000,9999.000,9999.000,9999.000
202605020548,   0.332,9999.000,9999.000,9999.000,9999.000,9999.000,9999.000,9999.000,9999.000
202605020554,   0.334,9999.000,9999.000,9999.000,9999.000,9999.000,9999.000,9999.000,9999.000
202605020600,   0.339,9999.000,   0.900,   0.114,   1.353,   0.800,   1.253,   1.000,   1.453
202605020606,   0.344,9999.000,9999.000,9999.000,9999.000,9999.000,9999.000,9999.000,9999.000
202605020612,   0.352,9999.000,9999.000,9999.000,9999.000,9999.000,9999.000,9999.000,9999.000
202605020618,   0.361,9999.000,9999.000,9999.000,9999.000,9999.000,9999.000,9999.000,9999.000
202605020624,   0.371,9999.000,9999.000,9999.000,9999.000,9999.000,9999.000,9999.000,9999.000
202605020630,   0.383,9999.000,9999.000,9999.000,9999.000,9999.000,9999.000,9999.000,9999.000
202605020636,   0.397,9999.000,9999.000,9999.000,9999.000,9999.000,9999.000,9999.000,9999.000
202605020642,   0.412,9999.000,9999.000,9999.000,9999.000,9999.000,9999.000,9999.000,9999.000
202605020648,   0.429,9999.000,9999.000,9999.000,9999.000,9999.000,9999.000,9999.000,9999.000
202605020654,   0.448,9999.000,9999.000,9999.000,9999.000,9999.000,9999.000,9999.000,9999.000
202605020700,   0.467,9999.000,   0.900,   0.112,   1.479,   0.800,   1.379,   1.000,   1.579
202605020706,   0.489,9999.000,9999.000,9999.000,9999.000,9999.000,9999.000,9999.000,9999.000
202605020712,   0.511,9999.000,9999.000,9999.000,9999.000,9999.000,9999.000,9999.000,9999.000
202605020718,   0.535,9999.000,9999.000,9999.000,9999.000,9999.000,9999.000,9999.000,9999.000
202605020724,   0.560,9999.000,9999.000,9999.000,9999.000,9999.000,9999.000,9999.000,9999.000
202605020730,   0.587,9999.000,9999.000,9999.000,9999.000,9999.000,9999.000,9999.000,9999.000
202605020736,   0.614,9999.000,9999.000,9999.000,9999.000,9999.000,9999.000,9999.000,9999.000
202605020742,   0.643,9999.000,9999.000,9999.000,9999.000,9999.000,9999.000,9999.000,9999.000
202605020748,   0.673,9999.000,9999.000,9999.000,9999.000,9999.000,9999.000,9999.000,9999.000
202605020754,   0.704,9999.000,9999.000,9999.000,9999.000,9999.000,9999.000,9999.000,9999.000
202605020800,   0.735,9999.000,   0.900,   0.111,   1.746,   0.800,   1.646,   1.000,   1.846
202605020806,   0.767,9999.000,9999.000,9999.000,9999.000,9999.000,9999.000,9999.000,9999.000
202605020812,   0.801,9999.000,9999.000,9999.000,9999.000,9999.000,9999.000,9999.000,9999.000
202605020818,   0.834,9999.000,9999.000,9999.000,9999.000,9999.000,9999.000,9999.000,9999.000
202605020824,   0.869,9999.000,9999.000,9999.000,9999.000,9999.000,9999.000,9999.000,9999.000
202605020830,   0.903,9999.000,9999.000,9999.000,9999.000,9999.000,9999.000,9999.000,9999.000
202605020836,   0.938,9999.000,9999.000,9999.000,9999.000,9999.000,9999.000,9999.000,9999.000
202605020842,   0.974,9999.000,9999.000,9999.000,9999.000,9999.000,9999.000,9999.000,9999.000
202605020848,   1.010,9999.000,9999.000,9999.000,9999.000,9999.000,9999.000,9999.000,9999.000
202605020854,   1.045,9999.000,9999.000,9999.000,9999.000,9999.000,9999.000,9999.000,9999.000
202605020900,   1.081,9999.000,   0.900,   0.109,   2.090,   0.800,   1.990,   1.000,   2.190
202605020906,   1.117,9999.000,9999.000,9999.000,9999.000,9999.000,9999.000,9999.000,9999.000
202605020912,   1.153,9999.000,9999.000,9999.000,9999.000,9999.000,9999.000,9999.000,9999.000
202605020918,   1.189,9999.000,9999.000,9999.000,9999.000,9999.000,9999.000,9999.000,9999.000
202605020924,   1.224,9999.000,9999.000,9999.000,9999.000,9999.000,9999.000,9999.000,9999.000
202605020930,   1.259,9999.000,9999.000,9999.000,9999.000,9999.000,9999.000,9999.000,9999.000
202605020936,   1.293,9999.000,9999.000,9999.000,9999.000,9999.000,9999.000,9999.000,9999.000
202605020942,   1.328,9999.000,9999.000,9999.000,9999.000,9999.000,9999.000,9999.000,9999.000
202605020948,   1.361,9999.000,9999.000,9999.000,9999.000,9999.000,9999.000,9999.000,9999.000
202605020954,   1.394,9999.000,9999.000,9999.000,9999.000,9999.000,9999.000,9999.000,9999.000
202605021000,   1.426,9999.000,   0.900,   0.108,   2.434,   0.800,   2.334,   0.900,   2.434
202605021006,   1.457,9999.000,9999.000,9999.000,9999.000,9999.000,9999.000,9999.000,9999.000
202605021012,   1.488,9999.000,9999.000,9999.000,9999.000,9999.000,9999.000,9999.000,9999.000
202605021018,   1.517,9999.000,9999.000,9999.000,9999.000,9999.000,9999.000,9999.000,9999.000
202605021024,   1.546,9999.000,9999.000,9999.000,9999.000,9999.000,9999.000,9999.000,9999.000
202605021030,   1.574,9999.000,9999.000,9999.000,9999.000,9999.000,9999.000,9999.000,9999.000
202605021036,   1.600,9999.000,9999.000,9999.000,9999.000,9999.000,9999.000,9999.000,9999.000
202605021042,   1.625,9999.000,9999.000,9999.000,9999.000,9999.000,9999.000,9999.000,9999.000
202605021048,   1.649,9999.000,9999.000,9999.000,9999.000,9999.000,9999.000,9999.000,9999.000
202605021054,   1.672,9999.000,9999.000,9999.000,9999.000,9999.000,9999.000,9999.000,9999.000
202605021100,   1.693,9999.000,   0.800,   0.106,   2.599,   0.800,   2.599,   0.900,   2.699
202605021106,   1.713,9999.000,9999.000,9999.000,9999.000,9999.000,9999.000,9999.000,9999.000
202605021112,   1.731,9999.000,9999.000,9999.000,9999.000,9999.000,9999.000,9999.000,9999.000
202605021118,   1.748,9999.000,9999.000,9999.000,9999.000,9999.000,9999.000,9999.000,9999.000
202605021124,   1.764,9999.000,9999.000,9999.000,9999.000,9999.000,9999.000,9999.000,9999.000
202605021130,   1.778,9999.000,9999.000,9999.000,9999.000,9999.000,9999.000,9999.000,9999.000
202605021136,   1.790,9999.000,9999.000,9999.000,9999.000,9999.000,9999.000,9999.000,9999.000
202605021142,   1.801,9999.000,9999.000,9999.000,9999.000,9999.000,9999.000,9999.000,9999.000
202605021148,   1.810,9999.000,9999.000,9999.000,9999.000,9999.000,9999.000,9999.000,9999.000
202605021154,   1.817,9999.000,9999.000,9999.000,9999.000,9999.000,9999.000,9999.000,9999.000
202605021200,   1.823,9999.000,   0.800,   0.105,   2.728,   0.800,   2.728,   0.900,   2.828
202605021206,   1.827,9999.000,9999.000,9999.000,9999.000,9999.000,9999.000,9999.000,9999.000
202605021212,   1.829,9999.000,9999.000,9999.000,9999.000,9999.000,9999.000,9999.000,9999.000
202605021218,   1.830,9999.000,9999.000,9999.000,9999.000,9999.000,9999.000,9999.000,9999.000
202605021224,   1.829,9999.000,9999.000,9999.000,9999.000,9999.000,9999.000,9999.000,9999.000
202605021230,   1.826,9999.000,9999.000,9999.000,9999.000,9999.000,9999.000,9999.000,9999.000
202605021236,   1.822,9999.000,9999.000,9999.000,9999.000,9999.000,9999.000,9999.000,9999.000
202605021242,   1.816,9999.000,9999.000,9999.000,9999.000,9999.000,9999.000,9999.000,9999.000
202605021248,   1.809,9999.000,9999.000,9999.000,9999.000,9999.000,9999.000,9999.000,9999.000
202605021254,   1.800,9999.000,9999.000,9999.000,9999.000,9999.000,9999.000,9999.000,9999.000
202605021300,   1.789,9999.000,   0.800,   0.105,   2.694,   0.700,   2.594,   0.800,   2.694
202605021306,   1.777,9999.000,9999.000,9999.000,9999.000,9999.000,9999.000,9999.000,9999.000
202605021312,   1.764,9999.000,9999.000,9999.000,9999.000,9999.000,9999.000,9999.000,9999.000
202605021318,   1.749,9999.000,9999.000,9999.000,9999.000,9999.000,9999.000,9999.000,9999.000
202605021324,   1.733,9999.000,9999.000,9999.000,9999.000,9999.000,9999.000,9999.000,9999.000
202605021330,   1.715,9999.000,9999.000,9999.000,9999.000,9999.000,9999.000,9999.000,9999.000
202605021336,   1.696,9999.000,9999.000,9999.000,9999.000,9999.000,9999.000,9999.000,9999.000
202605021342,   1.676,9999.000,9999.000,9999.000,9999.000,9999.000,9999.000,9999.000,9999.000
202605021348,   1.655,9999.000,9999.000,9999.000,9999.000,9999.000,9999.000,9999.000,9999.000
202605021354,   1.633,9999.000,9999.000,9999.000,9999.000,9999.000,9999.000,9999.000,9999.000
202605021400,   1.610,9999.000,   0.700,   0.105,   2.415,   0.700,   2.415,   0.800,   2.515
202605021406,   1.585,9999.000,9999.000,9999.000,9999.000,9999.000,9999.000,9999.000,9999.000
202605021412,   1.560,9999.000,9999.000,9999.000,9999.000,9999.000,9999.000,9999.000,9999.000
202605021418,   1.534,9999.000,9999.000,9999.000,9999.000,9999.000,9999.000,9999.000,9999.000
202605021424,   1.507,9999.000,9999.000,9999.000,9999.000,9999.000,9999.000,9999.000,9999.000
202605021430,   1.480,9999.000,9999.000,9999.000,9999.000,9999.000,9999.000,9999.000,9999.000
202605021436,   1.451,9999.000,9999.000,9999.000,9999.000,9999.000,9999.000,9999.000,9999.000
202605021442,   1.422,9999.000,9999.000,9999.000,9999.000,9999.000,9999.000,9999.000,9999.000
202605021448,   1.392,9999.000,9999.000,9999.000,9999.000,9999.000,9999.000,9999.000,9999.000
202605021454,   1.362,9999.000,9999.000,9999.000,9999.000,9999.000,9999.000,9999.000,9999.000
202605021500,   1.331,9999.000,   0.700,   0.105,   2.136,   0.600,   2.036,   0.700,   2.136
202605021506,   1.300,9999.000,9999.000,9999.000,9999.000,9999.000,9999.000,9999.000,9999.000
202605021512,   1.269,9999.000,9999.000,9999.000,9999.000,9999.000,9999.000,9999.000,9999.000
202605021518,   1.237,9999.000,9999.000,9999.000,9999.000,9999.000,9999.000,9999.000,9999.000
202605021524,   1.204,9999.000,9999.000,9999.000,9999.000,9999.000,9999.000,9999.000,9999.000
202605021530,   1.172,9999.000,9999.000,9999.000,9999.000,9999.000,9999.000,9999.000,9999.000
202605021536,   1.139,9999.000,9999.000,9999.000,9999.000,9999.000,9999.000,9999.000,9999.000
202605021542,   1.106,9999.000,9999.000,9999.000,9999.000,9999.000,9999.000,9999.000,9999.000
202605021548,   1.073,9999.000,9999.000,9999.000,9999.000,9999.000,9999.000,9999.000,9999.000
202605021554,   1.040,9999.000,9999.000,9999.000,9999.000,9999.000,9999.000,9999.000,9999.000
202605021600,   1.007,9999.000,   0.600,   0.105,   1.712,   0.600,   1.712,   0.700,   1.812
202605021606,   0.975,9999.000,9999.000,9999.000,9999.000,9999.000,9999.000,9999.000,9999.000
202605021612,   0.942,9999.000,9999.000,9999.000,9999.000,9999.000,9999.000,9999.000,9999.000
202605021618,   0.909,9999.000,9999.000,9999.000,9999.000,9999.000,9999.000,9999.000,9999.000
202605021624,   0.877,9999.000,9999.000,9999.000,9999.000,9999.000,9999.000,9999.000,9999.000
202605021630,   0.845,9999.000,9999.000,9999.000,9999.000,9999.000,9999.000,9999.000,9999.000
202605021636,   0.813,9999.000,9999.000,9999.000,9999.000,9999.000,9999.000,9999.000,9999.000
202605021642,   0.782,9999.000,9999.000,9999.000,9999.000,9999.000,9999.000,9999.000,9999.000
202605021648,   0.751,9999.000,9999.000,9999.000,9999.000,9999.000,9999.000,9999.000,9999.000
202605021654,   0.721,9999.000,9999.000,9999.000,9999.000,9999.000,9999.000,9999.000,9999.000
202605021700,   0.692,9999.000,   0.600,   0.105,   1.397,   0.500,   1.297,   0.700,   1.497
202605021706,   0.663,9999.000,9999.000,9999.000,9999.000,9999.000,9999.000,9999.000,9999.000
202605021712,   0.635,9999.000,9999.000,9999.000,9999.000,9999.000,9999.000,9999.000,9999.000
202605021718,   0.607,9999.000,9999.000,9999.000,9999.000,9999.000,9999.000,9999.000,9999.000
202605021724,   0.581,9999.000,9999.000,9999.000,9999.000,9999.000,9999.000,9999.000,9999.000
202605021730,   0.556,9999.000,9999.000,9999.000,9999.000,9999.000,9999.000,9999.000,9999.000
202605021736,   0.532,9999.000,9999.000,9999.000,9999.000,9999.000,9999.000,9999.000,9999.000
202605021742,   0.508,9999.000,9999.000,9999.000,9999.000,9999.000,9999.000,9999.000,9999.000
202605021748,   0.486,9999.000,9999.000,9999.000,9999.000,9999.000,9999.000,9999.000,9999.000
202605021754,   0.465,9999.000,9999.000,9999.000,9999.000,9999.000,9999.000,9999.000,9999.000
202605021800,   0.446,9999.000,   0.600,   0.105,   1.151,   0.500,   1.051,   0.600,   1.151
202605021806,   0.428,9999.000,9999.000,9999.000,9999.000,9999.000,9999.000,9999.000,9999.000
202605021812,   0.411,9999.000,9999.000,9999.000,9999.000,9999.000,9999.000,9999.000,9999.000
202605021818,   0.395,9999.000,9999.000,9999.000,9999.000,9999.000,9999.000,9999.000,9999.000
202605021824,   0.381,9999.000,9999.000,9999.000,9999.000,9999.000,9999.000,9999.000,9999.000
202605021830,   0.369,9999.000,9999.000,9999.000,9999.000,9999.000,9999.000,9999.000,9999.000
202605021836,   0.358,9999.000,9999.000,9999.000,9999.000,9999.000,9999.000,9999.000,9999.000
202605021842,   0.349,9999.000,9999.000,9999.000,9999.000,9999.000,9999.000,9999.000,9999.000
202605021848,   0.341,9999.000,9999.000,9999.000,9999.000,9999.000,9999.000,9999.000,9999.000
202605021854,   0.334,9999.000,9999.000,9999.000,9999.000,9999.000,9999.000,9999.000,9999.000
202605021900,   0.330,9999.000,   0.500,   0.105,   0.935,   0.500,   0.935,   0.600,   1.035
202605021906,   0.327,9999.000,9999.000,9999.000,9999.000,9999.000,9999.000,9999.000,9999.000
202605021912,   0.325,9999.000,9999.000,9999.000,9999.000,9999.000,9999.000,9999.000,9999.000
202605021918,   0.325,9999.000,9999.000,9999.000,9999.000,9999.000,9999.000,9999.000,9999.000
202605021924,   0.327,9999.000,9999.000,9999.000,9999.000,9999.000,9999.000,9999.000,9999.000
202605021930,   0.330,9999.000,9999.000,9999.000,9999.000,9999.000,9999.000,9999.000,9999.000
202605021936,   0.335,9999.000,9999.000,9999.000,9999.000,9999.000,9999.000,9999.000,9999.000
202605021942,   0.341,9999.000,9999.000,9999.000,9999.000,9999.000,9999.000,9999.000,9999.000
202605021948,   0.348,9999.000,9999.000,9999.000,9999.000,9999.000,9999.000,9999.000,9999.000
202605021954,   0.357,9999.000,9999.000,9999.000,9999.000,9999.000,9999.000,9999.000,9999.000
202605022000,   0.368,9999.000,   0.500,   0.105,   0.973,   0.400,   0.873,   0.600,   1.073
202605022006,   0.379,9999.000,9999.000,9999.000,9999.000,9999.000,9999.000,9999.000,9999.000
202605022012,   0.392,9999.000,9999.000,9999.000,9999.000,9999.000,9999.000,9999.000,9999.000
202605022018,   0.407,9999.000,9999.000,9999.000,9999.000,9999.000,9999.000,9999.000,9999.000
202605022024,   0.422,9999.000,9999.000,9999.000,9999.000,9999.000,9999.000,9999.000,9999.000
202605022030,   0.438,9999.000,9999.000,9999.000,9999.000,9999.000,9999.000,9999.000,9999.000
202605022036,   0.455,9999.000,9999.000,9999.000,9999.000,9999.000,9999.000,9999.000,9999.000
202605022042,   0.474,9999.000,9999.000,9999.000,9999.000,9999.000,9999.000,9999.000,9999.000
202605022048,   0.493,9999.000,9999.000,9999.000,9999.000,9999.000,9999.000,9999.000,9999.000
202605022054,   0.513,9999.000,9999.000,9999.000,9999.000,9999.000,9999.000,9999.000,9999.000
202605022100,   0.534,9999.000,   0.500,   0.105,   1.139,   0.400,   1.039,   0.600,   1.239
202605022106,   0.555,9999.000,9999.000,9999.000,9999.000,9999.000,9999.000,9999.000,9999.000
202605022112,   0.577,9999.000,9999.000,9999.000,9999.000,9999.000,9999.000,9999.000,9999.000
202605022118,   0.600,9999.000,9999.000,9999.000,9999.000,9999.000,9999.000,9999.000,9999.000
202605022124,   0.622,9999.000,9999.000,9999.000,9999.000,9999.000,9999.000,9999.000,9999.000
202605022130,   0.646,9999.000,9999.000,9999.000,9999.000,9999.000,9999.000,9999.000,9999.000
202605022136,   0.669,9999.000,9999.000,9999.000,9999.000,9999.000,9999.000,9999.000,9999.000
202605022142,   0.693,9999.000,9999.000,9999.000,9999.000,9999.000,9999.000,9999.000,9999.000
202605022148,   0.717,9999.000,9999.000,9999.000,9999.000,9999.000,9999.000,9999.000,9999.000
202605022154,   0.741,9999.000,9999.000,9999.000,9999.000,9999.000,9999.000,9999.000,9999.000
202605022200,   0.765,9999.000,   0.500,   0.105,   1.370,   0.400,   1.270,   0.600,   1.470
202605022206,   0.789,9999.000,9999.000,9999.000,9999.000,9999.000,9999.000,9999.000,9999.000
202605022212,   0.812,9999.000,9999.000,9999.000,9999.000,9999.000,9999.000,9999.000,9999.000
202605022218,   0.836,9999.000,9999.000,9999.000,9999.000,9999.000,9999.000,9999.000,9999.000
202605022224,   0.859,9999.000,9999.000,9999.000,9999.000,9999.000,9999.000,9999.000,9999.000
202605022230,   0.882,9999.000,9999.000,9999.000,9999.000,9999.000,9999.000,9999.000,9999.000
202605022236,   0.904,9999.000,9999.000,9999.000,9999.000,9999.000,9999.000,9999.000,9999.000
202605022242,   0.926,9999.000,9999.000,9999.000,9999.000,9999.000,9999.000,9999.000,9999.000
202605022248,   0.947,9999.000,9999.000,9999.000,9999.000,9999.000,9999.000,9999.000,9999.000
202605022254,   0.967,9999.000,9999.000,9999.000,9999.000,9999.000,9999.000,9999.000,9999.000
202605022300,   0.987,9999.000,   0.400,   0.105,   1.492,   0.300,   1.392,   0.500,   1.592
202605022306,   1.006,9999.000,9999.000,9999.000,9999.000,9999.000,9999.000,9999.000,9999.000
202605022312,   1.024,9999.000,9999.000,9999.000,9999.000,9999.000,9999.000,9999.000,9999.000
202605022318,   1.041,9999.000,9999.000,9999.000,9999.000,9999.000,9999.000,9999.000,9999.000
202605022324,   1.057,9999.000,9999.000,9999.000,9999.000,9999.000,9999.000,9999.000,9999.000
202605022330,   1.072,9999.000,9999.000,9999.000,9999.000,9999.000,9999.000,9999.000,9999.000
202605022336,   1.086,9999.000,9999.000,9999.000,9999.000,9999.000,9999.000,9999.000,9999.000
202605022342,   1.099,9999.000,9999.000,9999.000,9999.000,9999.000,9999.000,9999.000,9999.000
202605022348,   1.111,9999.000,9999.000,9999.000,9999.000,9999.000,9999.000,9999.000,9999.000
202605022354,   1.121,9999.000,9999.000,9999.000,9999.000,9999.000,9999.000,9999.000,9999.000
202605030000,   1.131,9999.000,   0.400,   0.105,   1.636,   0.300,   1.536,   0.500,   1.736
202605030006,   1.139,9999.000,9999.000,9999.000,9999.000,9999.000,9999.000,9999.000,9999.000
202605030012,   1.145,9999.000,9999.000,9999.000,9999.000,9999.000,9999.000,9999.000,9999.000
202605030018,   1.151,9999.000,9999.000,9999.000,9999.000,9999.000,9999.000,9999.000,9999.000
202605030024,   1.155,9999.000,9999.000,9999.000,9999.000,9999.000,9999.000,9999.000,9999.000
202605030030,   1.158,9999.000,9999.000,9999.000,9999.000,9999.000,9999.000,9999.000,9999.000
202605030036,   1.159,9999.000,9999.000,9999.000,9999.000,9999.000,9999.000,9999.000,9999.000
202605030042,   1.159,9999.000,9999.000,9999.000,9999.000,9999.000,9999.000,9999.000,9999.000
202605030048,   1.158,9999.000,9999.000,9999.000,9999.000,9999.000,9999.000,9999.000,9999.000
202605030054,   1.155,9999.000,9999.000,9999.000,9999.000,9999.000,9999.000,9999.000,9999.000
202605030100,   1.151,9999.000,   0.400,   0.105,   1.656,   0.300,   1.556,   0.500,   1.756
202605030106,   1.146,9999.000,9999.000,9999.000,9999.000,9999.000,9999.000,9999.000,9999.000
202605030112,   1.139,9999.000,9999.000,9999.000,9999.000,9999.000,9999.000,9999.000,9999.000
202605030118,   1.131,9999.000,9999.000,9999.000,9999.000,9999.000,9999.000,9999.000,9999.000
202605030124,   1.123,9999.000,9999.000,9999.000,9999.000,9999.000,9999.000,9999.000,9999.000
202605030130,   1.112,9999.000,9999.000,9999.000,9999.000,9999.000,9999.000,9999.000,9999.000
202605030136,   1.101,9999.000,9999.000,9999.000,9999.000,9999.000,9999.000,9999.000,9999.000
202605030142,   1.089,9999.000,9999.000,9999.000,9999.000,9999.000,9999.000,9999.000,9999.000
202605030148,   1.076,9999.000,9999.000,9999.000,9999.000,9999.000,9999.000,9999.000,9999.000
202605030154,   1.061,9999.000,9999.000,9999.000,9999.000,9999.000,9999.000,9999.000,9999.000
202605030200,   1.046,9999.000,   0.400,   0.105,   1.551,   0.300,   1.451,   0.500,   1.651
202605030206,   1.030,9999.000,9999.000,9999.000,9999.000,9999.000,9999.000,9999.000,9999.000
202605030212,   1.013,9999.000,9999.000,9999.000,9999.000,9999.000,9999.000,9999.000,9999.000
202605030218,   0.996,9999.000,9999.000,9999.000,9999.000,9999.000,9999.000,9999.000,9999.000
202605030224,   0.978,9999.000,9999.000,9999.000,9999.000,9999.000,9999.000,9999.000,9999.000
202605030230,   0.959,9999.000,9999.000,9999.000,9999.000,9999.000,9999.000,9999.000,9999.000
202605030236,   0.940,9999.000,9999.000,9999.000,9999.000,9999.000,9999.000,9999.000,9999.000
202605030242,   0.920,9999.000,9999.000,9999.000,9999.000,9999.000,9999.000,9999.000,9999.000
202605030248,   0.900,9999.000,9999.000,9999.000,9999.000,9999.000,9999.000,9999.000,9999.000
202605030254,   0.879,9999.000,9999.000,9999.000,9999.000,9999.000,9999.000,9999.000,9999.000
202605030300,   0.858,9999.000,   0.400,   0.105,   1.363,   0.300,   1.263,   0.500,   1.463
202605030306,   0.837,9999.000,9999.000,9999.000,9999.000,9999.000,9999.000,9999.000,9999.000
202605030312,   0.816,9999.000,9999.000,9999.000,9999.000,9999.000,9999.000,9999.000,9999.000
202605030318,   0.794,9999.000,9999.000,9999.000,9999.000,9999.000,9999.000,9999.000,9999.000
202605030324,   0.773,9999.000,9999.000,9999.000,9999.000,9999.000,9999.000,9999.000,9999.000
202605030330,   0.751,9999.000,9999.000,9999.000,9999.000,9999.000,9999.000,9999.000,9999.000
202605030336,   0.730,9999.000,9999.000,9999.000,9999.000,9999.000,9999.000,9999.000,9999.000
202605030342,   0.709,9999.000,9999.000,9999.000,9999.000,9999.000,9999.000,9999.000,9999.000
202605030348,   0.687,9999.000,9999.000,9999.000,9999.000,9999.000,9999.000,9999.000,9999.000
202605030354,   0.667,9999.000,9999.000,9999.000,9999.000,9999.000,9999.000,9999.000,9999.000
202605030400,   0.646,9999.000,   0.400,   0.105,   1.151,   0.200,   0.951,   0.500,   1.251
202605030406,   0.626,9999.000,9999.000,9999.000,9999.000,9999.000,9999.000,9999.000,9999.000
202605030412,   0.606,9999.000,9999.000,9999.000,9999.000,9999.000,9999.000,9999.000,9999.000
202605030418,   0.586,9999.000,9999.000,9999.000,9999.000,9999.000,9999.000,9999.000,9999.000
202605030424,   0.567,9999.000,9999.000,9999.000,9999.000,9999.000,9999.000,9999.000,9999.000
202605030430,   0.549,9999.000,9999.000,9999.000,9999.000,9999.000,9999.000,9999.000,9999.000
202605030436,   0.531,9999.000,9999.000,9999.000,9999.000,9999.000,9999.000,9999.000,9999.000
202605030442,   0.514,9999.000,9999.000,9999.000,9999.000,9999.000,9999.000,9999.000,9999.000
202605030448,   0.497,9999.000,9999.000,9999.000,9999.000,9999.000,9999.000,9999.000,9999.000
202605030454,   0.481,9999.000,9999.000,9999.000,9999.000,9999.000,9999.000,9999.000,9999.000
202605030500,   0.466,9999.000,   0.400,   0.105,   0.971,   0.200,   0.771,   0.500,   1.071
202605030506,   0.452,9999.000,9999.000,9999.000,9999.000,9999.000,9999.000,9999.000,9999.000
202605030512,   0.439,9999.000,9999.000,9999.000,9999.000,9999.000,9999.000,9999.000,9999.000
202605030518,   0.427,9999.000,9999.000,9999.000,9999.000,9999.000,9999.000,9999.000,9999.000
202605030524,   0.416,9999.000,9999.000,9999.000,9999.000,9999.000,9999.000,9999.000,9999.000
202605030530,   0.405,9999.000,9999.000,9999.000,9999.000,9999.000,9999.000,9999.000,9999.000
202605030536,   0.396,9999.000,9999.000,9999.000,9999.000,9999.000,9999.000,9999.000,9999.000
202605030542,   0.388,9999.000,9999.000,9999.000,9999.000,9999.000,9999.000,9999.000,9999.000
202605030548,   0.382,9999.000,9999.000,9999.000,9999.000,9999.000,9999.000,9999.000,9999.000
202605030554,   0.376,9999.000,9999.000,9999.000,9999.000,9999.000,9999.000,9999.000,9999.000
202605030600,   0.372,9999.000,   0.400,   0.105,   0.877,   0.200,   0.677,   0.500,   0.977
202605030606,   0.369,9999.000,9999.000,9999.000,9999.000,9999.000,9999.000,9999.000,9999.000
202605030612,   0.368,9999.000,9999.000,9999.000,9999.000,9999.000,9999.000,9999.000,9999.000
202605030618,   0.368,9999.000,9999.000,9999.000,9999.000,9999.000,9999.000,9999.000,9999.000
202605030624,   0.369,9999.000,9999.000,9999.000,9999.000,9999.000,9999.000,9999.000,9999.000
202605030630,   0.372,9999.000,9999.000,9999.000,9999.000,9999.000,9999.000,9999.000,9999.000
202605030636,   0.377,9999.000,9999.000,9999.000,9999.000,9999.000,9999.000,9999.000,9999.000
202605030642,   0.382,9999.000,9999.000,9999.000,9999.000,9999.000,9999.000,9999.000,9999.000
202605030648,   0.390,9999.000,9999.000,9999.000,9999.000,9999.000,9999.000,9999.000,9999.000
202605030654,   0.399,9999.000,9999.000,9999.000,9999.000,9999.000,9999.000,9999.000,9999.000
202605030700,   0.409,9999.000,   0.400,   0.105,   0.914,   0.200,   0.714,   0.500,   1.014
202605030706,   0.421,9999.000,9999.000,9999.000,9999.000,9999.000,9999.000,9999.000,9999.000
202605030712,   0.435,9999.000,9999.000,9999.000,9999.000,9999.000,9999.000,9999.000,9999.000
202605030718,   0.449,9999.000,9999.000,9999.000,9999.000,9999.000,9999.000,9999.000,9999.000
202605030724,   0.466,9999.000,9999.000,9999.000,9999.000,9999.000,9999.000,9999.000,9999.000
202605030730,   0.484,9999.000,9999.000,9999.000,9999.000,9999.000,9999.000,9999.000,9999.000
202605030736,   0.503,9999.000,9999.000,9999.000,9999.000,9999.000,9999.000,9999.000,9999.000
202605030742,   0.523,9999.000,9999.000,9999.000,9999.000,9999.000,9999.000,9999.000,9999.000
202605030748,   0.545,9999.000,9999.000,9999.000,9999.000,9999.000,9999.000,9999.000,9999.000
202605030754,   0.569,9999.000,9999.000,9999.000,9999.000,9999.000,9999.000,9999.000,9999.000
202605030800,   0.593,9999.000,   0.400,   0.105,   1.098,   0.200,   0.898,   0.500,   1.198
202605030806,   0.618,9999.000,9999.000,9999.000,9999.000,9999.000,9999.000,9999.000,9999.000
202605030812,   0.645,9999.000,9999.000,9999.000,9999.000,9999.000,9999.000,9999.000,9999.000
202605030818,   0.673,9999.000,9999.000,9999.000,9999.000,9999.000,9999.000,9999.000,9999.000
202605030824,   0.702,9999.000,9999.000,9999.000,9999.000,9999.000,9999.000,9999.000,9999.000
202605030830,   0.731,9999.000,9999.000,9999.000,9999.000,9999.000,9999.000,9999.000,9999.000
202605030836,   0.762,9999.000,9999.000,9999.000,9999.000,9999.000,9999.000,9999.000,9999.000
202605030842,   0.793,9999.000,9999.000,9999.000,9999.000,9999.000,9999.000,9999.000,9999.000
202605030848,   0.824,9999.000,9999.000,9999.000,9999.000,9999.000,9999.000,9999.000,9999.000
202605030854,   0.857,9999.000,9999.000,9999.000,9999.000,9999.000,9999.000,9999.000,9999.000
202605030900,   0.890,9999.000,   0.300,   0.105,   1.295,   0.200,   1.195,   0.500,   1.495
202605030906,   0.923,9999.000,9999.000,9999.000,9999.000,9999.000,9999.000,9999.000,9999.000
202605030912,   0.957,9999.000,9999.000,9999.000,9999.000,9999.000,9999.000,9999.000,9999.000
202605030918,   0.991,9999.000,9999.000,9999.000,9999.000,9999.000,9999.000,9999.000,9999.000
202605030924,   1.025,9999.000,9999.000,9999.000,9999.000,9999.000,9999.000,9999.000,9999.000
202605030930,   1.059,9999.000,9999.000,9999.000,9999.000,9999.000,9999.000,9999.000,9999.000
202605030936,   1.093,9999.000,9999.000,9999.000,9999.000,9999.000,9999.000,9999.000,9999.000
202605030942,   1.128,9999.000,9999.000,9999.000,9999.000,9999.000,9999.000,9999.000,9999.000
202605030948,   1.162,9999.000,9999.000,9999.000,9999.000,9999.000,9999.000,9999.000,9999.000
202605030954,   1.196,9999.000,9999.000,9999.000,9999.000,9999.000,9999.000,9999.000,9999.000
202605031000,   1.229,9999.000,   0.300,   0.105,   1.634,   0.200,   1.534,   0.500,   1.834
202605031006,   1.263,9999.000,9999.000,9999.000,9999.000,9999.000,9999.000,9999.000,9999.000
202605031012,   1.295,9999.000,9999.000,9999.000,9999.000,9999.000,9999.000,9999.000,9999.000
202605031018,   1.328,9999.000,9999.000,9999.000,9999.000,9999.000,9999.000,9999.000,9999.000
202605031024,   1.359,9999.000,9999.000,9999.000,9999.000,9999.000,9999.000,9999.000,9999.000
202605031030,   1.391,9999.000,9999.000,9999.000,9999.000,9999.000,9999.000,9999.000,9999.000
202605031036,   1.421,9999.000,9999.000,9999.000,9999.000,9999.000,9999.000,9999.000,9999.000
202605031042,   1.451,9999.000,9999.000,9999.000,9999.000,9999.000,9999.000,9999.000,9999.000
202605031048,   1.479,9999.000,9999.000,9999.000,9999.000,9999.000,9999.000,9999.000,9999.000
202605031054,   1.507,9999.000,9999.000,9999.000,9999.000,9999.000,9999.000,9999.000,9999.000
202605031100,   1.534,9999.000,   0.300,   0.105,   1.939,   0.200,   1.839,   0.500,   2.139
202605031106,   1.560,9999.000,9999.000,9999.000,9999.000,9999.000,9999.000,9999.000,9999.000
202605031112,   1.585,9999.000,9999.000,9999.000,9999.000,9999.000,9999.000,9999.000,9999.000
202605031118,   1.609,9999.000,9999.000,9999.000,9999.000,9999.000,9999.000,9999.000,9999.000
202605031124,   1.631,9999.000,9999.000,9999.000,9999.000,9999.000,9999.000,9999.000,9999.000
202605031130,   1.653,9999.000,9999.000,9999.000,9999.000,9999.000,9999.000,9999.000,9999.000
202605031136,   1.673,9999.000,9999.000,9999.000,9999.000,9999.000,9999.000,9999.000,9999.000
202605031142,   1.691,9999.000,9999.000,9999.000,9999.000,9999.000,9999.000,9999.000,9999.000
202605031148,   1.709,9999.000,9999.000,9999.000,9999.000,9999.000,9999.000,9999.000,9999.000
202605031154,   1.725,9999.000,9999.000,9999.000,9999.000,9999.000,9999.000,9999.000,9999.000
202605031200,   1.739,9999.000,   0.300,   0.105,   2.144,   0.200,   2.044,   0.500,   2.344
202605031206,   1.752,9999.000,9999.000,9999.000,9999.000,9999.000,9999.000,9999.000,9999.000
202605031212,   1.764,9999.000,9999.000,9999.000,9999.000,9999.000,9999.000,9999.000,9999.000
202605031218,   1.774,9999.000,9999.000,9999.000,9999.000,9999.000,9999.000,9999.000,9999.000
202605031224,   1.782,9999.000,9999.000,9999.000,9999.000,9999.000,9999.000,9999.000,9999.000
202605031230,   1.789,9999.000,9999.000,9999.000,9999.000,9999.000,9999.000,9999.000,9999.000
202605031236,   1.795,9999.000,9999.000,9999.000,9999.000,9999.000,9999.000,9999.000,9999.000
202605031242,   1.798,9999.000,9999.000,9999.000,9999.000,9999.000,9999.000,9999.000,9999.000
202605031248,   1.801,9999.000,9999.000,9999.000,9999.000,9999.000,9999.000,9999.000,9999.000
202605031254,   1.801,9999.000,9999.000,9999.000,9999.000,9999.000,9999.000,9999.000,9999.000
202605031300,   1.800,9999.000,   0.300,   0.105,   2.205,   0.200,   2.105,   0.400,   2.305
202605031306,   1.798,9999.000,9999.000,9999.000,9999.000,9999.000,9999.000,9999.000,9999.000
202605031312,   1.794,9999.000,9999.000,9999.000,9999.000,9999.000,9999.000,9999.000,9999.000
202605031318,   1.788,9999.000,9999.000,9999.000,9999.000,9999.000,9999.000,9999.000,9999.000
202605031324,   1.781,9999.000,9999.000,9999.000,9999.000,9999.000,9999.000,9999.000,9999.000
202605031330,   1.772,9999.000,9999.000,9999.000,9999.000,9999.000,9999.000,9999.000,9999.000
202605031336,   1.762,9999.000,9999.000,9999.000,9999.000,9999.000,9999.000,9999.000,9999.000
202605031342,   1.751,9999.000,9999.000,9999.000,9999.000,9999.000,9999.000,9999.000,9999.000
202605031348,   1.738,9999.000,9999.000,9999.000,9999.000,9999.000,9999.000,9999.000,9999.000
202605031354,   1.724,9999.000,9999.000,9999.000,9999.000,9999.000,9999.000,9999.000,9999.000
202605031400,   1.708,9999.000,   0.300,   0.105,   2.113,   0.200,   2.013,   0.400,   2.213
202605031406,   1.691,9999.000,9999.000,9999.000,9999.000,9999.000,9999.000,9999.000,9999.000
202605031412,   1.673,9999.000,9999.000,9999.000,9999.000,9999.000,9999.000,9999.000,9999.000
202605031418,   1.654,9999.000,9999.000,9999.000,9999.000,9999.000,9999.000,9999.000,9999.000
202605031424,   1.634,9999.000,9999.000,9999.000,9999.000,9999.000,9999.000,9999.000,9999.000
202605031430,   1.612,9999.000,9999.000,9999.000,9999.000,9999.000,9999.000,9999.000,9999.000
202605031436,   1.590,9999.000,9999.000,9999.000,9999.000,9999.000,9999.000,9999.000,9999.000
202605031442,   1.566,9999.000,9999.000,9999.000,9999.000,9999.000,9999.000,9999.000,9999.000
202605031448,   1.542,9999.000,9999.000,9999.000,9999.000,9999.000,9999.000,9999.000,9999.000
202605031454,   1.517,9999.000,9999.000,9999.000,9999.000,9999.000,9999.000,9999.000,9999.000
202605031500,   1.491,9999.000,   0.300,   0.105,   1.896,   0.100,   1.696,   0.400,   1.996
202605031506,   1.465,9999.000,9999.000,9999.000,9999.000,9999.000,9999.000,9999.000,9999.000
202605031512,   1.437,9999.000,9999.000,9999.000,9999.000,9999.000,9999.000,9999.000,9999.000
202605031518,   1.409,9999.000,9999.000,9999.000,9999.000,9999.000,9999.000,9999.000,9999.000
202605031524,   1.381,9999.000,9999.000,9999.000,9999.000,9999.000,9999.000,9999.000,9999.000
202605031530,   1.352,9999.000,9999.000,9999.000,9999.000,9999.000,9999.000,9999.000,9999.000
202605031536,   1.323,9999.000,9999.000,9999.000,9999.000,9999.000,9999.000,9999.000,9999.000
202605031542,   1.293,9999.000,9999.000,9999.000,9999.000,9999.000,9999.000,9999.000,9999.000
202605031548,   1.262,9999.000,9999.000,9999.000,9999.000,9999.000,9999.000,9999.000,9999.000
202605031554,   1.232,9999.000,9999.000,9999.000,9999.000,9999.000,9999.000,9999.000,9999.000
202605031600,   1.201,9999.000,   0.300,   0.105,   1.606,   0.100,   1.406,   0.400,   1.706
202605031606,   1.170,9999.000,9999.000,9999.000,9999.000,9999.000,9999.000,9999.000,9999.000
202605031612,   1.139,9999.000,9999.000,9999.000,9999.000,9999.000,9999.000,9999.000,9999.000
202605031618,   1.108,9999.000,9999.000,9999.000,9999.000,9999.000,9999.000,9999.000,9999.000
202605031624,   1.076,9999.000,9999.000,9999.000,9999.000,9999.000,9999.000,9999.000,9999.000
202605031630,   1.045,9999.000,9999.000,9999.000,9999.000,9999.000,9999.000,9999.000,9999.000
202605031636,   1.014,9999.000,9999.000,9999.000,9999.000,9999.000,9999.000,9999.000,9999.000
202605031642,   0.982,9999.000,9999.000,9999.000,9999.000,9999.000,9999.000,9999.000,9999.000
202605031648,   0.951,9999.000,9999.000,9999.000,9999.000,9999.000,9999.000,9999.000,9999.000
202605031654,   0.920,9999.000,9999.000,9999.000,9999.000,9999.000,9999.000,9999.000,9999.000
202605031700,   0.890,9999.000,   0.300,   0.105,   1.295,   0.100,   1.095,   0.400,   1.395
202605031706,   0.859,9999.000,9999.000,9999.000,9999.000,9999.000,9999.000,9999.000,9999.000
202605031712,   0.829,9999.000,9999.000,9999.000,9999.000,9999.000,9999.000,9999.000,9999.000
202605031718,   0.799,9999.000,9999.000,9999.000,9999.000,9999.000,9999.000,9999.000,9999.000
202605031724,   0.770,9999.000,9999.000,9999.000,9999.000,9999.000,9999.000,9999.000,9999.000
202605031730,   0.741,9999.000,9999.000,9999.000,9999.000,9999.000,9999.000,9999.000,9999.000
202605031736,   0.713,9999.000,9999.000,9999.000,9999.000,9999.000,9999.000,9999.000,9999.000
202605031742,   0.686,9999.000,9999.000,9999.000,9999.000,9999.000,9999.000,9999.000,9999.000
202605031748,   0.659,9999.000,9999.000,9999.000,9999.000,9999.000,9999.000,9999.000,9999.000
202605031754,   0.633,9999.000,9999.000,9999.000,9999.000,9999.000,9999.000,9999.000,9999.000
202605031800,   0.608,9999.000,   0.200,   0.105,   0.913,   0.100,   0.813,   0.400,   1.113
202605031806,   0.583,9999.000,9999.000,9999.000,9999.000,9999.000,9999.000,9999.000,9999.000
202605031812,   0.560,9999.000,9999.000,9999.000,9999.000,9999.000,9999.000,9999.000,9999.000
202605031818,   0.538,9999.000,9999.000,9999.000,9999.000,9999.000,9999.000,9999.000,9999.000
202605031824,   0.516,9999.000,9999.000,9999.000,9999.000,9999.000,9999.000,9999.000,9999.000
202605031830,   0.496,9999.000,9999.000,9999.000,9999.000,9999.000,9999.000,9999.000,9999.000
202605031836,   0.477,9999.000,9999.000,9999.000,9999.000,9999.000,9999.000,9999.000,9999.000
202605031842,   0.459,9999.000,9999.000,9999.000,9999.000,9999.000,9999.000,9999.000,9999.000
202605031848,   0.442,9999.000,9999.000,9999.000,9999.000,9999.000,9999.000,9999.000,9999.000
202605031854,   0.427,9999.000,9999.000,9999.000,9999.000,9999.000,9999.000,9999.000,9999.000
202605031900,   0.413,9999.000,   0.300,   0.105,   0.818,   0.100,   0.618,   0.400,   0.918
202605031906,   0.401,9999.000,9999.000,9999.000,9999.000,9999.000,9999.000,9999.000,9999.000
202605031912,   0.389,9999.000,9999.000,9999.000,9999.000,9999.000,9999.000,9999.000,9999.000
202605031918,   0.380,9999.000,9999.000,9999.000,9999.000,9999.000,9999.000,9999.000,9999.000
202605031924,   0.371,9999.000,9999.000,9999.000,9999.000,9999.000,9999.000,9999.000,9999.000
202605031930,   0.365,9999.000,9999.000,9999.000,9999.000,9999.000,9999.000,9999.000,9999.000
202605031936,   0.359,9999.000,9999.000,9999.000,9999.000,9999.000,9999.000,9999.000,9999.000
202605031942,   0.356,9999.000,9999.000,9999.000,9999.000,9999.000,9999.000,9999.000,9999.000
202605031948,   0.353,9999.000,9999.000,9999.000,9999.000,9999.000,9999.000,9999.000,9999.000
202605031954,   0.352,9999.000,9999.000,9999.000,9999.000,9999.000,9999.000,9999.000,9999.000
202605032000,   0.353,9999.000,   0.300,   0.105,   0.758,   0.100,   0.558,   0.400,   0.858
202605032006,   0.355,9999.000,9999.000,9999.000,9999.000,9999.000,9999.000,9999.000,9999.000
202605032012,   0.359,9999.000,9999.000,9999.000,9999.000,9999.000,9999.000,9999.000,9999.000
202605032018,   0.364,9999.000,9999.000,9999.000,9999.000,9999.000,9999.000,9999.000,9999.000
202605032024,   0.370,9999.000,9999.000,9999.000,9999.000,9999.000,9999.000,9999.000,9999.000
202605032030,   0.378,9999.000,9999.000,9999.000,9999.000,9999.000,9999.000,9999.000,9999.000
202605032036,   0.387,9999.000,9999.000,9999.000,9999.000,9999.000,9999.000,9999.000,9999.000
202605032042,   0.397,9999.000,9999.000,9999.000,9999.000,9999.000,9999.000,9999.000,9999.000
202605032048,   0.409,9999.000,9999.000,9999.000,9999.000,9999.000,9999.000,9999.000,9999.000
202605032054,   0.422,9999.000,9999.000,9999.000,9999.000,9999.000,9999.000,9999.000,9999.000
202605032100,   0.436,9999.000,   0.300,   0.105,   0.841,   0.100,   0.641,   0.400,   0.941
202605032106,   0.450,9999.000,9999.000,9999.000,9999.000,9999.000,9999.000,9999.000,9999.000
202605032112,   0.466,9999.000,9999.000,9999.000,9999.000,9999.000,9999.000,9999.000,9999.000
202605032118,   0.483,9999.000,9999.000,9999.000,9999.000,9999.000,9999.000,9999.000,9999.000
202605032124,   0.501,9999.000,9999.000,9999.000,9999.000,9999.000,9999.000,9999.000,9999.000
202605032130,   0.519,9999.000,9999.000,9999.000,9999.000,9999.000,9999.000,9999.000,9999.000
202605032136,   0.538,9999.000,9999.000,9999.000,9999.000,9999.000,9999.000,9999.000,9999.000
202605032142,   0.558,9999.000,9999.000,9999.000,9999.000,9999.000,9999.000,9999.000,9999.000
202605032148,   0.579,9999.000,9999.000,9999.000,9999.000,9999.000,9999.000,9999.000,9999.000
202605032154,   0.600,9999.000,9999.000,9999.000,9999.000,9999.000,9999.000,9999.000,9999.000
202605032200,   0.621,9999.000,   0.300,   0.105,   1.026,   0.100,   0.826,   0.400,   1.126
202605032206,   0.643,9999.000,9999.000,9999.000,9999.000,9999.000,9999.000,9999.000,9999.000
202605032212,   0.665,9999.000,9999.000,9999.000,9999.000,9999.000,9999.000,9999.000,9999.000
202605032218,   0.687,9999.000,9999.000,9999.000,9999.000,9999.000,9999.000,9999.000,9999.000
202605032224,   0.710,9999.000,9999.000,9999.000,9999.000,9999.000,9999.000,9999.000,9999.000
202605032230,   0.732,9999.000,9999.000,9999.000,9999.000,9999.000,9999.000,9999.000,9999.000
202605032236,   0.755,9999.000,9999.000,9999.000,9999.000,9999.000,9999.000,9999.000,9999.000
202605032242,   0.777,9999.000,9999.000,9999.000,9999.000,9999.000,9999.000,9999.000,9999.000
202605032248,   0.799,9999.000,9999.000,9999.000,9999.000,9999.000,9999.000,9999.000,9999.000
202605032254,   0.822,9999.000,9999.000,9999.000,9999.000,9999.000,9999.000,9999.000,9999.000
202605032300,   0.844,9999.000,   0.300,   0.105,   1.249,   0.100,   1.049,   0.500,   1.449
202605032306,   0.865,9999.000,9999.000,9999.000,9999.000,9999.000,9999.000,9999.000,9999.000
202605032312,   0.886,9999.000,9999.000,9999.000,9999.000,9999.000,9999.000,9999.000,9999.000
202605032318,   0.907,9999.000,9999.000,9999.000,9999.000,9999.000,9999.000,9999.000,9999.000
202605032324,   0.927,9999.000,9999.000,9999.000,9999.000,9999.000,9999.000,9999.000,9999.000
202605032330,   0.947,9999.000,9999.000,9999.000,9999.000,9999.000,9999.000,9999.000,9999.000
202605032336,   0.966,9999.000,9999.000,9999.000,9999.000,9999.000,9999.000,9999.000,9999.000
202605032342,   0.984,9999.000,9999.000,9999.000,9999.000,9999.000,9999.000,9999.000,9999.000
202605032348,   1.002,9999.000,9999.000,9999.000,9999.000,9999.000,9999.000,9999.000,9999.000
202605032354,   1.018,9999.000,9999.000,9999.000,9999.000,9999.000,9999.000,9999.000,9999.000
202605040000,   1.034,9999.000,   0.300,   0.105,   1.439,   0.100,   1.239,   0.500,   1.639
202605040006,   1.049,9999.000,9999.000,9999.000,9999.000,9999.000,9999.000,9999.000,9999.000
202605040012,   1.063,9999.000,9999.000,9999.000,9999.000,9999.000,9999.000,9999.000,9999.000
202605040018,   1.076,9999.000,9999.000,9999.000,9999.000,9999.000,9999.000,9999.000,9999.000
202605040024,   1.087,9999.000,9999.000,9999.000,9999.000,9999.000,9999.000,9999.000,9999.000
202605040030,   1.098,9999.000,9999.000,9999.000,9999.000,9999.000,9999.000,9999.000,9999.000
202605040036,   1.108,9999.000,9999.000,9999.000,9999.000,9999.000,9999.000,9999.000,9999.000
202605040042,   1.116,9999.000,9999.000,9999.000,9999.000,9999.000,9999.000,9999.000,9999.000
202605040048,   1.123,9999.000,9999.000,9999.000,9999.000,9999.000,9999.000,9999.000,9999.000
202605040054,   1.129,9999.000,9999.000,9999.000,9999.000,9999.000,9999.000,9999.000,9999.000
202605040100,   1.134,9999.000,   0.300,   0.105,   1.539,   0.200,   1.439,   0.500,   1.739
202605040106,   1.138,9999.000,9999.000,9999.000,9999.000,9999.000,9999.000,9999.000,9999.000
202605040112,   1.140,9999.000,9999.000,9999.000,9999.000,9999.000,9999.000,9999.000,9999.000
202605040118,   1.141,9999.000,9999.000,9999.000,9999.000,9999.000,9999.000,9999.000,9999.000
202605040124,   1.140,9999.000,9999.000,9999.000,9999.000,9999.000,9999.000,9999.000,9999.000
202605040130,   1.139,9999.000,9999.000,9999.000,9999.000,9999.000,9999.000,9999.000,9999.000
202605040136,   1.136,9999.000,9999.000,9999.000,9999.000,9999.000,9999.000,9999.000,9999.000
202605040142,   1.132,9999.000,9999.000,9999.000,9999.000,9999.000,9999.000,9999.000,9999.000
202605040148,   1.127,9999.000,9999.000,9999.000,9999.000,9999.000,9999.000,9999.000,9999.000
202605040154,   1.120,9999.000,9999.000,9999.000,9999.000,9999.000,9999.000,9999.000,9999.000
202605040200,   1.112,9999.000,   0.300,   0.105,   1.517,   0.200,   1.417,   0.500,   1.717
202605040206,   1.104,9999.000,9999.000,9999.000,9999.000,9999.000,9999.000,9999.000,9999.000
202605040212,   1.094,9999.000,9999.000,9999.000,9999.000,9999.000,9999.000,9999.000,9999.000
202605040218,   1.083,9999.000,9999.000,9999.000,9999.000,9999.000,9999.000,9999.000,9999.000
202605040224,   1.071,9999.000,9999.000,9999.000,9999.000,9999.000,9999.000,9999.000,9999.000
202605040230,   1.058,9999.000,9999.000,9999.000,9999.000,9999.000,9999.000,9999.000,9999.000
202605040236,   1.044,9999.000,9999.000,9999.000,9999.000,9999.000,9999.000,9999.000,9999.000
202605040242,   1.029,9999.000,9999.000,9999.000,9999.000,9999.000,9999.000,9999.000,9999.000
202605040248,   1.014,9999.000,9999.000,9999.000,9999.000,9999.000,9999.000,9999.000,9999.000
202605040254,   0.997,9999.000,9999.000,9999.000,9999.000,9999.000,9999.000,9999.000,9999.000
202605040300,   0.980,9999.000,   0.400,   0.105,   1.485,   0.200,   1.285,   0.500,   1.585
202605040306,   0.963,9999.000,9999.000,9999.000,9999.000,9999.000,9999.000,9999.000,9999.000
202605040312,   0.945,9999.000,9999.000,9999.000,9999.000,9999.000,9999.000,9999.000,9999.000
202605040318,   0.926,9999.000,9999.000,9999.000,9999.000,9999.000,9999.000,9999.000,9999.000
202605040324,   0.907,9999.000,9999.000,9999.000,9999.000,9999.000,9999.000,9999.000,9999.000
202605040330,   0.888,9999.000,9999.000,9999.000,9999.000,9999.000,9999.000,9999.000,9999.000
202605040336,   0.868,9999.000,9999.000,9999.000,9999.000,9999.000,9999.000,9999.000,9999.000
202605040342,   0.848,9999.000,9999.000,9999.000,9999.000,9999.000,9999.000,9999.000,9999.000
202605040348,   0.828,9999.000,9999.000,9999.000,9999.000,9999.000,9999.000,9999.000,9999.000
202605040354,   0.807,9999.000,9999.000,9999.000,9999.000,9999.000,9999.000,9999.000,9999.000
202605040400,   0.787,9999.000,   0.400,   0.105,   1.292,   0.300,   1.192,   0.500,   1.392
202605040406,   0.767,9999.000,9999.000,9999.000,9999.000,9999.000,9999.000,9999.000,9999.000
202605040412,   0.746,9999.000,9999.000,9999.000,9999.000,9999.000,9999.000,9999.000,9999.000
202605040418,   0.726,9999.000,9999.000,9999.000,9999.000,9999.000,9999.000,9999.000,9999.000
202605040424,   0.706,9999.000,9999.000,9999.000,9999.000,9999.000,9999.000,9999.000,9999.000
202605040430,   0.686,9999.000,9999.000,9999.000,9999.000,9999.000,9999.000,9999.000,9999.000
202605040436,   0.667,9999.000,9999.000,9999.000,9999.000,9999.000,9999.000,9999.000,9999.000
202605040442,   0.648,9999.000,9999.000,9999.000,9999.000,9999.000,9999.000,9999.000,9999.000
202605040448,   0.629,9999.000,9999.000,9999.000,9999.000,9999.000,9999.000,9999.000,9999.000
202605040454,   0.610,9999.000,9999.000,9999.000,9999.000,9999.000,9999.000,9999.000,9999.000
202605040500,   0.592,9999.000,   0.400,   0.105,   1.097,   0.300,   0.997,   0.500,   1.197
202605040506,   0.575,9999.000,9999.000,9999.000,9999.000,9999.000,9999.000,9999.000,9999.000
202605040512,   0.558,9999.000,9999.000,9999.000,9999.000,9999.000,9999.000,9999.000,9999.000
202605040518,   0.542,9999.000,9999.000,9999.000,9999.000,9999.000,9999.000,9999.000,9999.000
202605040524,   0.526,9999.000,9999.000,9999.000,9999.000,9999.000,9999.000,9999.000,9999.000
202605040530,   0.512,9999.000,9999.000,9999.000,9999.000,9999.000,9999.000,9999.000,9999.000
202605040536,   0.498,9999.000,9999.000,9999.000,9999.000,9999.000,9999.000,9999.000,9999.000
202605040542,   0.484,9999.000,9999.000,9999.000,9999.000,9999.000,9999.000,9999.000,9999.000
202605040548,   0.472,9999.000,9999.000,9999.000,9999.000,9999.000,9999.000,9999.000,9999.000
202605040554,   0.461,9999.000,9999.000,9999.000,9999.000,9999.000,9999.000,9999.000,9999.000
202605040600,   0.450,9999.000,   0.500,   0.105,   1.055,   0.400,   0.955,   0.600,   1.155
202605040606,   0.441,9999.000,9999.000,9999.000,9999.000,9999.000,9999.000,9999.000,9999.000
202605040612,   0.432,9999.000,9999.000,9999.000,9999.000,9999.000,9999.000,9999.000,9999.000
202605040618,   0.425,9999.000,9999.000,9999.000,9999.000,9999.000,9999.000,9999.000,9999.000
202605040624,   0.419,9999.000,9999.000,9999.000,9999.000,9999.000,9999.000,9999.000,9999.000
202605040630,   0.414,9999.000,9999.000,9999.000,9999.000,9999.000,9999.000,9999.000,9999.000
202605040636,   0.410,9999.000,9999.000,9999.000,9999.000,9999.000,9999.000,9999.000,9999.000
202605040642,   0.407,9999.000,9999.000,9999.000,9999.000,9999.000,9999.000,9999.000,9999.000
202605040648,   0.406,9999.000,9999.000,9999.000,9999.000,9999.000,9999.000,9999.000,9999.000
202605040654,   0.406,9999.000,9999.000,9999.000,9999.000,9999.000,9999.000,9999.000,9999.000
202605040700,   0.408,9999.000,   0.500,   0.105,   1.013,   0.400,   0.913,   0.600,   1.113
202605040706,   0.410,9999.000,9999.000,9999.000,9999.000,9999.000,9999.000,9999.000,9999.000
202605040712,   0.415,9999.000,9999.000,9999.000,9999.000,9999.000,9999.000,9999.000,9999.000
202605040718,   0.420,9999.000,9999.000,9999.000,9999.000,9999.000,9999.000,9999.000,9999.000
202605040724,   0.427,9999.000,9999.000,9999.000,9999.000,9999.000,9999.000,9999.000,9999.000
202605040730,   0.436,9999.000,9999.000,9999.000,9999.000,9999.000,9999.000,9999.000,9999.000
202605040736,   0.446,9999.000,9999.000,9999.000,9999.000,9999.000,9999.000,9999.000,9999.000
202605040742,   0.457,9999.000,9999.000,9999.000,9999.000,9999.000,9999.000,9999.000,9999.000
202605040748,   0.470,9999.000,9999.000,9999.000,9999.000,9999.000,9999.000,9999.000,9999.000
202605040754,   0.484,9999.000,9999.000,9999.000,9999.000,9999.000,9999.000,9999.000,9999.000
202605040800,   0.499,9999.000,   0.500,   0.105,   1.104,   0.400,   1.004,   0.600,   1.204
202605040806,   0.516,9999.000,9999.000,9999.000,9999.000,9999.000,9999.000,9999.000,9999.000
202605040812,   0.534,9999.000,9999.000,9999.000,9999.000,9999.000,9999.000,9999.000,9999.000
202605040818,   0.554,9999.000,9999.000,9999.000,9999.000,9999.000,9999.000,9999.000,9999.000
202605040824,   0.575,9999.000,9999.000,9999.000,9999.000,9999.000,9999.000,9999.000,9999.000
202605040830,   0.597,9999.000,9999.000,9999.000,9999.000,9999.000,9999.000,9999.000,9999.000
202605040836,   0.620,9999.000,9999.000,9999.000,9999.000,9999.000,9999.000,9999.000,9999.000
202605040842,   0.644,9999.000,9999.000,9999.000,9999.000,9999.000,9999.000,9999.000,9999.000
202605040848,   0.670,9999.000,9999.000,9999.000,9999.000,9999.000,9999.000,9999.000,9999.000
202605040854,   0.696,9999.000,9999.000,9999.000,9999.000,9999.000,9999.000,9999.000,9999.000
202605040900,   0.723,9999.000,   0.600,   0.105,   1.428,   0.500,   1.328,   0.700,   1.528
202605040906,   0.751,9999.000,9999.000,9999.000,9999.000,9999.000,9999.000,9999.000,9999.000
202605040912,   0.780,9999.000,9999.000,9999.000,9999.000,9999.000,9999.000,9999.000,9999.000
202605040918,   0.810,9999.000,9999.000,9999.000,9999.000,9999.000,9999.000,9999.000,9999.000
202605040924,   0.840,9999.000,9999.000,9999.000,9999.000,9999.000,9999.000,9999.000,9999.000
202605040930,   0.871,9999.000,9999.000,9999.000,9999.000,9999.000,9999.000,9999.000,9999.000
202605040936,   0.902,9999.000,9999.000,9999.000,9999.000,9999.000,9999.000,9999.000,9999.000
202605040942,   0.934,9999.000,9999.000,9999.000,9999.000,9999.000,9999.000,9999.000,9999.000
202605040948,   0.966,9999.000,9999.000,9999.000,9999.000,9999.000,9999.000,9999.000,9999.000
202605040954,   0.998,9999.000,9999.000,9999.000,9999.000,9999.000,9999.000,9999.000,9999.000
202605041000,   1.031,9999.000,   0.600,   0.105,   1.736,   0.500,   1.636,   0.700,   1.836
202605041006,   1.063,9999.000,9999.000,9999.000,9999.000,9999.000,9999.000,9999.000,9999.000
202605041012,   1.096,9999.000,9999.000,9999.000,9999.000,9999.000,9999.000,9999.000,9999.000
202605041018,   1.128,9999.000,9999.000,9999.000,9999.000,9999.000,9999.000,9999.000,9999.000
202605041024,   1.161,9999.000,9999.000,9999.000,9999.000,9999.000,9999.000,9999.000,9999.000
202605041030,   1.193,9999.000,9999.000,9999.000,9999.000,9999.000,9999.000,9999.000,9999.000
202605041036,   1.225,9999.000,9999.000,9999.000,9999.000,9999.000,9999.000,9999.000,9999.000
202605041042,   1.256,9999.000,9999.000,9999.000,9999.000,9999.000,9999.000,9999.000,9999.000
202605041048,   1.287,9999.000,9999.000,9999.000,9999.000,9999.000,9999.000,9999.000,9999.000
202605041054,   1.317,9999.000,9999.000,9999.000,9999.000,9999.000,9999.000,9999.000,9999.000
202605041100,   1.347,9999.000,   0.600,   0.105,   2.052,   0.500,   1.952,   0.700,   2.152
202605041106,   1.377,9999.000,9999.000,9999.000,9999.000,9999.000,9999.000,9999.000,9999.000
202605041112,   1.405,9999.000,9999.000,9999.000,9999.000,9999.000,9999.000,9999.000,9999.000
202605041118,   1.433,9999.000,9999.000,9999.000,9999.000,9999.000,9999.000,9999.000,9999.000
202605041124,   1.460,9999.000,9999.000,9999.000,9999.000,9999.000,9999.000,9999.000,9999.000
202605041130,   1.486,9999.000,9999.000,9999.000,9999.000,9999.000,9999.000,9999.000,9999.000
202605041136,   1.512,9999.000,9999.000,9999.000,9999.000,9999.000,9999.000,9999.000,9999.000
202605041142,   1.536,9999.000,9999.000,9999.000,9999.000,9999.000,9999.000,9999.000,9999.000
202605041148,   1.559,9999.000,9999.000,9999.000,9999.000,9999.000,9999.000,9999.000,9999.000
202605041154,   1.582,9999.000,9999.000,9999.000,9999.000,9999.000,9999.000,9999.000,9999.000
202605041200,   1.603,9999.000,   0.600,   0.105,   2.308,   0.500,   2.208,   0.700,   2.408
202605041206,   1.623,9999.000,9999.000,9999.000,9999.000,9999.000,9999.000,9999.000,9999.000
202605041212,   1.642,9999.000,9999.000,9999.000,9999.000,9999.000,9999.000,9999.000,9999.000
202605041218,   1.659,9999.000,9999.000,9999.000,9999.000,9999.000,9999.000,9999.000,9999.000
202605041224,   1.675,9999.000,9999.000,9999.000,9999.000,9999.000,9999.000,9999.000,9999.000
202605041230,   1.691,9999.000,9999.000,9999.000,9999.000,9999.000,9999.000,9999.000,9999.000
202605041236,   1.704,9999.000,9999.000,9999.000,9999.000,9999.000,9999.000,9999.000,9999.000
202605041242,   1.717,9999.000,9999.000,9999.000,9999.000,9999.000,9999.000,9999.000,9999.000
202605041248,   1.728,9999.000,9999.000,9999.000,9999.000,9999.000,9999.000,9999.000,9999.000
202605041254,   1.737,9999.000,9999.000,9999.000,9999.000,9999.000,9999.000,9999.000,9999.000
202605041300,   1.745,9999.000,   0.600,   0.105,   2.450,   0.500,   2.350,   0.700,   2.550
202605041306,   1.752,9999.000,9999.000,9999.000,9999.000,9999.000,9999.000,9999.000,9999.000
202605041312,   1.757,9999.000,9999.000,9999.000,9999.000,9999.000,9999.000,9999.000,9999.000
202605041318,   1.761,9999.000,9999.000,9999.000,9999.000,9999.000,9999.000,9999.000,9999.000
202605041324,   1.763,9999.000,9999.000,9999.000,9999.000,9999.000,9999.000,9999.000,9999.000
202605041330,   1.764,9999.000,9999.000,9999.000,9999.000,9999.000,9999.000,9999.000,9999.000
202605041336,   1.764,9999.000,9999.000,9999.000,9999.000,9999.000,9999.000,9999.000,9999.000
202605041342,   1.761,9999.000,9999.000,9999.000,9999.000,9999.000,9999.000,9999.000,9999.000
202605041348,   1.758,9999.000,9999.000,9999.000,9999.000,9999.000,9999.000,9999.000,9999.000
202605041354,   1.753,9999.000,9999.000,9999.000,9999.000,9999.000,9999.000,9999.000,9999.000
202605041400,   1.746,9999.000,   0.700,   0.105,   2.551,   0.500,   2.351,   0.800,   2.651
202605041406,   1.739,9999.000,9999.000,9999.000,9999.000,9999.000,9999.000,9999.000,9999.000
202605041412,   1.729,9999.000,9999.000,9999.000,9999.000,9999.000,9999.000,9999.000,9999.000
202605041418,   1.719,9999.000,9999.000,9999.000,9999.000,9999.000,9999.000,9999.000,9999.000
202605041424,   1.707,9999.000,9999.000,9999.000,9999.000,9999.000,9999.000,9999.000,9999.000
202605041430,   1.694,9999.000,9999.000,9999.000,9999.000,9999.000,9999.000,9999.000,9999.000
202605041436,   1.679,9999.000,9999.000,9999.000,9999.000,9999.000,9999.000,9999.000,9999.000
202605041442,   1.664,9999.000,9999.000,9999.000,9999.000,9999.000,9999.000,9999.000,9999.000
202605041448,   1.647,9999.000,9999.000,9999.000,9999.000,9999.000,9999.000,9999.000,9999.000
202605041454,   1.629,9999.000,9999.000,9999.000,9999.000,9999.000,9999.000,9999.000,9999.000
202605041500,   1.610,9999.000,   0.700,   0.105,   2.415,   0.500,   2.215,   0.800,   2.515
202605041506,   1.590,9999.000,9999.000,9999.000,9999.000,9999.000,9999.000,9999.000,9999.000
202605041512,   1.569,9999.000,9999.000,9999.000,9999.000,9999.000,9999.000,9999.000,9999.000
202605041518,   1.547,9999.000,9999.000,9999.000,9999.000,9999.000,9999.000,9999.000,9999.000
202605041524,   1.524,9999.000,9999.000,9999.000,9999.000,9999.000,9999.000,9999.000,9999.000
202605041530,   1.501,9999.000,9999.000,9999.000,9999.000,9999.000,9999.000,9999.000,9999.000
202605041536,   1.476,9999.000,9999.000,9999.000,9999.000,9999.000,9999.000,9999.000,9999.000
202605041542,   1.451,9999.000,9999.000,9999.000,9999.000,9999.000,9999.000,9999.000,9999.000
202605041548,   1.425,9999.000,9999.000,9999.000,9999.000,9999.000,9999.000,9999.000,9999.000
202605041554,   1.399,9999.000,9999.000,9999.000,9999.000,9999.000,9999.000,9999.000,9999.000
202605041600,   1.372,9999.000,   0.700,   0.105,   2.177,   0.500,   1.977,   0.800,   2.277
202605041606,   1.345,9999.000,9999.000,9999.000,9999.000,9999.000,9999.000,9999.000,9999.000
202605041612,   1.317,9999.000,9999.000,9999.000,9999.000,9999.000,9999.000,9999.000,9999.000
202605041618,   1.289,9999.000,9999.000,9999.000,9999.000,9999.000,9999.000,9999.000,9999.000
202605041624,   1.260,9999.000,9999.000,9999.000,9999.000,9999.000,9999.000,9999.000,9999.000
202605041630,   1.232,9999.000,9999.000,9999.000,9999.000,9999.000,9999.000,9999.000,9999.000
202605041636,   1.203,9999.000,9999.000,9999.000,9999.000,9999.000,9999.000,9999.000,9999.000
202605041642,   1.173,9999.000,9999.000,9999.000,9999.000,9999.000,9999.000,9999.000,9999.000
202605041648,   1.144,9999.000,9999.000,9999.000,9999.000,9999.000,9999.000,9999.000,9999.000
202605041654,   1.114,9999.000,9999.000,9999.000,9999.000,9999.000,9999.000,9999.000,9999.000
202605041700,   1.085,9999.000,   0.700,   0.105,   1.890,   0.500,   1.690,   0.800,   1.990
202605041706,   1.055,9999.000,9999.000,9999.000,9999.000,9999.000,9999.000,9999.000,9999.000
202605041712,   1.026,9999.000,9999.000,9999.000,9999.000,9999.000,9999.000,9999.000,9999.000
202605041718,   0.996,9999.000,9999.000,9999.000,9999.000,9999.000,9999.000,9999.000,9999.000
202605041724,   0.967,9999.000,9999.000,9999.000,9999.000,9999.000,9999.000,9999.000,9999.000
202605041730,   0.938,9999.000,9999.000,9999.000,9999.000,9999.000,9999.000,9999.000,9999.000
202605041736,   0.909,9999.000,9999.000,9999.000,9999.000,9999.000,9999.000,9999.000,9999.000
202605041742,   0.880,9999.000,9999.000,9999.000,9999.000,9999.000,9999.000,9999.000,9999.000
202605041748,   0.852,9999.000,9999.000,9999.000,9999.000,9999.000,9999.000,9999.000,9999.000
202605041754,   0.824,9999.000,9999.000,9999.000,9999.000,9999.000,9999.000,9999.000,9999.000
202605041800,   0.797,9999.000,   0.700,   0.105,   1.602,   0.500,   1.402,   0.800,   1.702
202605041806,   0.769,9999.000,9999.000,9999.000,9999.000,9999.000,9999.000,9999.000,9999.000
202605041812,   0.743,9999.000,9999.000,9999.000,9999.000,9999.000,9999.000,9999.000,9999.000
202605041818,   0.717,9999.000,9999.000,9999.000,9999.000,9999.000,9999.000,9999.000,9999.000
202605041824,   0.691,9999.000,9999.000,9999.000,9999.000,9999.000,9999.000,9999.000,9999.000
202605041830,   0.667,9999.000,9999.000,9999.000,9999.000,9999.000,9999.000,9999.000,9999.000
202605041836,   0.643,9999.000,9999.000,9999.000,9999.000,9999.000,9999.000,9999.000,9999.000
202605041842,   0.619,9999.000,9999.000,9999.000,9999.000,9999.000,9999.000,9999.000,9999.000
202605041848,   0.597,9999.000,9999.000,9999.000,9999.000,9999.000,9999.000,9999.000,9999.000
202605041854,   0.576,9999.000,9999.000,9999.000,9999.000,9999.000,9999.000,9999.000,9999.000
202605041900,   0.555,9999.000,   0.700,   0.105,   1.360,   0.500,   1.160,   0.800,   1.460
202605041906,   0.535,9999.000,9999.000,9999.000,9999.000,9999.000,9999.000,9999.000,9999.000
202605041912,   0.517,9999.000,9999.000,9999.000,9999.000,9999.000,9999.000,9999.000,9999.000
202605041918,   0.499,9999.000,9999.000,9999.000,9999.000,9999.000,9999.000,9999.000,9999.000
202605041924,   0.483,9999.000,9999.000,9999.000,9999.000,9999.000,9999.000,9999.000,9999.000
202605041930,   0.468,9999.000,9999.000,9999.000,9999.000,9999.000,9999.000,9999.000,9999.000
202605041936,   0.454,9999.000,9999.000,9999.000,9999.000,9999.000,9999.000,9999.000,9999.000
202605041942,   0.441,9999.000,9999.000,9999.000,9999.000,9999.000,9999.000,9999.000,9999.000
202605041948,   0.430,9999.000,9999.000,9999.000,9999.000,9999.000,9999.000,9999.000,9999.000
202605041954,   0.420,9999.000,9999.000,9999.000,9999.000,9999.000,9999.000,9999.000,9999.000
202605042000,   0.411,9999.000,   0.600,   0.105,   1.116,   0.500,   1.016,   0.700,   1.216
202605042006,   0.404,9999.000,9999.000,9999.000,9999.000,9999.000,9999.000,9999.000,9999.000
202605042012,   0.398,9999.000,9999.000,9999.000,9999.000,9999.000,9999.000,9999.000,9999.000
202605042018,   0.393,9999.000,9999.000,9999.000,9999.000,9999.000,9999.000,9999.000,9999.000
202605042024,   0.390,9999.000,9999.000,9999.000,9999.000,9999.000,9999.000,9999.000,9999.000
202605042030,   0.389,9999.000,9999.000,9999.000,9999.000,9999.000,9999.000,9999.000,9999.000
202605042036,   0.388,9999.000,9999.000,9999.000,9999.000,9999.000,9999.000,9999.000,9999.000
202605042042,   0.389,9999.000,9999.000,9999.000,9999.000,9999.000,9999.000,9999.000,9999.000
202605042048,   0.392,9999.000,9999.000,9999.000,9999.000,9999.000,9999.000,9999.000,9999.000
202605042054,   0.395,9999.000,9999.000,9999.000,9999.000,9999.000,9999.000,9999.000,9999.000
202605042100,   0.400,9999.000,   0.600,   0.105,   1.105,   0.500,   1.005,   0.700,   1.205
202605042106,   0.407,9999.000,9999.000,9999.000,9999.000,9999.000,9999.000,9999.000,9999.000
202605042112,   0.414,9999.000,9999.000,9999.000,9999.000,9999.000,9999.000,9999.000,9999.000
202605042118,   0.423,9999.000,9999.000,9999.000,9999.000,9999.000,9999.000,9999.000,9999.000
202605042124,   0.433,9999.000,9999.000,9999.000,9999.000,9999.000,9999.000,9999.000,9999.000
202605042130,   0.444,9999.000,9999.000,9999.000,9999.000,9999.000,9999.000,9999.000,9999.000
202605042136,   0.456,9999.000,9999.000,9999.000,9999.000,9999.000,9999.000,9999.000,9999.000
202605042142,   0.470,9999.000,9999.000,9999.000,9999.000,9999.000,9999.000,9999.000,9999.000
202605042148,   0.484,9999.000,9999.000,9999.000,9999.000,9999.000,9999.000,9999.000,9999.000
202605042154,   0.499,9999.000,9999.000,9999.000,9999.000,9999.000,9999.000,9999.000,9999.000
202605042200,   0.515,9999.000,   0.600,   0.105,   1.220,   0.500,   1.120,   0.700,   1.320
202605042206,   0.532,9999.000,9999.000,9999.000,9999.000,9999.000,9999.000,9999.000,9999.000
202605042212,   0.549,9999.000,9999.000,9999.000,9999.000,9999.000,9999.000,9999.000,9999.000
202605042218,   0.567,9999.000,9999.000,9999.000,9999.000,9999.000,9999.000,9999.000,9999.000
202605042224,   0.586,9999.000,9999.000,9999.000,9999.000,9999.000,9999.000,9999.000,9999.000
202605042230,   0.605,9999.000,9999.000,9999.000,9999.000,9999.000,9999.000,9999.000,9999.000
202605042236,   0.625,9999.000,9999.000,9999.000,9999.000,9999.000,9999.000,9999.000,9999.000
202605042242,   0.645,9999.000,9999.000,9999.000,9999.000,9999.000,9999.000,9999.000,9999.000
202605042248,   0.665,9999.000,9999.000,9999.000,9999.000,9999.000,9999.000,9999.000,9999.000
202605042254,   0.685,9999.000,9999.000,9999.000,9999.000,9999.000,9999.000,9999.000,9999.000
202605042300,   0.706,9999.000,   0.600,   0.105,   1.411,   0.500,   1.311,   0.700,   1.511
202605042306,   0.727,9999.000,9999.000,9999.000,9999.000,9999.000,9999.000,9999.000,9999.000
202605042312,   0.748,9999.000,9999.000,9999.000,9999.000,9999.000,9999.000,9999.000,9999.000
202605042318,   0.769,9999.000,9999.000,9999.000,9999.000,9999.000,9999.000,9999.000,9999.000
202605042324,   0.790,9999.000,9999.000,9999.000,9999.000,9999.000,9999.000,9999.000,9999.000
202605042330,   0.810,9999.000,9999.000,9999.000,9999.000,9999.000,9999.000,9999.000,9999.000
202605042336,   0.831,9999.000,9999.000,9999.000,9999.000,9999.000,9999.000,9999.000,9999.000
202605042342,   0.851,9999.000,9999.000,9999.000,9999.000,9999.000,9999.000,9999.000,9999.000
202605042348,   0.871,9999.000,9999.000,9999.000,9999.000,9999.000,9999.000,9999.000,9999.000
202605042354,   0.890,9999.000,9999.000,9999.000,9999.000,9999.000,9999.000,9999.000,9999.000
202605050000,   0.909,9999.000,   0.600,   0.105,   1.614,   0.500,   1.514,   0.700,   1.714
202605050006,   0.928,9999.000,9999.000,9999.000,9999.000,9999.000,9999.000,9999.000,9999.000
202605050012,   0.946,9999.000,9999.000,9999.000,9999.000,9999.000,9999.000,9999.000,9999.000
202605050018,   0.963,9999.000,9999.000,9999.000,9999.000,9999.000,9999.000,9999.000,9999.000
202605050024,   0.980,9999.000,9999.000,9999.000,9999.000,9999.000,9999.000,9999.000,9999.000
202605050030,   0.996,9999.000,9999.000,9999.000,9999.000,9999.000,9999.000,9999.000,9999.000
202605050036,   1.011,9999.000,9999.000,9999.000,9999.000,9999.000,9999.000,9999.000,9999.000
202605050042,   1.025,9999.000,9999.000,9999.000,9999.000,9999.000,9999.000,9999.000,9999.000
202605050048,   1.039,9999.000,9999.000,9999.000,9999.000,9999.000,9999.000,9999.000,9999.000
202605050054,   1.052,9999.000,9999.000,9999.000,9999.000,9999.000,9999.000,9999.000,9999.000
202605050100,   1.063,9999.000,   0.600,   0.105,   1.768,   0.500,   1.668,   0.700,   1.868
202605050106,   1.074,9999.000,9999.000,9999.000,9999.000,9999.000,9999.000,9999.000,9999.000
202605050112,   1.084,9999.000,9999.000,9999.000,9999.000,9999.000,9999.000,9999.000,9999.000
202605050118,   1.093,9999.000,9999.000,9999.000,9999.000,9999.000,9999.000,9999.000,9999.000
202605050124,   1.100,9999.000,9999.000,9999.000,9999.000,9999.000,9999.000,9999.000,9999.000
202605050130,   1.107,9999.000,9999.000,9999.000,9999.000,9999.000,9999.000,9999.000,9999.000
202605050136,   1.112,9999.000,9999.000,9999.000,9999.000,9999.000,9999.000,9999.000,9999.000
202605050142,   1.116,9999.000,9999.000,9999.000,9999.000,9999.000,9999.000,9999.000,9999.000
202605050148,   1.120,9999.000,9999.000,9999.000,9999.000,9999.000,9999.000,9999.000,9999.000
202605050154,   1.122,9999.000,9999.000,9999.000,9999.000,9999.000,9999.000,9999.000,9999.000
202605050200,   1.122,9999.000,   0.600,   0.105,   1.827,   0.500,   1.727,   0.700,   1.927
202605050206,   1.122,9999.000,9999.000,9999.000,9999.000,9999.000,9999.000,9999.000,9999.000
202605050212,   1.120,9999.000,9999.000,9999.000,9999.000,9999.000,9999.000,9999.000,9999.000
202605050218,   1.118,9999.000,9999.000,9999.000,9999.000,9999.000,9999.000,9999.000,9999.000
202605050224,   1.114,9999.000,9999.000,9999.000,9999.000,9999.000,9999.000,9999.000,9999.000
202605050230,   1.109,9999.000,9999.000,9999.000,9999.000,9999.000,9999.000,9999.000,9999.000
202605050236,   1.102,9999.000,9999.000,9999.000,9999.000,9999.000,9999.000,9999.000,9999.000
202605050242,   1.095,9999.000,9999.000,9999.000,9999.000,9999.000,9999.000,9999.000,9999.000
202605050248,   1.087,9999.000,9999.000,9999.000,9999.000,9999.000,9999.000,9999.000,9999.000
202605050254,   1.077,9999.000,9999.000,9999.000,9999.000,9999.000,9999.000,9999.000,9999.000
202605050300,   1.067,9999.000,   0.600,   0.105,   1.772,   0.500,   1.672,   0.700,   1.872
202605050306,   1.056,9999.000,9999.000,9999.000,9999.000,9999.000,9999.000,9999.000,9999.000
202605050312,   1.043,9999.000,9999.000,9999.000,9999.000,9999.000,9999.000,9999.000,9999.000
202605050318,   1.030,9999.000,9999.000,9999.000,9999.000,9999.000,9999.000,9999.000,9999.000
202605050324,   1.016,9999.000,9999.000,9999.000,9999.000,9999.000,9999.000,9999.000,9999.000
202605050330,   1.002,9999.000,9999.000,9999.000,9999.000,9999.000,9999.000,9999.000,9999.000
202605050336,   0.986,9999.000,9999.000,9999.000,9999.000,9999.000,9999.000,9999.000,9999.000
202605050342,   0.970,9999.000,9999.000,9999.000,9999.000,9999.000,9999.000,9999.000,9999.000
202605050348,   0.953,9999.000,9999.000,9999.000,9999.000,9999.000,9999.000,9999.000,9999.000
202605050354,   0.936,9999.000,9999.000,9999.000,9999.000,9999.000,9999.000,9999.000,9999.000
202605050400,   0.919,9999.000,   0.600,   0.105,   1.624,   0.500,   1.524,   0.700,   1.724
202605050406,   0.901,9999.000,9999.000,9999.000,9999.000,9999.000,9999.000,9999.000,9999.000
202605050412,   0.882,9999.000,9999.000,9999.000,9999.000,9999.000,9999.000,9999.000,9999.000
202605050418,   0.863,9999.000,9999.000,9999.000,9999.000,9999.000,9999.000,9999.000,9999.000
202605050424,   0.845,9999.000,9999.000,9999.000,9999.000,9999.000,9999.000,9999.000,9999.000
202605050430,   0.825,9999.000,9999.000,9999.000,9999.000,9999.000,9999.000,9999.000,9999.000
202605050436,   0.806,9999.000,9999.000,9999.000,9999.000,9999.000,9999.000,9999.000,9999.000
202605050442,   0.787,9999.000,9999.000,9999.000,9999.000,9999.000,9999.000,9999.000,9999.000
202605050448,   0.768,9999.000,9999.000,9999.000,9999.000,9999.000,9999.000,9999.000,9999.000
202605050454,   0.749,9999.000,9999.000,9999.000,9999.000,9999.000,9999.000,9999.000,9999.000
202605050500,   0.730,9999.000,   0.600,   0.105,   1.435,   0.500,   1.335,   0.700,   1.535
202605050506,   0.711,9999.000,9999.000,9999.000,9999.000,9999.000,9999.000,9999.000,9999.000
202605050512,   0.692,9999.000,9999.000,9999.000,9999.000,9999.000,9999.000,9999.000,9999.000
202605050518,   0.674,9999.000,9999.000,9999.000,9999.000,9999.000,9999.000,9999.000,9999.000
202605050524,   0.656,9999.000,9999.000,9999.000,9999.000,9999.000,9999.000,9999.000,9999.000
202605050530,   0.638,9999.000,9999.000,9999.000,9999.000,9999.000,9999.000,9999.000,9999.000
202605050536,   0.621,9999.000,9999.000,9999.000,9999.000,9999.000,9999.000,9999.000,9999.000
202605050542,   0.605,9999.000,9999.000,9999.000,9999.000,9999.000,9999.000,9999.000,9999.000
202605050548,   0.588,9999.000,9999.000,9999.000,9999.000,9999.000,9999.000,9999.000,9999.000
202605050554,   0.573,9999.000,9999.000,9999.000,9999.000,9999.000,9999.000,9999.000,9999.000
202605050600,   0.558,9999.000,   0.600,   0.105,   1.263,   0.500,   1.163,   0.800,   1.463
202605050606,   0.544,9999.000,9999.000,9999.000,9999.000,9999.000,9999.000,9999.000,9999.000
202605050612,   0.530,9999.000,9999.000,9999.000,9999.000,9999.000,9999.000,9999.000,9999.000
202605050618,   0.518,9999.000,9999.000,9999.000,9999.000,9999.000,9999.000,9999.000,9999.000
202605050624,   0.506,9999.000,9999.000,9999.000,9999.000,9999.000,9999.000,9999.000,9999.000
202605050630,   0.495,9999.000,9999.000,9999.000,9999.000,9999.000,9999.000,9999.000,9999.000
202605050636,   0.484,9999.000,9999.000,9999.000,9999.000,9999.000,9999.000,9999.000,9999.000
202605050642,   0.475,9999.000,9999.000,9999.000,9999.000,9999.000,9999.000,9999.000,9999.000
202605050648,   0.467,9999.000,9999.000,9999.000,9999.000,9999.000,9999.000,9999.000,9999.000
202605050654,   0.460,9999.000,9999.000,9999.000,9999.000,9999.000,9999.000,9999.000,9999.000
202605050700,   0.453,9999.000,   0.600,   0.105,   1.158,   0.500,   1.058,   0.800,   1.358
202605050706,   0.448,9999.000,9999.000,9999.000,9999.000,9999.000,9999.000,9999.000,9999.000
202605050712,   0.444,9999.000,9999.000,9999.000,9999.000,9999.000,9999.000,9999.000,9999.000
202605050718,   0.441,9999.000,9999.000,9999.000,9999.000,9999.000,9999.000,9999.000,9999.000
202605050724,   0.440,9999.000,9999.000,9999.000,9999.000,9999.000,9999.000,9999.000,9999.000
202605050730,   0.439,9999.000,9999.000,9999.000,9999.000,9999.000,9999.000,9999.000,9999.000
202605050736,   0.440,9999.000,9999.000,9999.000,9999.000,9999.000,9999.000,9999.000,9999.000
202605050742,   0.442,9999.000,9999.000,9999.000,9999.000,9999.000,9999.000,9999.000,9999.000
202605050748,   0.446,9999.000,9999.000,9999.000,9999.000,9999.000,9999.000,9999.000,9999.000
202605050754,   0.450,9999.000,9999.000,9999.000,9999.000,9999.000,9999.000,9999.000,9999.000
202605050800,   0.457,9999.000,   0.600,   0.105,   1.162,   0.500,   1.062,   0.800,   1.362
202605050806,   0.464,9999.000,9999.000,9999.000,9999.000,9999.000,9999.000,9999.000,9999.000
202605050812,   0.473,9999.000,9999.000,9999.000,9999.000,9999.000,9999.000,9999.000,9999.000
202605050818,   0.483,9999.000,9999.000,9999.000,9999.000,9999.000,9999.000,9999.000,9999.000
202605050824,   0.494,9999.000,9999.000,9999.000,9999.000,9999.000,9999.000,9999.000,9999.000
202605050830,   0.507,9999.000,9999.000,9999.000,9999.000,9999.000,9999.000,9999.000,9999.000
202605050836,   0.521,9999.000,9999.000,9999.000,9999.000,9999.000,9999.000,9999.000,9999.000
202605050842,   0.537,9999.000,9999.000,9999.000,9999.000,9999.000,9999.000,9999.000,9999.000
202605050848,   0.554,9999.000,9999.000,9999.000,9999.000,9999.000,9999.000,9999.000,9999.000
202605050854,   0.572,9999.000,9999.000,9999.000,9999.000,9999.000,9999.000,9999.000,9999.000
202605050900,   0.591,9999.000,   0.600,   0.105,   1.296,   0.500,   1.196,   0.800,   1.496
202605050906,   0.611,9999.000,9999.000,9999.000,9999.000,9999.000,9999.000,9999.000,9999.000
202605050912,   0.633,9999.000,9999.000,9999.000,9999.000,9999.000,9999.000,9999.000,9999.000
202605050918,   0.655,9999.000,9999.000,9999.000,9999.000,9999.000,9999.000,9999.000,9999.000
202605050924,   0.679,9999.000,9999.000,9999.000,9999.000,9999.000,9999.000,9999.000,9999.000
202605050930,   0.704,9999.000,9999.000,9999.000,9999.000,9999.000,9999.000,9999.000,9999.000
202605050936,   0.729,9999.000,9999.000,9999.000,9999.000,9999.000,9999.000,9999.000,9999.000
202605050942,   0.756,9999.000,9999.000,9999.000,9999.000,9999.000,9999.000,9999.000,9999.000
202605050948,   0.783,9999.000,9999.000,9999.000,9999.000,9999.000,9999.000,9999.000,9999.000
202605050954,   0.811,9999.000,9999.000,9999.000,9999.000,9999.000,9999.000,9999.000,9999.000
202605051000,   0.840,9999.000,   0.600,   0.105,   1.545,   0.500,   1.445,   0.800,   1.745
202605051006,   0.868,9999.000,9999.000,9999.000,9999.000,9999.000,9999.000,9999.000,9999.000
202605051012,   0.898,9999.000,9999.000,9999.000,9999.000,9999.000,9999.000,9999.000,9999.000
202605051018,   0.928,9999.000,9999.000,9999.000,9999.000,9999.000,9999.000,9999.000,9999.000
202605051024,   0.958,9999.000,9999.000,9999.000,9999.000,9999.000,9999.000,9999.000,9999.000
202605051030,   0.989,9999.000,9999.000,9999.000,9999.000,9999.000,9999.000,9999.000,9999.000
202605051036,   1.020,9999.000,9999.000,9999.000,9999.000,9999.000,9999.000,9999.000,9999.000
202605051042,   1.050,9999.000,9999.000,9999.000,9999.000,9999.000,9999.000,9999.000,9999.000
202605051048,   1.081,9999.000,9999.000,9999.000,9999.000,9999.000,9999.000,9999.000,9999.000
202605051054,   1.112,9999.000,9999.000,9999.000,9999.000,9999.000,9999.000,9999.000,9999.000
202605051100,   1.143,9999.000,   0.600,   0.105,   1.848,   0.500,   1.748,   0.800,   2.048
202605051106,   1.173,9999.000,9999.000,9999.000,9999.000,9999.000,9999.000,9999.000,9999.000
202605051112,   1.203,9999.000,9999.000,9999.000,9999.000,9999.000,9999.000,9999.000,9999.000
202605051118,   1.233,9999.000,9999.000,9999.000,9999.000,9999.000,9999.000,9999.000,9999.000
202605051124,   1.263,9999.000,9999.000,9999.000,9999.000,9999.000,9999.000,9999.000,9999.000
202605051130,   1.292,9999.000,9999.000,9999.000,9999.000,9999.000,9999.000,9999.000,9999.000
202605051136,   1.320,9999.000,9999.000,9999.000,9999.000,9999.000,9999.000,9999.000,9999.000
202605051142,   1.348,9999.000,9999.000,9999.000,9999.000,9999.000,9999.000,9999.000,9999.000
202605051148,   1.375,9999.000,9999.000,9999.000,9999.000,9999.000,9999.000,9999.000,9999.000
202605051154,   1.402,9999.000,9999.000,9999.000,9999.000,9999.000,9999.000,9999.000,9999.000
202605051200,   1.427,9999.000,   0.600,   0.105,   2.132,   0.500,   2.032,   0.800,   2.332
202605051206,   1.452,9999.000,9999.000,9999.000,9999.000,9999.000,9999.000,9999.000,9999.000
202605051212,   1.476,9999.000,9999.000,9999.000,9999.000,9999.000,9999.000,9999.000,9999.000
202605051218,   1.500,9999.000,9999.000,9999.000,9999.000,9999.000,9999.000,9999.000,9999.000
202605051224,   1.522,9999.000,9999.000,9999.000,9999.000,9999.000,9999.000,9999.000,9999.000
202605051230,   1.543,9999.000,9999.000,9999.000,9999.000,9999.000,9999.000,9999.000,9999.000
202605051236,   1.563,9999.000,9999.000,9999.000,9999.000,9999.000,9999.000,9999.000,9999.000
202605051242,   1.582,9999.000,9999.000,9999.000,9999.000,9999.000,9999.000,9999.000,9999.000
202605051248,   1.600,9999.000,9999.000,9999.000,9999.000,9999.000,9999.000,9999.000,9999.000
202605051254,   1.617,9999.000,9999.000,9999.000,9999.000,9999.000,9999.000,9999.000,9999.000
202605051300,   1.633,9999.000,   0.600,   0.105,   2.338,   0.500,   2.238,   0.800,   2.538
202605051306,   1.648,9999.000,9999.000,9999.000,9999.000,9999.000,9999.000,9999.000,9999.000
202605051312,   1.661,9999.000,9999.000,9999.000,9999.000,9999.000,9999.000,9999.000,9999.000
202605051318,   1.673,9999.000,9999.000,9999.000,9999.000,9999.000,9999.000,9999.000,9999.000
202605051324,   1.684,9999.000,9999.000,9999.000,9999.000,9999.000,9999.000,9999.000,9999.000
202605051330,   1.694,9999.000,9999.000,9999.000,9999.000,9999.000,9999.000,9999.000,9999.000
202605051336,   1.702,9999.000,9999.000,9999.000,9999.000,9999.000,9999.000,9999.000,9999.000
202605051342,   1.709,9999.000,9999.000,9999.000,9999.000,9999.000,9999.000,9999.000,9999.000
202605051348,   1.715,9999.000,9999.000,9999.000,9999.000,9999.000,9999.000,9999.000,9999.000
202605051354,   1.719,9999.000,9999.000,9999.000,9999.000,9999.000,9999.000,9999.000,9999.000
202605051400,   1.722,9999.000,   0.600,   0.105,   2.427,   0.400,   2.227,   0.800,   2.627
202605051406,   1.724,9999.000,9999.000,9999.000,9999.000,9999.000,9999.000,9999.000,9999.000
202605051412,   1.724,9999.000,9999.000,9999.000,9999.000,9999.000,9999.000,9999.000,9999.000
202605051418,   1.723,9999.000,9999.000,9999.000,9999.000,9999.000,9999.000,9999.000,9999.000
202605051424,   1.720,9999.000,9999.000,9999.000,9999.000,9999.000,9999.000,9999.000,9999.000
202605051430,   1.716,9999.000,9999.000,9999.000,9999.000,9999.000,9999.000,9999.000,9999.000
202605051436,   1.711,9999.000,9999.000,9999.000,9999.000,9999.000,9999.000,9999.000,9999.000
202605051442,   1.705,9999.000,9999.000,9999.000,9999.000,9999.000,9999.000,9999.000,9999.000
202605051448,   1.697,9999.000,9999.000,9999.000,9999.000,9999.000,9999.000,9999.000,9999.000
202605051454,   1.688,9999.000,9999.000,9999.000,9999.000,9999.000,9999.000,9999.000,9999.000
202605051500,   1.678,9999.000,   0.600,   0.105,   2.383,   0.400,   2.183,   0.700,   2.483
202605051506,   1.666,9999.000,9999.000,9999.000,9999.000,9999.000,9999.000,9999.000,9999.000
202605051512,   1.653,9999.000,9999.000,9999.000,9999.000,9999.000,9999.000,9999.000,9999.000
202605051518,   1.639,9999.000,9999.000,9999.000,9999.000,9999.000,9999.000,9999.000,9999.000
202605051524,   1.624,9999.000,9999.000,9999.000,9999.000,9999.000,9999.000,9999.000,9999.000
202605051530,   1.608,9999.000,9999.000,9999.000,9999.000,9999.000,9999.000,9999.000,9999.000
202605051536,   1.591,9999.000,9999.000,9999.000,9999.000,9999.000,9999.000,9999.000,9999.000
202605051542,   1.573,9999.000,9999.000,9999.000,9999.000,9999.000,9999.000,9999.000,9999.000
202605051548,   1.554,9999.000,9999.000,9999.000,9999.000,9999.000,9999.000,9999.000,9999.000
202605051554,   1.534,9999.000,9999.000,9999.000,9999.000,9999.000,9999.000,9999.000,9999.000
202605051600,   1.513,9999.000,   0.500,   0.105,   2.118,   0.400,   2.018,   0.700,   2.318
202605051606,   1.492,9999.000,9999.000,9999.000,9999.000,9999.000,9999.000,9999.000,9999.000
202605051612,   1.469,9999.000,9999.000,9999.000,9999.000,9999.000,9999.000,9999.000,9999.000
202605051618,   1.446,9999.000,9999.000,9999.000,9999.000,9999.000,9999.000,9999.000,9999.000
202605051624,   1.422,9999.000,9999.000,9999.000,9999.000,9999.000,9999.000,9999.000,9999.000
202605051630,   1.398,9999.000,9999.000,9999.000,9999.000,9999.000,9999.000,9999.000,9999.000
202605051636,   1.373,9999.000,9999.000,9999.000,9999.000,9999.000,9999.000,9999.000,9999.000
202605051642,   1.348,9999.000,9999.000,9999.000,9999.000,9999.000,9999.000,9999.000,9999.000
202605051648,   1.322,9999.000,9999.000,9999.000,9999.000,9999.000,9999.000,9999.000,9999.000
202605051654,   1.295,9999.000,9999.000,9999.000,9999.000,9999.000,9999.000,9999.000,9999.000
202605051700,   1.269,9999.000,   0.500,   0.105,   1.874,   0.400,   1.774,   0.700,   2.074
202605051706,   1.242,9999.000,9999.000,9999.000,9999.000,9999.000,9999.000,9999.000,9999.000
202605051712,   1.215,9999.000,9999.000,9999.000,9999.000,9999.000,9999.000,9999.000,9999.000
202605051718,   1.188,9999.000,9999.000,9999.000,9999.000,9999.000,9999.000,9999.000,9999.000
202605051724,   1.160,9999.000,9999.000,9999.000,9999.000,9999.000,9999.000,9999.000,9999.000
202605051730,   1.132,9999.000,9999.000,9999.000,9999.000,9999.000,9999.000,9999.000,9999.000
202605051736,   1.105,9999.000,9999.000,9999.000,9999.000,9999.000,9999.000,9999.000,9999.000
202605051742,   1.077,9999.000,9999.000,9999.000,9999.000,9999.000,9999.000,9999.000,9999.000
202605051748,   1.049,9999.000,9999.000,9999.000,9999.000,9999.000,9999.000,9999.000,9999.000
202605051754,   1.022,9999.000,9999.000,9999.000,9999.000,9999.000,9999.000,9999.000,9999.000
202605051800,   0.994,9999.000,   0.500,   0.105,   1.599,   0.400,   1.499,   0.700,   1.799
202605051806,   0.967,9999.000,9999.000,9999.000,9999.000,9999.000,9999.000,9999.000,9999.000
202605051812,   0.939,9999.000,9999.000,9999.000,9999.000,9999.000,9999.000,9999.000,9999.000
202605051818,   0.912,9999.000,9999.000,9999.000,9999.000,9999.000,9999.000,9999.000,9999.000
202605051824,   0.886,9999.000,9999.000,9999.000,9999.000,9999.000,9999.000,9999.000,9999.000
202605051830,   0.859,9999.000,9999.000,9999.000,9999.000,9999.000,9999.000,9999.000,9999.000
202605051836,   0.833,9999.000,9999.000,9999.000,9999.000,9999.000,9999.000,9999.000,9999.000
202605051842,   0.808,9999.000,9999.000,9999.000,9999.000,9999.000,9999.000,9999.000,9999.000
202605051848,   0.782,9999.000,9999.000,9999.000,9999.000,9999.000,9999.000,9999.000,9999.000
202605051854,   0.758,9999.000,9999.000,9999.000,9999.000,9999.000,9999.000,9999.000,9999.000
202605051900,   0.734,9999.000,   0.500,   0.105,   1.339,   0.300,   1.139,   0.700,   1.539
202605051906,   0.710,9999.000,9999.000,9999.000,9999.000,9999.000,9999.000,9999.000,9999.000
202605051912,   0.687,9999.000,9999.000,9999.000,9999.000,9999.000,9999.000,9999.000,9999.000
202605051918,   0.665,9999.000,9999.000,9999.000,9999.000,9999.000,9999.000,9999.000,9999.000
202605051924,   0.643,9999.000,9999.000,9999.000,9999.000,9999.000,9999.000,9999.000,9999.000
202605051930,   0.622,9999.000,9999.000,9999.000,9999.000,9999.000,9999.000,9999.000,9999.000
202605051936,   0.602,9999.000,9999.000,9999.000,9999.000,9999.000,9999.000,9999.000,9999.000
202605051942,   0.583,9999.000,9999.000,9999.000,9999.000,9999.000,9999.000,9999.000,9999.000
202605051948,   0.565,9999.000,9999.000,9999.000,9999.000,9999.000,9999.000,9999.000,9999.000
202605051954,   0.548,9999.000,9999.000,9999.000,9999.000,9999.000,9999.000,9999.000,9999.000
202605052000,   0.532,9999.000,   0.500,   0.105,   1.137,   0.300,   0.937,   0.600,   1.237
202605052006,   0.517,9999.000,9999.000,9999.000,9999.000,9999.000,9999.000,9999.000,9999.000
202605052012,   0.503,9999.000,9999.000,9999.000,9999.000,9999.000,9999.000,9999.000,9999.000
202605052018,   0.490,9999.000,9999.000,9999.000,9999.000,9999.000,9999.000,9999.000,9999.000
202605052024,   0.478,9999.000,9999.000,9999.000,9999.000,9999.000,9999.000,9999.000,9999.000
202605052030,   0.468,9999.000,9999.000,9999.000,9999.000,9999.000,9999.000,9999.000,9999.000
202605052036,   0.458,9999.000,9999.000,9999.000,9999.000,9999.000,9999.000,9999.000,9999.000
202605052042,   0.450,9999.000,9999.000,9999.000,9999.000,9999.000,9999.000,9999.000,9999.000
202605052048,   0.443,9999.000,9999.000,9999.000,9999.000,9999.000,9999.000,9999.000,9999.000
202605052054,   0.438,9999.000,9999.000,9999.000,9999.000,9999.000,9999.000,9999.000,9999.000
202605052100,   0.434,9999.000,   0.400,   0.105,   0.939,   0.300,   0.839,   0.600,   1.139
202605052106,   0.431,9999.000,9999.000,9999.000,9999.000,9999.000,9999.000,9999.000,9999.000
202605052112,   0.429,9999.000,9999.000,9999.000,9999.000,9999.000,9999.000,9999.000,9999.000
202605052118,   0.429,9999.000,9999.000,9999.000,9999.000,9999.000,9999.000,9999.000,9999.000
202605052124,   0.430,9999.000,9999.000,9999.000,9999.000,9999.000,9999.000,9999.000,9999.000
202605052130,   0.432,9999.000,9999.000,9999.000,9999.000,9999.000,9999.000,9999.000,9999.000
202605052136,   0.436,9999.000,9999.000,9999.000,9999.000,9999.000,9999.000,9999.000,9999.000
202605052142,   0.440,9999.000,9999.000,9999.000,9999.000,9999.000,9999.000,9999.000,9999.000
202605052148,   0.446,9999.000,9999.000,9999.000,9999.000,9999.000,9999.000,9999.000,9999.000
202605052154,   0.453,9999.000,9999.000,9999.000,9999.000,9999.000,9999.000,9999.000,9999.000
202605052200,   0.462,9999.000,   0.500,   0.105,   1.067,   0.300,   0.867,   0.600,   1.167
202605052206,   0.471,9999.000,9999.000,9999.000,9999.000,9999.000,9999.000,9999.000,9999.000
202605052212,   0.481,9999.000,9999.000,9999.000,9999.000,9999.000,9999.000,9999.000,9999.000
202605052218,   0.493,9999.000,9999.000,9999.000,9999.000,9999.000,9999.000,9999.000,9999.000
202605052224,   0.505,9999.000,9999.000,9999.000,9999.000,9999.000,9999.000,9999.000,9999.000
202605052230,   0.518,9999.000,9999.000,9999.000,9999.000,9999.000,9999.000,9999.000,9999.000
202605052236,   0.532,9999.000,9999.000,9999.000,9999.000,9999.000,9999.000,9999.000,9999.000
202605052242,   0.547,9999.000,9999.000,9999.000,9999.000,9999.000,9999.000,9999.000,9999.000
202605052248,   0.563,9999.000,9999.000,9999.000,9999.000,9999.000,9999.000,9999.000,9999.000
202605052254,   0.579,9999.000,9999.000,9999.000,9999.000,9999.000,9999.000,9999.000,9999.000
202605052300,   0.596,9999.000,   0.500,   0.105,   1.201,   0.300,   1.001,   0.700,   1.401
202605052306,   0.613,9999.000,9999.000,9999.000,9999.000,9999.000,9999.000,9999.000,9999.000
202605052312,   0.631,9999.000,9999.000,9999.000,9999.000,9999.000,9999.000,9999.000,9999.000
202605052318,   0.649,9999.000,9999.000,9999.000,9999.000,9999.000,9999.000,9999.000,9999.000
202605052324,   0.668,9999.000,9999.000,9999.000,9999.000,9999.000,9999.000,9999.000,9999.000
202605052330,   0.687,9999.000,9999.000,9999.000,9999.000,9999.000,9999.000,9999.000,9999.000
202605052336,   0.706,9999.000,9999.000,9999.000,9999.000,9999.000,9999.000,9999.000,9999.000
202605052342,   0.725,9999.000,9999.000,9999.000,9999.000,9999.000,9999.000,9999.000,9999.000
202605052348,   0.744,9999.000,9999.000,9999.000,9999.000,9999.000,9999.000,9999.000,9999.000
202605052354,   0.763,9999.000,9999.000,9999.000,9999.000,9999.000,9999.000,9999.000,9999.000
202605060000,   0.783,9999.000,   0.500,   0.105,   1.388,   0.300,   1.188,   0.700,   1.588
