        TIME,    TIDE,      OB,   SURGE,    BIAS,     TWL,SURGE90p,  TWL90p,SURGE10p,   TWL10p
202604071200,   1.379,   1.689,   0.200,   0.110,   1.689,   0.200,   1.689,   0.300,   1.789
202604071206,   1.416,9999.000,9999.000,9999.000,9999.000,9999.000,9999.000,9999.000,9999.000
202604071212,   1.452,   1.748,9999.000,9999.000,9999.000,9999.000,9999.000,9999.000,9999.000
202604071218,   1.487,9999.000,9999.000,9999.000,9999.000,9999.000,9999.000,9999.000,9999.000
202604071224,   1.522,   1.790,9999.000,9999.000,9999.000,9999.000,9999.000,9999.000,9999.000
202604071230,   1.557,9999.000,9999.000,9999.000,9999.000,9999.000,9999.000,9999.000,9999.000
202604071236,   1.591,   1.879,9999.000,9999.000,9999.000,9999.000,9999.000,9999.000,9999.000
202604071242,   1.626,9999.000,9999.000,9999.000,9999.000,9999.000,9999.000,9999.000,9999.000
202604071248,   1.662,   2.040,9999.000,9999.000,9999.000,9999.000,9999.000,9999.000,9999.000
202604071254,   1.698,9999.000,9999.000,9999.000,9999.000,9999.000,9999.000,9999.000,9999.000
202604071300,   1.735,   2.158,   0.300,   0.123,   2.158,   0.200,   2.058,   0.300,   2.158
202604071306,   1.774,   2.210,9999.000,9999.000,9999.000,9999.000,9999.000,9999.000,9999.000
202604071312,   1.814,   2.299,9999.000,9999.000,9999.000,9999.000,9999.000,9999.000,9999.000
202604071318,   1.855,   2.368,9999.000,9999.000,9999.000,9999.000,9999.000,9999.000,9999.000
202604071324,   1.898,   2.450,9999.000,9999.000,9999.000,9999.000,9999.000,9999.000,9999.000
202604071330,   1.943,   2.528,9999.000,9999.000,9999.000,9999.000,9999.000,9999.000,9999.000
202604071336,   1.989,   2.630,9999.000,9999.000,9999.000,9999.000,9999.000,9999.000,9999.000
202604071342,   2.038,   2.738,9999.000,9999.000,9999.000,9999.000,9999.000,9999.000,9999.000
202604071348,   2.087,   2.807,9999.000,9999.000,9999.000,9999.000,9999.000,9999.000,9999.000
202604071354,   2.139,   2.879,9999.000,9999.000,9999.000,9999.000,9999.000,9999.000,9999.000
202604071400,   2.192,   2.978,   0.300,   0.486,   2.978,   0.200,   2.878,   0.500,   3.178
202604071406,   2.246,   3.050,9999.000,9999.000,9999.000,9999.000,9999.000,9999.000,9999.000
202604071412,   2.301,   3.119,9999.000,9999.000,9999.000,9999.000,9999.000,9999.000,9999.000
202604071418,   2.357,   3.188,9999.000,9999.000,9999.000,9999.000,9999.000,9999.000,9999.000
202604071424,   2.414,   3.270,9999.000,9999.000,9999.000,9999.000,9999.000,9999.000,9999.000
202604071430,   2.471,   3.358,9999.000,9999.000,9999.000,9999.000,9999.000,9999.000,9999.000
202604071436,   2.528,   3.417,9999.000,9999.000,9999.000,9999.000,9999.000,9999.000,9999.000
202604071442,   2.585,   3.480,9999.000,9999.000,9999.000,9999.000,9999.000,9999.000,9999.000
202604071448,   2.641,   3.529,9999.000,9999.000,9999.000,9999.000,9999.000,9999.000,9999.000
202604071454,   2.696,   3.588,9999.000,9999.000,9999.000,9999.000,9999.000,9999.000,9999.000
202604071500,   2.750,   3.617,   0.400,   0.467,   3.617,   0.300,   3.517,   0.500,   3.717
202604071506,   2.803,   3.637,9999.000,9999.000,9999.000,9999.000,9999.000,9999.000,9999.000
202604071512,   2.853,   3.670,9999.000,9999.000,9999.000,9999.000,9999.000,9999.000,9999.000
202604071518,   2.901,   3.699,9999.000,9999.000,9999.000,9999.000,9999.000,9999.000,9999.000
202604071524,   2.947,   3.699,9999.000,9999.000,9999.000,9999.000,9999.000,9999.000,9999.000
202604071530,   2.989,   3.709,9999.000,9999.000,9999.000,9999.000,9999.000,9999.000,9999.000
202604071536,   3.029,   3.709,9999.000,9999.000,9999.000,9999.000,9999.000,9999.000,9999.000
202604071542,   3.064,   3.709,9999.000,9999.000,9999.000,9999.000,9999.000,9999.000,9999.000
202604071548,   3.096,   3.699,9999.000,9999.000,9999.000,9999.000,9999.000,9999.000,9999.000
202604071554,   3.124,   3.689,9999.000,9999.000,9999.000,9999.000,9999.000,9999.000,9999.000
202604071600,   3.148,   3.689,   0.300,   0.241,   3.689,   0.300,   3.689,   0.400,   3.789
202604071606,   3.167,   3.660,9999.000,9999.000,9999.000,9999.000,9999.000,9999.000,9999.000
202604071612,   3.182,   3.627,9999.000,9999.000,9999.000,9999.000,9999.000,9999.000,9999.000
202604071618,   3.192,   3.588,9999.000,9999.000,9999.000,9999.000,9999.000,9999.000,9999.000
202604071624,   3.197,   3.558,9999.000,9999.000,9999.000,9999.000,9999.000,9999.000,9999.000
202604071630,   3.197,   3.529,9999.000,9999.000,9999.000,9999.000,9999.000,9999.000,9999.000
202604071636,   3.192,   3.489,9999.000,9999.000,9999.000,9999.000,9999.000,9999.000,9999.000
202604071642,   3.182,   3.460,9999.000,9999.000,9999.000,9999.000,9999.000,9999.000,9999.000
202604071648,   3.167,   3.440,9999.000,9999.000,9999.000,9999.000,9999.000,9999.000,9999.000
202604071654,   3.147,   3.417,9999.000,9999.000,9999.000,9999.000,9999.000,9999.000,9999.000
202604071700,   3.122,   3.378,   0.300,  -0.044,   3.378,   0.200,   3.278,   0.400,   3.478
202604071706,   3.093,   3.299,9999.000,9999.000,9999.000,9999.000,9999.000,9999.000,9999.000
202604071712,   3.059,   3.250,9999.000,9999.000,9999.000,9999.000,9999.000,9999.000,9999.000
202604071718,   3.020,   3.197,9999.000,9999.000,9999.000,9999.000,9999.000,9999.000,9999.000
202604071724,   2.977,   3.158,9999.000,9999.000,9999.000,9999.000,9999.000,9999.000,9999.000
202604071730,   2.930,   3.099,9999.000,9999.000,9999.000,9999.000,9999.000,9999.000,9999.000
202604071736,   2.879,   3.030,9999.000,9999.000,9999.000,9999.000,9999.000,9999.000,9999.000
202604071742,   2.824,   2.988,9999.000,9999.000,9999.000,9999.000,9999.000,9999.000,9999.000
202604071748,   2.766,   2.909,9999.000,9999.000,9999.000,9999.000,9999.000,9999.000,9999.000
202604071754,   2.705,   2.840,9999.000,9999.000,9999.000,9999.000,9999.000,9999.000,9999.000
202604071800,   2.641,   2.738,   0.200,  -0.103,   2.738,   0.100,   2.638,   0.300,   2.838
202604071806,   2.574,   2.689,9999.000,9999.000,9999.000,9999.000,9999.000,9999.000,9999.000
202604071812,   2.504,   2.620,9999.000,9999.000,9999.000,9999.000,9999.000,9999.000,9999.000
202604071818,   2.432,   2.538,9999.000,9999.000,9999.000,9999.000,9999.000,9999.000,9999.000
202604071824,   2.358,   2.499,9999.000,9999.000,9999.000,9999.000,9999.000,9999.000,9999.000
202604071830,   2.283,   2.440,9999.000,9999.000,9999.000,9999.000,9999.000,9999.000,9999.000
202604071836,   2.206,   2.348,9999.000,9999.000,9999.000,9999.000,9999.000,9999.000,9999.000
202604071842,   2.127,   2.269,9999.000,9999.000,9999.000,9999.000,9999.000,9999.000,9999.000
202604071848,   2.048,   2.177,9999.000,9999.000,9999.000,9999.000,9999.000,9999.000,9999.000
202604071854,   1.968,   2.089,9999.000,9999.000,9999.000,9999.000,9999.000,9999.000,9999.000
202604071900,   1.887,   1.958,   0.200,  -0.129,   1.958,   0.100,   1.858,   0.200,   1.958
202604071906,   1.806,   1.899,9999.000,9999.000,9999.000,9999.000,9999.000,9999.000,9999.000
202604071912,   1.725,   1.810,9999.000,9999.000,9999.000,9999.000,9999.000,9999.000,9999.000
202604071918,   1.644,   1.718,9999.000,9999.000,9999.000,9999.000,9999.000,9999.000,9999.000
202604071924,   1.564,   1.630,9999.000,9999.000,9999.000,9999.000,9999.000,9999.000,9999.000
202604071930,   1.484,   1.548,9999.000,9999.000,9999.000,9999.000,9999.000,9999.000,9999.000
202604071936,   1.405,   1.439,9999.000,9999.000,9999.000,9999.000,9999.000,9999.000,9999.000
202604071942,   1.327,   1.348,9999.000,9999.000,9999.000,9999.000,9999.000,9999.000,9999.000
202604071948,   1.251,   1.289,9999.000,9999.000,9999.000,9999.000,9999.000,9999.000,9999.000
202604071954,   1.177,   1.210,9999.000,9999.000,9999.000,9999.000,9999.000,9999.000,9999.000
202604072000,   1.105,   1.151,   0.100,  -0.054,   1.151,   0.100,   1.151,   0.200,   1.251
202604072006,   1.035,   1.088,9999.000,9999.000,9999.000,9999.000,9999.000,9999.000,9999.000
202604072012,   0.969,   1.069,9999.000,9999.000,9999.000,9999.000,9999.000,9999.000,9999.000
202604072018,   0.906,   1.000,9999.000,9999.000,9999.000,9999.000,9999.000,9999.000,9999.000
202604072024,   0.846,   0.941,9999.000,9999.000,9999.000,9999.000,9999.000,9999.000,9999.000
202604072030,   0.790,   0.879,9999.000,9999.000,9999.000,9999.000,9999.000,9999.000,9999.000
202604072036,   0.739,   0.810,9999.000,9999.000,9999.000,9999.000,9999.000,9999.000,9999.000
202604072042,   0.692,   0.718,9999.000,9999.000,9999.000,9999.000,9999.000,9999.000,9999.000
202604072048,   0.650,   0.678,9999.000,9999.000,9999.000,9999.000,9999.000,9999.000,9999.000
202604072054,   0.614,   0.629,9999.000,9999.000,9999.000,9999.000,9999.000,9999.000,9999.000
202604072100,   0.583,   0.590,   0.100,  -0.093,   0.590,   0.100,   0.590,   0.200,   0.690
202604072106,   0.557,   0.570,9999.000,9999.000,9999.000,9999.000,9999.000,9999.000,9999.000
202604072112,   0.538,   0.531,9999.000,9999.000,9999.000,9999.000,9999.000,9999.000,9999.000
202604072118,   0.525,   0.498,9999.000,9999.000,9999.000,9999.000,9999.000,9999.000,9999.000
202604072124,   0.518,   0.498,9999.000,9999.000,9999.000,9999.000,9999.000,9999.000,9999.000
202604072130,   0.518,   0.469,9999.000,9999.000,9999.000,9999.000,9999.000,9999.000,9999.000
202604072136,   0.523,   0.449,9999.000,9999.000,9999.000,9999.000,9999.000,9999.000,9999.000
202604072142,   0.535,   0.459,9999.000,9999.000,9999.000,9999.000,9999.000,9999.000,9999.000
202604072148,   0.553,   0.498,9999.000,9999.000,9999.000,9999.000,9999.000,9999.000,9999.000
202604072154,   0.577,   0.478,9999.000,9999.000,9999.000,9999.000,9999.000,9999.000,9999.000
202604072200,   0.607,   0.531,   0.100,  -0.176,   0.531,   0.000,   0.431,   0.100,   0.531
202604072206,   0.642,   0.580,9999.000,9999.000,9999.000,9999.000,9999.000,9999.000,9999.000
202604072212,   0.682,   0.639,9999.000,9999.000,9999.000,9999.000,9999.000,9999.000,9999.000
202604072218,   0.727,   0.669,9999.000,9999.000,9999.000,9999.000,9999.000,9999.000,9999.000
202604072224,   0.776,   0.688,9999.000,9999.000,9999.000,9999.000,9999.000,9999.000,9999.000
202604072230,   0.829,   0.760,9999.000,9999.000,9999.000,9999.000,9999.000,9999.000,9999.000
202604072236,   0.885,   0.800,9999.000,9999.000,9999.000,9999.000,9999.000,9999.000,9999.000
202604072242,   0.943,   0.849,9999.000,9999.000,9999.000,9999.000,9999.000,9999.000,9999.000
202604072248,   1.004,   0.888,9999.000,9999.000,9999.000,9999.000,9999.000,9999.000,9999.000
202604072254,   1.066,   0.951,9999.000,9999.000,9999.000,9999.000,9999.000,9999.000,9999.000
202604072300,   1.130,   1.039,   0.000,  -0.091,   1.039,   0.000,   1.039,   0.000,   1.039
202604072306,   1.194,   1.098,9999.000,9999.000,9999.000,9999.000,9999.000,9999.000,9999.000
202604072312,   1.258,   1.200,9999.000,9999.000,9999.000,9999.000,9999.000,9999.000,9999.000
202604072318,   1.322,   1.229,9999.000,9999.000,9999.000,9999.000,9999.000,9999.000,9999.000
202604072324,   1.385,   1.318,9999.000,9999.000,9999.000,9999.000,9999.000,9999.000,9999.000
202604072330,   1.446,   1.348,9999.000,9999.000,9999.000,9999.000,9999.000,9999.000,9999.000
202604072336,   1.507,   1.449,9999.000,9999.000,9999.000,9999.000,9999.000,9999.000,9999.000
202604072342,   1.565,   1.508,9999.000,9999.000,9999.000,9999.000,9999.000,9999.000,9999.000
202604072348,   1.622,   1.590,9999.000,9999.000,9999.000,9999.000,9999.000,9999.000,9999.000
202604072354,   1.676,   1.630,9999.000,9999.000,9999.000,9999.000,9999.000,9999.000,9999.000
202604080000,   1.729,   1.718,   0.000,  -0.011,   1.718,   0.000,   1.718,   0.100,   1.818
202604080006,   1.779,   1.758,9999.000,9999.000,9999.000,9999.000,9999.000,9999.000,9999.000
202604080012,   1.826,   1.800,9999.000,9999.000,9999.000,9999.000,9999.000,9999.000,9999.000
202604080018,   1.872,   1.849,9999.000,9999.000,9999.000,9999.000,9999.000,9999.000,9999.000
202604080024,   1.916,   1.869,9999.000,9999.000,9999.000,9999.000,9999.000,9999.000,9999.000
202604080030,   1.957,   1.908,9999.000,9999.000,9999.000,9999.000,9999.000,9999.000,9999.000
202604080036,   1.997,   1.958,9999.000,9999.000,9999.000,9999.000,9999.000,9999.000,9999.000
202604080042,   2.036,   1.981,9999.000,9999.000,9999.000,9999.000,9999.000,9999.000,9999.000
202604080048,   2.073,   1.981,9999.000,9999.000,9999.000,9999.000,9999.000,9999.000,9999.000
202604080054,   2.109,   1.981,9999.000,9999.000,9999.000,9999.000,9999.000,9999.000,9999.000
202604080100,   2.145,   1.981,  -0.100,  -0.064,   1.981,  -0.200,   1.881,   0.000,   2.081
202604080106,   2.180,   1.981,9999.000,9999.000,9999.000,9999.000,9999.000,9999.000,9999.000
202604080112,   2.215,   1.981,9999.000,9999.000,9999.000,9999.000,9999.000,9999.000,9999.000
202604080118,   2.250,   1.981,9999.000,9999.000,9999.000,9999.000,9999.000,9999.000,9999.000
202604080124,   2.285,   2.020,9999.000,9999.000,9999.000,9999.000,9999.000,9999.000,9999.000
202604080130,   2.321,   2.049,9999.000,9999.000,9999.000,9999.000,9999.000,9999.000,9999.000
202604080136,   2.358,   2.069,9999.000,9999.000,9999.000,9999.000,9999.000,9999.000,9999.000
202604080142,   2.395,   2.079,9999.000,9999.000,9999.000,9999.000,9999.000,9999.000,9999.000
202604080148,   2.433,   2.118,9999.000,9999.000,9999.000,9999.000,9999.000,9999.000,9999.000
202604080154,   2.473,   2.099,9999.000,9999.000,9999.000,9999.000,9999.000,9999.000,9999.000
202604080200,   2.513,   2.128,  -0.100,  -0.285,   2.128,  -0.200,   2.028,   0.000,   2.228
202604080206,   2.555,   2.148,9999.000,9999.000,9999.000,9999.000,9999.000,9999.000,9999.000
202604080212,   2.597,   2.177,9999.000,9999.000,9999.000,9999.000,9999.000,9999.000,9999.000
202604080218,   2.641,   2.200,9999.000,9999.000,9999.000,9999.000,9999.000,9999.000,9999.000
202604080224,   2.686,   2.220,9999.000,9999.000,9999.000,9999.000,9999.000,9999.000,9999.000
202604080230,   2.731,   2.269,9999.000,9999.000,9999.000,9999.000,9999.000,9999.000,9999.000
202604080236,   2.777,   2.289,9999.000,9999.000,9999.000,9999.000,9999.000,9999.000,9999.000
202604080242,   2.823,   2.318,9999.000,9999.000,9999.000,9999.000,9999.000,9999.000,9999.000
202604080248,   2.870,   2.368,9999.000,9999.000,9999.000,9999.000,9999.000,9999.000,9999.000
202604080254,   2.917,   2.377,9999.000,9999.000,9999.000,9999.000,9999.000,9999.000,9999.000
202604080300,   2.963,   2.440,  -0.200,  -0.323,   2.440,  -0.300,   2.340,   0.000,   2.640
202604080306,   3.009,   2.509,9999.000,9999.000,9999.000,9999.000,9999.000,9999.000,9999.000
202604080312,   3.054,   2.548,9999.000,9999.000,9999.000,9999.000,9999.000,9999.000,9999.000
202604080318,   3.098,   2.620,9999.000,9999.000,9999.000,9999.000,9999.000,9999.000,9999.000
202604080324,   3.140,   2.699,9999.000,9999.000,9999.000,9999.000,9999.000,9999.000,9999.000
202604080330,   3.181,   2.768,9999.000,9999.000,9999.000,9999.000,9999.000,9999.000,9999.000
202604080336,   3.220,   2.830,9999.000,9999.000,9999.000,9999.000,9999.000,9999.000,9999.000
202604080342,   3.257,   2.869,9999.000,9999.000,9999.000,9999.000,9999.000,9999.000,9999.000
202604080348,   3.291,   2.919,9999.000,9999.000,9999.000,9999.000,9999.000,9999.000,9999.000
202604080354,   3.323,   2.988,9999.000,9999.000,9999.000,9999.000,9999.000,9999.000,9999.000
202604080400,   3.351,   3.017,  -0.200,  -0.134,   3.017,  -0.200,   3.017,  -0.100,   3.117
202604080406,   3.376,   3.089,9999.000,9999.000,9999.000,9999.000,9999.000,9999.000,9999.000
202604080412,   3.398,   3.119,9999.000,9999.000,9999.000,9999.000,9999.000,9999.000,9999.000
202604080418,   3.416,   3.148,9999.000,9999.000,9999.000,9999.000,9999.000,9999.000,9999.000
202604080424,   3.430,   3.178,9999.000,9999.000,9999.000,9999.000,9999.000,9999.000,9999.000
202604080430,   3.441,   3.207,9999.000,9999.000,9999.000,9999.000,9999.000,9999.000,9999.000
202604080436,   3.447,   3.250,9999.000,9999.000,9999.000,9999.000,9999.000,9999.000,9999.000
202604080442,   3.449,   3.250,9999.000,9999.000,9999.000,9999.000,9999.000,9999.000,9999.000
202604080448,   3.446,   3.270,9999.000,9999.000,9999.000,9999.000,9999.000,9999.000,9999.000
202604080454,   3.439,   3.319,9999.000,9999.000,9999.000,9999.000,9999.000,9999.000,9999.000
202604080500,   3.428,   3.339,  -0.200,   0.111,   3.339,  -0.300,   3.239,  -0.100,   3.439
202604080506,   3.413,   3.358,9999.000,9999.000,9999.000,9999.000,9999.000,9999.000,9999.000
202604080512,   3.393,   3.348,9999.000,9999.000,9999.000,9999.000,9999.000,9999.000,9999.000
202604080518,   3.368,   3.368,9999.000,9999.000,9999.000,9999.000,9999.000,9999.000,9999.000
202604080524,   3.340,   3.358,9999.000,9999.000,9999.000,9999.000,9999.000,9999.000,9999.000
202604080530,   3.307,   3.329,9999.000,9999.000,9999.000,9999.000,9999.000,9999.000,9999.000
202604080536,   3.270,   3.299,9999.000,9999.000,9999.000,9999.000,9999.000,9999.000,9999.000
202604080542,   3.229,   3.279,9999.000,9999.000,9999.000,9999.000,9999.000,9999.000,9999.000
202604080548,   3.185,   3.217,9999.000,9999.000,9999.000,9999.000,9999.000,9999.000,9999.000
202604080554,   3.137,   3.178,9999.000,9999.000,9999.000,9999.000,9999.000,9999.000,9999.000
202604080600,   3.085,   3.119,  -0.100,   0.134,   3.119,  -0.200,   3.019,   0.000,   3.219
202604080606,   3.030,   3.099,9999.000,9999.000,9999.000,9999.000,9999.000,9999.000,9999.000
202604080612,   2.973,   3.050,9999.000,9999.000,9999.000,9999.000,9999.000,9999.000,9999.000
202604080618,   2.912,   2.978,9999.000,9999.000,9999.000,9999.000,9999.000,9999.000,9999.000
202604080624,   2.849,   2.909,9999.000,9999.000,9999.000,9999.000,9999.000,9999.000,9999.000
202604080630,   2.784,   2.840,9999.000,9999.000,9999.000,9999.000,9999.000,9999.000,9999.000
202604080636,   2.716,   2.778,9999.000,9999.000,9999.000,9999.000,9999.000,9999.000,9999.000
202604080642,   2.647,   2.699,9999.000,9999.000,9999.000,9999.000,9999.000,9999.000,9999.000
202604080648,   2.575,   2.620,9999.000,9999.000,9999.000,9999.000,9999.000,9999.000,9999.000
202604080654,   2.503,   2.558,9999.000,9999.000,9999.000,9999.000,9999.000,9999.000,9999.000
202604080700,   2.429,   2.469,  -0.100,   0.140,   2.469,  -0.200,   2.369,   0.000,   2.569
202604080706,   2.353,   2.358,9999.000,9999.000,9999.000,9999.000,9999.000,9999.000,9999.000
202604080712,   2.277,   2.259,9999.000,9999.000,9999.000,9999.000,9999.000,9999.000,9999.000
202604080718,   2.200,   2.138,9999.000,9999.000,9999.000,9999.000,9999.000,9999.000,9999.000
202604080724,   2.123,   2.059,9999.000,9999.000,9999.000,9999.000,9999.000,9999.000,9999.000
202604080730,   2.045,   1.967,9999.000,9999.000,9999.000,9999.000,9999.000,9999.000,9999.000
202604080736,   1.967,   1.859,9999.000,9999.000,9999.000,9999.000,9999.000,9999.000,9999.000
202604080742,   1.889,   1.758,9999.000,9999.000,9999.000,9999.000,9999.000,9999.000,9999.000
202604080748,   1.812,   1.659,9999.000,9999.000,9999.000,9999.000,9999.000,9999.000,9999.000
202604080754,   1.735,   1.557,9999.000,9999.000,9999.000,9999.000,9999.000,9999.000,9999.000
202604080800,   1.658,   1.489,  -0.100,  -0.069,   1.489,  -0.100,   1.489,   0.000,   1.589
202604080806,   1.582,   1.390,9999.000,9999.000,9999.000,9999.000,9999.000,9999.000,9999.000
202604080812,   1.508,   1.289,9999.000,9999.000,9999.000,9999.000,9999.000,9999.000,9999.000
202604080818,   1.435,   1.210,9999.000,9999.000,9999.000,9999.000,9999.000,9999.000,9999.000
202604080824,   1.363,   1.098,9999.000,9999.000,9999.000,9999.000,9999.000,9999.000,9999.000
202604080830,   1.294,   1.029,9999.000,9999.000,9999.000,9999.000,9999.000,9999.000,9999.000
202604080836,   1.226,   0.941,9999.000,9999.000,9999.000,9999.000,9999.000,9999.000,9999.000
202604080842,   1.162,   0.888,9999.000,9999.000,9999.000,9999.000,9999.000,9999.000,9999.000
202604080848,   1.100,   0.810,9999.000,9999.000,9999.000,9999.000,9999.000,9999.000,9999.000
202604080854,   1.041,   0.751,9999.000,9999.000,9999.000,9999.000,9999.000,9999.000,9999.000
202604080900,   0.985,   0.731,  -0.100,  -0.154,   0.731,  -0.100,   0.731,   0.000,   0.831
202604080906,   0.934,   0.659,9999.000,9999.000,9999.000,9999.000,9999.000,9999.000,9999.000
202604080912,   0.886,   0.610,9999.000,9999.000,9999.000,9999.000,9999.000,9999.000,9999.000
202604080918,   0.842,   0.560,9999.000,9999.000,9999.000,9999.000,9999.000,9999.000,9999.000
202604080924,   0.803,   0.518,9999.000,9999.000,9999.000,9999.000,9999.000,9999.000,9999.000
202604080930,   0.769,   0.508,9999.000,9999.000,9999.000,9999.000,9999.000,9999.000,9999.000
202604080936,   0.739,   0.478,9999.000,9999.000,9999.000,9999.000,9999.000,9999.000,9999.000
202604080942,   0.715,   0.478,9999.000,9999.000,9999.000,9999.000,9999.000,9999.000,9999.000
202604080948,   0.695,   0.478,9999.000,9999.000,9999.000,9999.000,9999.000,9999.000,9999.000
202604080954,   0.681,   0.469,9999.000,9999.000,9999.000,9999.000,9999.000,9999.000,9999.000
202604081000,   0.672,   0.469,  -0.100,  -0.103,   0.469,  -0.100,   0.469,   0.000,   0.569
202604081006,   0.668,   0.488,9999.000,9999.000,9999.000,9999.000,9999.000,9999.000,9999.000
202604081012,   0.669,   0.518,9999.000,9999.000,9999.000,9999.000,9999.000,9999.000,9999.000
202604081018,   0.676,   0.551,9999.000,9999.000,9999.000,9999.000,9999.000,9999.000,9999.000
202604081024,   0.686,   0.551,9999.000,9999.000,9999.000,9999.000,9999.000,9999.000,9999.000
202604081030,   0.702,   0.580,9999.000,9999.000,9999.000,9999.000,9999.000,9999.000,9999.000
202604081036,   0.721,   0.570,9999.000,9999.000,9999.000,9999.000,9999.000,9999.000,9999.000
202604081042,   0.744,   0.639,9999.000,9999.000,9999.000,9999.000,9999.000,9999.000,9999.000
202604081048,   0.771,   0.659,9999.000,9999.000,9999.000,9999.000,9999.000,9999.000,9999.000
202604081054,   0.801,   0.698,9999.000,9999.000,9999.000,9999.000,9999.000,9999.000,9999.000
202604081100,   0.834,   0.751,   0.000,  -0.083,   0.751,  -0.100,   0.651,   0.000,   0.751
202604081106,   0.869,   0.800,9999.000,9999.000,9999.000,9999.000,9999.000,9999.000,9999.000
202604081112,   0.906,   0.819,9999.000,9999.000,9999.000,9999.000,9999.000,9999.000,9999.000
202604081118,   0.944,   0.839,9999.000,9999.000,9999.000,9999.000,9999.000,9999.000,9999.000
202604081124,   0.983,   0.879,9999.000,9999.000,9999.000,9999.000,9999.000,9999.000,9999.000
202604081130,   1.022,   0.888,9999.000,9999.000,9999.000,9999.000,9999.000,9999.000,9999.000
202604081136,   1.062,   0.908,9999.000,9999.000,9999.000,9999.000,9999.000,9999.000,9999.000
202604081142,   1.102,   0.941,9999.000,9999.000,9999.000,9999.000,9999.000,9999.000,9999.000
202604081148,   1.141,   0.990,9999.000,9999.000,9999.000,9999.000,9999.000,9999.000,9999.000
202604081154,   1.180,   1.010,9999.000,9999.000,9999.000,9999.000,9999.000,9999.000,9999.000
202604081200,   1.217,   1.020,   0.000,  -0.197,   1.020,   0.000,   1.020,   0.000,   1.020
202604081206,   1.253,   1.049,9999.000,9999.000,9999.000,9999.000,9999.000,9999.000,9999.000
202604081212,   1.288,   1.069,9999.000,9999.000,9999.000,9999.000,9999.000,9999.000,9999.000
202604081218,   1.322,   1.079,9999.000,9999.000,9999.000,9999.000,9999.000,9999.000,9999.000
202604081224,   1.354,   1.098,9999.000,9999.000,9999.000,9999.000,9999.000,9999.000,9999.000
202604081230,   1.385,   1.128,9999.000,9999.000,9999.000,9999.000,9999.000,9999.000,9999.000
202604081236,   1.415,   1.161,9999.000,9999.000,9999.000,9999.000,9999.000,9999.000,9999.000
202604081242,   1.443,   1.200,9999.000,9999.000,9999.000,9999.000,9999.000,9999.000,9999.000
202604081248,   1.471,   1.229,9999.000,9999.000,9999.000,9999.000,9999.000,9999.000,9999.000
202604081254,   1.497,   1.279,9999.000,9999.000,9999.000,9999.000,9999.000,9999.000,9999.000
202604081300,   1.524,   1.308,   0.000,  -0.216,   1.308,   0.000,   1.308,   0.000,   1.308
202604081306,   1.549,   1.338,9999.000,9999.000,9999.000,9999.000,9999.000,9999.000,9999.000
202604081312,   1.575,   1.410,9999.000,9999.000,9999.000,9999.000,9999.000,9999.000,9999.000
202604081318,   1.601,   1.489,9999.000,9999.000,9999.000,9999.000,9999.000,9999.000,9999.000
202604081324,   1.627,   1.548,9999.000,9999.000,9999.000,9999.000,9999.000,9999.000,9999.000
202604081330,   1.654,   1.600,9999.000,9999.000,9999.000,9999.000,9999.000,9999.000,9999.000
202604081336,   1.682,   1.679,9999.000,9999.000,9999.000,9999.000,9999.000,9999.000,9999.000
202604081342,   1.711,   1.748,9999.000,9999.000,9999.000,9999.000,9999.000,9999.000,9999.000
202604081348,   1.742,   1.810,9999.000,9999.000,9999.000,9999.000,9999.000,9999.000,9999.000
202604081354,   1.774,   1.899,9999.000,9999.000,9999.000,9999.000,9999.000,9999.000,9999.000
202604081400,   1.808,   1.981,   0.000,   0.173,   1.981,   0.000,   1.981,   0.100,   2.081
202604081406,   1.844,   2.049,9999.000,9999.000,9999.000,9999.000,9999.000,9999.000,9999.000
202604081412,   1.882,   2.118,9999.000,9999.000,9999.000,9999.000,9999.000,9999.000,9999.000
202604081418,   1.921,   2.191,9999.000,9999.000,9999.000,9999.000,9999.000,9999.000,9999.000
202604081424,   1.963,   2.240,9999.000,9999.000,9999.000,9999.000,9999.000,9999.000,9999.000
202604081430,   2.006,   2.289,9999.000,9999.000,9999.000,9999.000,9999.000,9999.000,9999.000
202604081436,   2.052,   2.368,9999.000,9999.000,9999.000,9999.000,9999.000,9999.000,9999.000
202604081442,   2.100,   2.420,9999.000,9999.000,9999.000,9999.000,9999.000,9999.000,9999.000
202604081448,   2.147,   2.479,9999.000,9999.000,9999.000,9999.000,9999.000,9999.000,9999.000
202604081454,   2.197,   2.538,9999.000,9999.000,9999.000,9999.000,9999.000,9999.000,9999.000
202604081500,   2.248,   2.620,   0.000,   0.372,   2.620,   0.000,   2.620,   0.100,   2.720
202604081506,   2.300,   2.689,9999.000,9999.000,9999.000,9999.000,9999.000,9999.000,9999.000
202604081512,   2.353,   2.778,9999.000,9999.000,9999.000,9999.000,9999.000,9999.000,9999.000
202604081518,   2.406,   2.820,9999.000,9999.000,9999.000,9999.000,9999.000,9999.000,9999.000
202604081524,   2.459,   2.889,9999.000,9999.000,9999.000,9999.000,9999.000,9999.000,9999.000
202604081530,   2.512,   2.948,9999.000,9999.000,9999.000,9999.000,9999.000,9999.000,9999.000
202604081536,   2.564,   2.988,9999.000,9999.000,9999.000,9999.000,9999.000,9999.000,9999.000
202604081542,   2.615,   3.050,9999.000,9999.000,9999.000,9999.000,9999.000,9999.000,9999.000
202604081548,   2.665,   3.109,9999.000,9999.000,9999.000,9999.000,9999.000,9999.000,9999.000
202604081554,   2.714,   3.158,9999.000,9999.000,9999.000,9999.000,9999.000,9999.000,9999.000
202604081600,   2.761,   3.197,   0.000,   0.436,   3.197,   0.000,   3.197,   0.100,   3.297
202604081606,   2.805,   3.230,9999.000,9999.000,9999.000,9999.000,9999.000,9999.000,9999.000
202604081612,   2.847,   3.270,9999.000,9999.000,9999.000,9999.000,9999.000,9999.000,9999.000
202604081618,   2.886,   3.279,9999.000,9999.000,9999.000,9999.000,9999.000,9999.000,9999.000
202604081624,   2.922,   3.299,9999.000,9999.000,9999.000,9999.000,9999.000,9999.000,9999.000
202604081630,   2.954,   3.319,9999.000,9999.000,9999.000,9999.000,9999.000,9999.000,9999.000
202604081636,   2.983,   3.339,9999.000,9999.000,9999.000,9999.000,9999.000,9999.000,9999.000
202604081642,   3.008,   3.358,9999.000,9999.000,9999.000,9999.000,9999.000,9999.000,9999.000
202604081648,   3.029,   3.358,9999.000,9999.000,9999.000,9999.000,9999.000,9999.000,9999.000
202604081654,   3.046,   3.368,9999.000,9999.000,9999.000,9999.000,9999.000,9999.000,9999.000
202604081700,   3.058,   3.378,   0.100,   0.220,   3.378,   0.000,   3.278,   0.100,   3.378
202604081706,   3.066,   3.378,9999.000,9999.000,9999.000,9999.000,9999.000,9999.000,9999.000
202604081712,   3.069,   3.348,9999.000,9999.000,9999.000,9999.000,9999.000,9999.000,9999.000
202604081718,   3.068,   3.329,9999.000,9999.000,9999.000,9999.000,9999.000,9999.000,9999.000
202604081724,   3.061,   3.309,9999.000,9999.000,9999.000,9999.000,9999.000,9999.000,9999.000
202604081730,   3.050,   3.270,9999.000,9999.000,9999.000,9999.000,9999.000,9999.000,9999.000
202604081736,   3.035,   3.230,9999.000,9999.000,9999.000,9999.000,9999.000,9999.000,9999.000
202604081742,   3.015,   3.178,9999.000,9999.000,9999.000,9999.000,9999.000,9999.000,9999.000
202604081748,   2.990,   3.148,9999.000,9999.000,9999.000,9999.000,9999.000,9999.000,9999.000
202604081754,   2.961,   3.070,9999.000,9999.000,9999.000,9999.000,9999.000,9999.000,9999.000
202604081800,   2.927,   3.007,   0.200,  -0.120,   3.007,   0.100,   2.907,   0.200,   3.007
202604081806,   2.890,   2.948,9999.000,9999.000,9999.000,9999.000,9999.000,9999.000,9999.000
202604081812,   2.848,   2.929,9999.000,9999.000,9999.000,9999.000,9999.000,9999.000,9999.000
202604081818,   2.803,   2.869,9999.000,9999.000,9999.000,9999.000,9999.000,9999.000,9999.000
202604081824,   2.754,   2.820,9999.000,9999.000,9999.000,9999.000,9999.000,9999.000,9999.000
202604081830,   2.702,   2.768,9999.000,9999.000,9999.000,9999.000,9999.000,9999.000,9999.000
202604081836,   2.647,   2.709,9999.000,9999.000,9999.000,9999.000,9999.000,9999.000,9999.000
202604081842,   2.590,   2.650,9999.000,9999.000,9999.000,9999.000,9999.000,9999.000,9999.000
202604081848,   2.529,   2.587,9999.000,9999.000,9999.000,9999.000,9999.000,9999.000,9999.000
202604081854,   2.467,   2.519,9999.000,9999.000,9999.000,9999.000,9999.000,9999.000,9999.000
202604081900,   2.403,   2.450,   0.200,  -0.153,   2.450,   0.100,   2.350,   0.300,   2.550
202604081906,   2.336,   2.400,9999.000,9999.000,9999.000,9999.000,9999.000,9999.000,9999.000
202604081912,   2.269,   2.338,9999.000,9999.000,9999.000,9999.000,9999.000,9999.000,9999.000
202604081918,   2.200,   2.289,9999.000,9999.000,9999.000,9999.000,9999.000,9999.000,9999.000
202604081924,   2.130,   2.200,9999.000,9999.000,9999.000,9999.000,9999.000,9999.000,9999.000
202604081930,   2.060,   2.128,9999.000,9999.000,9999.000,9999.000,9999.000,9999.000,9999.000
202604081936,   1.989,   2.059,9999.000,9999.000,9999.000,9999.000,9999.000,9999.000,9999.000
202604081942,   1.918,   1.990,9999.000,9999.000,9999.000,9999.000,9999.000,9999.000,9999.000
202604081948,   1.848,   1.928,9999.000,9999.000,9999.000,9999.000,9999.000,9999.000,9999.000
202604081954,   1.777,   1.859,9999.000,9999.000,9999.000,9999.000,9999.000,9999.000,9999.000
202604082000,   1.707,   1.810,   0.300,  -0.197,   1.810,   0.200,   1.710,   0.300,   1.810
202604082006,   1.637,   1.748,9999.000,9999.000,9999.000,9999.000,9999.000,9999.000,9999.000
202604082012,   1.569,   1.689,9999.000,9999.000,9999.000,9999.000,9999.000,9999.000,9999.000
202604082018,   1.501,   1.630,9999.000,9999.000,9999.000,9999.000,9999.000,9999.000,9999.000
202604082024,   1.435,   1.557,9999.000,9999.000,9999.000,9999.000,9999.000,9999.000,9999.000
202604082030,   1.371,   1.498,9999.000,9999.000,9999.000,9999.000,9999.000,9999.000,9999.000
202604082036,   1.308,   1.449,9999.000,9999.000,9999.000,9999.000,9999.000,9999.000,9999.000
202604082042,   1.247,   1.390,9999.000,9999.000,9999.000,9999.000,9999.000,9999.000,9999.000
202604082048,   1.189,   1.338,9999.000,9999.000,9999.000,9999.000,9999.000,9999.000,9999.000
202604082054,   1.133,   1.298,9999.000,9999.000,9999.000,9999.000,9999.000,9999.000,9999.000
202604082100,   1.080,   1.269,   0.200,  -0.011,   1.269,   0.200,   1.269,   0.300,   1.369
202604082106,   1.029,   1.220,9999.000,9999.000,9999.000,9999.000,9999.000,9999.000,9999.000
202604082112,   0.983,   1.190,9999.000,9999.000,9999.000,9999.000,9999.000,9999.000,9999.000
202604082118,   0.939,   1.161,9999.000,9999.000,9999.000,9999.000,9999.000,9999.000,9999.000
202604082124,   0.899,   1.128,9999.000,9999.000,9999.000,9999.000,9999.000,9999.000,9999.000
202604082130,   0.864,   1.108,9999.000,9999.000,9999.000,9999.000,9999.000,9999.000,9999.000
202604082136,   0.832,   1.098,9999.000,9999.000,9999.000,9999.000,9999.000,9999.000,9999.000
202604082142,   0.805,   1.088,9999.000,9999.000,9999.000,9999.000,9999.000,9999.000,9999.000
202604082148,   0.783,   1.079,9999.000,9999.000,9999.000,9999.000,9999.000,9999.000,9999.000
202604082154,   0.765,   1.079,9999.000,9999.000,9999.000,9999.000,9999.000,9999.000,9999.000
202604082200,   0.752,   1.069,   0.200,   0.117,   1.069,   0.200,   1.069,   0.300,   1.169
202604082206,   0.744,   1.079,9999.000,9999.000,9999.000,9999.000,9999.000,9999.000,9999.000
202604082212,   0.741,   1.088,9999.000,9999.000,9999.000,9999.000,9999.000,9999.000,9999.000
202604082218,   0.744,   1.098,9999.000,9999.000,9999.000,9999.000,9999.000,9999.000,9999.000
202604082224,   0.751,   1.108,9999.000,9999.000,9999.000,9999.000,9999.000,9999.000,9999.000
202604082230,   0.763,   1.128,9999.000,9999.000,9999.000,9999.000,9999.000,9999.000,9999.000
202604082236,   0.780,   1.151,9999.000,9999.000,9999.000,9999.000,9999.000,9999.000,9999.000
202604082242,   0.802,   1.180,9999.000,9999.000,9999.000,9999.000,9999.000,9999.000,9999.000
202604082248,   0.828,   1.220,9999.000,9999.000,9999.000,9999.000,9999.000,9999.000,9999.000
202604082254,   0.858,   1.239,9999.000,9999.000,9999.000,9999.000,9999.000,9999.000,9999.000
202604082300,   0.892,   1.279,   0.200,   0.187,   1.279,   0.200,   1.279,   0.300,   1.379
202604082306,   0.929,   1.318,9999.000,9999.000,9999.000,9999.000,9999.000,9999.000,9999.000
202604082312,   0.970,   1.348,9999.000,9999.000,9999.000,9999.000,9999.000,9999.000,9999.000
202604082318,   1.014,   1.380,9999.000,9999.000,9999.000,9999.000,9999.000,9999.000,9999.000
202604082324,   1.060,   1.430,9999.000,9999.000,9999.000,9999.000,9999.000,9999.000,9999.000
202604082330,   1.107,   1.469,9999.000,9999.000,9999.000,9999.000,9999.000,9999.000,9999.000
202604082336,   1.157,   1.498,9999.000,9999.000,9999.000,9999.000,9999.000,9999.000,9999.000
202604082342,   1.207,   1.528,9999.000,9999.000,9999.000,9999.000,9999.000,9999.000,9999.000
202604082348,   1.258,   1.580,9999.000,9999.000,9999.000,9999.000,9999.000,9999.000,9999.000
202604082354,   1.309,   1.590,9999.000,9999.000,9999.000,9999.000,9999.000,9999.000,9999.000
202604090000,   1.360,   1.610,   0.200,   0.050,   1.610,   0.100,   1.510,   0.200,   1.610
202604090006,   1.410,   1.649,9999.000,9999.000,9999.000,9999.000,9999.000,9999.000,9999.000
202604090012,   1.460,   1.699,9999.000,9999.000,9999.000,9999.000,9999.000,9999.000,9999.000
202604090018,   1.508,   1.728,9999.000,9999.000,9999.000,9999.000,9999.000,9999.000,9999.000
202604090024,   1.556,   1.767,9999.000,9999.000,9999.000,9999.000,9999.000,9999.000,9999.000
202604090030,   1.601,   1.790,9999.000,9999.000,9999.000,9999.000,9999.000,9999.000,9999.000
202604090036,   1.645,   1.790,9999.000,9999.000,9999.000,9999.000,9999.000,9999.000,9999.000
202604090042,   1.687,   1.820,9999.000,9999.000,9999.000,9999.000,9999.000,9999.000,9999.000
202604090048,   1.728,   1.830,9999.000,9999.000,9999.000,9999.000,9999.000,9999.000,9999.000
202604090054,   1.766,   1.859,9999.000,9999.000,9999.000,9999.000,9999.000,9999.000,9999.000
202604090100,   1.803,   1.869,   0.200,  -0.134,   1.869,   0.100,   1.769,   0.200,   1.869
202604090106,   1.838,   1.908,9999.000,9999.000,9999.000,9999.000,9999.000,9999.000,9999.000
202604090112,   1.872,   1.918,9999.000,9999.000,9999.000,9999.000,9999.000,9999.000,9999.000
202604090118,   1.904,   1.958,9999.000,9999.000,9999.000,9999.000,9999.000,9999.000,9999.000
202604090124,   1.936,   1.958,9999.000,9999.000,9999.000,9999.000,9999.000,9999.000,9999.000
202604090130,   1.966,   1.981,9999.000,9999.000,9999.000,9999.000,9999.000,9999.000,9999.000
202604090136,   1.996,   1.958,9999.000,9999.000,9999.000,9999.000,9999.000,9999.000,9999.000
202604090142,   2.025,   1.981,9999.000,9999.000,9999.000,9999.000,9999.000,9999.000,9999.000
202604090148,   2.054,   2.000,9999.000,9999.000,9999.000,9999.000,9999.000,9999.000,9999.000
202604090154,   2.084,   2.010,9999.000,9999.000,9999.000,9999.000,9999.000,9999.000,9999.000
202604090200,   2.113,   2.010,   0.200,  -0.303,   2.010,   0.100,   1.910,   0.200,   2.010
202604090206,   2.143,   2.040,9999.000,9999.000,9999.000,9999.000,9999.000,9999.000,9999.000
202604090212,   2.174,   2.069,9999.000,9999.000,9999.000,9999.000,9999.000,9999.000,9999.000
202604090218,   2.206,   2.099,9999.000,9999.000,9999.000,9999.000,9999.000,9999.000,9999.000
202604090224,   2.239,   2.128,9999.000,9999.000,9999.000,9999.000,9999.000,9999.000,9999.000
202604090230,   2.273,   2.148,9999.000,9999.000,9999.000,9999.000,9999.000,9999.000,9999.000
202604090236,   2.309,   2.177,9999.000,9999.000,9999.000,9999.000,9999.000,9999.000,9999.000
202604090242,   2.345,   2.210,9999.000,9999.000,9999.000,9999.000,9999.000,9999.000,9999.000
202604090248,   2.384,   2.250,9999.000,9999.000,9999.000,9999.000,9999.000,9999.000,9999.000
202604090254,   2.423,   2.309,9999.000,9999.000,9999.000,9999.000,9999.000,9999.000,9999.000
202604090300,   2.464,   2.358,   0.100,  -0.206,   2.358,   0.100,   2.358,   0.200,   2.458
202604090306,   2.506,   2.420,9999.000,9999.000,9999.000,9999.000,9999.000,9999.000,9999.000
202604090312,   2.549,   2.469,9999.000,9999.000,9999.000,9999.000,9999.000,9999.000,9999.000
202604090318,   2.593,   2.538,9999.000,9999.000,9999.000,9999.000,9999.000,9999.000,9999.000
202604090324,   2.637,   2.597,9999.000,9999.000,9999.000,9999.000,9999.000,9999.000,9999.000
202604090330,   2.682,   2.620,9999.000,9999.000,9999.000,9999.000,9999.000,9999.000,9999.000
202604090336,   2.728,   2.679,9999.000,9999.000,9999.000,9999.000,9999.000,9999.000,9999.000
202604090342,   2.773,   2.719,9999.000,9999.000,9999.000,9999.000,9999.000,9999.000,9999.000
202604090348,   2.819,   2.787,9999.000,9999.000,9999.000,9999.000,9999.000,9999.000,9999.000
202604090354,   2.864,   2.830,9999.000,9999.000,9999.000,9999.000,9999.000,9999.000,9999.000
202604090400,   2.908,   2.889,   0.100,  -0.119,   2.889,   0.100,   2.889,   0.100,   2.889
202604090406,   2.951,   2.938,9999.000,9999.000,9999.000,9999.000,9999.000,9999.000,9999.000
202604090412,   2.993,   3.007,9999.000,9999.000,9999.000,9999.000,9999.000,9999.000,9999.000
202604090418,   3.033,   3.050,9999.000,9999.000,9999.000,9999.000,9999.000,9999.000,9999.000
202604090424,   3.071,   3.109,9999.000,9999.000,9999.000,9999.000,9999.000,9999.000,9999.000
202604090430,   3.107,   3.168,9999.000,9999.000,9999.000,9999.000,9999.000,9999.000,9999.000
202604090436,   3.141,   3.207,9999.000,9999.000,9999.000,9999.000,9999.000,9999.000,9999.000
202604090442,   3.172,   3.260,9999.000,9999.000,9999.000,9999.000,9999.000,9999.000,9999.000
202604090448,   3.200,   3.299,9999.000,9999.000,9999.000,9999.000,9999.000,9999.000,9999.000
202604090454,   3.225,   3.339,9999.000,9999.000,9999.000,9999.000,9999.000,9999.000,9999.000
202604090500,   3.247,   3.378,   0.000,   0.131,   3.378,   0.000,   3.378,   0.100,   3.478
202604090506,   3.265,   3.407,9999.000,9999.000,9999.000,9999.000,9999.000,9999.000,9999.000
202604090512,   3.279,   3.440,9999.000,9999.000,9999.000,9999.000,9999.000,9999.000,9999.000
202604090518,   3.289,   3.440,9999.000,9999.000,9999.000,9999.000,9999.000,9999.000,9999.000
202604090524,   3.296,   3.450,9999.000,9999.000,9999.000,9999.000,9999.000,9999.000,9999.000
202604090530,   3.298,   3.450,9999.000,9999.000,9999.000,9999.000,9999.000,9999.000,9999.000
202604090536,   3.296,   3.450,9999.000,9999.000,9999.000,9999.000,9999.000,9999.000,9999.000
202604090542,   3.290,   3.440,9999.000,9999.000,9999.000,9999.000,9999.000,9999.000,9999.000
202604090548,   3.279,   3.440,9999.000,9999.000,9999.000,9999.000,9999.000,9999.000,9999.000
202604090554,   3.264,   3.427,9999.000,9999.000,9999.000,9999.000,9999.000,9999.000,9999.000
202604090600,   3.245,   3.427,   0.000,   0.182,   3.427,   0.000,   3.427,   0.000,   3.427
202604090606,   3.222,   3.417,9999.000,9999.000,9999.000,9999.000,9999.000,9999.000,9999.000
202604090612,   3.195,   3.398,9999.000,9999.000,9999.000,9999.000,9999.000,9999.000,9999.000
202604090618,   3.164,   3.378,9999.000,9999.000,9999.000,9999.000,9999.000,9999.000,9999.000
202604090624,   3.129,   3.329,9999.000,9999.000,9999.000,9999.000,9999.000,9999.000,9999.000
202604090630,   3.090,   3.299,9999.000,9999.000,9999.000,9999.000,9999.000,9999.000,9999.000
202604090636,   3.048,   3.260,9999.000,9999.000,9999.000,9999.000,9999.000,9999.000,9999.000
202604090642,   3.003,   3.217,9999.000,9999.000,9999.000,9999.000,9999.000,9999.000,9999.000
202604090648,   2.954,   3.158,9999.000,9999.000,9999.000,9999.000,9999.000,9999.000,9999.000
202604090654,   2.903,   3.099,9999.000,9999.000,9999.000,9999.000,9999.000,9999.000,9999.000
202604090700,   2.850,   3.030,   0.000,   0.180,   3.030,   0.000,   3.030,   0.000,   3.030
202604090706,   2.794,   2.948,9999.000,9999.000,9999.000,9999.000,9999.000,9999.000,9999.000
202604090712,   2.736,   2.869,9999.000,9999.000,9999.000,9999.000,9999.000,9999.000,9999.000
202604090718,   2.676,   2.787,9999.000,9999.000,9999.000,9999.000,9999.000,9999.000,9999.000
202604090724,   2.615,   2.699,9999.000,9999.000,9999.000,9999.000,9999.000,9999.000,9999.000
202604090730,   2.552,   2.620,9999.000,9999.000,9999.000,9999.000,9999.000,9999.000,9999.000
202604090736,   2.489,   2.519,9999.000,9999.000,9999.000,9999.000,9999.000,9999.000,9999.000
202604090742,   2.424,   2.430,9999.000,9999.000,9999.000,9999.000,9999.000,9999.000,9999.000
202604090748,   2.359,   2.338,9999.000,9999.000,9999.000,9999.000,9999.000,9999.000,9999.000
202604090754,   2.294,   2.259,9999.000,9999.000,9999.000,9999.000,9999.000,9999.000,9999.000
202604090800,   2.228,   2.168,   0.000,  -0.060,   2.168,  -0.100,   2.068,   0.000,   2.168
202604090806,   2.162,   2.069,9999.000,9999.000,9999.000,9999.000,9999.000,9999.000,9999.000
202604090812,   2.096,   1.990,9999.000,9999.000,9999.000,9999.000,9999.000,9999.000,9999.000
202604090818,   2.031,   1.889,9999.000,9999.000,9999.000,9999.000,9999.000,9999.000,9999.000
202604090824,   1.966,   1.790,9999.000,9999.000,9999.000,9999.000,9999.000,9999.000,9999.000
202604090830,   1.902,   1.689,9999.000,9999.000,9999.000,9999.000,9999.000,9999.000,9999.000
202604090836,   1.838,   1.590,9999.000,9999.000,9999.000,9999.000,9999.000,9999.000,9999.000
202604090842,   1.776,   1.498,9999.000,9999.000,9999.000,9999.000,9999.000,9999.000,9999.000
202604090848,   1.714,   1.420,9999.000,9999.000,9999.000,9999.000,9999.000,9999.000,9999.000
202604090854,   1.653,   1.338,9999.000,9999.000,9999.000,9999.000,9999.000,9999.000,9999.000
202604090900,   1.594,   1.279,   0.000,  -0.315,   1.279,  -0.100,   1.179,   0.000,   1.279
202604090906,   1.536,   1.210,9999.000,9999.000,9999.000,9999.000,9999.000,9999.000,9999.000
202604090912,   1.480,   1.138,9999.000,9999.000,9999.000,9999.000,9999.000,9999.000,9999.000
202604090918,   1.425,   1.079,9999.000,9999.000,9999.000,9999.000,9999.000,9999.000,9999.000
202604090924,   1.372,   1.020,9999.000,9999.000,9999.000,9999.000,9999.000,9999.000,9999.000
202604090930,   1.322,   0.970,9999.000,9999.000,9999.000,9999.000,9999.000,9999.000,9999.000
202604090936,   1.273,   0.928,9999.000,9999.000,9999.000,9999.000,9999.000,9999.000,9999.000
202604090942,   1.227,   0.888,9999.000,9999.000,9999.000,9999.000,9999.000,9999.000,9999.000
202604090948,   1.184,   0.869,9999.000,9999.000,9999.000,9999.000,9999.000,9999.000,9999.000
202604090954,   1.143,   0.839,9999.000,9999.000,9999.000,9999.000,9999.000,9999.000,9999.000
202604091000,   1.106,   0.829,   0.000,  -0.277,   0.829,  -0.100,   0.729,   0.000,   0.829
202604091006,   1.071,   0.819,9999.000,9999.000,9999.000,9999.000,9999.000,9999.000,9999.000
202604091012,   1.040,   0.810,9999.000,9999.000,9999.000,9999.000,9999.000,9999.000,9999.000
202604091018,   1.012,   0.810,9999.000,9999.000,9999.000,9999.000,9999.000,9999.000,9999.000
202604091024,   0.988,   0.819,9999.000,9999.000,9999.000,9999.000,9999.000,9999.000,9999.000
202604091030,   0.968,   0.829,9999.000,9999.000,9999.000,9999.000,9999.000,9999.000,9999.000
202604091036,   0.951,   0.839,9999.000,9999.000,9999.000,9999.000,9999.000,9999.000,9999.000
202604091042,   0.938,   0.859,9999.000,9999.000,9999.000,9999.000,9999.000,9999.000,9999.000
202604091048,   0.929,   0.869,9999.000,9999.000,9999.000,9999.000,9999.000,9999.000,9999.000
202604091054,   0.923,   0.879,9999.000,9999.000,9999.000,9999.000,9999.000,9999.000,9999.000
202604091100,   0.922,   0.898,   0.000,  -0.024,   0.898,  -0.100,   0.798,   0.000,   0.898
202604091106,   0.923,   0.918,9999.000,9999.000,9999.000,9999.000,9999.000,9999.000,9999.000
202604091112,   0.929,   0.951,9999.000,9999.000,9999.000,9999.000,9999.000,9999.000,9999.000
202604091118,   0.938,   0.951,9999.000,9999.000,9999.000,9999.000,9999.000,9999.000,9999.000
202604091124,   0.949,   0.970,9999.000,9999.000,9999.000,9999.000,9999.000,9999.000,9999.000
202604091130,   0.964,   0.990,9999.000,9999.000,9999.000,9999.000,9999.000,9999.000,9999.000
202604091136,   0.981,   1.000,9999.000,9999.000,9999.000,9999.000,9999.000,9999.000,9999.000
202604091142,   1.001,   1.010,9999.000,9999.000,9999.000,9999.000,9999.000,9999.000,9999.000
202604091148,   1.023,   1.029,9999.000,9999.000,9999.000,9999.000,9999.000,9999.000,9999.000
202604091154,   1.046,   1.069,9999.000,9999.000,9999.000,9999.000,9999.000,9999.000,9999.000
202604091200,   1.071,   1.098,  -0.100,   0.127,   1.098,  -0.200,   0.998,  -0.100,   1.098
202604091206,   1.097,   1.128,9999.000,9999.000,9999.000,9999.000,9999.000,9999.000,9999.000
202604091212,   1.123,   1.138,9999.000,9999.000,9999.000,9999.000,9999.000,9999.000,9999.000
202604091218,   1.150,   1.161,9999.000,9999.000,9999.000,9999.000,9999.000,9999.000,9999.000
202604091224,   1.177,   1.190,9999.000,9999.000,9999.000,9999.000,9999.000,9999.000,9999.000
202604091230,   1.204,   1.220,9999.000,9999.000,9999.000,9999.000,9999.000,9999.000,9999.000
202604091236,   1.231,   1.239,9999.000,9999.000,9999.000,9999.000,9999.000,9999.000,9999.000
202604091242,   1.258,   1.249,9999.000,9999.000,9999.000,9999.000,9999.000,9999.000,9999.000
202604091248,   1.283,   1.279,9999.000,9999.000,9999.000,9999.000,9999.000,9999.000,9999.000
202604091254,   1.308,   1.298,9999.000,9999.000,9999.000,9999.000,9999.000,9999.000,9999.000
202604091300,   1.332,   1.318,  -0.200,   0.186,   1.318,  -0.200,   1.318,  -0.100,   1.418
202604091306,   1.355,   1.328,9999.000,9999.000,9999.000,9999.000,9999.000,9999.000,9999.000
202604091312,   1.378,   1.348,9999.000,9999.000,9999.000,9999.000,9999.000,9999.000,9999.000
202604091318,   1.399,   1.371,9999.000,9999.000,9999.000,9999.000,9999.000,9999.000,9999.000
202604091324,   1.420,   1.400,9999.000,9999.000,9999.000,9999.000,9999.000,9999.000,9999.000
202604091330,   1.441,   1.400,9999.000,9999.000,9999.000,9999.000,9999.000,9999.000,9999.000
202604091336,   1.461,   1.400,9999.000,9999.000,9999.000,9999.000,9999.000,9999.000,9999.000
202604091342,   1.480,   1.430,9999.000,9999.000,9999.000,9999.000,9999.000,9999.000,9999.000
202604091348,   1.500,   1.459,9999.000,9999.000,9999.000,9999.000,9999.000,9999.000,9999.000
202604091354,   1.520,   1.469,9999.000,9999.000,9999.000,9999.000,9999.000,9999.000,9999.000
202604091400,   1.541,   1.479,  -0.200,   0.138,   1.479,  -0.200,   1.479,  -0.100,   1.579
202604091406,   1.562,   1.498,9999.000,9999.000,9999.000,9999.000,9999.000,9999.000,9999.000
202604091412,   1.584,   1.538,9999.000,9999.000,9999.000,9999.000,9999.000,9999.000,9999.000
202604091418,   1.608,   1.548,9999.000,9999.000,9999.000,9999.000,9999.000,9999.000,9999.000
202604091424,   1.633,   1.557,9999.000,9999.000,9999.000,9999.000,9999.000,9999.000,9999.000
202604091430,   1.659,   1.600,9999.000,9999.000,9999.000,9999.000,9999.000,9999.000,9999.000
202604091436,   1.687,   1.669,9999.000,9999.000,9999.000,9999.000,9999.000,9999.000,9999.000
202604091442,   1.718,   1.708,9999.000,9999.000,9999.000,9999.000,9999.000,9999.000,9999.000
202604091448,   1.750,   1.748,9999.000,9999.000,9999.000,9999.000,9999.000,9999.000,9999.000
202604091454,   1.785,   1.790,9999.000,9999.000,9999.000,9999.000,9999.000,9999.000,9999.000
202604091500,   1.821,   1.840,  -0.100,   0.119,   1.840,  -0.200,   1.740,  -0.100,   1.840
202604091506,   1.860,   1.879,9999.000,9999.000,9999.000,9999.000,9999.000,9999.000,9999.000
202604091512,   1.901,   1.908,9999.000,9999.000,9999.000,9999.000,9999.000,9999.000,9999.000
202604091518,   1.945,   1.938,9999.000,9999.000,9999.000,9999.000,9999.000,9999.000,9999.000
202604091524,   1.990,   1.981,9999.000,9999.000,9999.000,9999.000,9999.000,9999.000,9999.000
202604091530,   2.037,   2.040,9999.000,9999.000,9999.000,9999.000,9999.000,9999.000,9999.000
202604091536,   2.086,   2.079,9999.000,9999.000,9999.000,9999.000,9999.000,9999.000,9999.000
202604091542,   2.136,   2.138,9999.000,9999.000,9999.000,9999.000,9999.000,9999.000,9999.000
202604091548,   2.188,   2.191,9999.000,9999.000,9999.000,9999.000,9999.000,9999.000,9999.000
202604091554,   2.240,   2.240,9999.000,9999.000,9999.000,9999.000,9999.000,9999.000,9999.000
202604091600,   2.294,   2.279,  -0.100,   0.085,   2.279,  -0.100,   2.279,  -0.100,   2.279
202604091606,   2.348,   2.338,9999.000,9999.000,9999.000,9999.000,9999.000,9999.000,9999.000
202604091612,   2.402,   2.387,9999.000,9999.000,9999.000,9999.000,9999.000,9999.000,9999.000
202604091618,   2.455,   2.440,9999.000,9999.000,9999.000,9999.000,9999.000,9999.000,9999.000
202604091624,   2.509,   2.499,9999.000,9999.000,9999.000,9999.000,9999.000,9999.000,9999.000
202604091630,   2.561,   2.568,9999.000,9999.000,9999.000,9999.000,9999.000,9999.000,9999.000
202604091636,   2.612,   2.620,9999.000,9999.000,9999.000,9999.000,9999.000,9999.000,9999.000
202604091642,   2.661,   2.669,9999.000,9999.000,9999.000,9999.000,9999.000,9999.000,9999.000
202604091648,   2.709,   2.719,9999.000,9999.000,9999.000,9999.000,9999.000,9999.000,9999.000
202604091654,   2.754,   2.758,9999.000,9999.000,9999.000,9999.000,9999.000,9999.000,9999.000
202604091700,   2.797,   2.787,  -0.100,   0.090,   2.787,  -0.100,   2.787,  -0.100,   2.787
202604091706,   2.837,   2.830,9999.000,9999.000,9999.000,9999.000,9999.000,9999.000,9999.000
202604091712,   2.873,   2.869,9999.000,9999.000,9999.000,9999.000,9999.000,9999.000,9999.000
202604091718,   2.906,   2.899,9999.000,9999.000,9999.000,9999.000,9999.000,9999.000,9999.000
202604091724,   2.936,   2.938,9999.000,9999.000,9999.000,9999.000,9999.000,9999.000,9999.000
202604091730,   2.961,   2.948,9999.000,9999.000,9999.000,9999.000,9999.000,9999.000,9999.000
202604091736,   2.982,   2.978,9999.000,9999.000,9999.000,9999.000,9999.000,9999.000,9999.000
202604091742,   2.999,   2.978,9999.000,9999.000,9999.000,9999.000,9999.000,9999.000,9999.000
202604091748,   3.012,   2.988,9999.000,9999.000,9999.000,9999.000,9999.000,9999.000,9999.000
202604091754,   3.020,   2.997,9999.000,9999.000,9999.000,9999.000,9999.000,9999.000,9999.000
202604091800,   3.023,   3.007,  -0.100,   0.084,   3.007,  -0.200,   2.907,  -0.100,   3.007
202604091806,   3.021,   2.997,9999.000,9999.000,9999.000,9999.000,9999.000,9999.000,9999.000
202604091812,   3.015,   2.988,9999.000,9999.000,9999.000,9999.000,9999.000,9999.000,9999.000
202604091818,   3.003,   2.978,9999.000,9999.000,9999.000,9999.000,9999.000,9999.000,9999.000
202604091824,   2.988,   2.958,9999.000,9999.000,9999.000,9999.000,9999.000,9999.000,9999.000
202604091830,   2.967,   2.938,9999.000,9999.000,9999.000,9999.000,9999.000,9999.000,9999.000
202604091836,   2.942,   2.919,9999.000,9999.000,9999.000,9999.000,9999.000,9999.000,9999.000
202604091842,   2.913,   2.899,9999.000,9999.000,9999.000,9999.000,9999.000,9999.000,9999.000
202604091848,   2.880,   2.879,9999.000,9999.000,9999.000,9999.000,9999.000,9999.000,9999.000
202604091854,   2.842,   2.850,9999.000,9999.000,9999.000,9999.000,9999.000,9999.000,9999.000
202604091900,   2.801,   2.797,  -0.100,   0.096,   2.797,  -0.100,   2.797,   0.000,   2.897
202604091906,   2.757,   2.758,9999.000,9999.000,9999.000,9999.000,9999.000,9999.000,9999.000
202604091912,   2.709,   2.719,9999.000,9999.000,9999.000,9999.000,9999.000,9999.000,9999.000
202604091918,   2.659,   2.660,9999.000,9999.000,9999.000,9999.000,9999.000,9999.000,9999.000
202604091924,   2.605,   2.620,9999.000,9999.000,9999.000,9999.000,9999.000,9999.000,9999.000
202604091930,   2.550,   2.587,9999.000,9999.000,9999.000,9999.000,9999.000,9999.000,9999.000
202604091936,   2.493,   2.548,9999.000,9999.000,9999.000,9999.000,9999.000,9999.000,9999.000
202604091942,   2.434,   2.499,9999.000,9999.000,9999.000,9999.000,9999.000,9999.000,9999.000
202604091948,   2.373,   2.440,9999.000,9999.000,9999.000,9999.000,9999.000,9999.000,9999.000
202604091954,   2.312,   2.387,9999.000,9999.000,9999.000,9999.000,9999.000,9999.000,9999.000
202604092000,   2.250,   2.318,  -0.100,   0.168,   2.318,  -0.100,   2.318,   0.000,   2.418
202604092006,   2.187,   2.240,9999.000,9999.000,9999.000,9999.000,9999.000,9999.000,9999.000
202604092012,   2.124,   2.177,9999.000,9999.000,9999.000,9999.000,9999.000,9999.000,9999.000
202604092018,   2.061,   2.128,9999.000,9999.000,9999.000,9999.000,9999.000,9999.000,9999.000
202604092024,   1.998,   2.069,9999.000,9999.000,9999.000,9999.000,9999.000,9999.000,9999.000
202604092030,   1.936,   2.010,9999.000,9999.000,9999.000,9999.000,9999.000,9999.000,9999.000
202604092036,   1.874,   1.938,9999.000,9999.000,9999.000,9999.000,9999.000,9999.000,9999.000
202604092042,   1.813,   1.869,9999.000,9999.000,9999.000,9999.000,9999.000,9999.000,9999.000
202604092048,   1.753,   1.800,9999.000,9999.000,9999.000,9999.000,9999.000,9999.000,9999.000
202604092054,   1.695,   1.718,9999.000,9999.000,9999.000,9999.000,9999.000,9999.000,9999.000
202604092100,   1.637,   1.639,  -0.100,   0.102,   1.639,  -0.100,   1.639,  -0.100,   1.639
202604092106,   1.581,   1.548,9999.000,9999.000,9999.000,9999.000,9999.000,9999.000,9999.000
202604092112,   1.526,   1.498,9999.000,9999.000,9999.000,9999.000,9999.000,9999.000,9999.000
202604092118,   1.472,   1.439,9999.000,9999.000,9999.000,9999.000,9999.000,9999.000,9999.000
202604092124,   1.421,   1.371,9999.000,9999.000,9999.000,9999.000,9999.000,9999.000,9999.000
202604092130,   1.371,   1.308,9999.000,9999.000,9999.000,9999.000,9999.000,9999.000,9999.000
202604092136,   1.323,   1.239,9999.000,9999.000,9999.000,9999.000,9999.000,9999.000,9999.000
202604092142,   1.277,   1.200,9999.000,9999.000,9999.000,9999.000,9999.000,9999.000,9999.000
202604092148,   1.234,   1.151,9999.000,9999.000,9999.000,9999.000,9999.000,9999.000,9999.000
202604092154,   1.192,   1.088,9999.000,9999.000,9999.000,9999.000,9999.000,9999.000,9999.000
202604092200,   1.153,   1.039,  -0.100,  -0.014,   1.039,  -0.100,   1.039,  -0.100,   1.039
202604092206,   1.117,   1.010,9999.000,9999.000,9999.000,9999.000,9999.000,9999.000,9999.000
202604092212,   1.083,   0.980,9999.000,9999.000,9999.000,9999.000,9999.000,9999.000,9999.000
202604092218,   1.053,   0.961,9999.000,9999.000,9999.000,9999.000,9999.000,9999.000,9999.000
202604092224,   1.025,   0.941,9999.000,9999.000,9999.000,9999.000,9999.000,9999.000,9999.000
202604092230,   1.000,   0.928,9999.000,9999.000,9999.000,9999.000,9999.000,9999.000,9999.000
202604092236,   0.979,   0.908,9999.000,9999.000,9999.000,9999.000,9999.000,9999.000,9999.000
202604092242,   0.961,   0.888,9999.000,9999.000,9999.000,9999.000,9999.000,9999.000,9999.000
202604092248,   0.947,   0.869,9999.000,9999.000,9999.000,9999.000,9999.000,9999.000,9999.000
202604092254,   0.936,   0.869,9999.000,9999.000,9999.000,9999.000,9999.000,9999.000,9999.000
202604092300,   0.929,   0.869,  -0.100,   0.040,   0.869,  -0.100,   0.869,  -0.100,   0.869
202604092306,   0.926,   0.879,9999.000,9999.000,9999.000,9999.000,9999.000,9999.000,9999.000
202604092312,   0.926,   0.879,9999.000,9999.000,9999.000,9999.000,9999.000,9999.000,9999.000
202604092318,   0.931,   0.898,9999.000,9999.000,9999.000,9999.000,9999.000,9999.000,9999.000
202604092324,   0.939,   0.918,9999.000,9999.000,9999.000,9999.000,9999.000,9999.000,9999.000
202604092330,   0.950,   0.941,9999.000,9999.000,9999.000,9999.000,9999.000,9999.000,9999.000
202604092336,   0.965,   0.961,9999.000,9999.000,9999.000,9999.000,9999.000,9999.000,9999.000
202604092342,   0.983,   0.970,9999.000,9999.000,9999.000,9999.000,9999.000,9999.000,9999.000
202604092348,   1.005,   1.020,9999.000,9999.000,9999.000,9999.000,9999.000,9999.000,9999.000
202604092354,   1.029,   1.049,9999.000,9999.000,9999.000,9999.000,9999.000,9999.000,9999.000
202604100000,   1.056,   1.088,  -0.100,   0.132,   1.088,  -0.200,   0.988,  -0.100,   1.088
202604100006,   1.085,   1.128,9999.000,9999.000,9999.000,9999.000,9999.000,9999.000,9999.000
202604100012,   1.116,   1.180,9999.000,9999.000,9999.000,9999.000,9999.000,9999.000,9999.000
202604100018,   1.150,   1.229,9999.000,9999.000,9999.000,9999.000,9999.000,9999.000,9999.000
202604100024,   1.184,   1.259,9999.000,9999.000,9999.000,9999.000,9999.000,9999.000,9999.000
202604100030,   1.220,   1.318,9999.000,9999.000,9999.000,9999.000,9999.000,9999.000,9999.000
202604100036,   1.256,   1.371,9999.000,9999.000,9999.000,9999.000,9999.000,9999.000,9999.000
202604100042,   1.293,   1.420,9999.000,9999.000,9999.000,9999.000,9999.000,9999.000,9999.000
202604100048,   1.330,   1.479,9999.000,9999.000,9999.000,9999.000,9999.000,9999.000,9999.000
202604100054,   1.368,   1.518,9999.000,9999.000,9999.000,9999.000,9999.000,9999.000,9999.000
202604100100,   1.404,   1.571,  -0.100,   0.267,   1.571,  -0.200,   1.471,  -0.100,   1.571
202604100106,   1.441,   1.610,9999.000,9999.000,9999.000,9999.000,9999.000,9999.000,9999.000
202604100112,   1.476,   1.659,9999.000,9999.000,9999.000,9999.000,9999.000,9999.000,9999.000
202604100118,   1.511,   1.689,9999.000,9999.000,9999.000,9999.000,9999.000,9999.000,9999.000
202604100124,   1.544,   1.738,9999.000,9999.000,9999.000,9999.000,9999.000,9999.000,9999.000
202604100130,   1.577,   1.767,9999.000,9999.000,9999.000,9999.000,9999.000,9999.000,9999.000
202604100136,   1.609,   1.810,9999.000,9999.000,9999.000,9999.000,9999.000,9999.000,9999.000
202604100142,   1.639,   1.830,9999.000,9999.000,9999.000,9999.000,9999.000,9999.000,9999.000
202604100148,   1.669,   1.859,9999.000,9999.000,9999.000,9999.000,9999.000,9999.000,9999.000
202604100154,   1.698,   1.879,9999.000,9999.000,9999.000,9999.000,9999.000,9999.000,9999.000
202604100200,   1.726,   1.908,  -0.100,   0.282,   1.908,  -0.100,   1.908,  -0.100,   1.908
202604100206,   1.753,   1.908,9999.000,9999.000,9999.000,9999.000,9999.000,9999.000,9999.000
202604100212,   1.780,   1.928,9999.000,9999.000,9999.000,9999.000,9999.000,9999.000,9999.000
202604100218,   1.807,   1.967,9999.000,9999.000,9999.000,9999.000,9999.000,9999.000,9999.000
202604100224,   1.834,   1.990,9999.000,9999.000,9999.000,9999.000,9999.000,9999.000,9999.000
202604100230,   1.861,   2.010,9999.000,9999.000,9999.000,9999.000,9999.000,9999.000,9999.000
202604100236,   1.888,   2.020,9999.000,9999.000,9999.000,9999.000,9999.000,9999.000,9999.000
202604100242,   1.917,   2.030,9999.000,9999.000,9999.000,9999.000,9999.000,9999.000,9999.000
202604100248,   1.946,   2.040,9999.000,9999.000,9999.000,9999.000,9999.000,9999.000,9999.000
202604100254,   1.976,   2.049,9999.000,9999.000,9999.000,9999.000,9999.000,9999.000,9999.000
202604100300,   2.007,   2.069,  -0.100,   0.162,   2.069,  -0.200,   1.969,  -0.100,   2.069
202604100306,   2.040,   2.109,9999.000,9999.000,9999.000,9999.000,9999.000,9999.000,9999.000
202604100312,   2.074,   2.128,9999.000,9999.000,9999.000,9999.000,9999.000,9999.000,9999.000
202604100318,   2.110,   2.128,9999.000,9999.000,9999.000,9999.000,9999.000,9999.000,9999.000
202604100324,   2.148,   2.148,9999.000,9999.000,9999.000,9999.000,9999.000,9999.000,9999.000
202604100330,   2.187,   2.168,9999.000,9999.000,9999.000,9999.000,9999.000,9999.000,9999.000
202604100336,   2.228,   2.191,9999.000,9999.000,9999.000,9999.000,9999.000,9999.000,9999.000
202604100342,   2.270,   2.220,9999.000,9999.000,9999.000,9999.000,9999.000,9999.000,9999.000
202604100348,   2.315,   2.259,9999.000,9999.000,9999.000,9999.000,9999.000,9999.000,9999.000
202604100354,   2.360,   2.289,9999.000,9999.000,9999.000,9999.000,9999.000,9999.000,9999.000
202604100400,   2.407,   2.328,  -0.200,   0.121,   2.328,  -0.200,   2.328,  -0.100,   2.428
202604100406,   2.455,   2.368,9999.000,9999.000,9999.000,9999.000,9999.000,9999.000,9999.000
202604100412,   2.504,   2.430,9999.000,9999.000,9999.000,9999.000,9999.000,9999.000,9999.000
202604100418,   2.554,   2.479,9999.000,9999.000,9999.000,9999.000,9999.000,9999.000,9999.000
202604100424,   2.604,   2.519,9999.000,9999.000,9999.000,9999.000,9999.000,9999.000,9999.000
202604100430,   2.654,   2.558,9999.000,9999.000,9999.000,9999.000,9999.000,9999.000,9999.000
202604100436,   2.704,   2.620,9999.000,9999.000,9999.000,9999.000,9999.000,9999.000,9999.000
202604100442,   2.754,   2.679,9999.000,9999.000,9999.000,9999.000,9999.000,9999.000,9999.000
202604100448,   2.803,   2.719,9999.000,9999.000,9999.000,9999.000,9999.000,9999.000,9999.000
202604100454,   2.851,   2.768,9999.000,9999.000,9999.000,9999.000,9999.000,9999.000,9999.000
202604100500,   2.897,   2.807,  -0.200,   0.110,   2.807,  -0.200,   2.807,  -0.100,   2.907
202604100506,   2.942,   2.869,9999.000,9999.000,9999.000,9999.000,9999.000,9999.000,9999.000
202604100512,   2.985,   2.919,9999.000,9999.000,9999.000,9999.000,9999.000,9999.000,9999.000
202604100518,   3.025,   2.958,9999.000,9999.000,9999.000,9999.000,9999.000,9999.000,9999.000
202604100524,   3.063,   3.017,9999.000,9999.000,9999.000,9999.000,9999.000,9999.000,9999.000
202604100530,   3.098,   3.070,9999.000,9999.000,9999.000,9999.000,9999.000,9999.000,9999.000
202604100536,   3.130,   3.109,9999.000,9999.000,9999.000,9999.000,9999.000,9999.000,9999.000
202604100542,   3.159,   3.129,9999.000,9999.000,9999.000,9999.000,9999.000,9999.000,9999.000
202604100548,   3.183,   3.148,9999.000,9999.000,9999.000,9999.000,9999.000,9999.000,9999.000
202604100554,   3.204,   3.197,9999.000,9999.000,9999.000,9999.000,9999.000,9999.000,9999.000
202604100600,   3.221,   3.217,  -0.100,   0.096,   3.217,  -0.100,   3.217,  -0.100,   3.217
202604100606,   3.234,   3.270,9999.000,9999.000,9999.000,9999.000,9999.000,9999.000,9999.000
202604100612,   3.243,   3.299,9999.000,9999.000,9999.000,9999.000,9999.000,9999.000,9999.000
202604100618,   3.247,   3.319,9999.000,9999.000,9999.000,9999.000,9999.000,9999.000,9999.000
202604100624,   3.246,   3.319,9999.000,9999.000,9999.000,9999.000,9999.000,9999.000,9999.000
202604100630,   3.242,   3.339,9999.000,9999.000,9999.000,9999.000,9999.000,9999.000,9999.000
202604100636,   3.232,   3.339,9999.000,9999.000,9999.000,9999.000,9999.000,9999.000,9999.000
202604100642,   3.219,   3.348,9999.000,9999.000,9999.000,9999.000,9999.000,9999.000,9999.000
202604100648,   3.201,   3.309,9999.000,9999.000,9999.000,9999.000,9999.000,9999.000,9999.000
202604100654,   3.179,   3.299,9999.000,9999.000,9999.000,9999.000,9999.000,9999.000,9999.000
202604100700,   3.152,   3.289,  -0.100,   0.237,   3.289,  -0.200,   3.189,  -0.100,   3.289
202604100706,   3.122,   3.279,9999.000,9999.000,9999.000,9999.000,9999.000,9999.000,9999.000
202604100712,   3.089,   3.260,9999.000,9999.000,9999.000,9999.000,9999.000,9999.000,9999.000
202604100718,   3.051,   3.230,9999.000,9999.000,9999.000,9999.000,9999.000,9999.000,9999.000
202604100724,   3.011,   3.197,9999.000,9999.000,9999.000,9999.000,9999.000,9999.000,9999.000
202604100730,   2.968,   3.168,9999.000,9999.000,9999.000,9999.000,9999.000,9999.000,9999.000
202604100736,   2.922,   3.129,9999.000,9999.000,9999.000,9999.000,9999.000,9999.000,9999.000
202604100742,   2.873,   3.089,9999.000,9999.000,9999.000,9999.000,9999.000,9999.000,9999.000
202604100748,   2.823,   3.040,9999.000,9999.000,9999.000,9999.000,9999.000,9999.000,9999.000
202604100754,   2.770,   2.988,9999.000,9999.000,9999.000,9999.000,9999.000,9999.000,9999.000
202604100800,   2.717,   2.929,  -0.100,   0.312,   2.929,  -0.200,   2.829,  -0.100,   2.929
202604100806,   2.662,   2.860,9999.000,9999.000,9999.000,9999.000,9999.000,9999.000,9999.000
202604100812,   2.606,   2.787,9999.000,9999.000,9999.000,9999.000,9999.000,9999.000,9999.000
202604100818,   2.549,   2.719,9999.000,9999.000,9999.000,9999.000,9999.000,9999.000,9999.000
202604100824,   2.492,   2.640,9999.000,9999.000,9999.000,9999.000,9999.000,9999.000,9999.000
202604100830,   2.435,   2.558,9999.000,9999.000,9999.000,9999.000,9999.000,9999.000,9999.000
202604100836,   2.378,   2.489,9999.000,9999.000,9999.000,9999.000,9999.000,9999.000,9999.000
202604100842,   2.321,   2.410,9999.000,9999.000,9999.000,9999.000,9999.000,9999.000,9999.000
202604100848,   2.264,   2.338,9999.000,9999.000,9999.000,9999.000,9999.000,9999.000,9999.000
202604100854,   2.208,   2.250,9999.000,9999.000,9999.000,9999.000,9999.000,9999.000,9999.000
202604100900,   2.152,   2.168,  -0.100,   0.116,   2.168,  -0.100,   2.168,  -0.100,   2.168
202604100906,   2.097,   2.099,9999.000,9999.000,9999.000,9999.000,9999.000,9999.000,9999.000
202604100912,   2.042,   2.020,9999.000,9999.000,9999.000,9999.000,9999.000,9999.000,9999.000
202604100918,   1.989,   1.958,9999.000,9999.000,9999.000,9999.000,9999.000,9999.000,9999.000
202604100924,   1.936,   1.889,9999.000,9999.000,9999.000,9999.000,9999.000,9999.000,9999.000
202604100930,   1.884,   1.820,9999.000,9999.000,9999.000,9999.000,9999.000,9999.000,9999.000
202604100936,   1.833,   1.748,9999.000,9999.000,9999.000,9999.000,9999.000,9999.000,9999.000
202604100942,   1.783,   1.649,9999.000,9999.000,9999.000,9999.000,9999.000,9999.000,9999.000
202604100948,   1.734,   1.557,9999.000,9999.000,9999.000,9999.000,9999.000,9999.000,9999.000
202604100954,   1.685,   1.479,9999.000,9999.000,9999.000,9999.000,9999.000,9999.000,9999.000
202604101000,   1.638,   1.420,  -0.100,  -0.118,   1.420,  -0.100,   1.420,  -0.100,   1.420
202604101006,   1.592,   1.361,9999.000,9999.000,9999.000,9999.000,9999.000,9999.000,9999.000
202604101012,   1.547,   1.328,9999.000,9999.000,9999.000,9999.000,9999.000,9999.000,9999.000
202604101018,   1.503,   1.298,9999.000,9999.000,9999.000,9999.000,9999.000,9999.000,9999.000
202604101024,   1.460,   1.259,9999.000,9999.000,9999.000,9999.000,9999.000,9999.000,9999.000
202604101030,   1.419,   1.220,9999.000,9999.000,9999.000,9999.000,9999.000,9999.000,9999.000
202604101036,   1.379,   1.190,9999.000,9999.000,9999.000,9999.000,9999.000,9999.000,9999.000
202604101042,   1.341,   1.170,9999.000,9999.000,9999.000,9999.000,9999.000,9999.000,9999.000
202604101048,   1.305,   1.138,9999.000,9999.000,9999.000,9999.000,9999.000,9999.000,9999.000
202604101054,   1.271,   1.118,9999.000,9999.000,9999.000,9999.000,9999.000,9999.000,9999.000
202604101100,   1.238,   1.108,  -0.100,  -0.030,   1.108,  -0.100,   1.108,  -0.100,   1.108
202604101106,   1.208,   1.098,9999.000,9999.000,9999.000,9999.000,9999.000,9999.000,9999.000
202604101112,   1.180,   1.098,9999.000,9999.000,9999.000,9999.000,9999.000,9999.000,9999.000
202604101118,   1.155,   1.079,9999.000,9999.000,9999.000,9999.000,9999.000,9999.000,9999.000
202604101124,   1.132,   1.079,9999.000,9999.000,9999.000,9999.000,9999.000,9999.000,9999.000
202604101130,   1.112,   1.079,9999.000,9999.000,9999.000,9999.000,9999.000,9999.000,9999.000
202604101136,   1.095,   1.098,9999.000,9999.000,9999.000,9999.000,9999.000,9999.000,9999.000
202604101142,   1.080,   1.108,9999.000,9999.000,9999.000,9999.000,9999.000,9999.000,9999.000
202604101148,   1.069,   1.118,9999.000,9999.000,9999.000,9999.000,9999.000,9999.000,9999.000
202604101154,   1.060,   1.138,9999.000,9999.000,9999.000,9999.000,9999.000,9999.000,9999.000
202604101200,   1.054,   1.170,   0.000,   0.116,   1.170,   0.000,   1.170,   0.000,   1.170
202604101206,   1.051,   1.200,9999.000,9999.000,9999.000,9999.000,9999.000,9999.000,9999.000
202604101212,   1.051,   1.220,9999.000,9999.000,9999.000,9999.000,9999.000,9999.000,9999.000
202604101218,   1.053,   1.269,9999.000,9999.000,9999.000,9999.000,9999.000,9999.000,9999.000
202604101224,   1.058,   1.318,9999.000,9999.000,9999.000,9999.000,9999.000,9999.000,9999.000
202604101230,   1.065,   1.348,9999.000,9999.000,9999.000,9999.000,9999.000,9999.000,9999.000
202604101236,   1.074,   1.371,9999.000,9999.000,9999.000,9999.000,9999.000,9999.000,9999.000
202604101242,   1.084,   1.390,9999.000,9999.000,9999.000,9999.000,9999.000,9999.000,9999.000
202604101248,   1.097,   1.410,9999.000,9999.000,9999.000,9999.000,9999.000,9999.000,9999.000
202604101254,   1.111,   1.439,9999.000,9999.000,9999.000,9999.000,9999.000,9999.000,9999.000
202604101300,   1.126,   1.479,   0.000,   0.353,   1.479,   0.000,   1.479,   0.000,   1.479
202604101306,   1.141,   1.498,9999.000,9999.000,9999.000,9999.000,9999.000,9999.000,9999.000
202604101312,   1.158,   1.518,9999.000,9999.000,9999.000,9999.000,9999.000,9999.000,9999.000
202604101318,   1.175,   1.538,9999.000,9999.000,9999.000,9999.000,9999.000,9999.000,9999.000
202604101324,   1.192,   1.548,9999.000,9999.000,9999.000,9999.000,9999.000,9999.000,9999.000
202604101330,   1.210,   1.538,9999.000,9999.000,9999.000,9999.000,9999.000,9999.000,9999.000
202604101336,   1.228,   1.557,9999.000,9999.000,9999.000,9999.000,9999.000,9999.000,9999.000
202604101342,   1.245,   1.557,9999.000,9999.000,9999.000,9999.000,9999.000,9999.000,9999.000
202604101348,   1.262,   1.580,9999.000,9999.000,9999.000,9999.000,9999.000,9999.000,9999.000
202604101354,   1.280,   1.580,9999.000,9999.000,9999.000,9999.000,9999.000,9999.000,9999.000
202604101400,   1.297,   1.610,   0.000,   0.313,   1.610,   0.000,   1.610,   0.000,   1.610
202604101406,   1.314,   1.639,9999.000,9999.000,9999.000,9999.000,9999.000,9999.000,9999.000
202604101412,   1.331,   1.649,9999.000,9999.000,9999.000,9999.000,9999.000,9999.000,9999.000
202604101418,   1.348,   1.639,9999.000,9999.000,9999.000,9999.000,9999.000,9999.000,9999.000
202604101424,   1.365,   1.659,9999.000,9999.000,9999.000,9999.000,9999.000,9999.000,9999.000
202604101430,   1.383,   1.689,9999.000,9999.000,9999.000,9999.000,9999.000,9999.000,9999.000
202604101436,   1.401,   1.679,9999.000,9999.000,9999.000,9999.000,9999.000,9999.000,9999.000
202604101442,   1.420,   1.669,9999.000,9999.000,9999.000,9999.000,9999.000,9999.000,9999.000
202604101448,   1.441,   1.689,9999.000,9999.000,9999.000,9999.000,9999.000,9999.000,9999.000
202604101454,   1.462,   1.738,9999.000,9999.000,9999.000,9999.000,9999.000,9999.000,9999.000
202604101500,   1.485,   1.748,   0.000,   0.263,   1.748,   0.000,   1.748,   0.000,   1.748
202604101506,   1.510,   1.748,9999.000,9999.000,9999.000,9999.000,9999.000,9999.000,9999.000
202604101512,   1.536,   1.758,9999.000,9999.000,9999.000,9999.000,9999.000,9999.000,9999.000
202604101518,   1.565,   1.790,9999.000,9999.000,9999.000,9999.000,9999.000,9999.000,9999.000
202604101524,   1.595,   1.790,9999.000,9999.000,9999.000,9999.000,9999.000,9999.000,9999.000
202604101530,   1.628,   1.790,9999.000,9999.000,9999.000,9999.000,9999.000,9999.000,9999.000
202604101536,   1.664,   1.810,9999.000,9999.000,9999.000,9999.000,9999.000,9999.000,9999.000
202604101542,   1.702,   1.840,9999.000,9999.000,9999.000,9999.000,9999.000,9999.000,9999.000
202604101548,   1.742,   1.849,9999.000,9999.000,9999.000,9999.000,9999.000,9999.000,9999.000
202604101554,   1.786,   1.849,9999.000,9999.000,9999.000,9999.000,9999.000,9999.000,9999.000
202604101600,   1.831,   1.879,   0.000,   0.048,   1.879,   0.000,   1.879,   0.000,   1.879
202604101606,   1.879,   1.908,9999.000,9999.000,9999.000,9999.000,9999.000,9999.000,9999.000
202604101612,   1.929,   1.928,9999.000,9999.000,9999.000,9999.000,9999.000,9999.000,9999.000
202604101618,   1.981,   1.948,9999.000,9999.000,9999.000,9999.000,9999.000,9999.000,9999.000
202604101624,   2.035,   1.981,9999.000,9999.000,9999.000,9999.000,9999.000,9999.000,9999.000
202604101630,   2.091,   2.040,9999.000,9999.000,9999.000,9999.000,9999.000,9999.000,9999.000
202604101636,   2.148,   2.118,9999.000,9999.000,9999.000,9999.000,9999.000,9999.000,9999.000
202604101642,   2.207,   2.138,9999.000,9999.000,9999.000,9999.000,9999.000,9999.000,9999.000
202604101648,   2.266,   2.191,9999.000,9999.000,9999.000,9999.000,9999.000,9999.000,9999.000
202604101654,   2.325,   2.240,9999.000,9999.000,9999.000,9999.000,9999.000,9999.000,9999.000
202604101700,   2.385,   2.318,   0.000,  -0.067,   2.318,   0.000,   2.318,   0.000,   2.318
202604101706,   2.444,   2.400,9999.000,9999.000,9999.000,9999.000,9999.000,9999.000,9999.000
202604101712,   2.503,   2.469,9999.000,9999.000,9999.000,9999.000,9999.000,9999.000,9999.000
202604101718,   2.560,   2.538,9999.000,9999.000,9999.000,9999.000,9999.000,9999.000,9999.000
202604101724,   2.616,   2.620,9999.000,9999.000,9999.000,9999.000,9999.000,9999.000,9999.000
202604101730,   2.671,   2.689,9999.000,9999.000,9999.000,9999.000,9999.000,9999.000,9999.000
202604101736,   2.723,   2.738,9999.000,9999.000,9999.000,9999.000,9999.000,9999.000,9999.000
202604101742,   2.772,   2.807,9999.000,9999.000,9999.000,9999.000,9999.000,9999.000,9999.000
202604101748,   2.819,   2.869,9999.000,9999.000,9999.000,9999.000,9999.000,9999.000,9999.000
202604101754,   2.862,   2.948,9999.000,9999.000,9999.000,9999.000,9999.000,9999.000,9999.000
202604101800,   2.902,   3.017,   0.100,   0.015,   3.017,   0.100,   3.017,   0.200,   3.117
202604101806,   2.938,   3.089,9999.000,9999.000,9999.000,9999.000,9999.000,9999.000,9999.000
202604101812,   2.970,   3.168,9999.000,9999.000,9999.000,9999.000,9999.000,9999.000,9999.000
202604101818,   2.998,   3.240,9999.000,9999.000,9999.000,9999.000,9999.000,9999.000,9999.000
202604101824,   3.021,   3.279,9999.000,9999.000,9999.000,9999.000,9999.000,9999.000,9999.000
202604101830,   3.040,   3.319,9999.000,9999.000,9999.000,9999.000,9999.000,9999.000,9999.000
202604101836,   3.053,   3.348,9999.000,9999.000,9999.000,9999.000,9999.000,9999.000,9999.000
202604101842,   3.062,   3.388,9999.000,9999.000,9999.000,9999.000,9999.000,9999.000,9999.000
202604101848,   3.066,   3.417,9999.000,9999.000,9999.000,9999.000,9999.000,9999.000,9999.000
202604101854,   3.065,   3.440,9999.000,9999.000,9999.000,9999.000,9999.000,9999.000,9999.000
202604101900,   3.059,   3.470,   0.200,   0.211,   3.470,   0.100,   3.370,   0.200,   3.470
202604101906,   3.048,   3.480,9999.000,9999.000,9999.000,9999.000,9999.000,9999.000,9999.000
202604101912,   3.032,   3.480,9999.000,9999.000,9999.000,9999.000,9999.000,9999.000,9999.000
202604101918,   3.012,   3.460,9999.000,9999.000,9999.000,9999.000,9999.000,9999.000,9999.000
202604101924,   2.987,   3.440,9999.000,9999.000,9999.000,9999.000,9999.000,9999.000,9999.000
202604101930,   2.958,   3.407,9999.000,9999.000,9999.000,9999.000,9999.000,9999.000,9999.000
202604101936,   2.925,   3.378,9999.000,9999.000,9999.000,9999.000,9999.000,9999.000,9999.000
202604101942,   2.889,   3.358,9999.000,9999.000,9999.000,9999.000,9999.000,9999.000,9999.000
202604101948,   2.849,   3.329,9999.000,9999.000,9999.000,9999.000,9999.000,9999.000,9999.000
202604101954,   2.805,   3.309,9999.000,9999.000,9999.000,9999.000,9999.000,9999.000,9999.000
202604102000,   2.759,   3.289,   0.200,   0.330,   3.289,   0.100,   3.189,   0.200,   3.289
202604102006,   2.711,   3.250,9999.000,9999.000,9999.000,9999.000,9999.000,9999.000,9999.000
202604102012,   2.660,   3.207,9999.000,9999.000,9999.000,9999.000,9999.000,9999.000,9999.000
202604102018,   2.608,   3.168,9999.000,9999.000,9999.000,9999.000,9999.000,9999.000,9999.000
202604102024,   2.554,   3.129,9999.000,9999.000,9999.000,9999.000,9999.000,9999.000,9999.000
202604102030,   2.499,   3.070,9999.000,9999.000,9999.000,9999.000,9999.000,9999.000,9999.000
202604102036,   2.443,   2.988,9999.000,9999.000,9999.000,9999.000,9999.000,9999.000,9999.000
202604102042,   2.386,   2.919,9999.000,9999.000,9999.000,9999.000,9999.000,9999.000,9999.000
202604102048,   2.330,   2.820,9999.000,9999.000,9999.000,9999.000,9999.000,9999.000,9999.000
202604102054,   2.273,   2.728,9999.000,9999.000,9999.000,9999.000,9999.000,9999.000,9999.000
202604102100,   2.216,   2.660,   0.200,   0.244,   2.660,   0.200,   2.660,   0.200,   2.660
202604102106,   2.159,   2.587,9999.000,9999.000,9999.000,9999.000,9999.000,9999.000,9999.000
202604102112,   2.103,   2.519,9999.000,9999.000,9999.000,9999.000,9999.000,9999.000,9999.000
202604102118,   2.048,   2.440,9999.000,9999.000,9999.000,9999.000,9999.000,9999.000,9999.000
202604102124,   1.993,   2.358,9999.000,9999.000,9999.000,9999.000,9999.000,9999.000,9999.000
202604102130,   1.939,   2.259,9999.000,9999.000,9999.000,9999.000,9999.000,9999.000,9999.000
202604102136,   1.886,   2.191,9999.000,9999.000,9999.000,9999.000,9999.000,9999.000,9999.000
202604102142,   1.834,   2.109,9999.000,9999.000,9999.000,9999.000,9999.000,9999.000,9999.000
202604102148,   1.783,   2.049,9999.000,9999.000,9999.000,9999.000,9999.000,9999.000,9999.000
202604102154,   1.733,   2.010,9999.000,9999.000,9999.000,9999.000,9999.000,9999.000,9999.000
202604102200,   1.684,   1.958,   0.200,   0.074,   1.958,   0.200,   1.958,   0.200,   1.958
202604102206,   1.636,   1.918,9999.000,9999.000,9999.000,9999.000,9999.000,9999.000,9999.000
202604102212,   1.589,   1.859,9999.000,9999.000,9999.000,9999.000,9999.000,9999.000,9999.000
202604102218,   1.543,   1.820,9999.000,9999.000,9999.000,9999.000,9999.000,9999.000,9999.000
202604102224,   1.498,   1.767,9999.000,9999.000,9999.000,9999.000,9999.000,9999.000,9999.000
202604102230,   1.454,   1.728,9999.000,9999.000,9999.000,9999.000,9999.000,9999.000,9999.000
202604102236,   1.411,   1.699,9999.000,9999.000,9999.000,9999.000,9999.000,9999.000,9999.000
202604102242,   1.370,   1.679,9999.000,9999.000,9999.000,9999.000,9999.000,9999.000,9999.000
202604102248,   1.329,   1.669,9999.000,9999.000,9999.000,9999.000,9999.000,9999.000,9999.000
202604102254,   1.291,   1.639,9999.000,9999.000,9999.000,9999.000,9999.000,9999.000,9999.000
202604102300,   1.254,   1.620,   0.200,   0.166,   1.620,   0.200,   1.620,   0.200,   1.620
202604102306,   1.218,   1.600,9999.000,9999.000,9999.000,9999.000,9999.000,9999.000,9999.000
202604102312,   1.185,   1.590,9999.000,9999.000,9999.000,9999.000,9999.000,9999.000,9999.000
202604102318,   1.153,   1.571,9999.000,9999.000,9999.000,9999.000,9999.000,9999.000,9999.000
202604102324,   1.124,   1.548,9999.000,9999.000,9999.000,9999.000,9999.000,9999.000,9999.000
202604102330,   1.097,   1.518,9999.000,9999.000,9999.000,9999.000,9999.000,9999.000,9999.000
202604102336,   1.072,   1.489,9999.000,9999.000,9999.000,9999.000,9999.000,9999.000,9999.000
202604102342,   1.050,   1.469,9999.000,9999.000,9999.000,9999.000,9999.000,9999.000,9999.000
202604102348,   1.031,   1.439,9999.000,9999.000,9999.000,9999.000,9999.000,9999.000,9999.000
202604102354,   1.015,   1.439,9999.000,9999.000,9999.000,9999.000,9999.000,9999.000,9999.000
202604110000,   1.002,   1.430,   0.200,   0.228,   1.430,   0.200,   1.430,   0.300,   1.530
202604110006,   0.992,   1.430,9999.000,9999.000,9999.000,9999.000,9999.000,9999.000,9999.000
202604110012,   0.986,   1.430,9999.000,9999.000,9999.000,9999.000,9999.000,9999.000,9999.000
202604110018,   0.982,   1.430,9999.000,9999.000,9999.000,9999.000,9999.000,9999.000,9999.000
202604110024,   0.982,   1.410,9999.000,9999.000,9999.000,9999.000,9999.000,9999.000,9999.000
202604110030,   0.985,   1.420,9999.000,9999.000,9999.000,9999.000,9999.000,9999.000,9999.000
202604110036,   0.991,   1.430,9999.000,9999.000,9999.000,9999.000,9999.000,9999.000,9999.000
202604110042,   1.000,   1.439,9999.000,9999.000,9999.000,9999.000,9999.000,9999.000,9999.000
202604110048,   1.012,   1.469,9999.000,9999.000,9999.000,9999.000,9999.000,9999.000,9999.000
202604110054,   1.026,   1.469,9999.000,9999.000,9999.000,9999.000,9999.000,9999.000,9999.000
202604110100,   1.043,   1.479,   0.300,   0.136,   1.479,   0.200,   1.379,   0.300,   1.479
202604110106,   1.062,   1.489,9999.000,9999.000,9999.000,9999.000,9999.000,9999.000,9999.000
202604110112,   1.083,   1.508,9999.000,9999.000,9999.000,9999.000,9999.000,9999.000,9999.000
202604110118,   1.105,   1.528,9999.000,9999.000,9999.000,9999.000,9999.000,9999.000,9999.000
202604110124,   1.129,   1.557,9999.000,9999.000,9999.000,9999.000,9999.000,9999.000,9999.000
202604110130,   1.155,   1.590,9999.000,9999.000,9999.000,9999.000,9999.000,9999.000,9999.000
202604110136,   1.181,   1.620,9999.000,9999.000,9999.000,9999.000,9999.000,9999.000,9999.000
202604110142,   1.208,   1.639,9999.000,9999.000,9999.000,9999.000,9999.000,9999.000,9999.000
202604110148,   1.235,   1.659,9999.000,9999.000,9999.000,9999.000,9999.000,9999.000,9999.000
202604110154,   1.263,   1.689,9999.000,9999.000,9999.000,9999.000,9999.000,9999.000,9999.000
202604110200,   1.291,   1.708,   0.300,   0.117,   1.708,   0.200,   1.608,   0.300,   1.708
202604110206,   1.318,   1.748,9999.000,9999.000,9999.000,9999.000,9999.000,9999.000,9999.000
202604110212,   1.346,   1.790,9999.000,9999.000,9999.000,9999.000,9999.000,9999.000,9999.000
202604110218,   1.373,   1.830,9999.000,9999.000,9999.000,9999.000,9999.000,9999.000,9999.000
202604110224,   1.400,   1.889,9999.000,9999.000,9999.000,9999.000,9999.000,9999.000,9999.000
202604110230,   1.427,   1.918,9999.000,9999.000,9999.000,9999.000,9999.000,9999.000,9999.000
202604110236,   1.454,   1.967,9999.000,9999.000,9999.000,9999.000,9999.000,9999.000,9999.000
202604110242,   1.481,   2.010,9999.000,9999.000,9999.000,9999.000,9999.000,9999.000,9999.000
202604110248,   1.507,   2.049,9999.000,9999.000,9999.000,9999.000,9999.000,9999.000,9999.000
202604110254,   1.534,   2.079,9999.000,9999.000,9999.000,9999.000,9999.000,9999.000,9999.000
202604110300,   1.561,   2.109,   0.300,   0.248,   2.109,   0.200,   2.009,   0.300,   2.109
202604110306,   1.589,   2.138,9999.000,9999.000,9999.000,9999.000,9999.000,9999.000,9999.000
202604110312,   1.617,   2.168,9999.000,9999.000,9999.000,9999.000,9999.000,9999.000,9999.000
202604110318,   1.646,   2.210,9999.000,9999.000,9999.000,9999.000,9999.000,9999.000,9999.000
202604110324,   1.676,   2.250,9999.000,9999.000,9999.000,9999.000,9999.000,9999.000,9999.000
202604110330,   1.707,   2.279,9999.000,9999.000,9999.000,9999.000,9999.000,9999.000,9999.000
202604110336,   1.740,   2.299,9999.000,9999.000,9999.000,9999.000,9999.000,9999.000,9999.000
202604110342,   1.775,   2.328,9999.000,9999.000,9999.000,9999.000,9999.000,9999.000,9999.000
202604110348,   1.811,   2.358,9999.000,9999.000,9999.000,9999.000,9999.000,9999.000,9999.000
202604110354,   1.849,   2.387,9999.000,9999.000,9999.000,9999.000,9999.000,9999.000,9999.000
202604110400,   1.889,   2.400,   0.200,   0.311,   2.400,   0.200,   2.400,   0.300,   2.500
202604110406,   1.932,   2.430,9999.000,9999.000,9999.000,9999.000,9999.000,9999.000,9999.000
202604110412,   1.976,   2.459,9999.000,9999.000,9999.000,9999.000,9999.000,9999.000,9999.000
202604110418,   2.023,   2.499,9999.000,9999.000,9999.000,9999.000,9999.000,9999.000,9999.000
202604110424,   2.071,   2.519,9999.000,9999.000,9999.000,9999.000,9999.000,9999.000,9999.000
202604110430,   2.122,   2.528,9999.000,9999.000,9999.000,9999.000,9999.000,9999.000,9999.000
202604110436,   2.174,   2.558,9999.000,9999.000,9999.000,9999.000,9999.000,9999.000,9999.000
202604110442,   2.228,   2.578,9999.000,9999.000,9999.000,9999.000,9999.000,9999.000,9999.000
202604110448,   2.284,   2.610,9999.000,9999.000,9999.000,9999.000,9999.000,9999.000,9999.000
202604110454,   2.341,   2.630,9999.000,9999.000,9999.000,9999.000,9999.000,9999.000,9999.000
202604110500,   2.398,   2.679,   0.200,   0.081,   2.679,   0.200,   2.679,   0.200,   2.679
202604110506,   2.457,   2.719,9999.000,9999.000,9999.000,9999.000,9999.000,9999.000,9999.000
202604110512,   2.516,   2.758,9999.000,9999.000,9999.000,9999.000,9999.000,9999.000,9999.000
202604110518,   2.576,   2.778,9999.000,9999.000,9999.000,9999.000,9999.000,9999.000,9999.000
202604110524,   2.635,   2.820,9999.000,9999.000,9999.000,9999.000,9999.000,9999.000,9999.000
202604110530,   2.693,   2.869,9999.000,9999.000,9999.000,9999.000,9999.000,9999.000,9999.000
202604110536,   2.751,   2.919,9999.000,9999.000,9999.000,9999.000,9999.000,9999.000,9999.000
202604110542,   2.807,   2.958,9999.000,9999.000,9999.000,9999.000,9999.000,9999.000,9999.000
202604110548,   2.862,   3.007,9999.000,9999.000,9999.000,9999.000,9999.000,9999.000,9999.000
202604110554,   2.914,   3.060,9999.000,9999.000,9999.000,9999.000,9999.000,9999.000,9999.000
202604110600,   2.964,   3.109,   0.300,  -0.155,   3.109,   0.200,   3.009,   0.300,   3.109
202604110606,   3.012,   3.138,9999.000,9999.000,9999.000,9999.000,9999.000,9999.000,9999.000
202604110612,   3.057,   3.197,9999.000,9999.000,9999.000,9999.000,9999.000,9999.000,9999.000
202604110618,   3.098,   3.250,9999.000,9999.000,9999.000,9999.000,9999.000,9999.000,9999.000
202604110624,   3.135,   3.289,9999.000,9999.000,9999.000,9999.000,9999.000,9999.000,9999.000
202604110630,   3.169,   3.339,9999.000,9999.000,9999.000,9999.000,9999.000,9999.000,9999.000
202604110636,   3.199,   3.388,9999.000,9999.000,9999.000,9999.000,9999.000,9999.000,9999.000
202604110642,   3.224,   3.440,9999.000,9999.000,9999.000,9999.000,9999.000,9999.000,9999.000
202604110648,   3.245,   3.480,9999.000,9999.000,9999.000,9999.000,9999.000,9999.000,9999.000
202604110654,   3.262,   3.509,9999.000,9999.000,9999.000,9999.000,9999.000,9999.000,9999.000
202604110700,   3.273,   3.529,   0.300,  -0.044,   3.529,   0.200,   3.429,   0.300,   3.529
202604110706,   3.281,   3.539,9999.000,9999.000,9999.000,9999.000,9999.000,9999.000,9999.000
202604110712,   3.283,   3.568,9999.000,9999.000,9999.000,9999.000,9999.000,9999.000,9999.000
202604110718,   3.281,   3.578,9999.000,9999.000,9999.000,9999.000,9999.000,9999.000,9999.000
202604110724,   3.274,   3.588,9999.000,9999.000,9999.000,9999.000,9999.000,9999.000,9999.000
202604110730,   3.263,   3.588,9999.000,9999.000,9999.000,9999.000,9999.000,9999.000,9999.000
202604110736,   3.247,   3.588,9999.000,9999.000,9999.000,9999.000,9999.000,9999.000,9999.000
202604110742,   3.227,   3.588,9999.000,9999.000,9999.000,9999.000,9999.000,9999.000,9999.000
202604110748,   3.203,   3.548,9999.000,9999.000,9999.000,9999.000,9999.000,9999.000,9999.000
202604110754,   3.175,   3.519,9999.000,9999.000,9999.000,9999.000,9999.000,9999.000,9999.000
202604110800,   3.144,   3.509,   0.300,   0.065,   3.509,   0.200,   3.409,   0.300,   3.509
202604110806,   3.109,   3.499,9999.000,9999.000,9999.000,9999.000,9999.000,9999.000,9999.000
202604110812,   3.071,   3.480,9999.000,9999.000,9999.000,9999.000,9999.000,9999.000,9999.000
202604110818,   3.031,   3.450,9999.000,9999.000,9999.000,9999.000,9999.000,9999.000,9999.000
202604110824,   2.988,   3.417,9999.000,9999.000,9999.000,9999.000,9999.000,9999.000,9999.000
202604110830,   2.943,   3.398,9999.000,9999.000,9999.000,9999.000,9999.000,9999.000,9999.000
202604110836,   2.896,   3.348,9999.000,9999.000,9999.000,9999.000,9999.000,9999.000,9999.000
202604110842,   2.848,   3.289,9999.000,9999.000,9999.000,9999.000,9999.000,9999.000,9999.000
202604110848,   2.799,   3.240,9999.000,9999.000,9999.000,9999.000,9999.000,9999.000,9999.000
202604110854,   2.749,   3.197,9999.000,9999.000,9999.000,9999.000,9999.000,9999.000,9999.000
202604110900,   2.697,   3.138,   0.300,   0.141,   3.138,   0.200,   3.038,   0.300,   3.138
202604110906,   2.646,   3.070,9999.000,9999.000,9999.000,9999.000,9999.000,9999.000,9999.000
202604110912,   2.594,   3.007,9999.000,9999.000,9999.000,9999.000,9999.000,9999.000,9999.000
202604110918,   2.542,   2.948,9999.000,9999.000,9999.000,9999.000,9999.000,9999.000,9999.000
202604110924,   2.490,   2.879,9999.000,9999.000,9999.000,9999.000,9999.000,9999.000,9999.000
202604110930,   2.438,   2.830,9999.000,9999.000,9999.000,9999.000,9999.000,9999.000,9999.000
202604110936,   2.387,   2.758,9999.000,9999.000,9999.000,9999.000,9999.000,9999.000,9999.000
202604110942,   2.336,   2.689,9999.000,9999.000,9999.000,9999.000,9999.000,9999.000,9999.000
202604110948,   2.285,   2.620,9999.000,9999.000,9999.000,9999.000,9999.000,9999.000,9999.000
202604110954,   2.234,   2.538,9999.000,9999.000,9999.000,9999.000,9999.000,9999.000,9999.000
202604111000,   2.184,   2.469,   0.300,  -0.015,   2.469,   0.200,   2.369,   0.300,   2.469
202604111006,   2.134,   2.387,9999.000,9999.000,9999.000,9999.000,9999.000,9999.000,9999.000
202604111012,   2.085,   2.309,9999.000,9999.000,9999.000,9999.000,9999.000,9999.000,9999.000
202604111018,   2.035,   2.230,9999.000,9999.000,9999.000,9999.000,9999.000,9999.000,9999.000
202604111024,   1.986,   2.158,9999.000,9999.000,9999.000,9999.000,9999.000,9999.000,9999.000
202604111030,   1.937,   2.069,9999.000,9999.000,9999.000,9999.000,9999.000,9999.000,9999.000
202604111036,   1.889,   1.990,9999.000,9999.000,9999.000,9999.000,9999.000,9999.000,9999.000
202604111042,   1.840,   1.918,9999.000,9999.000,9999.000,9999.000,9999.000,9999.000,9999.000
202604111048,   1.792,   1.840,9999.000,9999.000,9999.000,9999.000,9999.000,9999.000,9999.000
202604111054,   1.743,   1.767,9999.000,9999.000,9999.000,9999.000,9999.000,9999.000,9999.000
202604111100,   1.695,   1.718,   0.300,  -0.277,   1.718,   0.200,   1.618,   0.300,   1.718
202604111106,   1.647,   1.659,9999.000,9999.000,9999.000,9999.000,9999.000,9999.000,9999.000
202604111112,   1.600,   1.620,9999.000,9999.000,9999.000,9999.000,9999.000,9999.000,9999.000
202604111118,   1.553,   1.600,9999.000,9999.000,9999.000,9999.000,9999.000,9999.000,9999.000
202604111124,   1.506,   1.548,9999.000,9999.000,9999.000,9999.000,9999.000,9999.000,9999.000
202604111130,   1.461,   1.508,9999.000,9999.000,9999.000,9999.000,9999.000,9999.000,9999.000
202604111136,   1.416,   1.469,9999.000,9999.000,9999.000,9999.000,9999.000,9999.000,9999.000
202604111142,   1.372,   1.410,9999.000,9999.000,9999.000,9999.000,9999.000,9999.000,9999.000
202604111148,   1.330,   1.348,9999.000,9999.000,9999.000,9999.000,9999.000,9999.000,9999.000
202604111154,   1.289,   1.289,9999.000,9999.000,9999.000,9999.000,9999.000,9999.000,9999.000
202604111200,   1.250,   1.229,   0.200,  -0.221,   1.229,   0.200,   1.229,   0.200,   1.229
202604111206,   1.213,   1.210,9999.000,9999.000,9999.000,9999.000,9999.000,9999.000,9999.000
202604111212,   1.179,   1.180,9999.000,9999.000,9999.000,9999.000,9999.000,9999.000,9999.000
202604111218,   1.146,   1.151,9999.000,9999.000,9999.000,9999.000,9999.000,9999.000,9999.000
202604111224,   1.116,   1.108,9999.000,9999.000,9999.000,9999.000,9999.000,9999.000,9999.000
202604111230,   1.089,   1.079,9999.000,9999.000,9999.000,9999.000,9999.000,9999.000,9999.000
202604111236,   1.065,   1.059,9999.000,9999.000,9999.000,9999.000,9999.000,9999.000,9999.000
202604111242,   1.044,   1.010,9999.000,9999.000,9999.000,9999.000,9999.000,9999.000,9999.000
202604111248,   1.025,   0.990,9999.000,9999.000,9999.000,9999.000,9999.000,9999.000,9999.000
202604111254,   1.010,   1.000,9999.000,9999.000,9999.000,9999.000,9999.000,9999.000,9999.000
202604111300,   0.998,   1.000,   0.200,  -0.198,   1.000,   0.100,   0.900,   0.200,   1.000
202604111306,   0.988,   0.990,9999.000,9999.000,9999.000,9999.000,9999.000,9999.000,9999.000
202604111312,   0.982,   0.961,9999.000,9999.000,9999.000,9999.000,9999.000,9999.000,9999.000
202604111318,   0.978,   1.000,9999.000,9999.000,9999.000,9999.000,9999.000,9999.000,9999.000
202604111324,   0.977,   1.020,9999.000,9999.000,9999.000,9999.000,9999.000,9999.000,9999.000
202604111330,   0.978,   1.020,9999.000,9999.000,9999.000,9999.000,9999.000,9999.000,9999.000
202604111336,   0.982,   1.010,9999.000,9999.000,9999.000,9999.000,9999.000,9999.000,9999.000
202604111342,   0.988,   1.029,9999.000,9999.000,9999.000,9999.000,9999.000,9999.000,9999.000
202604111348,   0.995,   1.029,9999.000,9999.000,9999.000,9999.000,9999.000,9999.000,9999.000
202604111354,   1.005,   1.049,9999.000,9999.000,9999.000,9999.000,9999.000,9999.000,9999.000
202604111400,   1.015,   1.079,   0.100,  -0.036,   1.079,   0.100,   1.079,   0.200,   1.179
202604111406,   1.027,   1.118,9999.000,9999.000,9999.000,9999.000,9999.000,9999.000,9999.000
202604111412,   1.040,   1.128,9999.000,9999.000,9999.000,9999.000,9999.000,9999.000,9999.000
202604111418,   1.054,   1.151,9999.000,9999.000,9999.000,9999.000,9999.000,9999.000,9999.000
202604111424,   1.069,   1.161,9999.000,9999.000,9999.000,9999.000,9999.000,9999.000,9999.000
202604111430,   1.085,   1.170,9999.000,9999.000,9999.000,9999.000,9999.000,9999.000,9999.000
202604111436,   1.101,   1.180,9999.000,9999.000,9999.000,9999.000,9999.000,9999.000,9999.000
202604111442,   1.117,   1.190,9999.000,9999.000,9999.000,9999.000,9999.000,9999.000,9999.000
202604111448,   1.135,   1.190,9999.000,9999.000,9999.000,9999.000,9999.000,9999.000,9999.000
202604111454,   1.152,   1.170,9999.000,9999.000,9999.000,9999.000,9999.000,9999.000,9999.000
202604111500,   1.171,   1.200,   0.200,  -0.171,   1.200,   0.100,   1.100,   0.200,   1.200
202604111506,   1.190,   1.210,9999.000,9999.000,9999.000,9999.000,9999.000,9999.000,9999.000
202604111512,   1.210,   1.200,9999.000,9999.000,9999.000,9999.000,9999.000,9999.000,9999.000
202604111518,   1.231,   1.210,9999.000,9999.000,9999.000,9999.000,9999.000,9999.000,9999.000
202604111524,   1.253,   1.180,9999.000,9999.000,9999.000,9999.000,9999.000,9999.000,9999.000
202604111530,   1.276,   1.180,9999.000,9999.000,9999.000,9999.000,9999.000,9999.000,9999.000
202604111536,   1.301,   1.180,9999.000,9999.000,9999.000,9999.000,9999.000,9999.000,9999.000
202604111542,   1.328,   1.210,9999.000,9999.000,9999.000,9999.000,9999.000,9999.000,9999.000
202604111548,   1.357,   1.229,9999.000,9999.000,9999.000,9999.000,9999.000,9999.000,9999.000
202604111554,   1.387,   1.259,9999.000,9999.000,9999.000,9999.000,9999.000,9999.000,9999.000
202604111600,   1.421,   1.289,   0.200,  -0.332,   1.289,   0.200,   1.289,   0.200,   1.289
202604111606,   1.456,   1.328,9999.000,9999.000,9999.000,9999.000,9999.000,9999.000,9999.000
202604111612,   1.494,   1.371,9999.000,9999.000,9999.000,9999.000,9999.000,9999.000,9999.000
202604111618,   1.535,   1.400,9999.000,9999.000,9999.000,9999.000,9999.000,9999.000,9999.000
202604111624,   1.579,   1.449,9999.000,9999.000,9999.000,9999.000,9999.000,9999.000,9999.000
202604111630,   1.625,   1.508,9999.000,9999.000,9999.000,9999.000,9999.000,9999.000,9999.000
202604111636,   1.674,   1.571,9999.000,9999.000,9999.000,9999.000,9999.000,9999.000,9999.000
202604111642,   1.726,   1.639,9999.000,9999.000,9999.000,9999.000,9999.000,9999.000,9999.000
202604111648,   1.781,   1.718,9999.000,9999.000,9999.000,9999.000,9999.000,9999.000,9999.000
202604111654,   1.838,   1.758,9999.000,9999.000,9999.000,9999.000,9999.000,9999.000,9999.000
202604111700,   1.897,   1.859,   0.200,  -0.238,   1.859,   0.100,   1.759,   0.200,   1.859
202604111706,   1.959,   1.928,9999.000,9999.000,9999.000,9999.000,9999.000,9999.000,9999.000
202604111712,   2.022,   1.967,9999.000,9999.000,9999.000,9999.000,9999.000,9999.000,9999.000
202604111718,   2.088,   2.040,9999.000,9999.000,9999.000,9999.000,9999.000,9999.000,9999.000
202604111724,   2.154,   2.118,9999.000,9999.000,9999.000,9999.000,9999.000,9999.000,9999.000
202604111730,   2.222,   2.200,9999.000,9999.000,9999.000,9999.000,9999.000,9999.000,9999.000
202604111736,   2.290,   2.289,9999.000,9999.000,9999.000,9999.000,9999.000,9999.000,9999.000
202604111742,   2.358,   2.368,9999.000,9999.000,9999.000,9999.000,9999.000,9999.000,9999.000
202604111748,   2.426,   2.459,9999.000,9999.000,9999.000,9999.000,9999.000,9999.000,9999.000
202604111754,   2.494,   2.558,9999.000,9999.000,9999.000,9999.000,9999.000,9999.000,9999.000
202604111800,   2.561,   2.610,   0.100,  -0.051,   2.610,   0.000,   2.510,   0.100,   2.610
202604111806,   2.626,   2.689,9999.000,9999.000,9999.000,9999.000,9999.000,9999.000,9999.000
202604111812,   2.689,   2.778,9999.000,9999.000,9999.000,9999.000,9999.000,9999.000,9999.000
202604111818,   2.751,   2.850,9999.000,9999.000,9999.000,9999.000,9999.000,9999.000,9999.000
202604111824,   2.809,   2.929,9999.000,9999.000,9999.000,9999.000,9999.000,9999.000,9999.000
202604111830,   2.865,   3.007,9999.000,9999.000,9999.000,9999.000,9999.000,9999.000,9999.000
202604111836,   2.917,   3.079,9999.000,9999.000,9999.000,9999.000,9999.000,9999.000,9999.000
202604111842,   2.966,   3.138,9999.000,9999.000,9999.000,9999.000,9999.000,9999.000,9999.000
202604111848,   3.011,   3.197,9999.000,9999.000,9999.000,9999.000,9999.000,9999.000,9999.000
202604111854,   3.052,   3.230,9999.000,9999.000,9999.000,9999.000,9999.000,9999.000,9999.000
202604111900,   3.088,   3.289,   0.100,   0.101,   3.289,   0.000,   3.189,   0.100,   3.289
202604111906,   3.119,   3.309,9999.000,9999.000,9999.000,9999.000,9999.000,9999.000,9999.000
202604111912,   3.146,   3.329,9999.000,9999.000,9999.000,9999.000,9999.000,9999.000,9999.000
202604111918,   3.168,   3.348,9999.000,9999.000,9999.000,9999.000,9999.000,9999.000,9999.000
202604111924,   3.185,   3.358,9999.000,9999.000,9999.000,9999.000,9999.000,9999.000,9999.000
202604111930,   3.196,   3.339,9999.000,9999.000,9999.000,9999.000,9999.000,9999.000,9999.000
202604111936,   3.203,   3.309,9999.000,9999.000,9999.000,9999.000,9999.000,9999.000,9999.000
202604111942,   3.205,   3.309,9999.000,9999.000,9999.000,9999.000,9999.000,9999.000,9999.000
202604111948,   3.201,   3.270,9999.000,9999.000,9999.000,9999.000,9999.000,9999.000,9999.000
202604111954,   3.193,   3.299,9999.000,9999.000,9999.000,9999.000,9999.000,9999.000,9999.000
202604112000,   3.180,   3.240,   0.100,  -0.040,   3.240,   0.100,   3.240,   0.200,   3.340
202604112006,   3.163,   3.217,9999.000,9999.000,9999.000,9999.000,9999.000,9999.000,9999.000
202604112012,   3.141,   3.188,9999.000,9999.000,9999.000,9999.000,9999.000,9999.000,9999.000
202604112018,   3.115,   3.168,9999.000,9999.000,9999.000,9999.000,9999.000,9999.000,9999.000
202604112024,   3.085,   3.089,9999.000,9999.000,9999.000,9999.000,9999.000,9999.000,9999.000
202604112030,   3.052,   3.079,9999.000,9999.000,9999.000,9999.000,9999.000,9999.000,9999.000
202604112036,   3.015,   3.017,9999.000,9999.000,9999.000,9999.000,9999.000,9999.000,9999.000
202604112042,   2.976,   2.968,9999.000,9999.000,9999.000,9999.000,9999.000,9999.000,9999.000
202604112048,   2.934,   2.899,9999.000,9999.000,9999.000,9999.000,9999.000,9999.000,9999.000
202604112054,   2.889,   2.850,9999.000,9999.000,9999.000,9999.000,9999.000,9999.000,9999.000
202604112100,   2.842,   2.807,   0.200,  -0.235,   2.807,   0.100,   2.707,   0.300,   2.907
202604112106,   2.794,   2.768,9999.000,9999.000,9999.000,9999.000,9999.000,9999.000,9999.000
202604112112,   2.744,   2.709,9999.000,9999.000,9999.000,9999.000,9999.000,9999.000,9999.000
202604112118,   2.692,   2.689,9999.000,9999.000,9999.000,9999.000,9999.000,9999.000,9999.000
202604112124,   2.640,   2.597,9999.000,9999.000,9999.000,9999.000,9999.000,9999.000,9999.000
202604112130,   2.587,   2.568,9999.000,9999.000,9999.000,9999.000,9999.000,9999.000,9999.000
202604112136,   2.534,   2.528,9999.000,9999.000,9999.000,9999.000,9999.000,9999.000,9999.000
202604112142,   2.480,   2.499,9999.000,9999.000,9999.000,9999.000,9999.000,9999.000,9999.000
202604112148,   2.426,   2.420,9999.000,9999.000,9999.000,9999.000,9999.000,9999.000,9999.000
202604112154,   2.372,   2.400,9999.000,9999.000,9999.000,9999.000,9999.000,9999.000,9999.000
202604112200,   2.317,   2.318,   0.200,  -0.199,   2.318,   0.100,   2.218,   0.300,   2.418
202604112206,   2.263,   2.279,9999.000,9999.000,9999.000,9999.000,9999.000,9999.000,9999.000
202604112212,   2.209,   2.259,9999.000,9999.000,9999.000,9999.000,9999.000,9999.000,9999.000
202604112218,   2.155,   2.230,9999.000,9999.000,9999.000,9999.000,9999.000,9999.000,9999.000
202604112224,   2.101,   2.210,9999.000,9999.000,9999.000,9999.000,9999.000,9999.000,9999.000
202604112230,   2.048,   2.138,9999.000,9999.000,9999.000,9999.000,9999.000,9999.000,9999.000
202604112236,   1.994,   2.079,9999.000,9999.000,9999.000,9999.000,9999.000,9999.000,9999.000
202604112242,   1.941,   2.059,9999.000,9999.000,9999.000,9999.000,9999.000,9999.000,9999.000
202604112248,   1.887,   1.981,9999.000,9999.000,9999.000,9999.000,9999.000,9999.000,9999.000
202604112254,   1.834,   1.928,9999.000,9999.000,9999.000,9999.000,9999.000,9999.000,9999.000
202604112300,   1.781,   1.908,   0.200,  -0.073,   1.908,   0.100,   1.808,   0.300,   2.008
202604112306,   1.728,   1.889,9999.000,9999.000,9999.000,9999.000,9999.000,9999.000,9999.000
202604112312,   1.675,   1.840,9999.000,9999.000,9999.000,9999.000,9999.000,9999.000,9999.000
202604112318,   1.622,   1.810,9999.000,9999.000,9999.000,9999.000,9999.000,9999.000,9999.000
202604112324,   1.570,   1.758,9999.000,9999.000,9999.000,9999.000,9999.000,9999.000,9999.000
202604112330,   1.518,   1.738,9999.000,9999.000,9999.000,9999.000,9999.000,9999.000,9999.000
202604112336,   1.466,   1.689,9999.000,9999.000,9999.000,9999.000,9999.000,9999.000,9999.000
202604112342,   1.415,   1.659,9999.000,9999.000,9999.000,9999.000,9999.000,9999.000,9999.000
202604112348,   1.365,   1.639,9999.000,9999.000,9999.000,9999.000,9999.000,9999.000,9999.000
202604112354,   1.316,   1.620,9999.000,9999.000,9999.000,9999.000,9999.000,9999.000,9999.000
202604120000,   1.268,   1.571,   0.000,   0.303,   1.571,   0.000,   1.571,   0.000,   1.571
202604120006,   1.222,   1.548,9999.000,9999.000,9999.000,9999.000,9999.000,9999.000,9999.000
202604120012,   1.177,   1.508,9999.000,9999.000,9999.000,9999.000,9999.000,9999.000,9999.000
202604120018,   1.135,   1.498,9999.000,9999.000,9999.000,9999.000,9999.000,9999.000,9999.000
202604120024,   1.094,   1.459,9999.000,9999.000,9999.000,9999.000,9999.000,9999.000,9999.000
202604120030,   1.056,   1.410,9999.000,9999.000,9999.000,9999.000,9999.000,9999.000,9999.000
202604120036,   1.021,   1.371,9999.000,9999.000,9999.000,9999.000,9999.000,9999.000,9999.000
202604120042,   0.989,   1.338,9999.000,9999.000,9999.000,9999.000,9999.000,9999.000,9999.000
202604120048,   0.959,   1.279,9999.000,9999.000,9999.000,9999.000,9999.000,9999.000,9999.000
202604120054,   0.933,   1.210,9999.000,9999.000,9999.000,9999.000,9999.000,9999.000,9999.000
202604120100,   0.911,   1.151,   0.000,   0.240,   1.151,   0.000,   1.151,   0.000,   1.151
202604120106,   0.892,   1.128,9999.000,9999.000,9999.000,9999.000,9999.000,9999.000,9999.000
202604120112,   0.876,   1.088,9999.000,9999.000,9999.000,9999.000,9999.000,9999.000,9999.000
202604120118,   0.864,   1.049,9999.000,9999.000,9999.000,9999.000,9999.000,9999.000,9999.000
202604120124,   0.856,   1.029,9999.000,9999.000,9999.000,9999.000,9999.000,9999.000,9999.000
202604120130,   0.851,   1.020,9999.000,9999.000,9999.000,9999.000,9999.000,9999.000,9999.000
202604120136,   0.849,   0.970,9999.000,9999.000,9999.000,9999.000,9999.000,9999.000,9999.000
202604120142,   0.851,   0.980,9999.000,9999.000,9999.000,9999.000,9999.000,9999.000,9999.000
202604120148,   0.856,   0.941,9999.000,9999.000,9999.000,9999.000,9999.000,9999.000,9999.000
202604120154,   0.864,   0.951,9999.000,9999.000,9999.000,9999.000,9999.000,9999.000,9999.000
202604120200,   0.875,   0.898,   0.000,   0.023,   0.898,   0.000,   0.898,   0.000,   0.898
202604120206,   0.888,   0.941,9999.000,9999.000,9999.000,9999.000,9999.000,9999.000,9999.000
202604120212,   0.903,   0.908,9999.000,9999.000,9999.000,9999.000,9999.000,9999.000,9999.000
202604120218,   0.921,   0.908,9999.000,9999.000,9999.000,9999.000,9999.000,9999.000,9999.000
202604120224,   0.940,   0.928,9999.000,9999.000,9999.000,9999.000,9999.000,9999.000,9999.000
202604120230,   0.960,   0.941,9999.000,9999.000,9999.000,9999.000,9999.000,9999.000,9999.000
202604120236,   0.982,   0.951,9999.000,9999.000,9999.000,9999.000,9999.000,9999.000,9999.000
202604120242,   1.005,   0.941,9999.000,9999.000,9999.000,9999.000,9999.000,9999.000,9999.000
202604120248,   1.029,   0.970,9999.000,9999.000,9999.000,9999.000,9999.000,9999.000,9999.000
202604120254,   1.054,   0.980,9999.000,9999.000,9999.000,9999.000,9999.000,9999.000,9999.000
202604120300,   1.080,   1.010,   0.000,  -0.070,   1.010,   0.000,   1.010,   0.000,   1.010
202604120306,   1.106,   1.029,9999.000,9999.000,9999.000,9999.000,9999.000,9999.000,9999.000
202604120312,   1.132,   1.049,9999.000,9999.000,9999.000,9999.000,9999.000,9999.000,9999.000
202604120318,   1.160,   1.098,9999.000,9999.000,9999.000,9999.000,9999.000,9999.000,9999.000
202604120324,   1.187,   1.128,9999.000,9999.000,9999.000,9999.000,9999.000,9999.000,9999.000
202604120330,   1.216,   1.170,9999.000,9999.000,9999.000,9999.000,9999.000,9999.000,9999.000
202604120336,   1.245,   1.190,9999.000,9999.000,9999.000,9999.000,9999.000,9999.000,9999.000
202604120342,   1.275,   1.249,9999.000,9999.000,9999.000,9999.000,9999.000,9999.000,9999.000
202604120348,   1.306,   1.328,9999.000,9999.000,9999.000,9999.000,9999.000,9999.000,9999.000
202604120354,   1.338,   1.348,9999.000,9999.000,9999.000,9999.000,9999.000,9999.000,9999.000
202604120400,   1.371,   1.371,   0.000,   0.000,   1.371,   0.000,   1.371,   0.000,   1.371
202604120406,   1.406,   1.420,9999.000,9999.000,9999.000,9999.000,9999.000,9999.000,9999.000
202604120412,   1.443,   1.469,9999.000,9999.000,9999.000,9999.000,9999.000,9999.000,9999.000
202604120418,   1.481,   1.518,9999.000,9999.000,9999.000,9999.000,9999.000,9999.000,9999.000
202604120424,   1.522,   1.538,9999.000,9999.000,9999.000,9999.000,9999.000,9999.000,9999.000
202604120430,   1.564,   1.590,9999.000,9999.000,9999.000,9999.000,9999.000,9999.000,9999.000
202604120436,   1.609,   1.649,9999.000,9999.000,9999.000,9999.000,9999.000,9999.000,9999.000
202604120442,   1.656,   1.679,9999.000,9999.000,9999.000,9999.000,9999.000,9999.000,9999.000
202604120448,   1.706,   1.748,9999.000,9999.000,9999.000,9999.000,9999.000,9999.000,9999.000
202604120454,   1.758,   1.790,9999.000,9999.000,9999.000,9999.000,9999.000,9999.000,9999.000
202604120500,   1.813,   1.840,   0.000,   0.027,   1.840,  -0.100,   1.740,   0.000,   1.840
202604120506,   1.870,   1.859,9999.000,9999.000,9999.000,9999.000,9999.000,9999.000,9999.000
202604120512,   1.929,   1.958,9999.000,9999.000,9999.000,9999.000,9999.000,9999.000,9999.000
202604120518,   1.990,   1.981,9999.000,9999.000,9999.000,9999.000,9999.000,9999.000,9999.000
202604120524,   2.054,   2.059,9999.000,9999.000,9999.000,9999.000,9999.000,9999.000,9999.000
202604120530,   2.119,   2.099,9999.000,9999.000,9999.000,9999.000,9999.000,9999.000,9999.000
202604120536,   2.186,   2.168,9999.000,9999.000,9999.000,9999.000,9999.000,9999.000,9999.000
202604120542,   2.254,   2.220,9999.000,9999.000,9999.000,9999.000,9999.000,9999.000,9999.000
202604120548,   2.323,   2.279,9999.000,9999.000,9999.000,9999.000,9999.000,9999.000,9999.000
202604120554,   2.393,   2.328,9999.000,9999.000,9999.000,9999.000,9999.000,9999.000,9999.000
202604120600,   2.463,   2.377,   0.000,  -0.086,   2.377,  -0.100,   2.277,   0.000,   2.377
202604120606,   2.533,   2.440,9999.000,9999.000,9999.000,9999.000,9999.000,9999.000,9999.000
202604120612,   2.602,   2.499,9999.000,9999.000,9999.000,9999.000,9999.000,9999.000,9999.000
202604120618,   2.671,   2.548,9999.000,9999.000,9999.000,9999.000,9999.000,9999.000,9999.000
202604120624,   2.739,   2.597,9999.000,9999.000,9999.000,9999.000,9999.000,9999.000,9999.000
202604120630,   2.804,   2.650,9999.000,9999.000,9999.000,9999.000,9999.000,9999.000,9999.000
202604120636,   2.868,   2.699,9999.000,9999.000,9999.000,9999.000,9999.000,9999.000,9999.000
202604120642,   2.930,   2.758,9999.000,9999.000,9999.000,9999.000,9999.000,9999.000,9999.000
202604120648,   2.989,   2.840,9999.000,9999.000,9999.000,9999.000,9999.000,9999.000,9999.000
202604120654,   3.045,   2.889,9999.000,9999.000,9999.000,9999.000,9999.000,9999.000,9999.000
202604120700,   3.098,   2.948,   0.000,  -0.150,   2.948,  -0.100,   2.848,   0.000,   2.948
202604120706,   3.146,   2.978,9999.000,9999.000,9999.000,9999.000,9999.000,9999.000,9999.000
202604120712,   3.191,   3.017,9999.000,9999.000,9999.000,9999.000,9999.000,9999.000,9999.000
202604120718,   3.232,   3.070,9999.000,9999.000,9999.000,9999.000,9999.000,9999.000,9999.000
202604120724,   3.269,   3.079,9999.000,9999.000,9999.000,9999.000,9999.000,9999.000,9999.000
202604120730,   3.301,   3.119,9999.000,9999.000,9999.000,9999.000,9999.000,9999.000,9999.000
202604120736,   3.329,   3.148,9999.000,9999.000,9999.000,9999.000,9999.000,9999.000,9999.000
202604120742,   3.351,   3.158,9999.000,9999.000,9999.000,9999.000,9999.000,9999.000,9999.000
202604120748,   3.369,   3.178,9999.000,9999.000,9999.000,9999.000,9999.000,9999.000,9999.000
202604120754,   3.382,   3.197,9999.000,9999.000,9999.000,9999.000,9999.000,9999.000,9999.000
202604120800,   3.391,   3.217,  -0.100,  -0.074,   3.217,  -0.100,   3.217,   0.000,   3.317
202604120806,   3.394,   3.240,9999.000,9999.000,9999.000,9999.000,9999.000,9999.000,9999.000
202604120812,   3.393,   3.250,9999.000,9999.000,9999.000,9999.000,9999.000,9999.000,9999.000
202604120818,   3.387,   3.250,9999.000,9999.000,9999.000,9999.000,9999.000,9999.000,9999.000
202604120824,   3.377,   3.250,9999.000,9999.000,9999.000,9999.000,9999.000,9999.000,9999.000
202604120830,   3.362,   3.250,9999.000,9999.000,9999.000,9999.000,9999.000,9999.000,9999.000
202604120836,   3.344,   3.230,9999.000,9999.000,9999.000,9999.000,9999.000,9999.000,9999.000
202604120842,   3.321,   3.197,9999.000,9999.000,9999.000,9999.000,9999.000,9999.000,9999.000
202604120848,   3.295,   3.188,9999.000,9999.000,9999.000,9999.000,9999.000,9999.000,9999.000
202604120854,   3.265,   3.188,9999.000,9999.000,9999.000,9999.000,9999.000,9999.000,9999.000
202604120900,   3.232,   3.158,  -0.100,   0.026,   3.158,  -0.100,   3.158,   0.000,   3.258
202604120906,   3.197,   3.138,9999.000,9999.000,9999.000,9999.000,9999.000,9999.000,9999.000
202604120912,   3.158,   3.089,9999.000,9999.000,9999.000,9999.000,9999.000,9999.000,9999.000
202604120918,   3.117,   3.050,9999.000,9999.000,9999.000,9999.000,9999.000,9999.000,9999.000
202604120924,   3.074,   2.997,9999.000,9999.000,9999.000,9999.000,9999.000,9999.000,9999.000
202604120930,   3.030,   2.968,9999.000,9999.000,9999.000,9999.000,9999.000,9999.000,9999.000
202604120936,   2.983,   2.909,9999.000,9999.000,9999.000,9999.000,9999.000,9999.000,9999.000
202604120942,   2.935,   2.869,9999.000,9999.000,9999.000,9999.000,9999.000,9999.000,9999.000
202604120948,   2.886,   2.820,9999.000,9999.000,9999.000,9999.000,9999.000,9999.000,9999.000
202604120954,   2.835,   2.768,9999.000,9999.000,9999.000,9999.000,9999.000,9999.000,9999.000
202604121000,   2.784,   2.738,  -0.100,   0.054,   2.738,  -0.100,   2.738,   0.000,   2.838
202604121006,   2.732,   2.709,9999.000,9999.000,9999.000,9999.000,9999.000,9999.000,9999.000
202604121012,   2.679,   2.669,9999.000,9999.000,9999.000,9999.000,9999.000,9999.000,9999.000
202604121018,   2.626,   2.610,9999.000,9999.000,9999.000,9999.000,9999.000,9999.000,9999.000
202604121024,   2.572,   2.568,9999.000,9999.000,9999.000,9999.000,9999.000,9999.000,9999.000
202604121030,   2.517,   2.538,9999.000,9999.000,9999.000,9999.000,9999.000,9999.000,9999.000
202604121036,   2.462,   2.459,9999.000,9999.000,9999.000,9999.000,9999.000,9999.000,9999.000
202604121042,   2.407,   2.420,9999.000,9999.000,9999.000,9999.000,9999.000,9999.000,9999.000
202604121048,   2.351,   2.368,9999.000,9999.000,9999.000,9999.000,9999.000,9999.000,9999.000
202604121054,   2.294,   2.299,9999.000,9999.000,9999.000,9999.000,9999.000,9999.000,9999.000
202604121100,   2.237,   2.240,   0.000,   0.003,   2.240,   0.000,   2.240,   0.000,   2.240
202604121106,   2.179,   2.168,9999.000,9999.000,9999.000,9999.000,9999.000,9999.000,9999.000
202604121112,   2.121,   2.109,9999.000,9999.000,9999.000,9999.000,9999.000,9999.000,9999.000
202604121118,   2.062,   2.049,9999.000,9999.000,9999.000,9999.000,9999.000,9999.000,9999.000
202604121124,   2.002,   2.020,9999.000,9999.000,9999.000,9999.000,9999.000,9999.000,9999.000
202604121130,   1.942,   1.958,9999.000,9999.000,9999.000,9999.000,9999.000,9999.000,9999.000
202604121136,   1.882,   1.899,9999.000,9999.000,9999.000,9999.000,9999.000,9999.000,9999.000
202604121142,   1.821,   1.830,9999.000,9999.000,9999.000,9999.000,9999.000,9999.000,9999.000
202604121148,   1.759,   1.781,9999.000,9999.000,9999.000,9999.000,9999.000,9999.000,9999.000
202604121154,   1.698,   1.728,9999.000,9999.000,9999.000,9999.000,9999.000,9999.000,9999.000
202604121200,   1.636,   1.669,   0.000,   0.033,   1.669,  -0.100,   1.569,   0.000,   1.669
202604121206,   1.575,   1.610,9999.000,9999.000,9999.000,9999.000,9999.000,9999.000,9999.000
202604121212,   1.514,   1.518,9999.000,9999.000,9999.000,9999.000,9999.000,9999.000,9999.000
202604121218,   1.454,   1.439,9999.000,9999.000,9999.000,9999.000,9999.000,9999.000,9999.000
202604121224,   1.394,   1.371,9999.000,9999.000,9999.000,9999.000,9999.000,9999.000,9999.000
202604121230,   1.336,   1.308,9999.000,9999.000,9999.000,9999.000,9999.000,9999.000,9999.000
202604121236,   1.279,   1.249,9999.000,9999.000,9999.000,9999.000,9999.000,9999.000,9999.000
202604121242,   1.224,   1.210,9999.000,9999.000,9999.000,9999.000,9999.000,9999.000,9999.000
202604121248,   1.171,   1.151,9999.000,9999.000,9999.000,9999.000,9999.000,9999.000,9999.000
202604121254,   1.120,   1.108,9999.000,9999.000,9999.000,9999.000,9999.000,9999.000,9999.000
202604121300,   1.072,   1.069,   0.000,  -0.003,   1.069,  -0.100,   0.969,   0.000,   1.069
202604121306,   1.026,   1.059,9999.000,9999.000,9999.000,9999.000,9999.000,9999.000,9999.000
202604121312,   0.984,   1.029,9999.000,9999.000,9999.000,9999.000,9999.000,9999.000,9999.000
202604121318,   0.945,   1.000,9999.000,9999.000,9999.000,9999.000,9999.000,9999.000,9999.000
202604121324,   0.909,   0.961,9999.000,9999.000,9999.000,9999.000,9999.000,9999.000,9999.000
202604121330,   0.877,   0.928,9999.000,9999.000,9999.000,9999.000,9999.000,9999.000,9999.000
202604121336,   0.848,   0.898,9999.000,9999.000,9999.000,9999.000,9999.000,9999.000,9999.000
202604121342,   0.824,   0.869,9999.000,9999.000,9999.000,9999.000,9999.000,9999.000,9999.000
202604121348,   0.803,   0.879,9999.000,9999.000,9999.000,9999.000,9999.000,9999.000,9999.000
202604121354,   0.785,   0.859,9999.000,9999.000,9999.000,9999.000,9999.000,9999.000,9999.000
202604121400,   0.772,   0.869,   0.000,   0.097,   0.869,  -0.100,   0.769,   0.000,   0.869
202604121406,   0.762,   0.859,9999.000,9999.000,9999.000,9999.000,9999.000,9999.000,9999.000
202604121412,   0.756,   0.859,9999.000,9999.000,9999.000,9999.000,9999.000,9999.000,9999.000
202604121418,   0.752,   0.839,9999.000,9999.000,9999.000,9999.000,9999.000,9999.000,9999.000
202604121424,   0.752,   0.849,9999.000,9999.000,9999.000,9999.000,9999.000,9999.000,9999.000
202604121430,   0.755,   0.849,9999.000,9999.000,9999.000,9999.000,9999.000,9999.000,9999.000
202604121436,   0.761,   0.869,9999.000,9999.000,9999.000,9999.000,9999.000,9999.000,9999.000
202604121442,   0.769,   0.888,9999.000,9999.000,9999.000,9999.000,9999.000,9999.000,9999.000
202604121448,   0.779,   0.918,9999.000,9999.000,9999.000,9999.000,9999.000,9999.000,9999.000
202604121454,   0.792,   0.941,9999.000,9999.000,9999.000,9999.000,9999.000,9999.000,9999.000
202604121500,   0.806,   0.951,  -0.100,   0.245,   0.951,  -0.100,   0.951,   0.000,   1.051
202604121506,   0.822,   0.970,9999.000,9999.000,9999.000,9999.000,9999.000,9999.000,9999.000
202604121512,   0.840,   0.980,9999.000,9999.000,9999.000,9999.000,9999.000,9999.000,9999.000
202604121518,   0.859,   0.980,9999.000,9999.000,9999.000,9999.000,9999.000,9999.000,9999.000
202604121524,   0.879,   1.010,9999.000,9999.000,9999.000,9999.000,9999.000,9999.000,9999.000
202604121530,   0.901,   1.029,9999.000,9999.000,9999.000,9999.000,9999.000,9999.000,9999.000
202604121536,   0.923,   1.069,9999.000,9999.000,9999.000,9999.000,9999.000,9999.000,9999.000
202604121542,   0.947,   1.098,9999.000,9999.000,9999.000,9999.000,9999.000,9999.000,9999.000
202604121548,   0.973,   1.108,9999.000,9999.000,9999.000,9999.000,9999.000,9999.000,9999.000
202604121554,   0.999,   1.128,9999.000,9999.000,9999.000,9999.000,9999.000,9999.000,9999.000
202604121600,   1.027,   1.151,  -0.100,   0.224,   1.151,  -0.100,   1.151,   0.000,   1.251
202604121606,   1.056,   1.180,9999.000,9999.000,9999.000,9999.000,9999.000,9999.000,9999.000
202604121612,   1.088,   1.210,9999.000,9999.000,9999.000,9999.000,9999.000,9999.000,9999.000
202604121618,   1.120,   1.239,9999.000,9999.000,9999.000,9999.000,9999.000,9999.000,9999.000
202604121624,   1.155,   1.279,9999.000,9999.000,9999.000,9999.000,9999.000,9999.000,9999.000
202604121630,   1.192,   1.318,9999.000,9999.000,9999.000,9999.000,9999.000,9999.000,9999.000
202604121636,   1.231,   1.348,9999.000,9999.000,9999.000,9999.000,9999.000,9999.000,9999.000
202604121642,   1.273,   1.380,9999.000,9999.000,9999.000,9999.000,9999.000,9999.000,9999.000
202604121648,   1.317,   1.420,9999.000,9999.000,9999.000,9999.000,9999.000,9999.000,9999.000
202604121654,   1.364,   1.459,9999.000,9999.000,9999.000,9999.000,9999.000,9999.000,9999.000
202604121700,   1.414,   1.498,   0.000,   0.084,   1.498,  -0.100,   1.398,   0.000,   1.498
202604121706,   1.466,   1.538,9999.000,9999.000,9999.000,9999.000,9999.000,9999.000,9999.000
202604121712,   1.522,   1.590,9999.000,9999.000,9999.000,9999.000,9999.000,9999.000,9999.000
202604121718,   1.580,   1.649,9999.000,9999.000,9999.000,9999.000,9999.000,9999.000,9999.000
202604121724,   1.641,   1.689,9999.000,9999.000,9999.000,9999.000,9999.000,9999.000,9999.000
202604121730,   1.705,   1.728,9999.000,9999.000,9999.000,9999.000,9999.000,9999.000,9999.000
202604121736,   1.771,   1.790,9999.000,9999.000,9999.000,9999.000,9999.000,9999.000,9999.000
202604121742,   1.840,   1.830,9999.000,9999.000,9999.000,9999.000,9999.000,9999.000,9999.000
202604121748,   1.911,   1.899,9999.000,9999.000,9999.000,9999.000,9999.000,9999.000,9999.000
202604121754,   1.984,9999.000,9999.000,9999.000,9999.000,9999.000,9999.000,9999.000,9999.000
202604121800,   2.059,9999.000,   0.000,   0.080,   2.139,   0.000,   2.139,   0.000,   2.139
202604121806,   2.135,9999.000,9999.000,9999.000,9999.000,9999.000,9999.000,9999.000,9999.000
202604121812,   2.212,9999.000,9999.000,9999.000,9999.000,9999.000,9999.000,9999.000,9999.000
202604121818,   2.290,9999.000,9999.000,9999.000,9999.000,9999.000,9999.000,9999.000,9999.000
202604121824,   2.369,9999.000,9999.000,9999.000,9999.000,9999.000,9999.000,9999.000,9999.000
202604121830,   2.447,9999.000,9999.000,9999.000,9999.000,9999.000,9999.000,9999.000,9999.000
202604121836,   2.525,9999.000,9999.000,9999.000,9999.000,9999.000,9999.000,9999.000,9999.000
202604121842,   2.602,9999.000,9999.000,9999.000,9999.000,9999.000,9999.000,9999.000,9999.000
202604121848,   2.678,9999.000,9999.000,9999.000,9999.000,9999.000,9999.000,9999.000,9999.000
202604121854,   2.752,9999.000,9999.000,9999.000,9999.000,9999.000,9999.000,9999.000,9999.000
202604121900,   2.824,9999.000,   0.000,   0.076,   2.900,   0.000,   2.900,   0.000,   2.900
202604121906,   2.894,9999.000,9999.000,9999.000,9999.000,9999.000,9999.000,9999.000,9999.000
202604121912,   2.961,9999.000,9999.000,9999.000,9999.000,9999.000,9999.000,9999.000,9999.000
202604121918,   3.025,9999.000,9999.000,9999.000,9999.000,9999.000,9999.000,9999.000,9999.000
202604121924,   3.085,9999.000,9999.000,9999.000,9999.000,9999.000,9999.000,9999.000,9999.000
202604121930,   3.142,9999.000,9999.000,9999.000,9999.000,9999.000,9999.000,9999.000,9999.000
202604121936,   3.194,9999.000,9999.000,9999.000,9999.000,9999.000,9999.000,9999.000,9999.000
202604121942,   3.242,9999.000,9999.000,9999.000,9999.000,9999.000,9999.000,9999.000,9999.000
202604121948,   3.286,9999.000,9999.000,9999.000,9999.000,9999.000,9999.000,9999.000,9999.000
202604121954,   3.325,9999.000,9999.000,9999.000,9999.000,9999.000,9999.000,9999.000,9999.000
202604122000,   3.359,9999.000,   0.000,   0.072,   3.431,   0.000,   3.431,   0.000,   3.431
202604122006,   3.388,9999.000,9999.000,9999.000,9999.000,9999.000,9999.000,9999.000,9999.000
202604122012,   3.412,9999.000,9999.000,9999.000,9999.000,9999.000,9999.000,9999.000,9999.000
202604122018,   3.431,9999.000,9999.000,9999.000,9999.000,9999.000,9999.000,9999.000,9999.000
202604122024,   3.445,9999.000,9999.000,9999.000,9999.000,9999.000,9999.000,9999.000,9999.000
202604122030,   3.454,9999.000,9999.000,9999.000,9999.000,9999.000,9999.000,9999.000,9999.000
202604122036,   3.457,9999.000,9999.000,9999.000,9999.000,9999.000,9999.000,9999.000,9999.000
202604122042,   3.456,9999.000,9999.000,9999.000,9999.000,9999.000,9999.000,9999.000,9999.000
202604122048,   3.450,9999.000,9999.000,9999.000,9999.000,9999.000,9999.000,9999.000,9999.000
202604122054,   3.440,9999.000,9999.000,9999.000,9999.000,9999.000,9999.000,9999.000,9999.000
202604122100,   3.424,9999.000,   0.000,   0.068,   3.492,   0.000,   3.492,   0.000,   3.492
202604122106,   3.405,9999.000,9999.000,9999.000,9999.000,9999.000,9999.000,9999.000,9999.000
202604122112,   3.381,9999.000,9999.000,9999.000,9999.000,9999.000,9999.000,9999.000,9999.000
202604122118,   3.353,9999.000,9999.000,9999.000,9999.000,9999.000,9999.000,9999.000,9999.000
202604122124,   3.322,9999.000,9999.000,9999.000,9999.000,9999.000,9999.000,9999.000,9999.000
202604122130,   3.287,9999.000,9999.000,9999.000,9999.000,9999.000,9999.000,9999.000,9999.000
202604122136,   3.249,9999.000,9999.000,9999.000,9999.000,9999.000,9999.000,9999.000,9999.000
202604122142,   3.207,9999.000,9999.000,9999.000,9999.000,9999.000,9999.000,9999.000,9999.000
202604122148,   3.163,9999.000,9999.000,9999.000,9999.000,9999.000,9999.000,9999.000,9999.000
202604122154,   3.117,9999.000,9999.000,9999.000,9999.000,9999.000,9999.000,9999.000,9999.000
202604122200,   3.068,9999.000,   0.000,   0.065,   3.133,   0.000,   3.133,   0.000,   3.133
202604122206,   3.017,9999.000,9999.000,9999.000,9999.000,9999.000,9999.000,9999.000,9999.000
202604122212,   2.964,9999.000,9999.000,9999.000,9999.000,9999.000,9999.000,9999.000,9999.000
202604122218,   2.909,9999.000,9999.000,9999.000,9999.000,9999.000,9999.000,9999.000,9999.000
202604122224,   2.853,9999.000,9999.000,9999.000,9999.000,9999.000,9999.000,9999.000,9999.000
202604122230,   2.795,9999.000,9999.000,9999.000,9999.000,9999.000,9999.000,9999.000,9999.000
202604122236,   2.736,9999.000,9999.000,9999.000,9999.000,9999.000,9999.000,9999.000,9999.000
202604122242,   2.676,9999.000,9999.000,9999.000,9999.000,9999.000,9999.000,9999.000,9999.000
202604122248,   2.614,9999.000,9999.000,9999.000,9999.000,9999.000,9999.000,9999.000,9999.000
202604122254,   2.552,9999.000,9999.000,9999.000,9999.000,9999.000,9999.000,9999.000,9999.000
202604122300,   2.488,9999.000,   0.000,   0.061,   2.549,   0.000,   2.549,   0.000,   2.549
202604122306,   2.424,9999.000,9999.000,9999.000,9999.000,9999.000,9999.000,9999.000,9999.000
202604122312,   2.359,9999.000,9999.000,9999.000,9999.000,9999.000,9999.000,9999.000,9999.000
202604122318,   2.293,9999.000,9999.000,9999.000,9999.000,9999.000,9999.000,9999.000,9999.000
202604122324,   2.226,9999.000,9999.000,9999.000,9999.000,9999.000,9999.000,9999.000,9999.000
202604122330,   2.159,9999.000,9999.000,9999.000,9999.000,9999.000,9999.000,9999.000,9999.000
202604122336,   2.091,9999.000,9999.000,9999.000,9999.000,9999.000,9999.000,9999.000,9999.000
202604122342,   2.022,9999.000,9999.000,9999.000,9999.000,9999.000,9999.000,9999.000,9999.000
202604122348,   1.952,9999.000,9999.000,9999.000,9999.000,9999.000,9999.000,9999.000,9999.000
202604122354,   1.882,9999.000,9999.000,9999.000,9999.000,9999.000,9999.000,9999.000,9999.000
202604130000,   1.812,9999.000,   0.000,   0.057,   1.869,   0.000,   1.869,   0.100,   1.969
202604130006,   1.742,9999.000,9999.000,9999.000,9999.000,9999.000,9999.000,9999.000,9999.000
202604130012,   1.671,9999.000,9999.000,9999.000,9999.000,9999.000,9999.000,9999.000,9999.000
202604130018,   1.600,9999.000,9999.000,9999.000,9999.000,9999.000,9999.000,9999.000,9999.000
202604130024,   1.530,9999.000,9999.000,9999.000,9999.000,9999.000,9999.000,9999.000,9999.000
202604130030,   1.461,9999.000,9999.000,9999.000,9999.000,9999.000,9999.000,9999.000,9999.000
202604130036,   1.392,9999.000,9999.000,9999.000,9999.000,9999.000,9999.000,9999.000,9999.000
202604130042,   1.324,9999.000,9999.000,9999.000,9999.000,9999.000,9999.000,9999.000,9999.000
202604130048,   1.257,9999.000,9999.000,9999.000,9999.000,9999.000,9999.000,9999.000,9999.000
202604130054,   1.193,9999.000,9999.000,9999.000,9999.000,9999.000,9999.000,9999.000,9999.000
202604130100,   1.130,9999.000,   0.100,   0.053,   1.283,   0.000,   1.183,   0.100,   1.283
202604130106,   1.069,9999.000,9999.000,9999.000,9999.000,9999.000,9999.000,9999.000,9999.000
202604130112,   1.011,9999.000,9999.000,9999.000,9999.000,9999.000,9999.000,9999.000,9999.000
202604130118,   0.956,9999.000,9999.000,9999.000,9999.000,9999.000,9999.000,9999.000,9999.000
202604130124,   0.904,9999.000,9999.000,9999.000,9999.000,9999.000,9999.000,9999.000,9999.000
202604130130,   0.855,9999.000,9999.000,9999.000,9999.000,9999.000,9999.000,9999.000,9999.000
202604130136,   0.811,9999.000,9999.000,9999.000,9999.000,9999.000,9999.000,9999.000,9999.000
202604130142,   0.770,9999.000,9999.000,9999.000,9999.000,9999.000,9999.000,9999.000,9999.000
202604130148,   0.732,9999.000,9999.000,9999.000,9999.000,9999.000,9999.000,9999.000,9999.000
202604130154,   0.700,9999.000,9999.000,9999.000,9999.000,9999.000,9999.000,9999.000,9999.000
202604130200,   0.671,9999.000,   0.000,   0.049,   0.720,   0.000,   0.720,   0.100,   0.820
202604130206,   0.647,9999.000,9999.000,9999.000,9999.000,9999.000,9999.000,9999.000,9999.000
202604130212,   0.627,9999.000,9999.000,9999.000,9999.000,9999.000,9999.000,9999.000,9999.000
202604130218,   0.611,9999.000,9999.000,9999.000,9999.000,9999.000,9999.000,9999.000,9999.000
202604130224,   0.599,9999.000,9999.000,9999.000,9999.000,9999.000,9999.000,9999.000,9999.000
202604130230,   0.592,9999.000,9999.000,9999.000,9999.000,9999.000,9999.000,9999.000,9999.000
202604130236,   0.589,9999.000,9999.000,9999.000,9999.000,9999.000,9999.000,9999.000,9999.000
202604130242,   0.589,9999.000,9999.000,9999.000,9999.000,9999.000,9999.000,9999.000,9999.000
202604130248,   0.593,9999.000,9999.000,9999.000,9999.000,9999.000,9999.000,9999.000,9999.000
202604130254,   0.600,9999.000,9999.000,9999.000,9999.000,9999.000,9999.000,9999.000,9999.000
202604130300,   0.610,9999.000,   0.000,   0.045,   0.655,   0.000,   0.655,   0.100,   0.755
202604130306,   0.623,9999.000,9999.000,9999.000,9999.000,9999.000,9999.000,9999.000,9999.000
202604130312,   0.639,9999.000,9999.000,9999.000,9999.000,9999.000,9999.000,9999.000,9999.000
202604130318,   0.657,9999.000,9999.000,9999.000,9999.000,9999.000,9999.000,9999.000,9999.000
202604130324,   0.677,9999.000,9999.000,9999.000,9999.000,9999.000,9999.000,9999.000,9999.000
202604130330,   0.700,9999.000,9999.000,9999.000,9999.000,9999.000,9999.000,9999.000,9999.000
202604130336,   0.724,9999.000,9999.000,9999.000,9999.000,9999.000,9999.000,9999.000,9999.000
202604130342,   0.749,9999.000,9999.000,9999.000,9999.000,9999.000,9999.000,9999.000,9999.000
202604130348,   0.776,9999.000,9999.000,9999.000,9999.000,9999.000,9999.000,9999.000,9999.000
202604130354,   0.805,9999.000,9999.000,9999.000,9999.000,9999.000,9999.000,9999.000,9999.000
202604130400,   0.834,9999.000,   0.000,   0.041,   0.875,   0.000,   0.875,   0.100,   0.975
202604130406,   0.865,9999.000,9999.000,9999.000,9999.000,9999.000,9999.000,9999.000,9999.000
202604130412,   0.898,9999.000,9999.000,9999.000,9999.000,9999.000,9999.000,9999.000,9999.000
202604130418,   0.931,9999.000,9999.000,9999.000,9999.000,9999.000,9999.000,9999.000,9999.000
202604130424,   0.966,9999.000,9999.000,9999.000,9999.000,9999.000,9999.000,9999.000,9999.000
202604130430,   1.003,9999.000,9999.000,9999.000,9999.000,9999.000,9999.000,9999.000,9999.000
202604130436,   1.041,9999.000,9999.000,9999.000,9999.000,9999.000,9999.000,9999.000,9999.000
202604130442,   1.080,9999.000,9999.000,9999.000,9999.000,9999.000,9999.000,9999.000,9999.000
202604130448,   1.122,9999.000,9999.000,9999.000,9999.000,9999.000,9999.000,9999.000,9999.000
202604130454,   1.165,9999.000,9999.000,9999.000,9999.000,9999.000,9999.000,9999.000,9999.000
202604130500,   1.211,9999.000,   0.000,   0.037,   1.248,   0.000,   1.248,   0.100,   1.348
202604130506,   1.259,9999.000,9999.000,9999.000,9999.000,9999.000,9999.000,9999.000,9999.000
202604130512,   1.309,9999.000,9999.000,9999.000,9999.000,9999.000,9999.000,9999.000,9999.000
202604130518,   1.361,9999.000,9999.000,9999.000,9999.000,9999.000,9999.000,9999.000,9999.000
202604130524,   1.416,9999.000,9999.000,9999.000,9999.000,9999.000,9999.000,9999.000,9999.000
202604130530,   1.474,9999.000,9999.000,9999.000,9999.000,9999.000,9999.000,9999.000,9999.000
202604130536,   1.534,9999.000,9999.000,9999.000,9999.000,9999.000,9999.000,9999.000,9999.000
202604130542,   1.597,9999.000,9999.000,9999.000,9999.000,9999.000,9999.000,9999.000,9999.000
202604130548,   1.663,9999.000,9999.000,9999.000,9999.000,9999.000,9999.000,9999.000,9999.000
202604130554,   1.730,9999.000,9999.000,9999.000,9999.000,9999.000,9999.000,9999.000,9999.000
202604130600,   1.801,9999.000,   0.100,   0.037,   1.938,   0.000,   1.838,   0.100,   1.938
202604130606,   1.873,9999.000,9999.000,9999.000,9999.000,9999.000,9999.000,9999.000,9999.000
202604130612,   1.947,9999.000,9999.000,9999.000,9999.000,9999.000,9999.000,9999.000,9999.000
202604130618,   2.024,9999.000,9999.000,9999.000,9999.000,9999.000,9999.000,9999.000,9999.000
202604130624,   2.101,9999.000,9999.000,9999.000,9999.000,9999.000,9999.000,9999.000,9999.000
202604130630,   2.180,9999.000,9999.000,9999.000,9999.000,9999.000,9999.000,9999.000,9999.000
202604130636,   2.260,9999.000,9999.000,9999.000,9999.000,9999.000,9999.000,9999.000,9999.000
202604130642,   2.341,9999.000,9999.000,9999.000,9999.000,9999.000,9999.000,9999.000,9999.000
202604130648,   2.422,9999.000,9999.000,9999.000,9999.000,9999.000,9999.000,9999.000,9999.000
202604130654,   2.502,9999.000,9999.000,9999.000,9999.000,9999.000,9999.000,9999.000,9999.000
202604130700,   2.583,9999.000,   0.100,   0.037,   2.720,   0.000,   2.620,   0.200,   2.820
202604130706,   2.662,9999.000,9999.000,9999.000,9999.000,9999.000,9999.000,9999.000,9999.000
202604130712,   2.740,9999.000,9999.000,9999.000,9999.000,9999.000,9999.000,9999.000,9999.000
202604130718,   2.817,9999.000,9999.000,9999.000,9999.000,9999.000,9999.000,9999.000,9999.000
202604130724,   2.891,9999.000,9999.000,9999.000,9999.000,9999.000,9999.000,9999.000,9999.000
202604130730,   2.964,9999.000,9999.000,9999.000,9999.000,9999.000,9999.000,9999.000,9999.000
202604130736,   3.033,9999.000,9999.000,9999.000,9999.000,9999.000,9999.000,9999.000,9999.000
202604130742,   3.100,9999.000,9999.000,9999.000,9999.000,9999.000,9999.000,9999.000,9999.000
202604130748,   3.163,9999.000,9999.000,9999.000,9999.000,9999.000,9999.000,9999.000,9999.000
202604130754,   3.223,9999.000,9999.000,9999.000,9999.000,9999.000,9999.000,9999.000,9999.000
202604130800,   3.279,9999.000,   0.200,   0.037,   3.516,   0.000,   3.316,   0.200,   3.516
202604130806,   3.331,9999.000,9999.000,9999.000,9999.000,9999.000,9999.000,9999.000,9999.000
202604130812,   3.378,9999.000,9999.000,9999.000,9999.000,9999.000,9999.000,9999.000,9999.000
202604130818,   3.421,9999.000,9999.000,9999.000,9999.000,9999.000,9999.000,9999.000,9999.000
202604130824,   3.460,9999.000,9999.000,9999.000,9999.000,9999.000,9999.000,9999.000,9999.000
202604130830,   3.493,9999.000,9999.000,9999.000,9999.000,9999.000,9999.000,9999.000,9999.000
202604130836,   3.522,9999.000,9999.000,9999.000,9999.000,9999.000,9999.000,9999.000,9999.000
202604130842,   3.546,9999.000,9999.000,9999.000,9999.000,9999.000,9999.000,9999.000,9999.000
202604130848,   3.565,9999.000,9999.000,9999.000,9999.000,9999.000,9999.000,9999.000,9999.000
202604130854,   3.578,9999.000,9999.000,9999.000,9999.000,9999.000,9999.000,9999.000,9999.000
202604130900,   3.587,9999.000,   0.200,   0.037,   3.824,   0.100,   3.724,   0.300,   3.924
202604130906,   3.591,9999.000,9999.000,9999.000,9999.000,9999.000,9999.000,9999.000,9999.000
202604130912,   3.590,9999.000,9999.000,9999.000,9999.000,9999.000,9999.000,9999.000,9999.000
202604130918,   3.584,9999.000,9999.000,9999.000,9999.000,9999.000,9999.000,9999.000,9999.000
202604130924,   3.573,9999.000,9999.000,9999.000,9999.000,9999.000,9999.000,9999.000,9999.000
202604130930,   3.558,9999.000,9999.000,9999.000,9999.000,9999.000,9999.000,9999.000,9999.000
202604130936,   3.538,9999.000,9999.000,9999.000,9999.000,9999.000,9999.000,9999.000,9999.000
202604130942,   3.514,9999.000,9999.000,9999.000,9999.000,9999.000,9999.000,9999.000,9999.000
202604130948,   3.486,9999.000,9999.000,9999.000,9999.000,9999.000,9999.000,9999.000,9999.000
202604130954,   3.454,9999.000,9999.000,9999.000,9999.000,9999.000,9999.000,9999.000,9999.000
202604131000,   3.419,9999.000,   0.200,   0.037,   3.656,   0.100,   3.556,   0.300,   3.756
202604131006,   3.379,9999.000,9999.000,9999.000,9999.000,9999.000,9999.000,9999.000,9999.000
202604131012,   3.337,9999.000,9999.000,9999.000,9999.000,9999.000,9999.000,9999.000,9999.000
202604131018,   3.291,9999.000,9999.000,9999.000,9999.000,9999.000,9999.000,9999.000,9999.000
202604131024,   3.242,9999.000,9999.000,9999.000,9999.000,9999.000,9999.000,9999.000,9999.000
202604131030,   3.191,9999.000,9999.000,9999.000,9999.000,9999.000,9999.000,9999.000,9999.000
202604131036,   3.137,9999.000,9999.000,9999.000,9999.000,9999.000,9999.000,9999.000,9999.000
202604131042,   3.080,9999.000,9999.000,9999.000,9999.000,9999.000,9999.000,9999.000,9999.000
202604131048,   3.022,9999.000,9999.000,9999.000,9999.000,9999.000,9999.000,9999.000,9999.000
202604131054,   2.961,9999.000,9999.000,9999.000,9999.000,9999.000,9999.000,9999.000,9999.000
202604131100,   2.898,9999.000,   0.200,   0.037,   3.135,   0.100,   3.035,   0.300,   3.235
202604131106,   2.834,9999.000,9999.000,9999.000,9999.000,9999.000,9999.000,9999.000,9999.000
202604131112,   2.768,9999.000,9999.000,9999.000,9999.000,9999.000,9999.000,9999.000,9999.000
202604131118,   2.700,9999.000,9999.000,9999.000,9999.000,9999.000,9999.000,9999.000,9999.000
202604131124,   2.630,9999.000,9999.000,9999.000,9999.000,9999.000,9999.000,9999.000,9999.000
202604131130,   2.559,9999.000,9999.000,9999.000,9999.000,9999.000,9999.000,9999.000,9999.000
202604131136,   2.487,9999.000,9999.000,9999.000,9999.000,9999.000,9999.000,9999.000,9999.000
202604131142,   2.414,9999.000,9999.000,9999.000,9999.000,9999.000,9999.000,9999.000,9999.000
202604131148,   2.339,9999.000,9999.000,9999.000,9999.000,9999.000,9999.000,9999.000,9999.000
202604131154,   2.263,9999.000,9999.000,9999.000,9999.000,9999.000,9999.000,9999.000,9999.000
202604131200,   2.186,9999.000,   0.200,   0.037,   2.423,   0.100,   2.323,   0.300,   2.523
202604131206,   2.109,9999.000,9999.000,9999.000,9999.000,9999.000,9999.000,9999.000,9999.000
202604131212,   2.030,9999.000,9999.000,9999.000,9999.000,9999.000,9999.000,9999.000,9999.000
202604131218,   1.951,9999.000,9999.000,9999.000,9999.000,9999.000,9999.000,9999.000,9999.000
202604131224,   1.871,9999.000,9999.000,9999.000,9999.000,9999.000,9999.000,9999.000,9999.000
202604131230,   1.791,9999.000,9999.000,9999.000,9999.000,9999.000,9999.000,9999.000,9999.000
202604131236,   1.711,9999.000,9999.000,9999.000,9999.000,9999.000,9999.000,9999.000,9999.000
202604131242,   1.630,9999.000,9999.000,9999.000,9999.000,9999.000,9999.000,9999.000,9999.000
202604131248,   1.550,9999.000,9999.000,9999.000,9999.000,9999.000,9999.000,9999.000,9999.000
202604131254,   1.471,9999.000,9999.000,9999.000,9999.000,9999.000,9999.000,9999.000,9999.000
202604131300,   1.393,9999.000,   0.200,   0.037,   1.630,   0.100,   1.530,   0.300,   1.730
202604131306,   1.315,9999.000,9999.000,9999.000,9999.000,9999.000,9999.000,9999.000,9999.000
202604131312,   1.240,9999.000,9999.000,9999.000,9999.000,9999.000,9999.000,9999.000,9999.000
202604131318,   1.166,9999.000,9999.000,9999.000,9999.000,9999.000,9999.000,9999.000,9999.000
202604131324,   1.094,9999.000,9999.000,9999.000,9999.000,9999.000,9999.000,9999.000,9999.000
202604131330,   1.025,9999.000,9999.000,9999.000,9999.000,9999.000,9999.000,9999.000,9999.000
202604131336,   0.958,9999.000,9999.000,9999.000,9999.000,9999.000,9999.000,9999.000,9999.000
202604131342,   0.895,9999.000,9999.000,9999.000,9999.000,9999.000,9999.000,9999.000,9999.000
202604131348,   0.835,9999.000,9999.000,9999.000,9999.000,9999.000,9999.000,9999.000,9999.000
202604131354,   0.778,9999.000,9999.000,9999.000,9999.000,9999.000,9999.000,9999.000,9999.000
202604131400,   0.726,9999.000,   0.200,   0.037,   0.963,   0.100,   0.863,   0.300,   1.063
202604131406,   0.678,9999.000,9999.000,9999.000,9999.000,9999.000,9999.000,9999.000,9999.000
202604131412,   0.634,9999.000,9999.000,9999.000,9999.000,9999.000,9999.000,9999.000,9999.000
202604131418,   0.595,9999.000,9999.000,9999.000,9999.000,9999.000,9999.000,9999.000,9999.000
202604131424,   0.560,9999.000,9999.000,9999.000,9999.000,9999.000,9999.000,9999.000,9999.000
202604131430,   0.530,9999.000,9999.000,9999.000,9999.000,9999.000,9999.000,9999.000,9999.000
202604131436,   0.505,9999.000,9999.000,9999.000,9999.000,9999.000,9999.000,9999.000,9999.000
202604131442,   0.484,9999.000,9999.000,9999.000,9999.000,9999.000,9999.000,9999.000,9999.000
202604131448,   0.469,9999.000,9999.000,9999.000,9999.000,9999.000,9999.000,9999.000,9999.000
202604131454,   0.457,9999.000,9999.000,9999.000,9999.000,9999.000,9999.000,9999.000,9999.000
202604131500,   0.450,9999.000,   0.200,   0.037,   0.687,   0.100,   0.587,   0.300,   0.787
202604131506,   0.448,9999.000,9999.000,9999.000,9999.000,9999.000,9999.000,9999.000,9999.000
202604131512,   0.449,9999.000,9999.000,9999.000,9999.000,9999.000,9999.000,9999.000,9999.000
202604131518,   0.455,9999.000,9999.000,9999.000,9999.000,9999.000,9999.000,9999.000,9999.000
202604131524,   0.463,9999.000,9999.000,9999.000,9999.000,9999.000,9999.000,9999.000,9999.000
202604131530,   0.476,9999.000,9999.000,9999.000,9999.000,9999.000,9999.000,9999.000,9999.000
202604131536,   0.491,9999.000,9999.000,9999.000,9999.000,9999.000,9999.000,9999.000,9999.000
202604131542,   0.510,9999.000,9999.000,9999.000,9999.000,9999.000,9999.000,9999.000,9999.000
202604131548,   0.531,9999.000,9999.000,9999.000,9999.000,9999.000,9999.000,9999.000,9999.000
202604131554,   0.554,9999.000,9999.000,9999.000,9999.000,9999.000,9999.000,9999.000,9999.000
202604131600,   0.580,9999.000,   0.200,   0.037,   0.817,   0.100,   0.717,   0.300,   0.917
202604131606,   0.608,9999.000,9999.000,9999.000,9999.000,9999.000,9999.000,9999.000,9999.000
202604131612,   0.638,9999.000,9999.000,9999.000,9999.000,9999.000,9999.000,9999.000,9999.000
202604131618,   0.670,9999.000,9999.000,9999.000,9999.000,9999.000,9999.000,9999.000,9999.000
202604131624,   0.703,9999.000,9999.000,9999.000,9999.000,9999.000,9999.000,9999.000,9999.000
202604131630,   0.739,9999.000,9999.000,9999.000,9999.000,9999.000,9999.000,9999.000,9999.000
202604131636,   0.776,9999.000,9999.000,9999.000,9999.000,9999.000,9999.000,9999.000,9999.000
202604131642,   0.814,9999.000,9999.000,9999.000,9999.000,9999.000,9999.000,9999.000,9999.000
202604131648,   0.855,9999.000,9999.000,9999.000,9999.000,9999.000,9999.000,9999.000,9999.000
202604131654,   0.897,9999.000,9999.000,9999.000,9999.000,9999.000,9999.000,9999.000,9999.000
202604131700,   0.941,9999.000,   0.200,   0.037,   1.178,   0.100,   1.078,   0.300,   1.278
202604131706,   0.987,9999.000,9999.000,9999.000,9999.000,9999.000,9999.000,9999.000,9999.000
202604131712,   1.035,9999.000,9999.000,9999.000,9999.000,9999.000,9999.000,9999.000,9999.000
202604131718,   1.085,9999.000,9999.000,9999.000,9999.000,9999.000,9999.000,9999.000,9999.000
202604131724,   1.138,9999.000,9999.000,9999.000,9999.000,9999.000,9999.000,9999.000,9999.000
202604131730,   1.193,9999.000,9999.000,9999.000,9999.000,9999.000,9999.000,9999.000,9999.000
202604131736,   1.250,9999.000,9999.000,9999.000,9999.000,9999.000,9999.000,9999.000,9999.000
202604131742,   1.310,9999.000,9999.000,9999.000,9999.000,9999.000,9999.000,9999.000,9999.000
202604131748,   1.373,9999.000,9999.000,9999.000,9999.000,9999.000,9999.000,9999.000,9999.000
202604131754,   1.438,9999.000,9999.000,9999.000,9999.000,9999.000,9999.000,9999.000,9999.000
202604131800,   1.506,9999.000,   0.100,   0.037,   1.643,   0.000,   1.543,   0.200,   1.743
202604131806,   1.577,9999.000,9999.000,9999.000,9999.000,9999.000,9999.000,9999.000,9999.000
202604131812,   1.650,9999.000,9999.000,9999.000,9999.000,9999.000,9999.000,9999.000,9999.000
202604131818,   1.726,9999.000,9999.000,9999.000,9999.000,9999.000,9999.000,9999.000,9999.000
202604131824,   1.804,9999.000,9999.000,9999.000,9999.000,9999.000,9999.000,9999.000,9999.000
202604131830,   1.885,9999.000,9999.000,9999.000,9999.000,9999.000,9999.000,9999.000,9999.000
202604131836,   1.967,9999.000,9999.000,9999.000,9999.000,9999.000,9999.000,9999.000,9999.000
202604131842,   2.051,9999.000,9999.000,9999.000,9999.000,9999.000,9999.000,9999.000,9999.000
202604131848,   2.137,9999.000,9999.000,9999.000,9999.000,9999.000,9999.000,9999.000,9999.000
202604131854,   2.224,9999.000,9999.000,9999.000,9999.000,9999.000,9999.000,9999.000,9999.000
202604131900,   2.312,9999.000,   0.100,   0.037,   2.449,   0.000,   2.349,   0.200,   2.549
202604131906,   2.401,9999.000,9999.000,9999.000,9999.000,9999.000,9999.000,9999.000,9999.000
202604131912,   2.490,9999.000,9999.000,9999.000,9999.000,9999.000,9999.000,9999.000,9999.000
202604131918,   2.579,9999.000,9999.000,9999.000,9999.000,9999.000,9999.000,9999.000,9999.000
202604131924,   2.668,9999.000,9999.000,9999.000,9999.000,9999.000,9999.000,9999.000,9999.000
202604131930,   2.755,9999.000,9999.000,9999.000,9999.000,9999.000,9999.000,9999.000,9999.000
202604131936,   2.842,9999.000,9999.000,9999.000,9999.000,9999.000,9999.000,9999.000,9999.000
202604131942,   2.927,9999.000,9999.000,9999.000,9999.000,9999.000,9999.000,9999.000,9999.000
202604131948,   3.010,9999.000,9999.000,9999.000,9999.000,9999.000,9999.000,9999.000,9999.000
202604131954,   3.091,9999.000,9999.000,9999.000,9999.000,9999.000,9999.000,9999.000,9999.000
202604132000,   3.170,9999.000,   0.000,   0.037,   3.207,   0.000,   3.207,   0.100,   3.307
202604132006,   3.245,9999.000,9999.000,9999.000,9999.000,9999.000,9999.000,9999.000,9999.000
202604132012,   3.317,9999.000,9999.000,9999.000,9999.000,9999.000,9999.000,9999.000,9999.000
202604132018,   3.385,9999.000,9999.000,9999.000,9999.000,9999.000,9999.000,9999.000,9999.000
202604132024,   3.450,9999.000,9999.000,9999.000,9999.000,9999.000,9999.000,9999.000,9999.000
202604132030,   3.510,9999.000,9999.000,9999.000,9999.000,9999.000,9999.000,9999.000,9999.000
202604132036,   3.566,9999.000,9999.000,9999.000,9999.000,9999.000,9999.000,9999.000,9999.000
202604132042,   3.617,9999.000,9999.000,9999.000,9999.000,9999.000,9999.000,9999.000,9999.000
202604132048,   3.664,9999.000,9999.000,9999.000,9999.000,9999.000,9999.000,9999.000,9999.000
202604132054,   3.705,9999.000,9999.000,9999.000,9999.000,9999.000,9999.000,9999.000,9999.000
202604132100,   3.741,9999.000,   0.000,   0.037,   3.778,  -0.100,   3.678,   0.100,   3.878
202604132106,   3.772,9999.000,9999.000,9999.000,9999.000,9999.000,9999.000,9999.000,9999.000
202604132112,   3.797,9999.000,9999.000,9999.000,9999.000,9999.000,9999.000,9999.000,9999.000
202604132118,   3.817,9999.000,9999.000,9999.000,9999.000,9999.000,9999.000,9999.000,9999.000
202604132124,   3.831,9999.000,9999.000,9999.000,9999.000,9999.000,9999.000,9999.000,9999.000
202604132130,   3.840,9999.000,9999.000,9999.000,9999.000,9999.000,9999.000,9999.000,9999.000
202604132136,   3.843,9999.000,9999.000,9999.000,9999.000,9999.000,9999.000,9999.000,9999.000
202604132142,   3.841,9999.000,9999.000,9999.000,9999.000,9999.000,9999.000,9999.000,9999.000
202604132148,   3.833,9999.000,9999.000,9999.000,9999.000,9999.000,9999.000,9999.000,9999.000
202604132154,   3.820,9999.000,9999.000,9999.000,9999.000,9999.000,9999.000,9999.000,9999.000
202604132200,   3.802,9999.000,   0.000,   0.037,   3.839,  -0.200,   3.639,   0.100,   3.939
202604132206,   3.779,9999.000,9999.000,9999.000,9999.000,9999.000,9999.000,9999.000,9999.000
202604132212,   3.750,9999.000,9999.000,9999.000,9999.000,9999.000,9999.000,9999.000,9999.000
202604132218,   3.717,9999.000,9999.000,9999.000,9999.000,9999.000,9999.000,9999.000,9999.000
202604132224,   3.679,9999.000,9999.000,9999.000,9999.000,9999.000,9999.000,9999.000,9999.000
202604132230,   3.637,9999.000,9999.000,9999.000,9999.000,9999.000,9999.000,9999.000,9999.000
202604132236,   3.590,9999.000,9999.000,9999.000,9999.000,9999.000,9999.000,9999.000,9999.000
202604132242,   3.540,9999.000,9999.000,9999.000,9999.000,9999.000,9999.000,9999.000,9999.000
202604132248,   3.485,9999.000,9999.000,9999.000,9999.000,9999.000,9999.000,9999.000,9999.000
202604132254,   3.427,9999.000,9999.000,9999.000,9999.000,9999.000,9999.000,9999.000,9999.000
202604132300,   3.366,9999.000,  -0.100,   0.037,   3.303,  -0.200,   3.203,   0.000,   3.403
202604132306,   3.301,9999.000,9999.000,9999.000,9999.000,9999.000,9999.000,9999.000,9999.000
202604132312,   3.234,9999.000,9999.000,9999.000,9999.000,9999.000,9999.000,9999.000,9999.000
202604132318,   3.163,9999.000,9999.000,9999.000,9999.000,9999.000,9999.000,9999.000,9999.000
202604132324,   3.090,9999.000,9999.000,9999.000,9999.000,9999.000,9999.000,9999.000,9999.000
202604132330,   3.015,9999.000,9999.000,9999.000,9999.000,9999.000,9999.000,9999.000,9999.000
202604132336,   2.937,9999.000,9999.000,9999.000,9999.000,9999.000,9999.000,9999.000,9999.000
202604132342,   2.857,9999.000,9999.000,9999.000,9999.000,9999.000,9999.000,9999.000,9999.000
202604132348,   2.775,9999.000,9999.000,9999.000,9999.000,9999.000,9999.000,9999.000,9999.000
202604132354,   2.692,9999.000,9999.000,9999.000,9999.000,9999.000,9999.000,9999.000,9999.000
202604140000,   2.607,9999.000,  -0.200,   0.037,   2.444,  -0.400,   2.244,   0.000,   2.644
202604140006,   2.520,9999.000,9999.000,9999.000,9999.000,9999.000,9999.000,9999.000,9999.000
202604140012,   2.432,9999.000,9999.000,9999.000,9999.000,9999.000,9999.000,9999.000,9999.000
202604140018,   2.343,9999.000,9999.000,9999.000,9999.000,9999.000,9999.000,9999.000,9999.000
202604140024,   2.252,9999.000,9999.000,9999.000,9999.000,9999.000,9999.000,9999.000,9999.000
202604140030,   2.161,9999.000,9999.000,9999.000,9999.000,9999.000,9999.000,9999.000,9999.000
202604140036,   2.070,9999.000,9999.000,9999.000,9999.000,9999.000,9999.000,9999.000,9999.000
202604140042,   1.977,9999.000,9999.000,9999.000,9999.000,9999.000,9999.000,9999.000,9999.000
202604140048,   1.885,9999.000,9999.000,9999.000,9999.000,9999.000,9999.000,9999.000,9999.000
202604140054,   1.792,9999.000,9999.000,9999.000,9999.000,9999.000,9999.000,9999.000,9999.000
202604140100,   1.700,9999.000,  -0.300,   0.037,   1.437,  -0.500,   1.237,  -0.100,   1.637
202604140106,   1.608,9999.000,9999.000,9999.000,9999.000,9999.000,9999.000,9999.000,9999.000
202604140112,   1.516,9999.000,9999.000,9999.000,9999.000,9999.000,9999.000,9999.000,9999.000
202604140118,   1.426,9999.000,9999.000,9999.000,9999.000,9999.000,9999.000,9999.000,9999.000
202604140124,   1.337,9999.000,9999.000,9999.000,9999.000,9999.000,9999.000,9999.000,9999.000
202604140130,   1.249,9999.000,9999.000,9999.000,9999.000,9999.000,9999.000,9999.000,9999.000
202604140136,   1.163,9999.000,9999.000,9999.000,9999.000,9999.000,9999.000,9999.000,9999.000
202604140142,   1.080,9999.000,9999.000,9999.000,9999.000,9999.000,9999.000,9999.000,9999.000
202604140148,   0.999,9999.000,9999.000,9999.000,9999.000,9999.000,9999.000,9999.000,9999.000
202604140154,   0.922,9999.000,9999.000,9999.000,9999.000,9999.000,9999.000,9999.000,9999.000
202604140200,   0.847,9999.000,  -0.500,   0.037,   0.384,  -0.600,   0.284,  -0.200,   0.684
202604140206,   0.776,9999.000,9999.000,9999.000,9999.000,9999.000,9999.000,9999.000,9999.000
202604140212,   0.709,9999.000,9999.000,9999.000,9999.000,9999.000,9999.000,9999.000,9999.000
202604140218,   0.646,9999.000,9999.000,9999.000,9999.000,9999.000,9999.000,9999.000,9999.000
202604140224,   0.588,9999.000,9999.000,9999.000,9999.000,9999.000,9999.000,9999.000,9999.000
202604140230,   0.534,9999.000,9999.000,9999.000,9999.000,9999.000,9999.000,9999.000,9999.000
202604140236,   0.485,9999.000,9999.000,9999.000,9999.000,9999.000,9999.000,9999.000,9999.000
202604140242,   0.441,9999.000,9999.000,9999.000,9999.000,9999.000,9999.000,9999.000,9999.000
202604140248,   0.402,9999.000,9999.000,9999.000,9999.000,9999.000,9999.000,9999.000,9999.000
202604140254,   0.369,9999.000,9999.000,9999.000,9999.000,9999.000,9999.000,9999.000,9999.000
202604140300,   0.340,9999.000,  -0.600,   0.037,  -0.223,  -0.800,  -0.423,  -0.300,   0.077
202604140306,   0.317,9999.000,9999.000,9999.000,9999.000,9999.000,9999.000,9999.000,9999.000
202604140312,   0.298,9999.000,9999.000,9999.000,9999.000,9999.000,9999.000,9999.000,9999.000
202604140318,   0.285,9999.000,9999.000,9999.000,9999.000,9999.000,9999.000,9999.000,9999.000
202604140324,   0.277,9999.000,9999.000,9999.000,9999.000,9999.000,9999.000,9999.000,9999.000
202604140330,   0.273,9999.000,9999.000,9999.000,9999.000,9999.000,9999.000,9999.000,9999.000
202604140336,   0.273,9999.000,9999.000,9999.000,9999.000,9999.000,9999.000,9999.000,9999.000
202604140342,   0.278,9999.000,9999.000,9999.000,9999.000,9999.000,9999.000,9999.000,9999.000
202604140348,   0.287,9999.000,9999.000,9999.000,9999.000,9999.000,9999.000,9999.000,9999.000
202604140354,   0.300,9999.000,9999.000,9999.000,9999.000,9999.000,9999.000,9999.000,9999.000
202604140400,   0.316,9999.000,  -0.700,   0.037,  -0.347,  -0.900,  -0.547,  -0.500,  -0.147
202604140406,   0.335,9999.000,9999.000,9999.000,9999.000,9999.000,9999.000,9999.000,9999.000
202604140412,   0.357,9999.000,9999.000,9999.000,9999.000,9999.000,9999.000,9999.000,9999.000
202604140418,   0.382,9999.000,9999.000,9999.000,9999.000,9999.000,9999.000,9999.000,9999.000
202604140424,   0.409,9999.000,9999.000,9999.000,9999.000,9999.000,9999.000,9999.000,9999.000
202604140430,   0.439,9999.000,9999.000,9999.000,9999.000,9999.000,9999.000,9999.000,9999.000
202604140436,   0.471,9999.000,9999.000,9999.000,9999.000,9999.000,9999.000,9999.000,9999.000
202604140442,   0.505,9999.000,9999.000,9999.000,9999.000,9999.000,9999.000,9999.000,9999.000
202604140448,   0.540,9999.000,9999.000,9999.000,9999.000,9999.000,9999.000,9999.000,9999.000
202604140454,   0.578,9999.000,9999.000,9999.000,9999.000,9999.000,9999.000,9999.000,9999.000
202604140500,   0.617,9999.000,  -0.700,   0.037,  -0.046,  -0.900,  -0.246,  -0.500,   0.154
202604140506,   0.658,9999.000,9999.000,9999.000,9999.000,9999.000,9999.000,9999.000,9999.000
202604140512,   0.701,9999.000,9999.000,9999.000,9999.000,9999.000,9999.000,9999.000,9999.000
202604140518,   0.745,9999.000,9999.000,9999.000,9999.000,9999.000,9999.000,9999.000,9999.000
202604140524,   0.791,9999.000,9999.000,9999.000,9999.000,9999.000,9999.000,9999.000,9999.000
202604140530,   0.839,9999.000,9999.000,9999.000,9999.000,9999.000,9999.000,9999.000,9999.000
202604140536,   0.889,9999.000,9999.000,9999.000,9999.000,9999.000,9999.000,9999.000,9999.000
202604140542,   0.941,9999.000,9999.000,9999.000,9999.000,9999.000,9999.000,9999.000,9999.000
202604140548,   0.995,9999.000,9999.000,9999.000,9999.000,9999.000,9999.000,9999.000,9999.000
202604140554,   1.052,9999.000,9999.000,9999.000,9999.000,9999.000,9999.000,9999.000,9999.000
202604140600,   1.111,9999.000,  -0.700,   0.037,   0.448,  -0.900,   0.248,  -0.500,   0.648
202604140606,   1.172,9999.000,9999.000,9999.000,9999.000,9999.000,9999.000,9999.000,9999.000
202604140612,   1.236,9999.000,9999.000,9999.000,9999.000,9999.000,9999.000,9999.000,9999.000
202604140618,   1.302,9999.000,9999.000,9999.000,9999.000,9999.000,9999.000,9999.000,9999.000
202604140624,   1.371,9999.000,9999.000,9999.000,9999.000,9999.000,9999.000,9999.000,9999.000
202604140630,   1.443,9999.000,9999.000,9999.000,9999.000,9999.000,9999.000,9999.000,9999.000
202604140636,   1.517,9999.000,9999.000,9999.000,9999.000,9999.000,9999.000,9999.000,9999.000
202604140642,   1.594,9999.000,9999.000,9999.000,9999.000,9999.000,9999.000,9999.000,9999.000
202604140648,   1.673,9999.000,9999.000,9999.000,9999.000,9999.000,9999.000,9999.000,9999.000
202604140654,   1.755,9999.000,9999.000,9999.000,9999.000,9999.000,9999.000,9999.000,9999.000
202604140700,   1.838,9999.000,  -0.700,   0.037,   1.175,  -0.900,   0.975,  -0.500,   1.375
202604140706,   1.924,9999.000,9999.000,9999.000,9999.000,9999.000,9999.000,9999.000,9999.000
202604140712,   2.012,9999.000,9999.000,9999.000,9999.000,9999.000,9999.000,9999.000,9999.000
202604140718,   2.100,9999.000,9999.000,9999.000,9999.000,9999.000,9999.000,9999.000,9999.000
202604140724,   2.191,9999.000,9999.000,9999.000,9999.000,9999.000,9999.000,9999.000,9999.000
202604140730,   2.282,9999.000,9999.000,9999.000,9999.000,9999.000,9999.000,9999.000,9999.000
202604140736,   2.373,9999.000,9999.000,9999.000,9999.000,9999.000,9999.000,9999.000,9999.000
202604140742,   2.465,9999.000,9999.000,9999.000,9999.000,9999.000,9999.000,9999.000,9999.000
202604140748,   2.557,9999.000,9999.000,9999.000,9999.000,9999.000,9999.000,9999.000,9999.000
202604140754,   2.649,9999.000,9999.000,9999.000,9999.000,9999.000,9999.000,9999.000,9999.000
202604140800,   2.740,9999.000,  -0.700,   0.037,   2.077,  -1.000,   1.777,  -0.500,   2.277
202604140806,   2.830,9999.000,9999.000,9999.000,9999.000,9999.000,9999.000,9999.000,9999.000
202604140812,   2.918,9999.000,9999.000,9999.000,9999.000,9999.000,9999.000,9999.000,9999.000
202604140818,   3.004,9999.000,9999.000,9999.000,9999.000,9999.000,9999.000,9999.000,9999.000
202604140824,   3.088,9999.000,9999.000,9999.000,9999.000,9999.000,9999.000,9999.000,9999.000
202604140830,   3.169,9999.000,9999.000,9999.000,9999.000,9999.000,9999.000,9999.000,9999.000
202604140836,   3.248,9999.000,9999.000,9999.000,9999.000,9999.000,9999.000,9999.000,9999.000
202604140842,   3.323,9999.000,9999.000,9999.000,9999.000,9999.000,9999.000,9999.000,9999.000
202604140848,   3.394,9999.000,9999.000,9999.000,9999.000,9999.000,9999.000,9999.000,9999.000
202604140854,   3.462,9999.000,9999.000,9999.000,9999.000,9999.000,9999.000,9999.000,9999.000
202604140900,   3.525,9999.000,  -0.700,   0.037,   2.862,  -0.900,   2.662,  -0.500,   3.062
202604140906,   3.583,9999.000,9999.000,9999.000,9999.000,9999.000,9999.000,9999.000,9999.000
202604140912,   3.637,9999.000,9999.000,9999.000,9999.000,9999.000,9999.000,9999.000,9999.000
202604140918,   3.686,9999.000,9999.000,9999.000,9999.000,9999.000,9999.000,9999.000,9999.000
202604140924,   3.729,9999.000,9999.000,9999.000,9999.000,9999.000,9999.000,9999.000,9999.000
202604140930,   3.767,9999.000,9999.000,9999.000,9999.000,9999.000,9999.000,9999.000,9999.000
202604140936,   3.799,9999.000,9999.000,9999.000,9999.000,9999.000,9999.000,9999.000,9999.000
202604140942,   3.826,9999.000,9999.000,9999.000,9999.000,9999.000,9999.000,9999.000,9999.000
202604140948,   3.846,9999.000,9999.000,9999.000,9999.000,9999.000,9999.000,9999.000,9999.000
202604140954,   3.861,9999.000,9999.000,9999.000,9999.000,9999.000,9999.000,9999.000,9999.000
202604141000,   3.869,9999.000,  -0.700,   0.037,   3.206,  -0.900,   3.006,  -0.500,   3.406
202604141006,   3.872,9999.000,9999.000,9999.000,9999.000,9999.000,9999.000,9999.000,9999.000
202604141012,   3.868,9999.000,9999.000,9999.000,9999.000,9999.000,9999.000,9999.000,9999.000
202604141018,   3.859,9999.000,9999.000,9999.000,9999.000,9999.000,9999.000,9999.000,9999.000
202604141024,   3.843,9999.000,9999.000,9999.000,9999.000,9999.000,9999.000,9999.000,9999.000
202604141030,   3.822,9999.000,9999.000,9999.000,9999.000,9999.000,9999.000,9999.000,9999.000
202604141036,   3.795,9999.000,9999.000,9999.000,9999.000,9999.000,9999.000,9999.000,9999.000
202604141042,   3.762,9999.000,9999.000,9999.000,9999.000,9999.000,9999.000,9999.000,9999.000
202604141048,   3.724,9999.000,9999.000,9999.000,9999.000,9999.000,9999.000,9999.000,9999.000
202604141054,   3.681,9999.000,9999.000,9999.000,9999.000,9999.000,9999.000,9999.000,9999.000
202604141100,   3.632,9999.000,  -0.600,   0.037,   3.069,  -0.900,   2.769,  -0.400,   3.269
202604141106,   3.579,9999.000,9999.000,9999.000,9999.000,9999.000,9999.000,9999.000,9999.000
202604141112,   3.521,9999.000,9999.000,9999.000,9999.000,9999.000,9999.000,9999.000,9999.000
202604141118,   3.459,9999.000,9999.000,9999.000,9999.000,9999.000,9999.000,9999.000,9999.000
202604141124,   3.393,9999.000,9999.000,9999.000,9999.000,9999.000,9999.000,9999.000,9999.000
202604141130,   3.323,9999.000,9999.000,9999.000,9999.000,9999.000,9999.000,9999.000,9999.000
202604141136,   3.249,9999.000,9999.000,9999.000,9999.000,9999.000,9999.000,9999.000,9999.000
202604141142,   3.172,9999.000,9999.000,9999.000,9999.000,9999.000,9999.000,9999.000,9999.000
202604141148,   3.091,9999.000,9999.000,9999.000,9999.000,9999.000,9999.000,9999.000,9999.000
202604141154,   3.008,9999.000,9999.000,9999.000,9999.000,9999.000,9999.000,9999.000,9999.000
202604141200,   2.922,9999.000,  -0.500,   0.037,   2.459,  -0.800,   2.159,  -0.400,   2.559
202604141206,   2.834,9999.000,9999.000,9999.000,9999.000,9999.000,9999.000,9999.000,9999.000
202604141212,   2.743,9999.000,9999.000,9999.000,9999.000,9999.000,9999.000,9999.000,9999.000
202604141218,   2.651,9999.000,9999.000,9999.000,9999.000,9999.000,9999.000,9999.000,9999.000
202604141224,   2.556,9999.000,9999.000,9999.000,9999.000,9999.000,9999.000,9999.000,9999.000
202604141230,   2.461,9999.000,9999.000,9999.000,9999.000,9999.000,9999.000,9999.000,9999.000
202604141236,   2.363,9999.000,9999.000,9999.000,9999.000,9999.000,9999.000,9999.000,9999.000
202604141242,   2.265,9999.000,9999.000,9999.000,9999.000,9999.000,9999.000,9999.000,9999.000
202604141248,   2.165,9999.000,9999.000,9999.000,9999.000,9999.000,9999.000,9999.000,9999.000
202604141254,   2.065,9999.000,9999.000,9999.000,9999.000,9999.000,9999.000,9999.000,9999.000
202604141300,   1.964,9999.000,  -0.500,   0.037,   1.501,  -0.700,   1.301,  -0.300,   1.701
202604141306,   1.864,9999.000,9999.000,9999.000,9999.000,9999.000,9999.000,9999.000,9999.000
202604141312,   1.763,9999.000,9999.000,9999.000,9999.000,9999.000,9999.000,9999.000,9999.000
202604141318,   1.662,9999.000,9999.000,9999.000,9999.000,9999.000,9999.000,9999.000,9999.000
202604141324,   1.562,9999.000,9999.000,9999.000,9999.000,9999.000,9999.000,9999.000,9999.000
202604141330,   1.462,9999.000,9999.000,9999.000,9999.000,9999.000,9999.000,9999.000,9999.000
202604141336,   1.364,9999.000,9999.000,9999.000,9999.000,9999.000,9999.000,9999.000,9999.000
202604141342,   1.267,9999.000,9999.000,9999.000,9999.000,9999.000,9999.000,9999.000,9999.000
202604141348,   1.172,9999.000,9999.000,9999.000,9999.000,9999.000,9999.000,9999.000,9999.000
202604141354,   1.079,9999.000,9999.000,9999.000,9999.000,9999.000,9999.000,9999.000,9999.000
202604141400,   0.988,9999.000,  -0.400,   0.037,   0.625,  -0.600,   0.425,  -0.300,   0.725
202604141406,   0.900,9999.000,9999.000,9999.000,9999.000,9999.000,9999.000,9999.000,9999.000
202604141412,   0.816,9999.000,9999.000,9999.000,9999.000,9999.000,9999.000,9999.000,9999.000
202604141418,   0.734,9999.000,9999.000,9999.000,9999.000,9999.000,9999.000,9999.000,9999.000
202604141424,   0.657,9999.000,9999.000,9999.000,9999.000,9999.000,9999.000,9999.000,9999.000
202604141430,   0.584,9999.000,9999.000,9999.000,9999.000,9999.000,9999.000,9999.000,9999.000
202604141436,   0.515,9999.000,9999.000,9999.000,9999.000,9999.000,9999.000,9999.000,9999.000
202604141442,   0.452,9999.000,9999.000,9999.000,9999.000,9999.000,9999.000,9999.000,9999.000
202604141448,   0.393,9999.000,9999.000,9999.000,9999.000,9999.000,9999.000,9999.000,9999.000
202604141454,   0.339,9999.000,9999.000,9999.000,9999.000,9999.000,9999.000,9999.000,9999.000
202604141500,   0.291,9999.000,  -0.400,   0.037,  -0.072,  -0.500,  -0.172,  -0.200,   0.128
202604141506,   0.249,9999.000,9999.000,9999.000,9999.000,9999.000,9999.000,9999.000,9999.000
202604141512,   0.212,9999.000,9999.000,9999.000,9999.000,9999.000,9999.000,9999.000,9999.000
202604141518,   0.182,9999.000,9999.000,9999.000,9999.000,9999.000,9999.000,9999.000,9999.000
202604141524,   0.157,9999.000,9999.000,9999.000,9999.000,9999.000,9999.000,9999.000,9999.000
202604141530,   0.138,9999.000,9999.000,9999.000,9999.000,9999.000,9999.000,9999.000,9999.000
202604141536,   0.124,9999.000,9999.000,9999.000,9999.000,9999.000,9999.000,9999.000,9999.000
202604141542,   0.116,9999.000,9999.000,9999.000,9999.000,9999.000,9999.000,9999.000,9999.000
202604141548,   0.114,9999.000,9999.000,9999.000,9999.000,9999.000,9999.000,9999.000,9999.000
202604141554,   0.117,9999.000,9999.000,9999.000,9999.000,9999.000,9999.000,9999.000,9999.000
202604141600,   0.125,9999.000,  -0.300,   0.037,  -0.138,  -0.400,  -0.238,  -0.200,  -0.038
202604141606,   0.138,9999.000,9999.000,9999.000,9999.000,9999.000,9999.000,9999.000,9999.000
202604141612,   0.155,9999.000,9999.000,9999.000,9999.000,9999.000,9999.000,9999.000,9999.000
202604141618,   0.176,9999.000,9999.000,9999.000,9999.000,9999.000,9999.000,9999.000,9999.000
202604141624,   0.202,9999.000,9999.000,9999.000,9999.000,9999.000,9999.000,9999.000,9999.000
202604141630,   0.231,9999.000,9999.000,9999.000,9999.000,9999.000,9999.000,9999.000,9999.000
202604141636,   0.264,9999.000,9999.000,9999.000,9999.000,9999.000,9999.000,9999.000,9999.000
202604141642,   0.299,9999.000,9999.000,9999.000,9999.000,9999.000,9999.000,9999.000,9999.000
202604141648,   0.338,9999.000,9999.000,9999.000,9999.000,9999.000,9999.000,9999.000,9999.000
202604141654,   0.379,9999.000,9999.000,9999.000,9999.000,9999.000,9999.000,9999.000,9999.000
202604141700,   0.422,9999.000,  -0.200,   0.037,   0.259,  -0.300,   0.159,  -0.100,   0.359
202604141706,   0.468,9999.000,9999.000,9999.000,9999.000,9999.000,9999.000,9999.000,9999.000
202604141712,   0.515,9999.000,9999.000,9999.000,9999.000,9999.000,9999.000,9999.000,9999.000
202604141718,   0.565,9999.000,9999.000,9999.000,9999.000,9999.000,9999.000,9999.000,9999.000
202604141724,   0.616,9999.000,9999.000,9999.000,9999.000,9999.000,9999.000,9999.000,9999.000
202604141730,   0.669,9999.000,9999.000,9999.000,9999.000,9999.000,9999.000,9999.000,9999.000
202604141736,   0.723,9999.000,9999.000,9999.000,9999.000,9999.000,9999.000,9999.000,9999.000
202604141742,   0.780,9999.000,9999.000,9999.000,9999.000,9999.000,9999.000,9999.000,9999.000
202604141748,   0.838,9999.000,9999.000,9999.000,9999.000,9999.000,9999.000,9999.000,9999.000
202604141754,   0.897,9999.000,9999.000,9999.000,9999.000,9999.000,9999.000,9999.000,9999.000
202604141800,   0.959,9999.000,  -0.100,   0.037,   0.896,  -0.300,   0.696,   0.000,   0.996
202604141806,   1.022,9999.000,9999.000,9999.000,9999.000,9999.000,9999.000,9999.000,9999.000
202604141812,   1.087,9999.000,9999.000,9999.000,9999.000,9999.000,9999.000,9999.000,9999.000
202604141818,   1.155,9999.000,9999.000,9999.000,9999.000,9999.000,9999.000,9999.000,9999.000
202604141824,   1.224,9999.000,9999.000,9999.000,9999.000,9999.000,9999.000,9999.000,9999.000
202604141830,   1.296,9999.000,9999.000,9999.000,9999.000,9999.000,9999.000,9999.000,9999.000
202604141836,   1.370,9999.000,9999.000,9999.000,9999.000,9999.000,9999.000,9999.000,9999.000
202604141842,   1.447,9999.000,9999.000,9999.000,9999.000,9999.000,9999.000,9999.000,9999.000
202604141848,   1.526,9999.000,9999.000,9999.000,9999.000,9999.000,9999.000,9999.000,9999.000
202604141854,   1.607,9999.000,9999.000,9999.000,9999.000,9999.000,9999.000,9999.000,9999.000
202604141900,   1.691,9999.000,  -0.100,   0.037,   1.628,  -0.200,   1.528,   0.000,   1.728
202604141906,   1.777,9999.000,9999.000,9999.000,9999.000,9999.000,9999.000,9999.000,9999.000
202604141912,   1.866,9999.000,9999.000,9999.000,9999.000,9999.000,9999.000,9999.000,9999.000
202604141918,   1.956,9999.000,9999.000,9999.000,9999.000,9999.000,9999.000,9999.000,9999.000
202604141924,   2.049,9999.000,9999.000,9999.000,9999.000,9999.000,9999.000,9999.000,9999.000
202604141930,   2.144,9999.000,9999.000,9999.000,9999.000,9999.000,9999.000,9999.000,9999.000
202604141936,   2.241,9999.000,9999.000,9999.000,9999.000,9999.000,9999.000,9999.000,9999.000
202604141942,   2.339,9999.000,9999.000,9999.000,9999.000,9999.000,9999.000,9999.000,9999.000
202604141948,   2.438,9999.000,9999.000,9999.000,9999.000,9999.000,9999.000,9999.000,9999.000
202604141954,   2.538,9999.000,9999.000,9999.000,9999.000,9999.000,9999.000,9999.000,9999.000
202604142000,   2.639,9999.000,   0.000,   0.037,   2.676,  -0.100,   2.576,   0.100,   2.776
202604142006,   2.741,9999.000,9999.000,9999.000,9999.000,9999.000,9999.000,9999.000,9999.000
202604142012,   2.842,9999.000,9999.000,9999.000,9999.000,9999.000,9999.000,9999.000,9999.000
202604142018,   2.943,9999.000,9999.000,9999.000,9999.000,9999.000,9999.000,9999.000,9999.000
202604142024,   3.043,9999.000,9999.000,9999.000,9999.000,9999.000,9999.000,9999.000,9999.000
202604142030,   3.143,9999.000,9999.000,9999.000,9999.000,9999.000,9999.000,9999.000,9999.000
202604142036,   3.240,9999.000,9999.000,9999.000,9999.000,9999.000,9999.000,9999.000,9999.000
202604142042,   3.336,9999.000,9999.000,9999.000,9999.000,9999.000,9999.000,9999.000,9999.000
202604142048,   3.430,9999.000,9999.000,9999.000,9999.000,9999.000,9999.000,9999.000,9999.000
202604142054,   3.521,9999.000,9999.000,9999.000,9999.000,9999.000,9999.000,9999.000,9999.000
202604142100,   3.608,9999.000,   0.100,   0.037,   3.745,   0.000,   3.645,   0.100,   3.745
202604142106,   3.692,9999.000,9999.000,9999.000,9999.000,9999.000,9999.000,9999.000,9999.000
202604142112,   3.773,9999.000,9999.000,9999.000,9999.000,9999.000,9999.000,9999.000,9999.000
202604142118,   3.849,9999.000,9999.000,9999.000,9999.000,9999.000,9999.000,9999.000,9999.000
202604142124,   3.920,9999.000,9999.000,9999.000,9999.000,9999.000,9999.000,9999.000,9999.000
202604142130,   3.987,9999.000,9999.000,9999.000,9999.000,9999.000,9999.000,9999.000,9999.000
202604142136,   4.048,9999.000,9999.000,9999.000,9999.000,9999.000,9999.000,9999.000,9999.000
202604142142,   4.103,9999.000,9999.000,9999.000,9999.000,9999.000,9999.000,9999.000,9999.000
202604142148,   4.153,9999.000,9999.000,9999.000,9999.000,9999.000,9999.000,9999.000,9999.000
202604142154,   4.197,9999.000,9999.000,9999.000,9999.000,9999.000,9999.000,9999.000,9999.000
202604142200,   4.234,9999.000,   0.100,   0.037,   4.371,   0.000,   4.271,   0.200,   4.471
202604142206,   4.265,9999.000,9999.000,9999.000,9999.000,9999.000,9999.000,9999.000,9999.000
202604142212,   4.289,9999.000,9999.000,9999.000,9999.000,9999.000,9999.000,9999.000,9999.000
202604142218,   4.307,9999.000,9999.000,9999.000,9999.000,9999.000,9999.000,9999.000,9999.000
202604142224,   4.317,9999.000,9999.000,9999.000,9999.000,9999.000,9999.000,9999.000,9999.000
202604142230,   4.321,9999.000,9999.000,9999.000,9999.000,9999.000,9999.000,9999.000,9999.000
202604142236,   4.317,9999.000,9999.000,9999.000,9999.000,9999.000,9999.000,9999.000,9999.000
202604142242,   4.307,9999.000,9999.000,9999.000,9999.000,9999.000,9999.000,9999.000,9999.000
202604142248,   4.290,9999.000,9999.000,9999.000,9999.000,9999.000,9999.000,9999.000,9999.000
202604142254,   4.266,9999.000,9999.000,9999.000,9999.000,9999.000,9999.000,9999.000,9999.000
202604142300,   4.235,9999.000,   0.100,   0.037,   4.372,   0.000,   4.272,   0.200,   4.472
202604142306,   4.198,9999.000,9999.000,9999.000,9999.000,9999.000,9999.000,9999.000,9999.000
202604142312,   4.155,9999.000,9999.000,9999.000,9999.000,9999.000,9999.000,9999.000,9999.000
202604142318,   4.105,9999.000,9999.000,9999.000,9999.000,9999.000,9999.000,9999.000,9999.000
202604142324,   4.049,9999.000,9999.000,9999.000,9999.000,9999.000,9999.000,9999.000,9999.000
202604142330,   3.988,9999.000,9999.000,9999.000,9999.000,9999.000,9999.000,9999.000,9999.000
202604142336,   3.921,9999.000,9999.000,9999.000,9999.000,9999.000,9999.000,9999.000,9999.000
202604142342,   3.849,9999.000,9999.000,9999.000,9999.000,9999.000,9999.000,9999.000,9999.000
202604142348,   3.773,9999.000,9999.000,9999.000,9999.000,9999.000,9999.000,9999.000,9999.000
202604142354,   3.691,9999.000,9999.000,9999.000,9999.000,9999.000,9999.000,9999.000,9999.000
202604150000,   3.606,9999.000,   0.200,   0.037,   3.843,   0.100,   3.743,   0.300,   3.943
202604150006,   3.517,9999.000,9999.000,9999.000,9999.000,9999.000,9999.000,9999.000,9999.000
202604150012,   3.423,9999.000,9999.000,9999.000,9999.000,9999.000,9999.000,9999.000,9999.000
202604150018,   3.327,9999.000,9999.000,9999.000,9999.000,9999.000,9999.000,9999.000,9999.000
202604150024,   3.228,9999.000,9999.000,9999.000,9999.000,9999.000,9999.000,9999.000,9999.000
202604150030,   3.125,9999.000,9999.000,9999.000,9999.000,9999.000,9999.000,9999.000,9999.000
202604150036,   3.021,9999.000,9999.000,9999.000,9999.000,9999.000,9999.000,9999.000,9999.000
202604150042,   2.914,9999.000,9999.000,9999.000,9999.000,9999.000,9999.000,9999.000,9999.000
202604150048,   2.805,9999.000,9999.000,9999.000,9999.000,9999.000,9999.000,9999.000,9999.000
202604150054,   2.695,9999.000,9999.000,9999.000,9999.000,9999.000,9999.000,9999.000,9999.000
202604150100,   2.583,9999.000,   0.200,   0.037,   2.820,   0.100,   2.720,   0.300,   2.920
202604150106,   2.470,9999.000,9999.000,9999.000,9999.000,9999.000,9999.000,9999.000,9999.000
202604150112,   2.356,9999.000,9999.000,9999.000,9999.000,9999.000,9999.000,9999.000,9999.000
202604150118,   2.241,9999.000,9999.000,9999.000,9999.000,9999.000,9999.000,9999.000,9999.000
202604150124,   2.126,9999.000,9999.000,9999.000,9999.000,9999.000,9999.000,9999.000,9999.000
202604150130,   2.010,9999.000,9999.000,9999.000,9999.000,9999.000,9999.000,9999.000,9999.000
202604150136,   1.895,9999.000,9999.000,9999.000,9999.000,9999.000,9999.000,9999.000,9999.000
202604150142,   1.781,9999.000,9999.000,9999.000,9999.000,9999.000,9999.000,9999.000,9999.000
202604150148,   1.667,9999.000,9999.000,9999.000,9999.000,9999.000,9999.000,9999.000,9999.000
202604150154,   1.554,9999.000,9999.000,9999.000,9999.000,9999.000,9999.000,9999.000,9999.000
202604150200,   1.442,9999.000,   0.200,   0.037,   1.679,   0.100,   1.579,   0.300,   1.779
202604150206,   1.332,9999.000,9999.000,9999.000,9999.000,9999.000,9999.000,9999.000,9999.000
202604150212,   1.224,9999.000,9999.000,9999.000,9999.000,9999.000,9999.000,9999.000,9999.000
202604150218,   1.118,9999.000,9999.000,9999.000,9999.000,9999.000,9999.000,9999.000,9999.000
202604150224,   1.015,9999.000,9999.000,9999.000,9999.000,9999.000,9999.000,9999.000,9999.000
202604150230,   0.915,9999.000,9999.000,9999.000,9999.000,9999.000,9999.000,9999.000,9999.000
202604150236,   0.819,9999.000,9999.000,9999.000,9999.000,9999.000,9999.000,9999.000,9999.000
202604150242,   0.726,9999.000,9999.000,9999.000,9999.000,9999.000,9999.000,9999.000,9999.000
202604150248,   0.637,9999.000,9999.000,9999.000,9999.000,9999.000,9999.000,9999.000,9999.000
202604150254,   0.553,9999.000,9999.000,9999.000,9999.000,9999.000,9999.000,9999.000,9999.000
202604150300,   0.474,9999.000,   0.100,   0.037,   0.611,   0.000,   0.511,   0.200,   0.711
202604150306,   0.399,9999.000,9999.000,9999.000,9999.000,9999.000,9999.000,9999.000,9999.000
202604150312,   0.331,9999.000,9999.000,9999.000,9999.000,9999.000,9999.000,9999.000,9999.000
202604150318,   0.267,9999.000,9999.000,9999.000,9999.000,9999.000,9999.000,9999.000,9999.000
202604150324,   0.210,9999.000,9999.000,9999.000,9999.000,9999.000,9999.000,9999.000,9999.000
202604150330,   0.158,9999.000,9999.000,9999.000,9999.000,9999.000,9999.000,9999.000,9999.000
202604150336,   0.112,9999.000,9999.000,9999.000,9999.000,9999.000,9999.000,9999.000,9999.000
202604150342,   0.073,9999.000,9999.000,9999.000,9999.000,9999.000,9999.000,9999.000,9999.000
202604150348,   0.039,9999.000,9999.000,9999.000,9999.000,9999.000,9999.000,9999.000,9999.000
202604150354,   0.012,9999.000,9999.000,9999.000,9999.000,9999.000,9999.000,9999.000,9999.000
202604150400,  -0.008,9999.000,   0.100,   0.037,   0.129,   0.000,   0.029,   0.200,   0.229
202604150406,  -0.024,9999.000,9999.000,9999.000,9999.000,9999.000,9999.000,9999.000,9999.000
202604150412,  -0.034,9999.000,9999.000,9999.000,9999.000,9999.000,9999.000,9999.000,9999.000
202604150418,  -0.038,9999.000,9999.000,9999.000,9999.000,9999.000,9999.000,9999.000,9999.000
202604150424,  -0.037,9999.000,9999.000,9999.000,9999.000,9999.000,9999.000,9999.000,9999.000
202604150430,  -0.030,9999.000,9999.000,9999.000,9999.000,9999.000,9999.000,9999.000,9999.000
202604150436,  -0.020,9999.000,9999.000,9999.000,9999.000,9999.000,9999.000,9999.000,9999.000
202604150442,  -0.004,9999.000,9999.000,9999.000,9999.000,9999.000,9999.000,9999.000,9999.000
202604150448,   0.014,9999.000,9999.000,9999.000,9999.000,9999.000,9999.000,9999.000,9999.000
202604150454,   0.037,9999.000,9999.000,9999.000,9999.000,9999.000,9999.000,9999.000,9999.000
202604150500,   0.064,9999.000,   0.100,   0.037,   0.201,   0.000,   0.101,   0.200,   0.301
202604150506,   0.094,9999.000,9999.000,9999.000,9999.000,9999.000,9999.000,9999.000,9999.000
202604150512,   0.127,9999.000,9999.000,9999.000,9999.000,9999.000,9999.000,9999.000,9999.000
202604150518,   0.162,9999.000,9999.000,9999.000,9999.000,9999.000,9999.000,9999.000,9999.000
202604150524,   0.200,9999.000,9999.000,9999.000,9999.000,9999.000,9999.000,9999.000,9999.000
202604150530,   0.240,9999.000,9999.000,9999.000,9999.000,9999.000,9999.000,9999.000,9999.000
202604150536,   0.282,9999.000,9999.000,9999.000,9999.000,9999.000,9999.000,9999.000,9999.000
202604150542,   0.326,9999.000,9999.000,9999.000,9999.000,9999.000,9999.000,9999.000,9999.000
202604150548,   0.372,9999.000,9999.000,9999.000,9999.000,9999.000,9999.000,9999.000,9999.000
202604150554,   0.420,9999.000,9999.000,9999.000,9999.000,9999.000,9999.000,9999.000,9999.000
202604150600,   0.469,9999.000,   0.100,   0.037,   0.606,   0.000,   0.506,   0.200,   0.706
202604150606,   0.519,9999.000,9999.000,9999.000,9999.000,9999.000,9999.000,9999.000,9999.000
202604150612,   0.572,9999.000,9999.000,9999.000,9999.000,9999.000,9999.000,9999.000,9999.000
202604150618,   0.626,9999.000,9999.000,9999.000,9999.000,9999.000,9999.000,9999.000,9999.000
202604150624,   0.682,9999.000,9999.000,9999.000,9999.000,9999.000,9999.000,9999.000,9999.000
202604150630,   0.740,9999.000,9999.000,9999.000,9999.000,9999.000,9999.000,9999.000,9999.000
202604150636,   0.800,9999.000,9999.000,9999.000,9999.000,9999.000,9999.000,9999.000,9999.000
202604150642,   0.862,9999.000,9999.000,9999.000,9999.000,9999.000,9999.000,9999.000,9999.000
202604150648,   0.927,9999.000,9999.000,9999.000,9999.000,9999.000,9999.000,9999.000,9999.000
202604150654,   0.994,9999.000,9999.000,9999.000,9999.000,9999.000,9999.000,9999.000,9999.000
202604150700,   1.063,9999.000,   0.100,   0.037,   1.200,   0.000,   1.100,   0.200,   1.300
202604150706,   1.135,9999.000,9999.000,9999.000,9999.000,9999.000,9999.000,9999.000,9999.000
202604150712,   1.210,9999.000,9999.000,9999.000,9999.000,9999.000,9999.000,9999.000,9999.000
202604150718,   1.288,9999.000,9999.000,9999.000,9999.000,9999.000,9999.000,9999.000,9999.000
202604150724,   1.369,9999.000,9999.000,9999.000,9999.000,9999.000,9999.000,9999.000,9999.000
202604150730,   1.453,9999.000,9999.000,9999.000,9999.000,9999.000,9999.000,9999.000,9999.000
202604150736,   1.539,9999.000,9999.000,9999.000,9999.000,9999.000,9999.000,9999.000,9999.000
202604150742,   1.628,9999.000,9999.000,9999.000,9999.000,9999.000,9999.000,9999.000,9999.000
202604150748,   1.720,9999.000,9999.000,9999.000,9999.000,9999.000,9999.000,9999.000,9999.000
202604150754,   1.815,9999.000,9999.000,9999.000,9999.000,9999.000,9999.000,9999.000,9999.000
202604150800,   1.912,9999.000,   0.200,   0.037,   2.149,   0.100,   2.049,   0.300,   2.249
202604150806,   2.011,9999.000,9999.000,9999.000,9999.000,9999.000,9999.000,9999.000,9999.000
202604150812,   2.112,9999.000,9999.000,9999.000,9999.000,9999.000,9999.000,9999.000,9999.000
202604150818,   2.215,9999.000,9999.000,9999.000,9999.000,9999.000,9999.000,9999.000,9999.000
202604150824,   2.319,9999.000,9999.000,9999.000,9999.000,9999.000,9999.000,9999.000,9999.000
202604150830,   2.424,9999.000,9999.000,9999.000,9999.000,9999.000,9999.000,9999.000,9999.000
202604150836,   2.530,9999.000,9999.000,9999.000,9999.000,9999.000,9999.000,9999.000,9999.000
202604150842,   2.637,9999.000,9999.000,9999.000,9999.000,9999.000,9999.000,9999.000,9999.000
202604150848,   2.743,9999.000,9999.000,9999.000,9999.000,9999.000,9999.000,9999.000,9999.000
202604150854,   2.849,9999.000,9999.000,9999.000,9999.000,9999.000,9999.000,9999.000,9999.000
202604150900,   2.953,9999.000,   0.200,   0.037,   3.190,   0.100,   3.090,   0.300,   3.290
202604150906,   3.057,9999.000,9999.000,9999.000,9999.000,9999.000,9999.000,9999.000,9999.000
202604150912,   3.158,9999.000,9999.000,9999.000,9999.000,9999.000,9999.000,9999.000,9999.000
202604150918,   3.257,9999.000,9999.000,9999.000,9999.000,9999.000,9999.000,9999.000,9999.000
202604150924,   3.353,9999.000,9999.000,9999.000,9999.000,9999.000,9999.000,9999.000,9999.000
202604150930,   3.446,9999.000,9999.000,9999.000,9999.000,9999.000,9999.000,9999.000,9999.000
202604150936,   3.535,9999.000,9999.000,9999.000,9999.000,9999.000,9999.000,9999.000,9999.000
202604150942,   3.620,9999.000,9999.000,9999.000,9999.000,9999.000,9999.000,9999.000,9999.000
202604150948,   3.701,9999.000,9999.000,9999.000,9999.000,9999.000,9999.000,9999.000,9999.000
202604150954,   3.776,9999.000,9999.000,9999.000,9999.000,9999.000,9999.000,9999.000,9999.000
202604151000,   3.846,9999.000,   0.200,   0.037,   4.083,   0.100,   3.983,   0.300,   4.183
202604151006,   3.910,9999.000,9999.000,9999.000,9999.000,9999.000,9999.000,9999.000,9999.000
202604151012,   3.967,9999.000,9999.000,9999.000,9999.000,9999.000,9999.000,9999.000,9999.000
202604151018,   4.018,9999.000,9999.000,9999.000,9999.000,9999.000,9999.000,9999.000,9999.000
202604151024,   4.063,9999.000,9999.000,9999.000,9999.000,9999.000,9999.000,9999.000,9999.000
202604151030,   4.100,9999.000,9999.000,9999.000,9999.000,9999.000,9999.000,9999.000,9999.000
202604151036,   4.130,9999.000,9999.000,9999.000,9999.000,9999.000,9999.000,9999.000,9999.000
202604151042,   4.152,9999.000,9999.000,9999.000,9999.000,9999.000,9999.000,9999.000,9999.000
202604151048,   4.167,9999.000,9999.000,9999.000,9999.000,9999.000,9999.000,9999.000,9999.000
202604151054,   4.174,9999.000,9999.000,9999.000,9999.000,9999.000,9999.000,9999.000,9999.000
202604151100,   4.174,9999.000,   0.200,   0.037,   4.411,   0.100,   4.311,   0.300,   4.511
202604151106,   4.165,9999.000,9999.000,9999.000,9999.000,9999.000,9999.000,9999.000,9999.000
202604151112,   4.149,9999.000,9999.000,9999.000,9999.000,9999.000,9999.000,9999.000,9999.000
202604151118,   4.126,9999.000,9999.000,9999.000,9999.000,9999.000,9999.000,9999.000,9999.000
202604151124,   4.095,9999.000,9999.000,9999.000,9999.000,9999.000,9999.000,9999.000,9999.000
202604151130,   4.056,9999.000,9999.000,9999.000,9999.000,9999.000,9999.000,9999.000,9999.000
202604151136,   4.011,9999.000,9999.000,9999.000,9999.000,9999.000,9999.000,9999.000,9999.000
202604151142,   3.958,9999.000,9999.000,9999.000,9999.000,9999.000,9999.000,9999.000,9999.000
202604151148,   3.899,9999.000,9999.000,9999.000,9999.000,9999.000,9999.000,9999.000,9999.000
202604151154,   3.833,9999.000,9999.000,9999.000,9999.000,9999.000,9999.000,9999.000,9999.000
202604151200,   3.761,9999.000,   0.200,   0.037,   3.998,   0.100,   3.898,   0.300,   4.098
202604151206,   3.684,9999.000,9999.000,9999.000,9999.000,9999.000,9999.000,9999.000,9999.000
202604151212,   3.601,9999.000,9999.000,9999.000,9999.000,9999.000,9999.000,9999.000,9999.000
202604151218,   3.513,9999.000,9999.000,9999.000,9999.000,9999.000,9999.000,9999.000,9999.000
202604151224,   3.421,9999.000,9999.000,9999.000,9999.000,9999.000,9999.000,9999.000,9999.000
202604151230,   3.324,9999.000,9999.000,9999.000,9999.000,9999.000,9999.000,9999.000,9999.000
202604151236,   3.223,9999.000,9999.000,9999.000,9999.000,9999.000,9999.000,9999.000,9999.000
202604151242,   3.119,9999.000,9999.000,9999.000,9999.000,9999.000,9999.000,9999.000,9999.000
202604151248,   3.011,9999.000,9999.000,9999.000,9999.000,9999.000,9999.000,9999.000,9999.000
202604151254,   2.901,9999.000,9999.000,9999.000,9999.000,9999.000,9999.000,9999.000,9999.000
202604151300,   2.788,9999.000,   0.200,   0.037,   3.025,   0.100,   2.925,   0.300,   3.125
202604151306,   2.673,9999.000,9999.000,9999.000,9999.000,9999.000,9999.000,9999.000,9999.000
202604151312,   2.556,9999.000,9999.000,9999.000,9999.000,9999.000,9999.000,9999.000,9999.000
202604151318,   2.437,9999.000,9999.000,9999.000,9999.000,9999.000,9999.000,9999.000,9999.000
202604151324,   2.318,9999.000,9999.000,9999.000,9999.000,9999.000,9999.000,9999.000,9999.000
202604151330,   2.197,9999.000,9999.000,9999.000,9999.000,9999.000,9999.000,9999.000,9999.000
202604151336,   2.076,9999.000,9999.000,9999.000,9999.000,9999.000,9999.000,9999.000,9999.000
202604151342,   1.954,9999.000,9999.000,9999.000,9999.000,9999.000,9999.000,9999.000,9999.000
202604151348,   1.833,9999.000,9999.000,9999.000,9999.000,9999.000,9999.000,9999.000,9999.000
202604151354,   1.712,9999.000,9999.000,9999.000,9999.000,9999.000,9999.000,9999.000,9999.000
202604151400,   1.591,9999.000,   0.200,   0.037,   1.828,   0.100,   1.728,   0.300,   1.928
202604151406,   1.472,9999.000,9999.000,9999.000,9999.000,9999.000,9999.000,9999.000,9999.000
202604151412,   1.354,9999.000,9999.000,9999.000,9999.000,9999.000,9999.000,9999.000,9999.000
202604151418,   1.237,9999.000,9999.000,9999.000,9999.000,9999.000,9999.000,9999.000,9999.000
202604151424,   1.123,9999.000,9999.000,9999.000,9999.000,9999.000,9999.000,9999.000,9999.000
202604151430,   1.011,9999.000,9999.000,9999.000,9999.000,9999.000,9999.000,9999.000,9999.000
202604151436,   0.902,9999.000,9999.000,9999.000,9999.000,9999.000,9999.000,9999.000,9999.000
202604151442,   0.796,9999.000,9999.000,9999.000,9999.000,9999.000,9999.000,9999.000,9999.000
202604151448,   0.693,9999.000,9999.000,9999.000,9999.000,9999.000,9999.000,9999.000,9999.000
202604151454,   0.595,9999.000,9999.000,9999.000,9999.000,9999.000,9999.000,9999.000,9999.000
202604151500,   0.500,9999.000,   0.200,   0.037,   0.737,   0.100,   0.637,   0.300,   0.837
202604151506,   0.411,9999.000,9999.000,9999.000,9999.000,9999.000,9999.000,9999.000,9999.000
202604151512,   0.326,9999.000,9999.000,9999.000,9999.000,9999.000,9999.000,9999.000,9999.000
202604151518,   0.247,9999.000,9999.000,9999.000,9999.000,9999.000,9999.000,9999.000,9999.000
202604151524,   0.174,9999.000,9999.000,9999.000,9999.000,9999.000,9999.000,9999.000,9999.000
202604151530,   0.106,9999.000,9999.000,9999.000,9999.000,9999.000,9999.000,9999.000,9999.000
202604151536,   0.045,9999.000,9999.000,9999.000,9999.000,9999.000,9999.000,9999.000,9999.000
202604151542,  -0.009,9999.000,9999.000,9999.000,9999.000,9999.000,9999.000,9999.000,9999.000
202604151548,  -0.057,9999.000,9999.000,9999.000,9999.000,9999.000,9999.000,9999.000,9999.000
202604151554,  -0.098,9999.000,9999.000,9999.000,9999.000,9999.000,9999.000,9999.000,9999.000
202604151600,  -0.132,9999.000,   0.200,   0.037,   0.105,   0.100,   0.005,   0.300,   0.205
202604151606,  -0.160,9999.000,9999.000,9999.000,9999.000,9999.000,9999.000,9999.000,9999.000
202604151612,  -0.180,9999.000,9999.000,9999.000,9999.000,9999.000,9999.000,9999.000,9999.000
202604151618,  -0.193,9999.000,9999.000,9999.000,9999.000,9999.000,9999.000,9999.000,9999.000
202604151624,  -0.200,9999.000,9999.000,9999.000,9999.000,9999.000,9999.000,9999.000,9999.000
202604151630,  -0.200,9999.000,9999.000,9999.000,9999.000,9999.000,9999.000,9999.000,9999.000
202604151636,  -0.194,9999.000,9999.000,9999.000,9999.000,9999.000,9999.000,9999.000,9999.000
202604151642,  -0.181,9999.000,9999.000,9999.000,9999.000,9999.000,9999.000,9999.000,9999.000
202604151648,  -0.163,9999.000,9999.000,9999.000,9999.000,9999.000,9999.000,9999.000,9999.000
202604151654,  -0.139,9999.000,9999.000,9999.000,9999.000,9999.000,9999.000,9999.000,9999.000
202604151700,  -0.110,9999.000,   0.200,   0.037,   0.127,   0.100,   0.027,   0.300,   0.227
202604151706,  -0.076,9999.000,9999.000,9999.000,9999.000,9999.000,9999.000,9999.000,9999.000
202604151712,  -0.038,9999.000,9999.000,9999.000,9999.000,9999.000,9999.000,9999.000,9999.000
202604151718,   0.004,9999.000,9999.000,9999.000,9999.000,9999.000,9999.000,9999.000,9999.000
202604151724,   0.050,9999.000,9999.000,9999.000,9999.000,9999.000,9999.000,9999.000,9999.000
202604151730,   0.099,9999.000,9999.000,9999.000,9999.000,9999.000,9999.000,9999.000,9999.000
202604151736,   0.151,9999.000,9999.000,9999.000,9999.000,9999.000,9999.000,9999.000,9999.000
202604151742,   0.206,9999.000,9999.000,9999.000,9999.000,9999.000,9999.000,9999.000,9999.000
202604151748,   0.264,9999.000,9999.000,9999.000,9999.000,9999.000,9999.000,9999.000,9999.000
202604151754,   0.323,9999.000,9999.000,9999.000,9999.000,9999.000,9999.000,9999.000,9999.000
202604151800,   0.384,9999.000,   0.200,   0.037,   0.621,   0.000,   0.421,   0.300,   0.721
202604151806,   0.447,9999.000,9999.000,9999.000,9999.000,9999.000,9999.000,9999.000,9999.000
202604151812,   0.511,9999.000,9999.000,9999.000,9999.000,9999.000,9999.000,9999.000,9999.000
202604151818,   0.577,9999.000,9999.000,9999.000,9999.000,9999.000,9999.000,9999.000,9999.000
202604151824,   0.644,9999.000,9999.000,9999.000,9999.000,9999.000,9999.000,9999.000,9999.000
202604151830,   0.712,9999.000,9999.000,9999.000,9999.000,9999.000,9999.000,9999.000,9999.000
202604151836,   0.781,9999.000,9999.000,9999.000,9999.000,9999.000,9999.000,9999.000,9999.000
202604151842,   0.852,9999.000,9999.000,9999.000,9999.000,9999.000,9999.000,9999.000,9999.000
202604151848,   0.924,9999.000,9999.000,9999.000,9999.000,9999.000,9999.000,9999.000,9999.000
202604151854,   0.998,9999.000,9999.000,9999.000,9999.000,9999.000,9999.000,9999.000,9999.000
202604151900,   1.073,9999.000,   0.200,   0.037,   1.310,   0.000,   1.110,   0.400,   1.510
202604151906,   1.150,9999.000,9999.000,9999.000,9999.000,9999.000,9999.000,9999.000,9999.000
202604151912,   1.229,9999.000,9999.000,9999.000,9999.000,9999.000,9999.000,9999.000,9999.000
202604151918,   1.309,9999.000,9999.000,9999.000,9999.000,9999.000,9999.000,9999.000,9999.000
202604151924,   1.392,9999.000,9999.000,9999.000,9999.000,9999.000,9999.000,9999.000,9999.000
202604151930,   1.478,9999.000,9999.000,9999.000,9999.000,9999.000,9999.000,9999.000,9999.000
202604151936,   1.565,9999.000,9999.000,9999.000,9999.000,9999.000,9999.000,9999.000,9999.000
202604151942,   1.656,9999.000,9999.000,9999.000,9999.000,9999.000,9999.000,9999.000,9999.000
202604151948,   1.748,9999.000,9999.000,9999.000,9999.000,9999.000,9999.000,9999.000,9999.000
202604151954,   1.844,9999.000,9999.000,9999.000,9999.000,9999.000,9999.000,9999.000,9999.000
202604152000,   1.942,9999.000,   0.200,   0.037,   2.179,   0.000,   1.979,   0.400,   2.379
202604152006,   2.042,9999.000,9999.000,9999.000,9999.000,9999.000,9999.000,9999.000,9999.000
202604152012,   2.146,9999.000,9999.000,9999.000,9999.000,9999.000,9999.000,9999.000,9999.000
202604152018,   2.251,9999.000,9999.000,9999.000,9999.000,9999.000,9999.000,9999.000,9999.000
202604152024,   2.359,9999.000,9999.000,9999.000,9999.000,9999.000,9999.000,9999.000,9999.000
202604152030,   2.469,9999.000,9999.000,9999.000,9999.000,9999.000,9999.000,9999.000,9999.000
202604152036,   2.581,9999.000,9999.000,9999.000,9999.000,9999.000,9999.000,9999.000,9999.000
202604152042,   2.694,9999.000,9999.000,9999.000,9999.000,9999.000,9999.000,9999.000,9999.000
202604152048,   2.808,9999.000,9999.000,9999.000,9999.000,9999.000,9999.000,9999.000,9999.000
202604152054,   2.924,9999.000,9999.000,9999.000,9999.000,9999.000,9999.000,9999.000,9999.000
202604152100,   3.040,9999.000,   0.200,   0.037,   3.277,   0.000,   3.077,   0.400,   3.477
202604152106,   3.156,9999.000,9999.000,9999.000,9999.000,9999.000,9999.000,9999.000,9999.000
202604152112,   3.271,9999.000,9999.000,9999.000,9999.000,9999.000,9999.000,9999.000,9999.000
202604152118,   3.386,9999.000,9999.000,9999.000,9999.000,9999.000,9999.000,9999.000,9999.000
202604152124,   3.500,9999.000,9999.000,9999.000,9999.000,9999.000,9999.000,9999.000,9999.000
202604152130,   3.612,9999.000,9999.000,9999.000,9999.000,9999.000,9999.000,9999.000,9999.000
202604152136,   3.722,9999.000,9999.000,9999.000,9999.000,9999.000,9999.000,9999.000,9999.000
202604152142,   3.829,9999.000,9999.000,9999.000,9999.000,9999.000,9999.000,9999.000,9999.000
202604152148,   3.933,9999.000,9999.000,9999.000,9999.000,9999.000,9999.000,9999.000,9999.000
202604152154,   4.033,9999.000,9999.000,9999.000,9999.000,9999.000,9999.000,9999.000,9999.000
202604152200,   4.128,9999.000,   0.200,   0.037,   4.365,   0.000,   4.165,   0.400,   4.565
202604152206,   4.219,9999.000,9999.000,9999.000,9999.000,9999.000,9999.000,9999.000,9999.000
202604152212,   4.305,9999.000,9999.000,9999.000,9999.000,9999.000,9999.000,9999.000,9999.000
202604152218,   4.385,9999.000,9999.000,9999.000,9999.000,9999.000,9999.000,9999.000,9999.000
202604152224,   4.459,9999.000,9999.000,9999.000,9999.000,9999.000,9999.000,9999.000,9999.000
202604152230,   4.526,9999.000,9999.000,9999.000,9999.000,9999.000,9999.000,9999.000,9999.000
202604152236,   4.586,9999.000,9999.000,9999.000,9999.000,9999.000,9999.000,9999.000,9999.000
202604152242,   4.640,9999.000,9999.000,9999.000,9999.000,9999.000,9999.000,9999.000,9999.000
202604152248,   4.685,9999.000,9999.000,9999.000,9999.000,9999.000,9999.000,9999.000,9999.000
202604152254,   4.723,9999.000,9999.000,9999.000,9999.000,9999.000,9999.000,9999.000,9999.000
202604152300,   4.752,9999.000,   0.200,   0.037,   4.989,   0.000,   4.789,   0.400,   5.189
202604152306,   4.774,9999.000,9999.000,9999.000,9999.000,9999.000,9999.000,9999.000,9999.000
202604152312,   4.786,9999.000,9999.000,9999.000,9999.000,9999.000,9999.000,9999.000,9999.000
202604152318,   4.791,9999.000,9999.000,9999.000,9999.000,9999.000,9999.000,9999.000,9999.000
202604152324,   4.787,9999.000,9999.000,9999.000,9999.000,9999.000,9999.000,9999.000,9999.000
202604152330,   4.774,9999.000,9999.000,9999.000,9999.000,9999.000,9999.000,9999.000,9999.000
202604152336,   4.753,9999.000,9999.000,9999.000,9999.000,9999.000,9999.000,9999.000,9999.000
202604152342,   4.723,9999.000,9999.000,9999.000,9999.000,9999.000,9999.000,9999.000,9999.000
202604152348,   4.686,9999.000,9999.000,9999.000,9999.000,9999.000,9999.000,9999.000,9999.000
202604152354,   4.640,9999.000,9999.000,9999.000,9999.000,9999.000,9999.000,9999.000,9999.000
202604160000,   4.586,9999.000,   0.100,   0.037,   4.723,   0.000,   4.623,   0.300,   4.923
202604160006,   4.525,9999.000,9999.000,9999.000,9999.000,9999.000,9999.000,9999.000,9999.000
202604160012,   4.457,9999.000,9999.000,9999.000,9999.000,9999.000,9999.000,9999.000,9999.000
202604160018,   4.381,9999.000,9999.000,9999.000,9999.000,9999.000,9999.000,9999.000,9999.000
202604160024,   4.299,9999.000,9999.000,9999.000,9999.000,9999.000,9999.000,9999.000,9999.000
202604160030,   4.211,9999.000,9999.000,9999.000,9999.000,9999.000,9999.000,9999.000,9999.000
202604160036,   4.117,9999.000,9999.000,9999.000,9999.000,9999.000,9999.000,9999.000,9999.000
202604160042,   4.018,9999.000,9999.000,9999.000,9999.000,9999.000,9999.000,9999.000,9999.000
202604160048,   3.913,9999.000,9999.000,9999.000,9999.000,9999.000,9999.000,9999.000,9999.000
202604160054,   3.804,9999.000,9999.000,9999.000,9999.000,9999.000,9999.000,9999.000,9999.000
202604160100,   3.690,9999.000,   0.100,   0.037,   3.827,   0.000,   3.727,   0.300,   4.027
202604160106,   3.573,9999.000,9999.000,9999.000,9999.000,9999.000,9999.000,9999.000,9999.000
202604160112,   3.452,9999.000,9999.000,9999.000,9999.000,9999.000,9999.000,9999.000,9999.000
202604160118,   3.328,9999.000,9999.000,9999.000,9999.000,9999.000,9999.000,9999.000,9999.000
202604160124,   3.202,9999.000,9999.000,9999.000,9999.000,9999.000,9999.000,9999.000,9999.000
202604160130,   3.073,9999.000,9999.000,9999.000,9999.000,9999.000,9999.000,9999.000,9999.000
202604160136,   2.942,9999.000,9999.000,9999.000,9999.000,9999.000,9999.000,9999.000,9999.000
202604160142,   2.809,9999.000,9999.000,9999.000,9999.000,9999.000,9999.000,9999.000,9999.000
202604160148,   2.675,9999.000,9999.000,9999.000,9999.000,9999.000,9999.000,9999.000,9999.000
202604160154,   2.540,9999.000,9999.000,9999.000,9999.000,9999.000,9999.000,9999.000,9999.000
202604160200,   2.405,9999.000,   0.100,   0.037,   2.542,  -0.100,   2.342,   0.300,   2.742
202604160206,   2.269,9999.000,9999.000,9999.000,9999.000,9999.000,9999.000,9999.000,9999.000
202604160212,   2.133,9999.000,9999.000,9999.000,9999.000,9999.000,9999.000,9999.000,9999.000
202604160218,   1.997,9999.000,9999.000,9999.000,9999.000,9999.000,9999.000,9999.000,9999.000
202604160224,   1.862,9999.000,9999.000,9999.000,9999.000,9999.000,9999.000,9999.000,9999.000
202604160230,   1.728,9999.000,9999.000,9999.000,9999.000,9999.000,9999.000,9999.000,9999.000
202604160236,   1.596,9999.000,9999.000,9999.000,9999.000,9999.000,9999.000,9999.000,9999.000
202604160242,   1.465,9999.000,9999.000,9999.000,9999.000,9999.000,9999.000,9999.000,9999.000
202604160248,   1.336,9999.000,9999.000,9999.000,9999.000,9999.000,9999.000,9999.000,9999.000
202604160254,   1.209,9999.000,9999.000,9999.000,9999.000,9999.000,9999.000,9999.000,9999.000
202604160300,   1.086,9999.000,   0.000,   0.037,   1.123,  -0.100,   1.023,   0.200,   1.323
202604160306,   0.965,9999.000,9999.000,9999.000,9999.000,9999.000,9999.000,9999.000,9999.000
202604160312,   0.848,9999.000,9999.000,9999.000,9999.000,9999.000,9999.000,9999.000,9999.000
202604160318,   0.735,9999.000,9999.000,9999.000,9999.000,9999.000,9999.000,9999.000,9999.000
202604160324,   0.627,9999.000,9999.000,9999.000,9999.000,9999.000,9999.000,9999.000,9999.000
202604160330,   0.523,9999.000,9999.000,9999.000,9999.000,9999.000,9999.000,9999.000,9999.000
202604160336,   0.424,9999.000,9999.000,9999.000,9999.000,9999.000,9999.000,9999.000,9999.000
202604160342,   0.331,9999.000,9999.000,9999.000,9999.000,9999.000,9999.000,9999.000,9999.000
202604160348,   0.243,9999.000,9999.000,9999.000,9999.000,9999.000,9999.000,9999.000,9999.000
202604160354,   0.161,9999.000,9999.000,9999.000,9999.000,9999.000,9999.000,9999.000,9999.000
202604160400,   0.086,9999.000,   0.000,   0.037,   0.123,  -0.200,  -0.077,   0.200,   0.323
202604160406,   0.017,9999.000,9999.000,9999.000,9999.000,9999.000,9999.000,9999.000,9999.000
202604160412,  -0.044,9999.000,9999.000,9999.000,9999.000,9999.000,9999.000,9999.000,9999.000
202604160418,  -0.099,9999.000,9999.000,9999.000,9999.000,9999.000,9999.000,9999.000,9999.000
202604160424,  -0.148,9999.000,9999.000,9999.000,9999.000,9999.000,9999.000,9999.000,9999.000
202604160430,  -0.189,9999.000,9999.000,9999.000,9999.000,9999.000,9999.000,9999.000,9999.000
202604160436,  -0.223,9999.000,9999.000,9999.000,9999.000,9999.000,9999.000,9999.000,9999.000
202604160442,  -0.251,9999.000,9999.000,9999.000,9999.000,9999.000,9999.000,9999.000,9999.000
202604160448,  -0.271,9999.000,9999.000,9999.000,9999.000,9999.000,9999.000,9999.000,9999.000
202604160454,  -0.286,9999.000,9999.000,9999.000,9999.000,9999.000,9999.000,9999.000,9999.000
202604160500,  -0.293,9999.000,   0.000,   0.037,  -0.256,  -0.200,  -0.456,   0.200,  -0.056
202604160506,  -0.295,9999.000,9999.000,9999.000,9999.000,9999.000,9999.000,9999.000,9999.000
202604160512,  -0.291,9999.000,9999.000,9999.000,9999.000,9999.000,9999.000,9999.000,9999.000
202604160518,  -0.281,9999.000,9999.000,9999.000,9999.000,9999.000,9999.000,9999.000,9999.000
202604160524,  -0.266,9999.000,9999.000,9999.000,9999.000,9999.000,9999.000,9999.000,9999.000
202604160530,  -0.247,9999.000,9999.000,9999.000,9999.000,9999.000,9999.000,9999.000,9999.000
202604160536,  -0.223,9999.000,9999.000,9999.000,9999.000,9999.000,9999.000,9999.000,9999.000
202604160542,  -0.195,9999.000,9999.000,9999.000,9999.000,9999.000,9999.000,9999.000,9999.000
202604160548,  -0.164,9999.000,9999.000,9999.000,9999.000,9999.000,9999.000,9999.000,9999.000
202604160554,  -0.129,9999.000,9999.000,9999.000,9999.000,9999.000,9999.000,9999.000,9999.000
202604160600,  -0.091,9999.000,   0.000,   0.037,  -0.054,  -0.100,  -0.154,   0.200,   0.146
202604160606,  -0.051,9999.000,9999.000,9999.000,9999.000,9999.000,9999.000,9999.000,9999.000
202604160612,  -0.009,9999.000,9999.000,9999.000,9999.000,9999.000,9999.000,9999.000,9999.000
202604160618,   0.034,9999.000,9999.000,9999.000,9999.000,9999.000,9999.000,9999.000,9999.000
202604160624,   0.081,9999.000,9999.000,9999.000,9999.000,9999.000,9999.000,9999.000,9999.000
202604160630,   0.129,9999.000,9999.000,9999.000,9999.000,9999.000,9999.000,9999.000,9999.000
202604160636,   0.178,9999.000,9999.000,9999.000,9999.000,9999.000,9999.000,9999.000,9999.000
202604160642,   0.229,9999.000,9999.000,9999.000,9999.000,9999.000,9999.000,9999.000,9999.000
202604160648,   0.281,9999.000,9999.000,9999.000,9999.000,9999.000,9999.000,9999.000,9999.000
202604160654,   0.335,9999.000,9999.000,9999.000,9999.000,9999.000,9999.000,9999.000,9999.000
202604160700,   0.390,9999.000,   0.000,   0.037,   0.427,  -0.100,   0.327,   0.200,   0.627
202604160706,   0.447,9999.000,9999.000,9999.000,9999.000,9999.000,9999.000,9999.000,9999.000
202604160712,   0.506,9999.000,9999.000,9999.000,9999.000,9999.000,9999.000,9999.000,9999.000
202604160718,   0.566,9999.000,9999.000,9999.000,9999.000,9999.000,9999.000,9999.000,9999.000
202604160724,   0.629,9999.000,9999.000,9999.000,9999.000,9999.000,9999.000,9999.000,9999.000
202604160730,   0.693,9999.000,9999.000,9999.000,9999.000,9999.000,9999.000,9999.000,9999.000
202604160736,   0.761,9999.000,9999.000,9999.000,9999.000,9999.000,9999.000,9999.000,9999.000
202604160742,   0.831,9999.000,9999.000,9999.000,9999.000,9999.000,9999.000,9999.000,9999.000
202604160748,   0.904,9999.000,9999.000,9999.000,9999.000,9999.000,9999.000,9999.000,9999.000
202604160754,   0.980,9999.000,9999.000,9999.000,9999.000,9999.000,9999.000,9999.000,9999.000
202604160800,   1.059,9999.000,   0.000,   0.037,   1.096,  -0.100,   0.996,   0.200,   1.296
202604160806,   1.142,9999.000,9999.000,9999.000,9999.000,9999.000,9999.000,9999.000,9999.000
202604160812,   1.228,9999.000,9999.000,9999.000,9999.000,9999.000,9999.000,9999.000,9999.000
202604160818,   1.318,9999.000,9999.000,9999.000,9999.000,9999.000,9999.000,9999.000,9999.000
202604160824,   1.411,9999.000,9999.000,9999.000,9999.000,9999.000,9999.000,9999.000,9999.000
202604160830,   1.508,9999.000,9999.000,9999.000,9999.000,9999.000,9999.000,9999.000,9999.000
202604160836,   1.608,9999.000,9999.000,9999.000,9999.000,9999.000,9999.000,9999.000,9999.000
202604160842,   1.712,9999.000,9999.000,9999.000,9999.000,9999.000,9999.000,9999.000,9999.000
202604160848,   1.819,9999.000,9999.000,9999.000,9999.000,9999.000,9999.000,9999.000,9999.000
202604160854,   1.929,9999.000,9999.000,9999.000,9999.000,9999.000,9999.000,9999.000,9999.000
202604160900,   2.042,9999.000,   0.100,   0.037,   2.179,  -0.100,   1.979,   0.200,   2.279
202604160906,   2.157,9999.000,9999.000,9999.000,9999.000,9999.000,9999.000,9999.000,9999.000
202604160912,   2.275,9999.000,9999.000,9999.000,9999.000,9999.000,9999.000,9999.000,9999.000
202604160918,   2.394,9999.000,9999.000,9999.000,9999.000,9999.000,9999.000,9999.000,9999.000
202604160924,   2.515,9999.000,9999.000,9999.000,9999.000,9999.000,9999.000,9999.000,9999.000
202604160930,   2.636,9999.000,9999.000,9999.000,9999.000,9999.000,9999.000,9999.000,9999.000
202604160936,   2.758,9999.000,9999.000,9999.000,9999.000,9999.000,9999.000,9999.000,9999.000
202604160942,   2.880,9999.000,9999.000,9999.000,9999.000,9999.000,9999.000,9999.000,9999.000
202604160948,   3.001,9999.000,9999.000,9999.000,9999.000,9999.000,9999.000,9999.000,9999.000
202604160954,   3.121,9999.000,9999.000,9999.000,9999.000,9999.000,9999.000,9999.000,9999.000
202604161000,   3.238,9999.000,   0.100,   0.037,   3.375,  -0.100,   3.175,   0.300,   3.575
202604161006,   3.354,9999.000,9999.000,9999.000,9999.000,9999.000,9999.000,9999.000,9999.000
202604161012,   3.466,9999.000,9999.000,9999.000,9999.000,9999.000,9999.000,9999.000,9999.000
202604161018,   3.574,9999.000,9999.000,9999.000,9999.000,9999.000,9999.000,9999.000,9999.000
202604161024,   3.679,9999.000,9999.000,9999.000,9999.000,9999.000,9999.000,9999.000,9999.000
202604161030,   3.778,9999.000,9999.000,9999.000,9999.000,9999.000,9999.000,9999.000,9999.000
202604161036,   3.873,9999.000,9999.000,9999.000,9999.000,9999.000,9999.000,9999.000,9999.000
202604161042,   3.961,9999.000,9999.000,9999.000,9999.000,9999.000,9999.000,9999.000,9999.000
202604161048,   4.043,9999.000,9999.000,9999.000,9999.000,9999.000,9999.000,9999.000,9999.000
202604161054,   4.118,9999.000,9999.000,9999.000,9999.000,9999.000,9999.000,9999.000,9999.000
202604161100,   4.185,9999.000,   0.100,   0.037,   4.322,  -0.100,   4.122,   0.300,   4.522
202604161106,   4.245,9999.000,9999.000,9999.000,9999.000,9999.000,9999.000,9999.000,9999.000
202604161112,   4.297,9999.000,9999.000,9999.000,9999.000,9999.000,9999.000,9999.000,9999.000
202604161118,   4.341,9999.000,9999.000,9999.000,9999.000,9999.000,9999.000,9999.000,9999.000
202604161124,   4.375,9999.000,9999.000,9999.000,9999.000,9999.000,9999.000,9999.000,9999.000
202604161130,   4.401,9999.000,9999.000,9999.000,9999.000,9999.000,9999.000,9999.000,9999.000
202604161136,   4.418,9999.000,9999.000,9999.000,9999.000,9999.000,9999.000,9999.000,9999.000
202604161142,   4.426,9999.000,9999.000,9999.000,9999.000,9999.000,9999.000,9999.000,9999.000
202604161148,   4.425,9999.000,9999.000,9999.000,9999.000,9999.000,9999.000,9999.000,9999.000
202604161154,   4.414,9999.000,9999.000,9999.000,9999.000,9999.000,9999.000,9999.000,9999.000
202604161200,   4.394,9999.000,   0.100,   0.037,   4.531,  -0.100,   4.331,   0.300,   4.731
202604161206,   4.365,9999.000,9999.000,9999.000,9999.000,9999.000,9999.000,9999.000,9999.000
202604161212,   4.328,9999.000,9999.000,9999.000,9999.000,9999.000,9999.000,9999.000,9999.000
202604161218,   4.281,9999.000,9999.000,9999.000,9999.000,9999.000,9999.000,9999.000,9999.000
202604161224,   4.226,9999.000,9999.000,9999.000,9999.000,9999.000,9999.000,9999.000,9999.000
202604161230,   4.163,9999.000,9999.000,9999.000,9999.000,9999.000,9999.000,9999.000,9999.000
202604161236,   4.092,9999.000,9999.000,9999.000,9999.000,9999.000,9999.000,9999.000,9999.000
202604161242,   4.014,9999.000,9999.000,9999.000,9999.000,9999.000,9999.000,9999.000,9999.000
202604161248,   3.929,9999.000,9999.000,9999.000,9999.000,9999.000,9999.000,9999.000,9999.000
202604161254,   3.837,9999.000,9999.000,9999.000,9999.000,9999.000,9999.000,9999.000,9999.000
202604161300,   3.738,9999.000,   0.100,   0.037,   3.875,   0.000,   3.775,   0.300,   4.075
202604161306,   3.634,9999.000,9999.000,9999.000,9999.000,9999.000,9999.000,9999.000,9999.000
202604161312,   3.525,9999.000,9999.000,9999.000,9999.000,9999.000,9999.000,9999.000,9999.000
202604161318,   3.410,9999.000,9999.000,9999.000,9999.000,9999.000,9999.000,9999.000,9999.000
202604161324,   3.291,9999.000,9999.000,9999.000,9999.000,9999.000,9999.000,9999.000,9999.000
202604161330,   3.168,9999.000,9999.000,9999.000,9999.000,9999.000,9999.000,9999.000,9999.000
202604161336,   3.042,9999.000,9999.000,9999.000,9999.000,9999.000,9999.000,9999.000,9999.000
202604161342,   2.912,9999.000,9999.000,9999.000,9999.000,9999.000,9999.000,9999.000,9999.000
202604161348,   2.780,9999.000,9999.000,9999.000,9999.000,9999.000,9999.000,9999.000,9999.000
202604161354,   2.646,9999.000,9999.000,9999.000,9999.000,9999.000,9999.000,9999.000,9999.000
202604161400,   2.510,9999.000,   0.100,   0.037,   2.647,   0.000,   2.547,   0.300,   2.847
202604161406,   2.372,9999.000,9999.000,9999.000,9999.000,9999.000,9999.000,9999.000,9999.000
202604161412,   2.233,9999.000,9999.000,9999.000,9999.000,9999.000,9999.000,9999.000,9999.000
202604161418,   2.094,9999.000,9999.000,9999.000,9999.000,9999.000,9999.000,9999.000,9999.000
202604161424,   1.955,9999.000,9999.000,9999.000,9999.000,9999.000,9999.000,9999.000,9999.000
202604161430,   1.816,9999.000,9999.000,9999.000,9999.000,9999.000,9999.000,9999.000,9999.000
202604161436,   1.678,9999.000,9999.000,9999.000,9999.000,9999.000,9999.000,9999.000,9999.000
202604161442,   1.540,9999.000,9999.000,9999.000,9999.000,9999.000,9999.000,9999.000,9999.000
202604161448,   1.404,9999.000,9999.000,9999.000,9999.000,9999.000,9999.000,9999.000,9999.000
202604161454,   1.270,9999.000,9999.000,9999.000,9999.000,9999.000,9999.000,9999.000,9999.000
202604161500,   1.138,9999.000,   0.100,   0.037,   1.275,   0.000,   1.175,   0.300,   1.475
202604161506,   1.008,9999.000,9999.000,9999.000,9999.000,9999.000,9999.000,9999.000,9999.000
202604161512,   0.882,9999.000,9999.000,9999.000,9999.000,9999.000,9999.000,9999.000,9999.000
202604161518,   0.759,9999.000,9999.000,9999.000,9999.000,9999.000,9999.000,9999.000,9999.000
202604161524,   0.639,9999.000,9999.000,9999.000,9999.000,9999.000,9999.000,9999.000,9999.000
202604161530,   0.524,9999.000,9999.000,9999.000,9999.000,9999.000,9999.000,9999.000,9999.000
202604161536,   0.414,9999.000,9999.000,9999.000,9999.000,9999.000,9999.000,9999.000,9999.000
202604161542,   0.309,9999.000,9999.000,9999.000,9999.000,9999.000,9999.000,9999.000,9999.000
202604161548,   0.209,9999.000,9999.000,9999.000,9999.000,9999.000,9999.000,9999.000,9999.000
202604161554,   0.115,9999.000,9999.000,9999.000,9999.000,9999.000,9999.000,9999.000,9999.000
202604161600,   0.027,9999.000,   0.200,   0.037,   0.264,   0.000,   0.064,   0.300,   0.364
202604161606,  -0.053,9999.000,9999.000,9999.000,9999.000,9999.000,9999.000,9999.000,9999.000
202604161612,  -0.127,9999.000,9999.000,9999.000,9999.000,9999.000,9999.000,9999.000,9999.000
202604161618,  -0.194,9999.000,9999.000,9999.000,9999.000,9999.000,9999.000,9999.000,9999.000
202604161624,  -0.254,9999.000,9999.000,9999.000,9999.000,9999.000,9999.000,9999.000,9999.000
202604161630,  -0.306,9999.000,9999.000,9999.000,9999.000,9999.000,9999.000,9999.000,9999.000
202604161636,  -0.350,9999.000,9999.000,9999.000,9999.000,9999.000,9999.000,9999.000,9999.000
202604161642,  -0.386,9999.000,9999.000,9999.000,9999.000,9999.000,9999.000,9999.000,9999.000
202604161648,  -0.414,9999.000,9999.000,9999.000,9999.000,9999.000,9999.000,9999.000,9999.000
202604161654,  -0.435,9999.000,9999.000,9999.000,9999.000,9999.000,9999.000,9999.000,9999.000
202604161700,  -0.448,9999.000,   0.200,   0.037,  -0.211,   0.000,  -0.411,   0.300,  -0.111
202604161706,  -0.453,9999.000,9999.000,9999.000,9999.000,9999.000,9999.000,9999.000,9999.000
202604161712,  -0.450,9999.000,9999.000,9999.000,9999.000,9999.000,9999.000,9999.000,9999.000
202604161718,  -0.440,9999.000,9999.000,9999.000,9999.000,9999.000,9999.000,9999.000,9999.000
202604161724,  -0.424,9999.000,9999.000,9999.000,9999.000,9999.000,9999.000,9999.000,9999.000
202604161730,  -0.400,9999.000,9999.000,9999.000,9999.000,9999.000,9999.000,9999.000,9999.000
202604161736,  -0.371,9999.000,9999.000,9999.000,9999.000,9999.000,9999.000,9999.000,9999.000
202604161742,  -0.335,9999.000,9999.000,9999.000,9999.000,9999.000,9999.000,9999.000,9999.000
202604161748,  -0.294,9999.000,9999.000,9999.000,9999.000,9999.000,9999.000,9999.000,9999.000
202604161754,  -0.249,9999.000,9999.000,9999.000,9999.000,9999.000,9999.000,9999.000,9999.000
202604161800,  -0.198,9999.000,   0.200,   0.037,   0.039,   0.000,  -0.161,   0.400,   0.239
