        TIME,    TIDE,      OB,   SURGE,    BIAS,     TWL,SURGE90p,  TWL90p,SURGE10p,   TWL10p
202604261200,   0.193,   0.810,   0.700,  -0.083,   0.810,   0.700,   0.810,   0.700,   0.810
202604261206,   0.199,9999.000,9999.000,9999.000,9999.000,9999.000,9999.000,9999.000,9999.000
202604261212,   0.206,   0.810,9999.000,9999.000,9999.000,9999.000,9999.000,9999.000,9999.000
202604261218,   0.215,9999.000,9999.000,9999.000,9999.000,9999.000,9999.000,9999.000,9999.000
202604261224,   0.226,   0.819,9999.000,9999.000,9999.000,9999.000,9999.000,9999.000,9999.000
202604261230,   0.238,9999.000,9999.000,9999.000,9999.000,9999.000,9999.000,9999.000,9999.000
202604261236,   0.251,   0.829,9999.000,9999.000,9999.000,9999.000,9999.000,9999.000,9999.000
202604261242,   0.266,9999.000,9999.000,9999.000,9999.000,9999.000,9999.000,9999.000,9999.000
202604261248,   0.282,   0.849,9999.000,9999.000,9999.000,9999.000,9999.000,9999.000,9999.000
202604261254,   0.300,9999.000,9999.000,9999.000,9999.000,9999.000,9999.000,9999.000,9999.000
202604261300,   0.319,   0.879,   0.700,  -0.140,   0.879,   0.700,   0.879,   0.700,   0.879
202604261306,   0.340,   0.908,9999.000,9999.000,9999.000,9999.000,9999.000,9999.000,9999.000
202604261312,   0.361,   0.908,9999.000,9999.000,9999.000,9999.000,9999.000,9999.000,9999.000
202604261318,   0.384,   0.941,9999.000,9999.000,9999.000,9999.000,9999.000,9999.000,9999.000
202604261324,   0.408,   0.951,9999.000,9999.000,9999.000,9999.000,9999.000,9999.000,9999.000
202604261330,   0.432,   0.980,9999.000,9999.000,9999.000,9999.000,9999.000,9999.000,9999.000
202604261336,   0.458,   0.990,9999.000,9999.000,9999.000,9999.000,9999.000,9999.000,9999.000
202604261342,   0.485,   1.010,9999.000,9999.000,9999.000,9999.000,9999.000,9999.000,9999.000
202604261348,   0.512,   1.039,9999.000,9999.000,9999.000,9999.000,9999.000,9999.000,9999.000
202604261354,   0.540,   1.059,9999.000,9999.000,9999.000,9999.000,9999.000,9999.000,9999.000
202604261400,   0.568,   1.088,   0.700,  -0.180,   1.088,   0.700,   1.088,   0.700,   1.088
202604261406,   0.597,   1.108,9999.000,9999.000,9999.000,9999.000,9999.000,9999.000,9999.000
202604261412,   0.626,   1.138,9999.000,9999.000,9999.000,9999.000,9999.000,9999.000,9999.000
202604261418,   0.655,   1.180,9999.000,9999.000,9999.000,9999.000,9999.000,9999.000,9999.000
202604261424,   0.684,   1.200,9999.000,9999.000,9999.000,9999.000,9999.000,9999.000,9999.000
202604261430,   0.713,   1.239,9999.000,9999.000,9999.000,9999.000,9999.000,9999.000,9999.000
202604261436,   0.742,   1.279,9999.000,9999.000,9999.000,9999.000,9999.000,9999.000,9999.000
202604261442,   0.771,   1.308,9999.000,9999.000,9999.000,9999.000,9999.000,9999.000,9999.000
202604261448,   0.800,   1.338,9999.000,9999.000,9999.000,9999.000,9999.000,9999.000,9999.000
202604261454,   0.828,   1.390,9999.000,9999.000,9999.000,9999.000,9999.000,9999.000,9999.000
202604261500,   0.856,   1.430,   0.700,  -0.126,   1.430,   0.700,   1.430,   0.700,   1.430
202604261506,   0.884,   1.459,9999.000,9999.000,9999.000,9999.000,9999.000,9999.000,9999.000
202604261512,   0.910,   1.489,9999.000,9999.000,9999.000,9999.000,9999.000,9999.000,9999.000
202604261518,   0.936,   1.528,9999.000,9999.000,9999.000,9999.000,9999.000,9999.000,9999.000
202604261524,   0.962,   1.557,9999.000,9999.000,9999.000,9999.000,9999.000,9999.000,9999.000
202604261530,   0.987,   1.590,9999.000,9999.000,9999.000,9999.000,9999.000,9999.000,9999.000
202604261536,   1.011,   1.610,9999.000,9999.000,9999.000,9999.000,9999.000,9999.000,9999.000
202604261542,   1.034,   1.630,9999.000,9999.000,9999.000,9999.000,9999.000,9999.000,9999.000
202604261548,   1.056,   1.669,9999.000,9999.000,9999.000,9999.000,9999.000,9999.000,9999.000
202604261554,   1.077,   1.689,9999.000,9999.000,9999.000,9999.000,9999.000,9999.000,9999.000
202604261600,   1.098,   1.718,   0.700,  -0.080,   1.718,   0.700,   1.718,   0.700,   1.718
202604261606,   1.117,   1.758,9999.000,9999.000,9999.000,9999.000,9999.000,9999.000,9999.000
202604261612,   1.136,   1.781,9999.000,9999.000,9999.000,9999.000,9999.000,9999.000,9999.000
202604261618,   1.154,   1.800,9999.000,9999.000,9999.000,9999.000,9999.000,9999.000,9999.000
202604261624,   1.171,   1.830,9999.000,9999.000,9999.000,9999.000,9999.000,9999.000,9999.000
202604261630,   1.186,   1.849,9999.000,9999.000,9999.000,9999.000,9999.000,9999.000,9999.000
202604261636,   1.201,   1.859,9999.000,9999.000,9999.000,9999.000,9999.000,9999.000,9999.000
202604261642,   1.215,   1.879,9999.000,9999.000,9999.000,9999.000,9999.000,9999.000,9999.000
202604261648,   1.228,   1.908,9999.000,9999.000,9999.000,9999.000,9999.000,9999.000,9999.000
202604261654,   1.240,   1.938,9999.000,9999.000,9999.000,9999.000,9999.000,9999.000,9999.000
202604261700,   1.251,   1.948,   0.700,  -0.003,   1.948,   0.700,   1.948,   0.700,   1.948
202604261706,   1.261,   1.967,9999.000,9999.000,9999.000,9999.000,9999.000,9999.000,9999.000
202604261712,   1.270,   1.990,9999.000,9999.000,9999.000,9999.000,9999.000,9999.000,9999.000
202604261718,   1.278,   2.030,9999.000,9999.000,9999.000,9999.000,9999.000,9999.000,9999.000
202604261724,   1.285,   2.040,9999.000,9999.000,9999.000,9999.000,9999.000,9999.000,9999.000
202604261730,   1.291,   2.049,9999.000,9999.000,9999.000,9999.000,9999.000,9999.000,9999.000
202604261736,   1.296,   2.079,9999.000,9999.000,9999.000,9999.000,9999.000,9999.000,9999.000
202604261742,   1.300,   2.079,9999.000,9999.000,9999.000,9999.000,9999.000,9999.000,9999.000
202604261748,   1.303,   2.109,9999.000,9999.000,9999.000,9999.000,9999.000,9999.000,9999.000
202604261754,   1.305,   2.118,9999.000,9999.000,9999.000,9999.000,9999.000,9999.000,9999.000
202604261800,   1.306,   2.138,   0.600,   0.232,   2.138,   0.600,   2.138,   0.600,   2.138
202604261806,   1.306,   2.138,9999.000,9999.000,9999.000,9999.000,9999.000,9999.000,9999.000
202604261812,   1.305,   2.148,9999.000,9999.000,9999.000,9999.000,9999.000,9999.000,9999.000
202604261818,   1.303,   2.148,9999.000,9999.000,9999.000,9999.000,9999.000,9999.000,9999.000
202604261824,   1.300,   2.148,9999.000,9999.000,9999.000,9999.000,9999.000,9999.000,9999.000
202604261830,   1.296,   2.148,9999.000,9999.000,9999.000,9999.000,9999.000,9999.000,9999.000
202604261836,   1.292,   2.158,9999.000,9999.000,9999.000,9999.000,9999.000,9999.000,9999.000
202604261842,   1.286,   2.158,9999.000,9999.000,9999.000,9999.000,9999.000,9999.000,9999.000
202604261848,   1.279,   2.148,9999.000,9999.000,9999.000,9999.000,9999.000,9999.000,9999.000
202604261854,   1.272,   2.158,9999.000,9999.000,9999.000,9999.000,9999.000,9999.000,9999.000
202604261900,   1.263,   2.138,   0.600,   0.275,   2.138,   0.600,   2.138,   0.600,   2.138
202604261906,   1.254,   2.128,9999.000,9999.000,9999.000,9999.000,9999.000,9999.000,9999.000
202604261912,   1.244,   2.138,9999.000,9999.000,9999.000,9999.000,9999.000,9999.000,9999.000
202604261918,   1.233,   2.118,9999.000,9999.000,9999.000,9999.000,9999.000,9999.000,9999.000
202604261924,   1.222,   2.099,9999.000,9999.000,9999.000,9999.000,9999.000,9999.000,9999.000
202604261930,   1.210,   2.079,9999.000,9999.000,9999.000,9999.000,9999.000,9999.000,9999.000
202604261936,   1.197,   2.069,9999.000,9999.000,9999.000,9999.000,9999.000,9999.000,9999.000
202604261942,   1.183,   2.059,9999.000,9999.000,9999.000,9999.000,9999.000,9999.000,9999.000
202604261948,   1.169,   2.049,9999.000,9999.000,9999.000,9999.000,9999.000,9999.000,9999.000
202604261954,   1.155,   2.020,9999.000,9999.000,9999.000,9999.000,9999.000,9999.000,9999.000
202604262000,   1.140,   1.981,   0.600,   0.241,   1.981,   0.600,   1.981,   0.600,   1.981
202604262006,   1.124,   1.958,9999.000,9999.000,9999.000,9999.000,9999.000,9999.000,9999.000
202604262012,   1.108,   1.948,9999.000,9999.000,9999.000,9999.000,9999.000,9999.000,9999.000
202604262018,   1.092,   1.918,9999.000,9999.000,9999.000,9999.000,9999.000,9999.000,9999.000
202604262024,   1.076,   1.889,9999.000,9999.000,9999.000,9999.000,9999.000,9999.000,9999.000
202604262030,   1.059,   1.859,9999.000,9999.000,9999.000,9999.000,9999.000,9999.000,9999.000
202604262036,   1.042,   1.830,9999.000,9999.000,9999.000,9999.000,9999.000,9999.000,9999.000
202604262042,   1.025,   1.849,9999.000,9999.000,9999.000,9999.000,9999.000,9999.000,9999.000
202604262048,   1.008,   1.830,9999.000,9999.000,9999.000,9999.000,9999.000,9999.000,9999.000
202604262054,   0.991,   1.830,9999.000,9999.000,9999.000,9999.000,9999.000,9999.000,9999.000
202604262100,   0.974,   1.810,   0.600,   0.236,   1.810,   0.600,   1.810,   0.600,   1.810
202604262106,   0.957,   1.767,9999.000,9999.000,9999.000,9999.000,9999.000,9999.000,9999.000
202604262112,   0.940,   1.728,9999.000,9999.000,9999.000,9999.000,9999.000,9999.000,9999.000
202604262118,   0.923,   1.699,9999.000,9999.000,9999.000,9999.000,9999.000,9999.000,9999.000
202604262124,   0.906,   1.689,9999.000,9999.000,9999.000,9999.000,9999.000,9999.000,9999.000
202604262130,   0.890,   1.649,9999.000,9999.000,9999.000,9999.000,9999.000,9999.000,9999.000
202604262136,   0.873,   1.620,9999.000,9999.000,9999.000,9999.000,9999.000,9999.000,9999.000
202604262142,   0.857,   1.580,9999.000,9999.000,9999.000,9999.000,9999.000,9999.000,9999.000
202604262148,   0.841,   1.548,9999.000,9999.000,9999.000,9999.000,9999.000,9999.000,9999.000
202604262154,   0.825,   1.508,9999.000,9999.000,9999.000,9999.000,9999.000,9999.000,9999.000
202604262200,   0.810,   1.498,   0.600,   0.088,   1.498,   0.600,   1.498,   0.600,   1.498
202604262206,   0.795,   1.518,9999.000,9999.000,9999.000,9999.000,9999.000,9999.000,9999.000
202604262212,   0.780,   1.508,9999.000,9999.000,9999.000,9999.000,9999.000,9999.000,9999.000
202604262218,   0.766,   1.508,9999.000,9999.000,9999.000,9999.000,9999.000,9999.000,9999.000
202604262224,   0.752,   1.489,9999.000,9999.000,9999.000,9999.000,9999.000,9999.000,9999.000
202604262230,   0.739,   1.498,9999.000,9999.000,9999.000,9999.000,9999.000,9999.000,9999.000
202604262236,   0.726,   1.498,9999.000,9999.000,9999.000,9999.000,9999.000,9999.000,9999.000
202604262242,   0.714,   1.489,9999.000,9999.000,9999.000,9999.000,9999.000,9999.000,9999.000
202604262248,   0.703,   1.508,9999.000,9999.000,9999.000,9999.000,9999.000,9999.000,9999.000
202604262254,   0.692,   1.498,9999.000,9999.000,9999.000,9999.000,9999.000,9999.000,9999.000
202604262300,   0.681,   1.439,   0.600,   0.158,   1.439,   0.600,   1.439,   0.600,   1.439
202604262306,   0.672,   1.380,9999.000,9999.000,9999.000,9999.000,9999.000,9999.000,9999.000
202604262312,   0.663,   1.338,9999.000,9999.000,9999.000,9999.000,9999.000,9999.000,9999.000
202604262318,   0.655,   1.298,9999.000,9999.000,9999.000,9999.000,9999.000,9999.000,9999.000
202604262324,   0.648,   1.269,9999.000,9999.000,9999.000,9999.000,9999.000,9999.000,9999.000
202604262330,   0.642,   1.249,9999.000,9999.000,9999.000,9999.000,9999.000,9999.000,9999.000
202604262336,   0.636,   1.298,9999.000,9999.000,9999.000,9999.000,9999.000,9999.000,9999.000
202604262342,   0.632,   1.318,9999.000,9999.000,9999.000,9999.000,9999.000,9999.000,9999.000
202604262348,   0.629,   1.338,9999.000,9999.000,9999.000,9999.000,9999.000,9999.000,9999.000
202604262354,   0.627,   1.371,9999.000,9999.000,9999.000,9999.000,9999.000,9999.000,9999.000
202604270000,   0.626,   1.410,   0.600,   0.184,   1.410,   0.600,   1.410,   0.700,   1.510
202604270006,   0.626,   1.380,9999.000,9999.000,9999.000,9999.000,9999.000,9999.000,9999.000
202604270012,   0.627,   1.348,9999.000,9999.000,9999.000,9999.000,9999.000,9999.000,9999.000
202604270018,   0.630,   1.318,9999.000,9999.000,9999.000,9999.000,9999.000,9999.000,9999.000
202604270024,   0.633,   1.328,9999.000,9999.000,9999.000,9999.000,9999.000,9999.000,9999.000
202604270030,   0.638,   1.338,9999.000,9999.000,9999.000,9999.000,9999.000,9999.000,9999.000
202604270036,   0.644,   1.338,9999.000,9999.000,9999.000,9999.000,9999.000,9999.000,9999.000
202604270042,   0.651,   1.361,9999.000,9999.000,9999.000,9999.000,9999.000,9999.000,9999.000
202604270048,   0.660,   1.400,9999.000,9999.000,9999.000,9999.000,9999.000,9999.000,9999.000
202604270054,   0.669,   1.390,9999.000,9999.000,9999.000,9999.000,9999.000,9999.000,9999.000
202604270100,   0.680,   1.348,   0.600,   0.068,   1.348,   0.600,   1.348,   0.700,   1.448
202604270106,   0.691,   1.338,9999.000,9999.000,9999.000,9999.000,9999.000,9999.000,9999.000
202604270112,   0.704,   1.338,9999.000,9999.000,9999.000,9999.000,9999.000,9999.000,9999.000
202604270118,   0.718,   1.318,9999.000,9999.000,9999.000,9999.000,9999.000,9999.000,9999.000
202604270124,   0.732,   1.298,9999.000,9999.000,9999.000,9999.000,9999.000,9999.000,9999.000
202604270130,   0.748,   1.328,9999.000,9999.000,9999.000,9999.000,9999.000,9999.000,9999.000
202604270136,   0.764,   1.348,9999.000,9999.000,9999.000,9999.000,9999.000,9999.000,9999.000
202604270142,   0.781,   1.380,9999.000,9999.000,9999.000,9999.000,9999.000,9999.000,9999.000
202604270148,   0.799,   1.430,9999.000,9999.000,9999.000,9999.000,9999.000,9999.000,9999.000
202604270154,   0.817,   1.459,9999.000,9999.000,9999.000,9999.000,9999.000,9999.000,9999.000
202604270200,   0.835,   1.498,   0.600,   0.063,   1.498,   0.600,   1.498,   0.700,   1.598
202604270206,   0.854,   1.498,9999.000,9999.000,9999.000,9999.000,9999.000,9999.000,9999.000
202604270212,   0.873,   1.498,9999.000,9999.000,9999.000,9999.000,9999.000,9999.000,9999.000
202604270218,   0.893,   1.508,9999.000,9999.000,9999.000,9999.000,9999.000,9999.000,9999.000
202604270224,   0.912,   1.508,9999.000,9999.000,9999.000,9999.000,9999.000,9999.000,9999.000
202604270230,   0.932,   1.528,9999.000,9999.000,9999.000,9999.000,9999.000,9999.000,9999.000
202604270236,   0.951,   1.548,9999.000,9999.000,9999.000,9999.000,9999.000,9999.000,9999.000
202604270242,   0.970,   1.571,9999.000,9999.000,9999.000,9999.000,9999.000,9999.000,9999.000
202604270248,   0.989,   1.580,9999.000,9999.000,9999.000,9999.000,9999.000,9999.000,9999.000
202604270254,   1.008,   1.630,9999.000,9999.000,9999.000,9999.000,9999.000,9999.000,9999.000
202604270300,   1.026,   1.659,   0.600,   0.033,   1.659,   0.600,   1.659,   0.700,   1.759
202604270306,   1.044,   1.659,9999.000,9999.000,9999.000,9999.000,9999.000,9999.000,9999.000
202604270312,   1.061,   1.679,9999.000,9999.000,9999.000,9999.000,9999.000,9999.000,9999.000
202604270318,   1.078,   1.718,9999.000,9999.000,9999.000,9999.000,9999.000,9999.000,9999.000
202604270324,   1.094,   1.738,9999.000,9999.000,9999.000,9999.000,9999.000,9999.000,9999.000
202604270330,   1.109,   1.767,9999.000,9999.000,9999.000,9999.000,9999.000,9999.000,9999.000
202604270336,   1.124,   1.790,9999.000,9999.000,9999.000,9999.000,9999.000,9999.000,9999.000
202604270342,   1.138,   1.810,9999.000,9999.000,9999.000,9999.000,9999.000,9999.000,9999.000
202604270348,   1.151,   1.830,9999.000,9999.000,9999.000,9999.000,9999.000,9999.000,9999.000
202604270354,   1.164,   1.830,9999.000,9999.000,9999.000,9999.000,9999.000,9999.000,9999.000
202604270400,   1.175,   1.830,   0.600,   0.055,   1.830,   0.600,   1.830,   0.700,   1.930
202604270406,   1.186,   1.810,9999.000,9999.000,9999.000,9999.000,9999.000,9999.000,9999.000
202604270412,   1.197,   1.820,9999.000,9999.000,9999.000,9999.000,9999.000,9999.000,9999.000
202604270418,   1.206,   1.820,9999.000,9999.000,9999.000,9999.000,9999.000,9999.000,9999.000
202604270424,   1.215,   1.840,9999.000,9999.000,9999.000,9999.000,9999.000,9999.000,9999.000
202604270430,   1.222,   1.859,9999.000,9999.000,9999.000,9999.000,9999.000,9999.000,9999.000
202604270436,   1.230,   1.889,9999.000,9999.000,9999.000,9999.000,9999.000,9999.000,9999.000
202604270442,   1.236,   1.918,9999.000,9999.000,9999.000,9999.000,9999.000,9999.000,9999.000
202604270448,   1.241,   1.948,9999.000,9999.000,9999.000,9999.000,9999.000,9999.000,9999.000
202604270454,   1.246,   1.967,9999.000,9999.000,9999.000,9999.000,9999.000,9999.000,9999.000
202604270500,   1.250,   1.981,   0.600,   0.131,   1.981,   0.600,   1.981,   0.700,   2.081
202604270506,   1.254,   1.990,9999.000,9999.000,9999.000,9999.000,9999.000,9999.000,9999.000
202604270512,   1.256,   2.000,9999.000,9999.000,9999.000,9999.000,9999.000,9999.000,9999.000
202604270518,   1.258,   2.000,9999.000,9999.000,9999.000,9999.000,9999.000,9999.000,9999.000
202604270524,   1.259,   2.000,9999.000,9999.000,9999.000,9999.000,9999.000,9999.000,9999.000
202604270530,   1.260,   1.990,9999.000,9999.000,9999.000,9999.000,9999.000,9999.000,9999.000
202604270536,   1.260,   1.990,9999.000,9999.000,9999.000,9999.000,9999.000,9999.000,9999.000
202604270542,   1.259,   1.990,9999.000,9999.000,9999.000,9999.000,9999.000,9999.000,9999.000
202604270548,   1.257,   2.000,9999.000,9999.000,9999.000,9999.000,9999.000,9999.000,9999.000
202604270554,   1.255,   1.990,9999.000,9999.000,9999.000,9999.000,9999.000,9999.000,9999.000
202604270600,   1.251,   2.000,   0.700,   0.049,   2.000,   0.700,   2.000,   0.700,   2.000
202604270606,   1.248,   1.990,9999.000,9999.000,9999.000,9999.000,9999.000,9999.000,9999.000
202604270612,   1.243,   1.990,9999.000,9999.000,9999.000,9999.000,9999.000,9999.000,9999.000
202604270618,   1.238,   1.981,9999.000,9999.000,9999.000,9999.000,9999.000,9999.000,9999.000
202604270624,   1.232,   1.990,9999.000,9999.000,9999.000,9999.000,9999.000,9999.000,9999.000
202604270630,   1.225,   1.990,9999.000,9999.000,9999.000,9999.000,9999.000,9999.000,9999.000
202604270636,   1.218,   1.981,9999.000,9999.000,9999.000,9999.000,9999.000,9999.000,9999.000
202604270642,   1.210,   1.967,9999.000,9999.000,9999.000,9999.000,9999.000,9999.000,9999.000
202604270648,   1.201,   1.948,9999.000,9999.000,9999.000,9999.000,9999.000,9999.000,9999.000
202604270654,   1.191,   1.928,9999.000,9999.000,9999.000,9999.000,9999.000,9999.000,9999.000
202604270700,   1.181,   1.918,   0.700,   0.037,   1.918,   0.700,   1.918,   0.700,   1.918
202604270706,   1.170,   1.889,9999.000,9999.000,9999.000,9999.000,9999.000,9999.000,9999.000
202604270712,   1.159,   1.869,9999.000,9999.000,9999.000,9999.000,9999.000,9999.000,9999.000
202604270718,   1.147,   1.859,9999.000,9999.000,9999.000,9999.000,9999.000,9999.000,9999.000
202604270724,   1.134,   1.849,9999.000,9999.000,9999.000,9999.000,9999.000,9999.000,9999.000
202604270730,   1.120,   1.820,9999.000,9999.000,9999.000,9999.000,9999.000,9999.000,9999.000
202604270736,   1.106,   1.790,9999.000,9999.000,9999.000,9999.000,9999.000,9999.000,9999.000
202604270742,   1.092,   1.767,9999.000,9999.000,9999.000,9999.000,9999.000,9999.000,9999.000
202604270748,   1.077,   1.738,9999.000,9999.000,9999.000,9999.000,9999.000,9999.000,9999.000
202604270754,   1.061,   1.718,9999.000,9999.000,9999.000,9999.000,9999.000,9999.000,9999.000
202604270800,   1.045,   1.699,   0.700,  -0.046,   1.699,   0.700,   1.699,   0.700,   1.699
202604270806,   1.029,   1.699,9999.000,9999.000,9999.000,9999.000,9999.000,9999.000,9999.000
202604270812,   1.012,   1.679,9999.000,9999.000,9999.000,9999.000,9999.000,9999.000,9999.000
202604270818,   0.995,   1.649,9999.000,9999.000,9999.000,9999.000,9999.000,9999.000,9999.000
202604270824,   0.978,   1.630,9999.000,9999.000,9999.000,9999.000,9999.000,9999.000,9999.000
202604270830,   0.960,   1.610,9999.000,9999.000,9999.000,9999.000,9999.000,9999.000,9999.000
202604270836,   0.942,   1.571,9999.000,9999.000,9999.000,9999.000,9999.000,9999.000,9999.000
202604270842,   0.924,   1.557,9999.000,9999.000,9999.000,9999.000,9999.000,9999.000,9999.000
202604270848,   0.905,   1.528,9999.000,9999.000,9999.000,9999.000,9999.000,9999.000,9999.000
202604270854,   0.887,   1.508,9999.000,9999.000,9999.000,9999.000,9999.000,9999.000,9999.000
202604270900,   0.868,   1.489,   0.700,  -0.079,   1.489,   0.700,   1.489,   0.700,   1.489
202604270906,   0.849,   1.469,9999.000,9999.000,9999.000,9999.000,9999.000,9999.000,9999.000
202604270912,   0.830,   1.439,9999.000,9999.000,9999.000,9999.000,9999.000,9999.000,9999.000
202604270918,   0.811,   1.420,9999.000,9999.000,9999.000,9999.000,9999.000,9999.000,9999.000
202604270924,   0.792,   1.410,9999.000,9999.000,9999.000,9999.000,9999.000,9999.000,9999.000
202604270930,   0.774,   1.371,9999.000,9999.000,9999.000,9999.000,9999.000,9999.000,9999.000
202604270936,   0.755,   1.348,9999.000,9999.000,9999.000,9999.000,9999.000,9999.000,9999.000
202604270942,   0.736,   1.328,9999.000,9999.000,9999.000,9999.000,9999.000,9999.000,9999.000
202604270948,   0.717,   1.308,9999.000,9999.000,9999.000,9999.000,9999.000,9999.000,9999.000
202604270954,   0.699,   1.269,9999.000,9999.000,9999.000,9999.000,9999.000,9999.000,9999.000
202604271000,   0.681,   1.239,   0.700,  -0.142,   1.239,   0.600,   1.139,   0.700,   1.239
202604271006,   0.662,   1.220,9999.000,9999.000,9999.000,9999.000,9999.000,9999.000,9999.000
202604271012,   0.644,   1.180,9999.000,9999.000,9999.000,9999.000,9999.000,9999.000,9999.000
202604271018,   0.627,   1.151,9999.000,9999.000,9999.000,9999.000,9999.000,9999.000,9999.000
202604271024,   0.609,   1.138,9999.000,9999.000,9999.000,9999.000,9999.000,9999.000,9999.000
202604271030,   0.592,   1.128,9999.000,9999.000,9999.000,9999.000,9999.000,9999.000,9999.000
202604271036,   0.576,   1.088,9999.000,9999.000,9999.000,9999.000,9999.000,9999.000,9999.000
202604271042,   0.559,   1.059,9999.000,9999.000,9999.000,9999.000,9999.000,9999.000,9999.000
202604271048,   0.544,   1.049,9999.000,9999.000,9999.000,9999.000,9999.000,9999.000,9999.000
202604271054,   0.528,   1.020,9999.000,9999.000,9999.000,9999.000,9999.000,9999.000,9999.000
202604271100,   0.514,   1.000,   0.600,  -0.114,   1.000,   0.600,   1.000,   0.700,   1.100
202604271106,   0.499,   1.000,9999.000,9999.000,9999.000,9999.000,9999.000,9999.000,9999.000
202604271112,   0.486,   1.000,9999.000,9999.000,9999.000,9999.000,9999.000,9999.000,9999.000
202604271118,   0.473,   0.990,9999.000,9999.000,9999.000,9999.000,9999.000,9999.000,9999.000
202604271124,   0.461,   0.970,9999.000,9999.000,9999.000,9999.000,9999.000,9999.000,9999.000
202604271130,   0.450,   0.951,9999.000,9999.000,9999.000,9999.000,9999.000,9999.000,9999.000
202604271136,   0.440,   0.951,9999.000,9999.000,9999.000,9999.000,9999.000,9999.000,9999.000
202604271142,   0.431,   0.961,9999.000,9999.000,9999.000,9999.000,9999.000,9999.000,9999.000
202604271148,   0.423,   0.961,9999.000,9999.000,9999.000,9999.000,9999.000,9999.000,9999.000
202604271154,   0.416,   0.951,9999.000,9999.000,9999.000,9999.000,9999.000,9999.000,9999.000
202604271200,   0.410,   0.961,   0.600,  -0.049,   0.961,   0.600,   0.961,   0.700,   1.061
202604271206,   0.406,   0.951,9999.000,9999.000,9999.000,9999.000,9999.000,9999.000,9999.000
202604271212,   0.402,   0.941,9999.000,9999.000,9999.000,9999.000,9999.000,9999.000,9999.000
202604271218,   0.400,   0.961,9999.000,9999.000,9999.000,9999.000,9999.000,9999.000,9999.000
202604271224,   0.400,   0.961,9999.000,9999.000,9999.000,9999.000,9999.000,9999.000,9999.000
202604271230,   0.401,   0.961,9999.000,9999.000,9999.000,9999.000,9999.000,9999.000,9999.000
202604271236,   0.403,   0.951,9999.000,9999.000,9999.000,9999.000,9999.000,9999.000,9999.000
202604271242,   0.407,   0.961,9999.000,9999.000,9999.000,9999.000,9999.000,9999.000,9999.000
202604271248,   0.412,   0.980,9999.000,9999.000,9999.000,9999.000,9999.000,9999.000,9999.000
202604271254,   0.419,   1.020,9999.000,9999.000,9999.000,9999.000,9999.000,9999.000,9999.000
202604271300,   0.427,   1.049,   0.600,   0.022,   1.049,   0.600,   1.049,   0.700,   1.149
202604271306,   0.437,   1.069,9999.000,9999.000,9999.000,9999.000,9999.000,9999.000,9999.000
202604271312,   0.448,   1.079,9999.000,9999.000,9999.000,9999.000,9999.000,9999.000,9999.000
202604271318,   0.461,   1.098,9999.000,9999.000,9999.000,9999.000,9999.000,9999.000,9999.000
202604271324,   0.475,   1.098,9999.000,9999.000,9999.000,9999.000,9999.000,9999.000,9999.000
202604271330,   0.490,   1.118,9999.000,9999.000,9999.000,9999.000,9999.000,9999.000,9999.000
202604271336,   0.507,   1.161,9999.000,9999.000,9999.000,9999.000,9999.000,9999.000,9999.000
202604271342,   0.525,   1.190,9999.000,9999.000,9999.000,9999.000,9999.000,9999.000,9999.000
202604271348,   0.544,   1.210,9999.000,9999.000,9999.000,9999.000,9999.000,9999.000,9999.000
202604271354,   0.565,   1.220,9999.000,9999.000,9999.000,9999.000,9999.000,9999.000,9999.000
202604271400,   0.586,   1.249,   0.600,   0.063,   1.249,   0.600,   1.249,   0.700,   1.349
202604271406,   0.608,   1.269,9999.000,9999.000,9999.000,9999.000,9999.000,9999.000,9999.000
202604271412,   0.632,   1.289,9999.000,9999.000,9999.000,9999.000,9999.000,9999.000,9999.000
202604271418,   0.656,   1.318,9999.000,9999.000,9999.000,9999.000,9999.000,9999.000,9999.000
202604271424,   0.680,   1.348,9999.000,9999.000,9999.000,9999.000,9999.000,9999.000,9999.000
202604271430,   0.706,   1.361,9999.000,9999.000,9999.000,9999.000,9999.000,9999.000,9999.000
202604271436,   0.731,   1.380,9999.000,9999.000,9999.000,9999.000,9999.000,9999.000,9999.000
202604271442,   0.758,   1.410,9999.000,9999.000,9999.000,9999.000,9999.000,9999.000,9999.000
202604271448,   0.784,   1.430,9999.000,9999.000,9999.000,9999.000,9999.000,9999.000,9999.000
202604271454,   0.811,   1.449,9999.000,9999.000,9999.000,9999.000,9999.000,9999.000,9999.000
202604271500,   0.837,   1.459,   0.600,   0.022,   1.459,   0.600,   1.459,   0.700,   1.559
202604271506,   0.864,   1.479,9999.000,9999.000,9999.000,9999.000,9999.000,9999.000,9999.000
202604271512,   0.891,   1.518,9999.000,9999.000,9999.000,9999.000,9999.000,9999.000,9999.000
202604271518,   0.917,   1.538,9999.000,9999.000,9999.000,9999.000,9999.000,9999.000,9999.000
202604271524,   0.943,   1.557,9999.000,9999.000,9999.000,9999.000,9999.000,9999.000,9999.000
202604271530,   0.969,   1.580,9999.000,9999.000,9999.000,9999.000,9999.000,9999.000,9999.000
202604271536,   0.994,   1.600,9999.000,9999.000,9999.000,9999.000,9999.000,9999.000,9999.000
202604271542,   1.019,   1.610,9999.000,9999.000,9999.000,9999.000,9999.000,9999.000,9999.000
202604271548,   1.044,   1.639,9999.000,9999.000,9999.000,9999.000,9999.000,9999.000,9999.000
202604271554,   1.067,   1.659,9999.000,9999.000,9999.000,9999.000,9999.000,9999.000,9999.000
202604271600,   1.091,   1.689,   0.600,  -0.002,   1.689,   0.600,   1.689,   0.700,   1.789
202604271606,   1.113,   1.708,9999.000,9999.000,9999.000,9999.000,9999.000,9999.000,9999.000
202604271612,   1.135,   1.708,9999.000,9999.000,9999.000,9999.000,9999.000,9999.000,9999.000
202604271618,   1.156,   1.718,9999.000,9999.000,9999.000,9999.000,9999.000,9999.000,9999.000
202604271624,   1.176,   1.738,9999.000,9999.000,9999.000,9999.000,9999.000,9999.000,9999.000
202604271630,   1.195,   1.748,9999.000,9999.000,9999.000,9999.000,9999.000,9999.000,9999.000
202604271636,   1.214,   1.758,9999.000,9999.000,9999.000,9999.000,9999.000,9999.000,9999.000
202604271642,   1.231,   1.767,9999.000,9999.000,9999.000,9999.000,9999.000,9999.000,9999.000
202604271648,   1.248,   1.781,9999.000,9999.000,9999.000,9999.000,9999.000,9999.000,9999.000
202604271654,   1.263,   1.767,9999.000,9999.000,9999.000,9999.000,9999.000,9999.000,9999.000
202604271700,   1.278,   1.767,   0.600,  -0.111,   1.767,   0.600,   1.767,   0.700,   1.867
202604271706,   1.291,   1.767,9999.000,9999.000,9999.000,9999.000,9999.000,9999.000,9999.000
202604271712,   1.304,   1.781,9999.000,9999.000,9999.000,9999.000,9999.000,9999.000,9999.000
202604271718,   1.316,   1.790,9999.000,9999.000,9999.000,9999.000,9999.000,9999.000,9999.000
202604271724,   1.326,   1.790,9999.000,9999.000,9999.000,9999.000,9999.000,9999.000,9999.000
202604271730,   1.336,   1.790,9999.000,9999.000,9999.000,9999.000,9999.000,9999.000,9999.000
202604271736,   1.344,   1.790,9999.000,9999.000,9999.000,9999.000,9999.000,9999.000,9999.000
202604271742,   1.351,   1.781,9999.000,9999.000,9999.000,9999.000,9999.000,9999.000,9999.000
202604271748,   1.358,   1.790,9999.000,9999.000,9999.000,9999.000,9999.000,9999.000,9999.000
202604271754,   1.363,   1.790,9999.000,9999.000,9999.000,9999.000,9999.000,9999.000,9999.000
202604271800,   1.367,   1.781,   0.600,  -0.186,   1.781,   0.600,   1.781,   0.600,   1.781
202604271806,   1.370,   1.781,9999.000,9999.000,9999.000,9999.000,9999.000,9999.000,9999.000
202604271812,   1.371,   1.781,9999.000,9999.000,9999.000,9999.000,9999.000,9999.000,9999.000
202604271818,   1.372,   1.781,9999.000,9999.000,9999.000,9999.000,9999.000,9999.000,9999.000
202604271824,   1.371,   1.781,9999.000,9999.000,9999.000,9999.000,9999.000,9999.000,9999.000
202604271830,   1.369,   1.781,9999.000,9999.000,9999.000,9999.000,9999.000,9999.000,9999.000
202604271836,   1.367,   1.781,9999.000,9999.000,9999.000,9999.000,9999.000,9999.000,9999.000
202604271842,   1.362,   1.767,9999.000,9999.000,9999.000,9999.000,9999.000,9999.000,9999.000
202604271848,   1.357,   1.767,9999.000,9999.000,9999.000,9999.000,9999.000,9999.000,9999.000
202604271854,   1.351,   1.767,9999.000,9999.000,9999.000,9999.000,9999.000,9999.000,9999.000
202604271900,   1.343,   1.758,   0.600,  -0.185,   1.758,   0.600,   1.758,   0.600,   1.758
202604271906,   1.335,   1.758,9999.000,9999.000,9999.000,9999.000,9999.000,9999.000,9999.000
202604271912,   1.325,   1.748,9999.000,9999.000,9999.000,9999.000,9999.000,9999.000,9999.000
202604271918,   1.314,   1.748,9999.000,9999.000,9999.000,9999.000,9999.000,9999.000,9999.000
202604271924,   1.302,   1.728,9999.000,9999.000,9999.000,9999.000,9999.000,9999.000,9999.000
202604271930,   1.289,   1.718,9999.000,9999.000,9999.000,9999.000,9999.000,9999.000,9999.000
202604271936,   1.276,   1.708,9999.000,9999.000,9999.000,9999.000,9999.000,9999.000,9999.000
202604271942,   1.261,   1.689,9999.000,9999.000,9999.000,9999.000,9999.000,9999.000,9999.000
202604271948,   1.245,   1.689,9999.000,9999.000,9999.000,9999.000,9999.000,9999.000,9999.000
202604271954,   1.229,   1.679,9999.000,9999.000,9999.000,9999.000,9999.000,9999.000,9999.000
202604272000,   1.211,   1.669,   0.600,  -0.142,   1.669,   0.500,   1.569,   0.600,   1.669
202604272006,   1.193,   1.659,9999.000,9999.000,9999.000,9999.000,9999.000,9999.000,9999.000
202604272012,   1.174,   1.639,9999.000,9999.000,9999.000,9999.000,9999.000,9999.000,9999.000
202604272018,   1.155,   1.639,9999.000,9999.000,9999.000,9999.000,9999.000,9999.000,9999.000
202604272024,   1.135,   1.630,9999.000,9999.000,9999.000,9999.000,9999.000,9999.000,9999.000
202604272030,   1.114,   1.610,9999.000,9999.000,9999.000,9999.000,9999.000,9999.000,9999.000
202604272036,   1.093,   1.600,9999.000,9999.000,9999.000,9999.000,9999.000,9999.000,9999.000
202604272042,   1.071,   1.580,9999.000,9999.000,9999.000,9999.000,9999.000,9999.000,9999.000
202604272048,   1.049,   1.557,9999.000,9999.000,9999.000,9999.000,9999.000,9999.000,9999.000
202604272054,   1.027,   1.538,9999.000,9999.000,9999.000,9999.000,9999.000,9999.000,9999.000
202604272100,   1.004,   1.528,   0.600,  -0.076,   1.528,   0.500,   1.428,   0.600,   1.528
202604272106,   0.981,   1.518,9999.000,9999.000,9999.000,9999.000,9999.000,9999.000,9999.000
202604272112,   0.958,   1.489,9999.000,9999.000,9999.000,9999.000,9999.000,9999.000,9999.000
202604272118,   0.935,   1.479,9999.000,9999.000,9999.000,9999.000,9999.000,9999.000,9999.000
202604272124,   0.911,   1.459,9999.000,9999.000,9999.000,9999.000,9999.000,9999.000,9999.000
202604272130,   0.888,   1.439,9999.000,9999.000,9999.000,9999.000,9999.000,9999.000,9999.000
202604272136,   0.864,   1.420,9999.000,9999.000,9999.000,9999.000,9999.000,9999.000,9999.000
202604272142,   0.840,   1.390,9999.000,9999.000,9999.000,9999.000,9999.000,9999.000,9999.000
202604272148,   0.817,   1.371,9999.000,9999.000,9999.000,9999.000,9999.000,9999.000,9999.000
202604272154,   0.793,   1.361,9999.000,9999.000,9999.000,9999.000,9999.000,9999.000,9999.000
202604272200,   0.770,   1.348,   0.600,  -0.022,   1.348,   0.500,   1.248,   0.600,   1.348
202604272206,   0.747,   1.338,9999.000,9999.000,9999.000,9999.000,9999.000,9999.000,9999.000
202604272212,   0.724,   1.318,9999.000,9999.000,9999.000,9999.000,9999.000,9999.000,9999.000
202604272218,   0.701,   1.298,9999.000,9999.000,9999.000,9999.000,9999.000,9999.000,9999.000
202604272224,   0.678,   1.279,9999.000,9999.000,9999.000,9999.000,9999.000,9999.000,9999.000
202604272230,   0.656,   1.259,9999.000,9999.000,9999.000,9999.000,9999.000,9999.000,9999.000
202604272236,   0.634,   1.239,9999.000,9999.000,9999.000,9999.000,9999.000,9999.000,9999.000
202604272242,   0.612,   1.210,9999.000,9999.000,9999.000,9999.000,9999.000,9999.000,9999.000
202604272248,   0.591,   1.180,9999.000,9999.000,9999.000,9999.000,9999.000,9999.000,9999.000
202604272254,   0.570,   1.170,9999.000,9999.000,9999.000,9999.000,9999.000,9999.000,9999.000
202604272300,   0.550,   1.151,   0.600,   0.001,   1.151,   0.500,   1.051,   0.600,   1.151
202604272306,   0.531,   1.128,9999.000,9999.000,9999.000,9999.000,9999.000,9999.000,9999.000
202604272312,   0.512,   1.108,9999.000,9999.000,9999.000,9999.000,9999.000,9999.000,9999.000
202604272318,   0.493,   1.088,9999.000,9999.000,9999.000,9999.000,9999.000,9999.000,9999.000
202604272324,   0.476,   1.069,9999.000,9999.000,9999.000,9999.000,9999.000,9999.000,9999.000
202604272330,   0.459,   1.049,9999.000,9999.000,9999.000,9999.000,9999.000,9999.000,9999.000
202604272336,   0.443,   1.039,9999.000,9999.000,9999.000,9999.000,9999.000,9999.000,9999.000
202604272342,   0.428,   1.020,9999.000,9999.000,9999.000,9999.000,9999.000,9999.000,9999.000
202604272348,   0.414,   1.000,9999.000,9999.000,9999.000,9999.000,9999.000,9999.000,9999.000
202604272354,   0.401,   0.980,9999.000,9999.000,9999.000,9999.000,9999.000,9999.000,9999.000
202604280000,   0.389,   0.951,   0.500,   0.062,   0.951,   0.500,   0.951,   0.500,   0.951
202604280006,   0.379,   0.941,9999.000,9999.000,9999.000,9999.000,9999.000,9999.000,9999.000
202604280012,   0.369,   0.918,9999.000,9999.000,9999.000,9999.000,9999.000,9999.000,9999.000
202604280018,   0.361,   0.898,9999.000,9999.000,9999.000,9999.000,9999.000,9999.000,9999.000
202604280024,   0.354,   0.908,9999.000,9999.000,9999.000,9999.000,9999.000,9999.000,9999.000
202604280030,   0.348,   0.928,9999.000,9999.000,9999.000,9999.000,9999.000,9999.000,9999.000
202604280036,   0.344,   0.908,9999.000,9999.000,9999.000,9999.000,9999.000,9999.000,9999.000
202604280042,   0.342,   0.908,9999.000,9999.000,9999.000,9999.000,9999.000,9999.000,9999.000
202604280048,   0.340,   0.918,9999.000,9999.000,9999.000,9999.000,9999.000,9999.000,9999.000
202604280054,   0.341,   0.928,9999.000,9999.000,9999.000,9999.000,9999.000,9999.000,9999.000
202604280100,   0.342,   0.918,   0.500,   0.076,   0.918,   0.500,   0.918,   0.500,   0.918
202604280106,   0.346,   0.908,9999.000,9999.000,9999.000,9999.000,9999.000,9999.000,9999.000
202604280112,   0.350,   0.898,9999.000,9999.000,9999.000,9999.000,9999.000,9999.000,9999.000
202604280118,   0.357,   0.898,9999.000,9999.000,9999.000,9999.000,9999.000,9999.000,9999.000
202604280124,   0.365,   0.908,9999.000,9999.000,9999.000,9999.000,9999.000,9999.000,9999.000
202604280130,   0.374,   0.918,9999.000,9999.000,9999.000,9999.000,9999.000,9999.000,9999.000
202604280136,   0.384,   0.941,9999.000,9999.000,9999.000,9999.000,9999.000,9999.000,9999.000
202604280142,   0.397,   0.961,9999.000,9999.000,9999.000,9999.000,9999.000,9999.000,9999.000
202604280148,   0.410,   0.970,9999.000,9999.000,9999.000,9999.000,9999.000,9999.000,9999.000
202604280154,   0.425,   0.980,9999.000,9999.000,9999.000,9999.000,9999.000,9999.000,9999.000
202604280200,   0.441,   0.990,   0.500,   0.049,   0.990,   0.500,   0.990,   0.500,   0.990
202604280206,   0.458,   0.990,9999.000,9999.000,9999.000,9999.000,9999.000,9999.000,9999.000
202604280212,   0.476,   1.000,9999.000,9999.000,9999.000,9999.000,9999.000,9999.000,9999.000
202604280218,   0.496,   1.020,9999.000,9999.000,9999.000,9999.000,9999.000,9999.000,9999.000
202604280224,   0.516,   1.049,9999.000,9999.000,9999.000,9999.000,9999.000,9999.000,9999.000
202604280230,   0.537,   1.059,9999.000,9999.000,9999.000,9999.000,9999.000,9999.000,9999.000
202604280236,   0.559,   1.079,9999.000,9999.000,9999.000,9999.000,9999.000,9999.000,9999.000
202604280242,   0.582,   1.098,9999.000,9999.000,9999.000,9999.000,9999.000,9999.000,9999.000
202604280248,   0.605,   1.128,9999.000,9999.000,9999.000,9999.000,9999.000,9999.000,9999.000
202604280254,   0.629,   1.151,9999.000,9999.000,9999.000,9999.000,9999.000,9999.000,9999.000
202604280300,   0.654,   1.180,   0.500,   0.026,   1.180,   0.500,   1.180,   0.500,   1.180
202604280306,   0.678,   1.200,9999.000,9999.000,9999.000,9999.000,9999.000,9999.000,9999.000
202604280312,   0.703,   1.239,9999.000,9999.000,9999.000,9999.000,9999.000,9999.000,9999.000
202604280318,   0.728,   1.259,9999.000,9999.000,9999.000,9999.000,9999.000,9999.000,9999.000
202604280324,   0.753,   1.289,9999.000,9999.000,9999.000,9999.000,9999.000,9999.000,9999.000
202604280330,   0.779,   1.328,9999.000,9999.000,9999.000,9999.000,9999.000,9999.000,9999.000
202604280336,   0.804,   1.390,9999.000,9999.000,9999.000,9999.000,9999.000,9999.000,9999.000
202604280342,   0.829,   1.410,9999.000,9999.000,9999.000,9999.000,9999.000,9999.000,9999.000
202604280348,   0.854,   1.439,9999.000,9999.000,9999.000,9999.000,9999.000,9999.000,9999.000
202604280354,   0.878,   1.479,9999.000,9999.000,9999.000,9999.000,9999.000,9999.000,9999.000
202604280400,   0.903,   1.508,   0.500,   0.105,   1.508,   0.500,   1.508,   0.500,   1.508
202604280406,   0.926,   1.538,9999.000,9999.000,9999.000,9999.000,9999.000,9999.000,9999.000
202604280412,   0.950,   1.580,9999.000,9999.000,9999.000,9999.000,9999.000,9999.000,9999.000
202604280418,   0.973,   1.610,9999.000,9999.000,9999.000,9999.000,9999.000,9999.000,9999.000
202604280424,   0.995,   1.639,9999.000,9999.000,9999.000,9999.000,9999.000,9999.000,9999.000
202604280430,   1.017,   1.659,9999.000,9999.000,9999.000,9999.000,9999.000,9999.000,9999.000
202604280436,   1.039,   1.699,9999.000,9999.000,9999.000,9999.000,9999.000,9999.000,9999.000
202604280442,   1.060,   1.728,9999.000,9999.000,9999.000,9999.000,9999.000,9999.000,9999.000
202604280448,   1.080,   1.758,9999.000,9999.000,9999.000,9999.000,9999.000,9999.000,9999.000
202604280454,   1.099,   1.790,9999.000,9999.000,9999.000,9999.000,9999.000,9999.000,9999.000
202604280500,   1.118,   1.820,   0.500,   0.202,   1.820,   0.500,   1.820,   0.500,   1.820
202604280506,   1.136,   1.849,9999.000,9999.000,9999.000,9999.000,9999.000,9999.000,9999.000
202604280512,   1.153,   1.859,9999.000,9999.000,9999.000,9999.000,9999.000,9999.000,9999.000
202604280518,   1.169,   1.879,9999.000,9999.000,9999.000,9999.000,9999.000,9999.000,9999.000
202604280524,   1.185,   1.889,9999.000,9999.000,9999.000,9999.000,9999.000,9999.000,9999.000
202604280530,   1.200,   1.918,9999.000,9999.000,9999.000,9999.000,9999.000,9999.000,9999.000
202604280536,   1.214,   1.938,9999.000,9999.000,9999.000,9999.000,9999.000,9999.000,9999.000
202604280542,   1.227,   1.967,9999.000,9999.000,9999.000,9999.000,9999.000,9999.000,9999.000
202604280548,   1.239,   1.990,9999.000,9999.000,9999.000,9999.000,9999.000,9999.000,9999.000
202604280554,   1.251,   2.010,9999.000,9999.000,9999.000,9999.000,9999.000,9999.000,9999.000
202604280600,   1.261,   2.020,   0.500,   0.259,   2.020,   0.500,   2.020,   0.500,   2.020
202604280606,   1.271,   2.020,9999.000,9999.000,9999.000,9999.000,9999.000,9999.000,9999.000
202604280612,   1.279,   2.020,9999.000,9999.000,9999.000,9999.000,9999.000,9999.000,9999.000
202604280618,   1.287,   2.040,9999.000,9999.000,9999.000,9999.000,9999.000,9999.000,9999.000
202604280624,   1.294,   2.040,9999.000,9999.000,9999.000,9999.000,9999.000,9999.000,9999.000
202604280630,   1.299,   2.030,9999.000,9999.000,9999.000,9999.000,9999.000,9999.000,9999.000
202604280636,   1.304,   2.049,9999.000,9999.000,9999.000,9999.000,9999.000,9999.000,9999.000
202604280642,   1.308,   2.049,9999.000,9999.000,9999.000,9999.000,9999.000,9999.000,9999.000
202604280648,   1.311,   2.059,9999.000,9999.000,9999.000,9999.000,9999.000,9999.000,9999.000
202604280654,   1.312,   2.059,9999.000,9999.000,9999.000,9999.000,9999.000,9999.000,9999.000
202604280700,   1.313,   2.049,   0.500,   0.236,   2.049,   0.500,   2.049,   0.500,   2.049
202604280706,   1.313,   2.049,9999.000,9999.000,9999.000,9999.000,9999.000,9999.000,9999.000
202604280712,   1.312,   2.040,9999.000,9999.000,9999.000,9999.000,9999.000,9999.000,9999.000
202604280718,   1.310,   2.020,9999.000,9999.000,9999.000,9999.000,9999.000,9999.000,9999.000
202604280724,   1.307,   2.020,9999.000,9999.000,9999.000,9999.000,9999.000,9999.000,9999.000
202604280730,   1.303,   2.000,9999.000,9999.000,9999.000,9999.000,9999.000,9999.000,9999.000
202604280736,   1.298,   1.990,9999.000,9999.000,9999.000,9999.000,9999.000,9999.000,9999.000
202604280742,   1.293,   1.981,9999.000,9999.000,9999.000,9999.000,9999.000,9999.000,9999.000
202604280748,   1.286,   1.958,9999.000,9999.000,9999.000,9999.000,9999.000,9999.000,9999.000
202604280754,   1.279,   1.948,9999.000,9999.000,9999.000,9999.000,9999.000,9999.000,9999.000
202604280800,   1.270,   1.948,   0.500,   0.178,   1.948,   0.500,   1.948,   0.500,   1.948
202604280806,   1.262,   1.938,9999.000,9999.000,9999.000,9999.000,9999.000,9999.000,9999.000
202604280812,   1.252,   1.928,9999.000,9999.000,9999.000,9999.000,9999.000,9999.000,9999.000
202604280818,   1.242,   1.928,9999.000,9999.000,9999.000,9999.000,9999.000,9999.000,9999.000
202604280824,   1.231,   1.918,9999.000,9999.000,9999.000,9999.000,9999.000,9999.000,9999.000
202604280830,   1.219,   1.908,9999.000,9999.000,9999.000,9999.000,9999.000,9999.000,9999.000
202604280836,   1.207,   1.889,9999.000,9999.000,9999.000,9999.000,9999.000,9999.000,9999.000
202604280842,   1.194,   1.869,9999.000,9999.000,9999.000,9999.000,9999.000,9999.000,9999.000
202604280848,   1.181,   1.849,9999.000,9999.000,9999.000,9999.000,9999.000,9999.000,9999.000
202604280854,   1.167,   1.830,9999.000,9999.000,9999.000,9999.000,9999.000,9999.000,9999.000
202604280900,   1.153,   1.820,   0.500,   0.167,   1.820,   0.500,   1.820,   0.500,   1.820
202604280906,   1.138,   1.781,9999.000,9999.000,9999.000,9999.000,9999.000,9999.000,9999.000
202604280912,   1.123,   1.767,9999.000,9999.000,9999.000,9999.000,9999.000,9999.000,9999.000
202604280918,   1.108,   1.738,9999.000,9999.000,9999.000,9999.000,9999.000,9999.000,9999.000
202604280924,   1.093,   1.718,9999.000,9999.000,9999.000,9999.000,9999.000,9999.000,9999.000
202604280930,   1.077,   1.718,9999.000,9999.000,9999.000,9999.000,9999.000,9999.000,9999.000
202604280936,   1.061,   1.699,9999.000,9999.000,9999.000,9999.000,9999.000,9999.000,9999.000
202604280942,   1.045,   1.689,9999.000,9999.000,9999.000,9999.000,9999.000,9999.000,9999.000
202604280948,   1.028,   1.669,9999.000,9999.000,9999.000,9999.000,9999.000,9999.000,9999.000
202604280954,   1.012,   1.630,9999.000,9999.000,9999.000,9999.000,9999.000,9999.000,9999.000
202604281000,   0.995,   1.600,   0.500,   0.105,   1.600,   0.500,   1.600,   0.500,   1.600
202604281006,   0.979,   1.571,9999.000,9999.000,9999.000,9999.000,9999.000,9999.000,9999.000
202604281012,   0.962,   1.557,9999.000,9999.000,9999.000,9999.000,9999.000,9999.000,9999.000
202604281018,   0.945,   1.528,9999.000,9999.000,9999.000,9999.000,9999.000,9999.000,9999.000
202604281024,   0.929,   1.498,9999.000,9999.000,9999.000,9999.000,9999.000,9999.000,9999.000
202604281030,   0.912,   1.469,9999.000,9999.000,9999.000,9999.000,9999.000,9999.000,9999.000
202604281036,   0.895,   1.449,9999.000,9999.000,9999.000,9999.000,9999.000,9999.000,9999.000
202604281042,   0.879,   1.439,9999.000,9999.000,9999.000,9999.000,9999.000,9999.000,9999.000
202604281048,   0.863,   1.420,9999.000,9999.000,9999.000,9999.000,9999.000,9999.000,9999.000
202604281054,   0.847,   1.400,9999.000,9999.000,9999.000,9999.000,9999.000,9999.000,9999.000
202604281100,   0.831,   1.400,   0.500,   0.069,   1.400,   0.500,   1.400,   0.600,   1.500
202604281106,   0.815,   1.380,9999.000,9999.000,9999.000,9999.000,9999.000,9999.000,9999.000
202604281112,   0.800,   1.371,9999.000,9999.000,9999.000,9999.000,9999.000,9999.000,9999.000
202604281118,   0.785,   1.371,9999.000,9999.000,9999.000,9999.000,9999.000,9999.000,9999.000
202604281124,   0.770,   1.348,9999.000,9999.000,9999.000,9999.000,9999.000,9999.000,9999.000
202604281130,   0.756,   1.348,9999.000,9999.000,9999.000,9999.000,9999.000,9999.000,9999.000
202604281136,   0.743,   1.328,9999.000,9999.000,9999.000,9999.000,9999.000,9999.000,9999.000
202604281142,   0.730,   1.308,9999.000,9999.000,9999.000,9999.000,9999.000,9999.000,9999.000
202604281148,   0.718,   1.289,9999.000,9999.000,9999.000,9999.000,9999.000,9999.000,9999.000
202604281154,   0.706,   1.279,9999.000,9999.000,9999.000,9999.000,9999.000,9999.000,9999.000
202604281200,   0.695,   1.269,   0.600,  -0.026,   1.269,   0.500,   1.169,   0.600,   1.269
202604281206,   0.685,   1.249,9999.000,9999.000,9999.000,9999.000,9999.000,9999.000,9999.000
202604281212,   0.676,   1.269,9999.000,9999.000,9999.000,9999.000,9999.000,9999.000,9999.000
202604281218,   0.668,   1.279,9999.000,9999.000,9999.000,9999.000,9999.000,9999.000,9999.000
202604281224,   0.661,   1.289,9999.000,9999.000,9999.000,9999.000,9999.000,9999.000,9999.000
202604281230,   0.655,   1.298,9999.000,9999.000,9999.000,9999.000,9999.000,9999.000,9999.000
202604281236,   0.650,   1.279,9999.000,9999.000,9999.000,9999.000,9999.000,9999.000,9999.000
202604281242,   0.646,   1.259,9999.000,9999.000,9999.000,9999.000,9999.000,9999.000,9999.000
202604281248,   0.643,   1.239,9999.000,9999.000,9999.000,9999.000,9999.000,9999.000,9999.000
202604281254,   0.641,   1.249,9999.000,9999.000,9999.000,9999.000,9999.000,9999.000,9999.000
202604281300,   0.641,   1.239,   0.600,  -0.002,   1.239,   0.500,   1.139,   0.600,   1.239
202604281306,   0.642,   1.249,9999.000,9999.000,9999.000,9999.000,9999.000,9999.000,9999.000
202604281312,   0.645,   1.249,9999.000,9999.000,9999.000,9999.000,9999.000,9999.000,9999.000
202604281318,   0.648,   1.249,9999.000,9999.000,9999.000,9999.000,9999.000,9999.000,9999.000
202604281324,   0.653,   1.259,9999.000,9999.000,9999.000,9999.000,9999.000,9999.000,9999.000
202604281330,   0.660,   1.298,9999.000,9999.000,9999.000,9999.000,9999.000,9999.000,9999.000
202604281336,   0.668,   1.308,9999.000,9999.000,9999.000,9999.000,9999.000,9999.000,9999.000
202604281342,   0.677,   1.348,9999.000,9999.000,9999.000,9999.000,9999.000,9999.000,9999.000
202604281348,   0.687,   1.361,9999.000,9999.000,9999.000,9999.000,9999.000,9999.000,9999.000
202604281354,   0.699,   1.361,9999.000,9999.000,9999.000,9999.000,9999.000,9999.000,9999.000
202604281400,   0.711,   1.371,   0.600,   0.060,   1.371,   0.500,   1.271,   0.600,   1.371
202604281406,   0.725,   1.400,9999.000,9999.000,9999.000,9999.000,9999.000,9999.000,9999.000
202604281412,   0.741,   1.390,9999.000,9999.000,9999.000,9999.000,9999.000,9999.000,9999.000
202604281418,   0.757,   1.400,9999.000,9999.000,9999.000,9999.000,9999.000,9999.000,9999.000
202604281424,   0.774,   1.420,9999.000,9999.000,9999.000,9999.000,9999.000,9999.000,9999.000
202604281430,   0.792,   1.449,9999.000,9999.000,9999.000,9999.000,9999.000,9999.000,9999.000
202604281436,   0.811,   1.459,9999.000,9999.000,9999.000,9999.000,9999.000,9999.000,9999.000
202604281442,   0.831,   1.518,9999.000,9999.000,9999.000,9999.000,9999.000,9999.000,9999.000
202604281448,   0.852,   1.538,9999.000,9999.000,9999.000,9999.000,9999.000,9999.000,9999.000
202604281454,   0.873,   1.590,9999.000,9999.000,9999.000,9999.000,9999.000,9999.000,9999.000
202604281500,   0.895,   1.610,   0.600,   0.115,   1.610,   0.500,   1.510,   0.600,   1.610
202604281506,   0.918,   1.630,9999.000,9999.000,9999.000,9999.000,9999.000,9999.000,9999.000
202604281512,   0.941,   1.649,9999.000,9999.000,9999.000,9999.000,9999.000,9999.000,9999.000
202604281518,   0.964,   1.679,9999.000,9999.000,9999.000,9999.000,9999.000,9999.000,9999.000
202604281524,   0.988,   1.679,9999.000,9999.000,9999.000,9999.000,9999.000,9999.000,9999.000
202604281530,   1.011,   1.718,9999.000,9999.000,9999.000,9999.000,9999.000,9999.000,9999.000
202604281536,   1.035,   1.758,9999.000,9999.000,9999.000,9999.000,9999.000,9999.000,9999.000
202604281542,   1.059,   1.810,9999.000,9999.000,9999.000,9999.000,9999.000,9999.000,9999.000
202604281548,   1.082,   1.810,9999.000,9999.000,9999.000,9999.000,9999.000,9999.000,9999.000
202604281554,   1.106,   1.840,9999.000,9999.000,9999.000,9999.000,9999.000,9999.000,9999.000
202604281600,   1.129,   1.869,   0.600,   0.140,   1.869,   0.500,   1.769,   0.600,   1.869
202604281606,   1.152,   1.908,9999.000,9999.000,9999.000,9999.000,9999.000,9999.000,9999.000
202604281612,   1.175,   1.918,9999.000,9999.000,9999.000,9999.000,9999.000,9999.000,9999.000
202604281618,   1.197,   1.928,9999.000,9999.000,9999.000,9999.000,9999.000,9999.000,9999.000
202604281624,   1.218,   1.958,9999.000,9999.000,9999.000,9999.000,9999.000,9999.000,9999.000
202604281630,   1.239,   1.981,9999.000,9999.000,9999.000,9999.000,9999.000,9999.000,9999.000
202604281636,   1.260,   1.967,9999.000,9999.000,9999.000,9999.000,9999.000,9999.000,9999.000
202604281642,   1.280,   1.981,9999.000,9999.000,9999.000,9999.000,9999.000,9999.000,9999.000
202604281648,   1.299,   2.000,9999.000,9999.000,9999.000,9999.000,9999.000,9999.000,9999.000
202604281654,   1.317,   2.020,9999.000,9999.000,9999.000,9999.000,9999.000,9999.000,9999.000
202604281700,   1.334,   2.040,   0.600,   0.106,   2.040,   0.500,   1.940,   0.600,   2.040
202604281706,   1.351,   2.059,9999.000,9999.000,9999.000,9999.000,9999.000,9999.000,9999.000
202604281712,   1.367,   2.069,9999.000,9999.000,9999.000,9999.000,9999.000,9999.000,9999.000
202604281718,   1.381,   2.069,9999.000,9999.000,9999.000,9999.000,9999.000,9999.000,9999.000
202604281724,   1.395,   2.079,9999.000,9999.000,9999.000,9999.000,9999.000,9999.000,9999.000
202604281730,   1.407,   2.079,9999.000,9999.000,9999.000,9999.000,9999.000,9999.000,9999.000
202604281736,   1.419,   2.079,9999.000,9999.000,9999.000,9999.000,9999.000,9999.000,9999.000
202604281742,   1.429,   2.079,9999.000,9999.000,9999.000,9999.000,9999.000,9999.000,9999.000
202604281748,   1.439,   2.089,9999.000,9999.000,9999.000,9999.000,9999.000,9999.000,9999.000
202604281754,   1.447,   2.089,9999.000,9999.000,9999.000,9999.000,9999.000,9999.000,9999.000
202604281800,   1.454,   2.079,   0.600,   0.025,   2.079,   0.500,   1.979,   0.600,   2.079
202604281806,   1.459,   2.069,9999.000,9999.000,9999.000,9999.000,9999.000,9999.000,9999.000
202604281812,   1.464,   2.079,9999.000,9999.000,9999.000,9999.000,9999.000,9999.000,9999.000
202604281818,   1.467,   2.069,9999.000,9999.000,9999.000,9999.000,9999.000,9999.000,9999.000
202604281824,   1.469,   2.049,9999.000,9999.000,9999.000,9999.000,9999.000,9999.000,9999.000
202604281830,   1.470,   2.049,9999.000,9999.000,9999.000,9999.000,9999.000,9999.000,9999.000
202604281836,   1.469,   2.030,9999.000,9999.000,9999.000,9999.000,9999.000,9999.000,9999.000
202604281842,   1.467,   2.000,9999.000,9999.000,9999.000,9999.000,9999.000,9999.000,9999.000
202604281848,   1.464,   2.000,9999.000,9999.000,9999.000,9999.000,9999.000,9999.000,9999.000
202604281854,   1.460,   2.000,9999.000,9999.000,9999.000,9999.000,9999.000,9999.000,9999.000
202604281900,   1.454,   1.990,   0.600,  -0.064,   1.990,   0.500,   1.890,   0.600,   1.990
202604281906,   1.447,   1.981,9999.000,9999.000,9999.000,9999.000,9999.000,9999.000,9999.000
202604281912,   1.438,   1.967,9999.000,9999.000,9999.000,9999.000,9999.000,9999.000,9999.000
202604281918,   1.429,   1.958,9999.000,9999.000,9999.000,9999.000,9999.000,9999.000,9999.000
202604281924,   1.418,   1.928,9999.000,9999.000,9999.000,9999.000,9999.000,9999.000,9999.000
202604281930,   1.406,   1.899,9999.000,9999.000,9999.000,9999.000,9999.000,9999.000,9999.000
202604281936,   1.393,   1.889,9999.000,9999.000,9999.000,9999.000,9999.000,9999.000,9999.000
202604281942,   1.378,   1.869,9999.000,9999.000,9999.000,9999.000,9999.000,9999.000,9999.000
202604281948,   1.363,   1.849,9999.000,9999.000,9999.000,9999.000,9999.000,9999.000,9999.000
202604281954,   1.346,   1.840,9999.000,9999.000,9999.000,9999.000,9999.000,9999.000,9999.000
202604282000,   1.328,   1.820,   0.600,  -0.108,   1.820,   0.500,   1.720,   0.600,   1.820
202604282006,   1.310,   1.800,9999.000,9999.000,9999.000,9999.000,9999.000,9999.000,9999.000
202604282012,   1.290,   1.790,9999.000,9999.000,9999.000,9999.000,9999.000,9999.000,9999.000
202604282018,   1.269,   1.767,9999.000,9999.000,9999.000,9999.000,9999.000,9999.000,9999.000
202604282024,   1.248,   1.738,9999.000,9999.000,9999.000,9999.000,9999.000,9999.000,9999.000
202604282030,   1.225,   1.708,9999.000,9999.000,9999.000,9999.000,9999.000,9999.000,9999.000
202604282036,   1.202,   1.689,9999.000,9999.000,9999.000,9999.000,9999.000,9999.000,9999.000
202604282042,   1.178,   1.649,9999.000,9999.000,9999.000,9999.000,9999.000,9999.000,9999.000
202604282048,   1.154,   1.610,9999.000,9999.000,9999.000,9999.000,9999.000,9999.000,9999.000
202604282054,   1.129,   1.590,9999.000,9999.000,9999.000,9999.000,9999.000,9999.000,9999.000
202604282100,   1.103,   1.571,   0.600,  -0.132,   1.571,   0.500,   1.471,   0.600,   1.571
202604282106,   1.076,   1.538,9999.000,9999.000,9999.000,9999.000,9999.000,9999.000,9999.000
202604282112,   1.049,   1.528,9999.000,9999.000,9999.000,9999.000,9999.000,9999.000,9999.000
202604282118,   1.022,   1.498,9999.000,9999.000,9999.000,9999.000,9999.000,9999.000,9999.000
202604282124,   0.994,   1.479,9999.000,9999.000,9999.000,9999.000,9999.000,9999.000,9999.000
202604282130,   0.966,   1.439,9999.000,9999.000,9999.000,9999.000,9999.000,9999.000,9999.000
202604282136,   0.938,   1.400,9999.000,9999.000,9999.000,9999.000,9999.000,9999.000,9999.000
202604282142,   0.910,   1.371,9999.000,9999.000,9999.000,9999.000,9999.000,9999.000,9999.000
202604282148,   0.880,   1.338,9999.000,9999.000,9999.000,9999.000,9999.000,9999.000,9999.000
202604282154,   0.851,   1.308,9999.000,9999.000,9999.000,9999.000,9999.000,9999.000,9999.000
202604282200,   0.822,   1.269,   0.600,  -0.153,   1.269,   0.500,   1.169,   0.600,   1.269
202604282206,   0.793,   1.249,9999.000,9999.000,9999.000,9999.000,9999.000,9999.000,9999.000
202604282212,   0.763,   1.239,9999.000,9999.000,9999.000,9999.000,9999.000,9999.000,9999.000
202604282218,   0.734,   1.200,9999.000,9999.000,9999.000,9999.000,9999.000,9999.000,9999.000
202604282224,   0.705,   1.161,9999.000,9999.000,9999.000,9999.000,9999.000,9999.000,9999.000
202604282230,   0.676,   1.151,9999.000,9999.000,9999.000,9999.000,9999.000,9999.000,9999.000
202604282236,   0.647,   1.118,9999.000,9999.000,9999.000,9999.000,9999.000,9999.000,9999.000
202604282242,   0.618,   1.069,9999.000,9999.000,9999.000,9999.000,9999.000,9999.000,9999.000
202604282248,   0.589,   1.039,9999.000,9999.000,9999.000,9999.000,9999.000,9999.000,9999.000
202604282254,   0.561,   1.010,9999.000,9999.000,9999.000,9999.000,9999.000,9999.000,9999.000
202604282300,   0.533,   0.990,   0.600,  -0.143,   0.990,   0.500,   0.890,   0.600,   0.990
202604282306,   0.505,   0.951,9999.000,9999.000,9999.000,9999.000,9999.000,9999.000,9999.000
202604282312,   0.478,   0.908,9999.000,9999.000,9999.000,9999.000,9999.000,9999.000,9999.000
202604282318,   0.452,   0.879,9999.000,9999.000,9999.000,9999.000,9999.000,9999.000,9999.000
202604282324,   0.425,   0.859,9999.000,9999.000,9999.000,9999.000,9999.000,9999.000,9999.000
202604282330,   0.400,   0.839,9999.000,9999.000,9999.000,9999.000,9999.000,9999.000,9999.000
202604282336,   0.375,   0.800,9999.000,9999.000,9999.000,9999.000,9999.000,9999.000,9999.000
202604282342,   0.351,   0.770,9999.000,9999.000,9999.000,9999.000,9999.000,9999.000,9999.000
202604282348,   0.327,   0.751,9999.000,9999.000,9999.000,9999.000,9999.000,9999.000,9999.000
202604282354,   0.305,   0.731,9999.000,9999.000,9999.000,9999.000,9999.000,9999.000,9999.000
202604290000,   0.283,   0.708,   0.500,  -0.075,   0.708,   0.500,   0.708,   0.600,   0.808
202604290006,   0.263,   0.688,9999.000,9999.000,9999.000,9999.000,9999.000,9999.000,9999.000
202604290012,   0.243,   0.669,9999.000,9999.000,9999.000,9999.000,9999.000,9999.000,9999.000
202604290018,   0.224,   0.639,9999.000,9999.000,9999.000,9999.000,9999.000,9999.000,9999.000
202604290024,   0.207,   0.610,9999.000,9999.000,9999.000,9999.000,9999.000,9999.000,9999.000
202604290030,   0.191,   0.600,9999.000,9999.000,9999.000,9999.000,9999.000,9999.000,9999.000
202604290036,   0.176,   0.590,9999.000,9999.000,9999.000,9999.000,9999.000,9999.000,9999.000
202604290042,   0.162,   0.580,9999.000,9999.000,9999.000,9999.000,9999.000,9999.000,9999.000
202604290048,   0.150,   0.570,9999.000,9999.000,9999.000,9999.000,9999.000,9999.000,9999.000
202604290054,   0.139,   0.551,9999.000,9999.000,9999.000,9999.000,9999.000,9999.000,9999.000
202604290100,   0.130,   0.541,   0.500,  -0.089,   0.541,   0.500,   0.541,   0.600,   0.641
202604290106,   0.122,   0.518,9999.000,9999.000,9999.000,9999.000,9999.000,9999.000,9999.000
202604290112,   0.116,   0.531,9999.000,9999.000,9999.000,9999.000,9999.000,9999.000,9999.000
202604290118,   0.111,   0.531,9999.000,9999.000,9999.000,9999.000,9999.000,9999.000,9999.000
202604290124,   0.108,   0.541,9999.000,9999.000,9999.000,9999.000,9999.000,9999.000,9999.000
202604290130,   0.107,   0.518,9999.000,9999.000,9999.000,9999.000,9999.000,9999.000,9999.000
202604290136,   0.107,   0.531,9999.000,9999.000,9999.000,9999.000,9999.000,9999.000,9999.000
202604290142,   0.109,   0.551,9999.000,9999.000,9999.000,9999.000,9999.000,9999.000,9999.000
202604290148,   0.112,   0.551,9999.000,9999.000,9999.000,9999.000,9999.000,9999.000,9999.000
202604290154,   0.117,   0.560,9999.000,9999.000,9999.000,9999.000,9999.000,9999.000,9999.000
202604290200,   0.124,   0.580,   0.500,  -0.044,   0.580,   0.500,   0.580,   0.600,   0.680
202604290206,   0.132,   0.600,9999.000,9999.000,9999.000,9999.000,9999.000,9999.000,9999.000
202604290212,   0.142,   0.610,9999.000,9999.000,9999.000,9999.000,9999.000,9999.000,9999.000
202604290218,   0.154,   0.600,9999.000,9999.000,9999.000,9999.000,9999.000,9999.000,9999.000
202604290224,   0.167,   0.610,9999.000,9999.000,9999.000,9999.000,9999.000,9999.000,9999.000
202604290230,   0.182,   0.639,9999.000,9999.000,9999.000,9999.000,9999.000,9999.000,9999.000
202604290236,   0.198,   0.649,9999.000,9999.000,9999.000,9999.000,9999.000,9999.000,9999.000
202604290242,   0.215,   0.659,9999.000,9999.000,9999.000,9999.000,9999.000,9999.000,9999.000
202604290248,   0.234,   0.649,9999.000,9999.000,9999.000,9999.000,9999.000,9999.000,9999.000
202604290254,   0.254,   0.669,9999.000,9999.000,9999.000,9999.000,9999.000,9999.000,9999.000
202604290300,   0.275,   0.688,   0.500,  -0.087,   0.688,   0.500,   0.688,   0.600,   0.788
202604290306,   0.298,   0.708,9999.000,9999.000,9999.000,9999.000,9999.000,9999.000,9999.000
202604290312,   0.322,   0.731,9999.000,9999.000,9999.000,9999.000,9999.000,9999.000,9999.000
202604290318,   0.346,   0.741,9999.000,9999.000,9999.000,9999.000,9999.000,9999.000,9999.000
202604290324,   0.372,   0.760,9999.000,9999.000,9999.000,9999.000,9999.000,9999.000,9999.000
202604290330,   0.398,   0.790,9999.000,9999.000,9999.000,9999.000,9999.000,9999.000,9999.000
202604290336,   0.426,   0.839,9999.000,9999.000,9999.000,9999.000,9999.000,9999.000,9999.000
202604290342,   0.454,   0.859,9999.000,9999.000,9999.000,9999.000,9999.000,9999.000,9999.000
202604290348,   0.482,   0.888,9999.000,9999.000,9999.000,9999.000,9999.000,9999.000,9999.000
202604290354,   0.511,   0.898,9999.000,9999.000,9999.000,9999.000,9999.000,9999.000,9999.000
202604290400,   0.541,   0.951,   0.500,  -0.090,   0.951,   0.500,   0.951,   0.500,   0.951
202604290406,   0.571,   0.970,9999.000,9999.000,9999.000,9999.000,9999.000,9999.000,9999.000
202604290412,   0.602,   0.990,9999.000,9999.000,9999.000,9999.000,9999.000,9999.000,9999.000
202604290418,   0.632,   1.020,9999.000,9999.000,9999.000,9999.000,9999.000,9999.000,9999.000
202604290424,   0.663,   1.069,9999.000,9999.000,9999.000,9999.000,9999.000,9999.000,9999.000
202604290430,   0.694,   1.108,9999.000,9999.000,9999.000,9999.000,9999.000,9999.000,9999.000
202604290436,   0.725,   1.138,9999.000,9999.000,9999.000,9999.000,9999.000,9999.000,9999.000
202604290442,   0.756,   1.200,9999.000,9999.000,9999.000,9999.000,9999.000,9999.000,9999.000
202604290448,   0.786,   1.239,9999.000,9999.000,9999.000,9999.000,9999.000,9999.000,9999.000
202604290454,   0.817,   1.289,9999.000,9999.000,9999.000,9999.000,9999.000,9999.000,9999.000
202604290500,   0.847,   1.308,   0.500,  -0.039,   1.308,   0.500,   1.308,   0.500,   1.308
202604290506,   0.877,   1.348,9999.000,9999.000,9999.000,9999.000,9999.000,9999.000,9999.000
202604290512,   0.906,   1.371,9999.000,9999.000,9999.000,9999.000,9999.000,9999.000,9999.000
202604290518,   0.935,   1.400,9999.000,9999.000,9999.000,9999.000,9999.000,9999.000,9999.000
202604290524,   0.964,   1.420,9999.000,9999.000,9999.000,9999.000,9999.000,9999.000,9999.000
202604290530,   0.991,   1.459,9999.000,9999.000,9999.000,9999.000,9999.000,9999.000,9999.000
202604290536,   1.019,   1.469,9999.000,9999.000,9999.000,9999.000,9999.000,9999.000,9999.000
202604290542,   1.045,   1.518,9999.000,9999.000,9999.000,9999.000,9999.000,9999.000,9999.000
202604290548,   1.071,   1.557,9999.000,9999.000,9999.000,9999.000,9999.000,9999.000,9999.000
202604290554,   1.095,   1.600,9999.000,9999.000,9999.000,9999.000,9999.000,9999.000,9999.000
202604290600,   1.119,   1.620,   0.500,   0.001,   1.620,   0.400,   1.520,   0.500,   1.620
202604290606,   1.142,   1.649,9999.000,9999.000,9999.000,9999.000,9999.000,9999.000,9999.000
202604290612,   1.164,   1.699,9999.000,9999.000,9999.000,9999.000,9999.000,9999.000,9999.000
202604290618,   1.185,   1.728,9999.000,9999.000,9999.000,9999.000,9999.000,9999.000,9999.000
202604290624,   1.206,   1.758,9999.000,9999.000,9999.000,9999.000,9999.000,9999.000,9999.000
202604290630,   1.225,   1.790,9999.000,9999.000,9999.000,9999.000,9999.000,9999.000,9999.000
202604290636,   1.242,   1.810,9999.000,9999.000,9999.000,9999.000,9999.000,9999.000,9999.000
202604290642,   1.259,   1.810,9999.000,9999.000,9999.000,9999.000,9999.000,9999.000,9999.000
202604290648,   1.275,   1.840,9999.000,9999.000,9999.000,9999.000,9999.000,9999.000,9999.000
202604290654,   1.289,   1.849,9999.000,9999.000,9999.000,9999.000,9999.000,9999.000,9999.000
202604290700,   1.303,   1.859,   0.500,   0.056,   1.859,   0.400,   1.759,   0.500,   1.859
202604290706,   1.315,   1.879,9999.000,9999.000,9999.000,9999.000,9999.000,9999.000,9999.000
202604290712,   1.326,   1.908,9999.000,9999.000,9999.000,9999.000,9999.000,9999.000,9999.000
202604290718,   1.336,   1.918,9999.000,9999.000,9999.000,9999.000,9999.000,9999.000,9999.000
202604290724,   1.345,   1.899,9999.000,9999.000,9999.000,9999.000,9999.000,9999.000,9999.000
202604290730,   1.352,   1.908,9999.000,9999.000,9999.000,9999.000,9999.000,9999.000,9999.000
202604290736,   1.359,   1.938,9999.000,9999.000,9999.000,9999.000,9999.000,9999.000,9999.000
202604290742,   1.364,   1.928,9999.000,9999.000,9999.000,9999.000,9999.000,9999.000,9999.000
202604290748,   1.368,   1.918,9999.000,9999.000,9999.000,9999.000,9999.000,9999.000,9999.000
202604290754,   1.371,   1.928,9999.000,9999.000,9999.000,9999.000,9999.000,9999.000,9999.000
202604290800,   1.373,   1.928,   0.500,   0.055,   1.928,   0.400,   1.828,   0.500,   1.928
202604290806,   1.374,   1.908,9999.000,9999.000,9999.000,9999.000,9999.000,9999.000,9999.000
202604290812,   1.374,   1.908,9999.000,9999.000,9999.000,9999.000,9999.000,9999.000,9999.000
202604290818,   1.373,   1.908,9999.000,9999.000,9999.000,9999.000,9999.000,9999.000,9999.000
202604290824,   1.371,   1.918,9999.000,9999.000,9999.000,9999.000,9999.000,9999.000,9999.000
202604290830,   1.368,   1.908,9999.000,9999.000,9999.000,9999.000,9999.000,9999.000,9999.000
202604290836,   1.364,   1.908,9999.000,9999.000,9999.000,9999.000,9999.000,9999.000,9999.000
202604290842,   1.359,   1.918,9999.000,9999.000,9999.000,9999.000,9999.000,9999.000,9999.000
202604290848,   1.354,   1.899,9999.000,9999.000,9999.000,9999.000,9999.000,9999.000,9999.000
202604290854,   1.347,   1.879,9999.000,9999.000,9999.000,9999.000,9999.000,9999.000,9999.000
202604290900,   1.340,   1.889,   0.500,   0.049,   1.889,   0.400,   1.789,   0.500,   1.889
202604290906,   1.332,   1.879,9999.000,9999.000,9999.000,9999.000,9999.000,9999.000,9999.000
202604290912,   1.324,   1.840,9999.000,9999.000,9999.000,9999.000,9999.000,9999.000,9999.000
202604290918,   1.315,   1.820,9999.000,9999.000,9999.000,9999.000,9999.000,9999.000,9999.000
202604290924,   1.305,   1.820,9999.000,9999.000,9999.000,9999.000,9999.000,9999.000,9999.000
202604290930,   1.295,   1.790,9999.000,9999.000,9999.000,9999.000,9999.000,9999.000,9999.000
202604290936,   1.284,   1.781,9999.000,9999.000,9999.000,9999.000,9999.000,9999.000,9999.000
202604290942,   1.273,   1.767,9999.000,9999.000,9999.000,9999.000,9999.000,9999.000,9999.000
202604290948,   1.261,   1.738,9999.000,9999.000,9999.000,9999.000,9999.000,9999.000,9999.000
202604290954,   1.249,   1.738,9999.000,9999.000,9999.000,9999.000,9999.000,9999.000,9999.000
202604291000,   1.237,   1.718,   0.500,  -0.019,   1.718,   0.400,   1.618,   0.500,   1.718
202604291006,   1.224,   1.679,9999.000,9999.000,9999.000,9999.000,9999.000,9999.000,9999.000
202604291012,   1.211,   1.659,9999.000,9999.000,9999.000,9999.000,9999.000,9999.000,9999.000
202604291018,   1.197,   1.600,9999.000,9999.000,9999.000,9999.000,9999.000,9999.000,9999.000
202604291024,   1.184,   1.580,9999.000,9999.000,9999.000,9999.000,9999.000,9999.000,9999.000
202604291030,   1.170,   1.538,9999.000,9999.000,9999.000,9999.000,9999.000,9999.000,9999.000
202604291036,   1.156,   1.498,9999.000,9999.000,9999.000,9999.000,9999.000,9999.000,9999.000
202604291042,   1.142,   1.479,9999.000,9999.000,9999.000,9999.000,9999.000,9999.000,9999.000
202604291048,   1.128,   1.459,9999.000,9999.000,9999.000,9999.000,9999.000,9999.000,9999.000
202604291054,   1.114,   1.430,9999.000,9999.000,9999.000,9999.000,9999.000,9999.000,9999.000
202604291100,   1.099,   1.410,   0.500,  -0.189,   1.410,   0.500,   1.410,   0.500,   1.410
202604291106,   1.085,   1.390,9999.000,9999.000,9999.000,9999.000,9999.000,9999.000,9999.000
202604291112,   1.071,   1.380,9999.000,9999.000,9999.000,9999.000,9999.000,9999.000,9999.000
202604291118,   1.058,   1.380,9999.000,9999.000,9999.000,9999.000,9999.000,9999.000,9999.000
202604291124,   1.044,   1.400,9999.000,9999.000,9999.000,9999.000,9999.000,9999.000,9999.000
202604291130,   1.031,   1.371,9999.000,9999.000,9999.000,9999.000,9999.000,9999.000,9999.000
202604291136,   1.017,   1.308,9999.000,9999.000,9999.000,9999.000,9999.000,9999.000,9999.000
202604291142,   1.005,   1.328,9999.000,9999.000,9999.000,9999.000,9999.000,9999.000,9999.000
202604291148,   0.992,   1.298,9999.000,9999.000,9999.000,9999.000,9999.000,9999.000,9999.000
202604291154,   0.980,   1.239,9999.000,9999.000,9999.000,9999.000,9999.000,9999.000,9999.000
202604291200,   0.969,   1.190,   0.400,  -0.179,   1.190,   0.400,   1.190,   0.400,   1.190
202604291206,   0.957,   1.210,9999.000,9999.000,9999.000,9999.000,9999.000,9999.000,9999.000
202604291212,   0.947,   1.190,9999.000,9999.000,9999.000,9999.000,9999.000,9999.000,9999.000
202604291218,   0.937,   1.138,9999.000,9999.000,9999.000,9999.000,9999.000,9999.000,9999.000
202604291224,   0.928,   1.151,9999.000,9999.000,9999.000,9999.000,9999.000,9999.000,9999.000
202604291230,   0.919,   1.151,9999.000,9999.000,9999.000,9999.000,9999.000,9999.000,9999.000
202604291236,   0.911,   1.128,9999.000,9999.000,9999.000,9999.000,9999.000,9999.000,9999.000
202604291242,   0.904,   1.098,9999.000,9999.000,9999.000,9999.000,9999.000,9999.000,9999.000
202604291248,   0.898,   1.098,9999.000,9999.000,9999.000,9999.000,9999.000,9999.000,9999.000
202604291254,   0.893,   1.088,9999.000,9999.000,9999.000,9999.000,9999.000,9999.000,9999.000
202604291300,   0.889,   1.059,   0.400,  -0.230,   1.059,   0.400,   1.059,   0.400,   1.059
202604291306,   0.885,   1.049,9999.000,9999.000,9999.000,9999.000,9999.000,9999.000,9999.000
202604291312,   0.882,   1.069,9999.000,9999.000,9999.000,9999.000,9999.000,9999.000,9999.000
202604291318,   0.881,   1.059,9999.000,9999.000,9999.000,9999.000,9999.000,9999.000,9999.000
202604291324,   0.880,   1.049,9999.000,9999.000,9999.000,9999.000,9999.000,9999.000,9999.000
202604291330,   0.881,   1.020,9999.000,9999.000,9999.000,9999.000,9999.000,9999.000,9999.000
202604291336,   0.882,   0.970,9999.000,9999.000,9999.000,9999.000,9999.000,9999.000,9999.000
202604291342,   0.885,   1.079,9999.000,9999.000,9999.000,9999.000,9999.000,9999.000,9999.000
202604291348,   0.889,   1.088,9999.000,9999.000,9999.000,9999.000,9999.000,9999.000,9999.000
202604291354,   0.893,   1.079,9999.000,9999.000,9999.000,9999.000,9999.000,9999.000,9999.000
202604291400,   0.899,   1.098,   0.400,  -0.201,   1.098,   0.400,   1.098,   0.400,   1.098
202604291406,   0.906,   1.098,9999.000,9999.000,9999.000,9999.000,9999.000,9999.000,9999.000
202604291412,   0.914,   1.118,9999.000,9999.000,9999.000,9999.000,9999.000,9999.000,9999.000
202604291418,   0.923,   1.128,9999.000,9999.000,9999.000,9999.000,9999.000,9999.000,9999.000
202604291424,   0.933,   1.151,9999.000,9999.000,9999.000,9999.000,9999.000,9999.000,9999.000
202604291430,   0.944,   1.138,9999.000,9999.000,9999.000,9999.000,9999.000,9999.000,9999.000
202604291436,   0.956,   1.161,9999.000,9999.000,9999.000,9999.000,9999.000,9999.000,9999.000
202604291442,   0.968,   1.151,9999.000,9999.000,9999.000,9999.000,9999.000,9999.000,9999.000
202604291448,   0.982,   1.200,9999.000,9999.000,9999.000,9999.000,9999.000,9999.000,9999.000
202604291454,   0.997,   1.249,9999.000,9999.000,9999.000,9999.000,9999.000,9999.000,9999.000
202604291500,   1.012,   1.279,   0.400,  -0.133,   1.279,   0.400,   1.279,   0.400,   1.279
202604291506,   1.029,   1.259,9999.000,9999.000,9999.000,9999.000,9999.000,9999.000,9999.000
202604291512,   1.045,   1.318,9999.000,9999.000,9999.000,9999.000,9999.000,9999.000,9999.000
202604291518,   1.063,   1.318,9999.000,9999.000,9999.000,9999.000,9999.000,9999.000,9999.000
202604291524,   1.081,   1.338,9999.000,9999.000,9999.000,9999.000,9999.000,9999.000,9999.000
202604291530,   1.100,   1.371,9999.000,9999.000,9999.000,9999.000,9999.000,9999.000,9999.000
202604291536,   1.119,   1.390,9999.000,9999.000,9999.000,9999.000,9999.000,9999.000,9999.000
202604291542,   1.139,   1.439,9999.000,9999.000,9999.000,9999.000,9999.000,9999.000,9999.000
202604291548,   1.159,   1.479,9999.000,9999.000,9999.000,9999.000,9999.000,9999.000,9999.000
202604291554,   1.180,   1.489,9999.000,9999.000,9999.000,9999.000,9999.000,9999.000,9999.000
202604291600,   1.200,   1.518,   0.400,  -0.082,   1.518,   0.400,   1.518,   0.400,   1.518
202604291606,   1.221,   1.557,9999.000,9999.000,9999.000,9999.000,9999.000,9999.000,9999.000
202604291612,   1.242,   1.571,9999.000,9999.000,9999.000,9999.000,9999.000,9999.000,9999.000
202604291618,   1.263,   1.600,9999.000,9999.000,9999.000,9999.000,9999.000,9999.000,9999.000
202604291624,   1.284,   1.630,9999.000,9999.000,9999.000,9999.000,9999.000,9999.000,9999.000
202604291630,   1.304,   1.649,9999.000,9999.000,9999.000,9999.000,9999.000,9999.000,9999.000
202604291636,   1.325,   1.649,9999.000,9999.000,9999.000,9999.000,9999.000,9999.000,9999.000
202604291642,   1.345,   1.699,9999.000,9999.000,9999.000,9999.000,9999.000,9999.000,9999.000
202604291648,   1.365,   1.718,9999.000,9999.000,9999.000,9999.000,9999.000,9999.000,9999.000
202604291654,   1.384,   1.728,9999.000,9999.000,9999.000,9999.000,9999.000,9999.000,9999.000
202604291700,   1.403,   1.748,   0.400,  -0.055,   1.748,   0.400,   1.748,   0.400,   1.748
202604291706,   1.421,   1.767,9999.000,9999.000,9999.000,9999.000,9999.000,9999.000,9999.000
202604291712,   1.438,   1.790,9999.000,9999.000,9999.000,9999.000,9999.000,9999.000,9999.000
202604291718,   1.455,   1.830,9999.000,9999.000,9999.000,9999.000,9999.000,9999.000,9999.000
202604291724,   1.471,   1.849,9999.000,9999.000,9999.000,9999.000,9999.000,9999.000,9999.000
202604291730,   1.486,   1.899,9999.000,9999.000,9999.000,9999.000,9999.000,9999.000,9999.000
202604291736,   1.500,   1.918,9999.000,9999.000,9999.000,9999.000,9999.000,9999.000,9999.000
202604291742,   1.513,   1.928,9999.000,9999.000,9999.000,9999.000,9999.000,9999.000,9999.000
202604291748,   1.526,   1.918,9999.000,9999.000,9999.000,9999.000,9999.000,9999.000,9999.000
202604291754,   1.537,   1.928,9999.000,9999.000,9999.000,9999.000,9999.000,9999.000,9999.000
202604291800,   1.546,   1.889,   0.300,   0.043,   1.889,   0.300,   1.889,   0.300,   1.889
202604291806,   1.555,   1.879,9999.000,9999.000,9999.000,9999.000,9999.000,9999.000,9999.000
202604291812,   1.563,   1.899,9999.000,9999.000,9999.000,9999.000,9999.000,9999.000,9999.000
202604291818,   1.569,   1.918,9999.000,9999.000,9999.000,9999.000,9999.000,9999.000,9999.000
202604291824,   1.573,   1.928,9999.000,9999.000,9999.000,9999.000,9999.000,9999.000,9999.000
202604291830,   1.577,   1.958,9999.000,9999.000,9999.000,9999.000,9999.000,9999.000,9999.000
202604291836,   1.579,   2.010,9999.000,9999.000,9999.000,9999.000,9999.000,9999.000,9999.000
202604291842,   1.580,   2.000,9999.000,9999.000,9999.000,9999.000,9999.000,9999.000,9999.000
202604291848,   1.579,   2.000,9999.000,9999.000,9999.000,9999.000,9999.000,9999.000,9999.000
202604291854,   1.577,   2.010,9999.000,9999.000,9999.000,9999.000,9999.000,9999.000,9999.000
202604291900,   1.574,   2.000,   0.300,   0.126,   2.000,   0.300,   2.000,   0.300,   2.000
202604291906,   1.569,   1.981,9999.000,9999.000,9999.000,9999.000,9999.000,9999.000,9999.000
202604291912,   1.563,   1.990,9999.000,9999.000,9999.000,9999.000,9999.000,9999.000,9999.000
202604291918,   1.555,   1.990,9999.000,9999.000,9999.000,9999.000,9999.000,9999.000,9999.000
202604291924,   1.546,   2.000,9999.000,9999.000,9999.000,9999.000,9999.000,9999.000,9999.000
202604291930,   1.536,   1.958,9999.000,9999.000,9999.000,9999.000,9999.000,9999.000,9999.000
202604291936,   1.524,   1.981,9999.000,9999.000,9999.000,9999.000,9999.000,9999.000,9999.000
202604291942,   1.511,   2.000,9999.000,9999.000,9999.000,9999.000,9999.000,9999.000,9999.000
202604291948,   1.497,   1.981,9999.000,9999.000,9999.000,9999.000,9999.000,9999.000,9999.000
202604291954,   1.481,   1.948,9999.000,9999.000,9999.000,9999.000,9999.000,9999.000,9999.000
202604292000,   1.465,   1.938,   0.300,   0.173,   1.938,   0.300,   1.938,   0.300,   1.938
202604292006,   1.447,   1.928,9999.000,9999.000,9999.000,9999.000,9999.000,9999.000,9999.000
202604292012,   1.427,   1.889,9999.000,9999.000,9999.000,9999.000,9999.000,9999.000,9999.000
202604292018,   1.407,   1.849,9999.000,9999.000,9999.000,9999.000,9999.000,9999.000,9999.000
202604292024,   1.386,   1.830,9999.000,9999.000,9999.000,9999.000,9999.000,9999.000,9999.000
202604292030,   1.364,   1.800,9999.000,9999.000,9999.000,9999.000,9999.000,9999.000,9999.000
202604292036,   1.340,   1.758,9999.000,9999.000,9999.000,9999.000,9999.000,9999.000,9999.000
202604292042,   1.316,   1.728,9999.000,9999.000,9999.000,9999.000,9999.000,9999.000,9999.000
202604292048,   1.291,   1.708,9999.000,9999.000,9999.000,9999.000,9999.000,9999.000,9999.000
202604292054,   1.265,   1.689,9999.000,9999.000,9999.000,9999.000,9999.000,9999.000,9999.000
202604292100,   1.238,   1.649,   0.300,   0.111,   1.649,   0.300,   1.649,   0.300,   1.649
202604292106,   1.210,   1.639,9999.000,9999.000,9999.000,9999.000,9999.000,9999.000,9999.000
202604292112,   1.182,   1.610,9999.000,9999.000,9999.000,9999.000,9999.000,9999.000,9999.000
202604292118,   1.153,   1.580,9999.000,9999.000,9999.000,9999.000,9999.000,9999.000,9999.000
202604292124,   1.123,   1.557,9999.000,9999.000,9999.000,9999.000,9999.000,9999.000,9999.000
202604292130,   1.093,   1.538,9999.000,9999.000,9999.000,9999.000,9999.000,9999.000,9999.000
202604292136,   1.063,   1.498,9999.000,9999.000,9999.000,9999.000,9999.000,9999.000,9999.000
202604292142,   1.031,   1.449,9999.000,9999.000,9999.000,9999.000,9999.000,9999.000,9999.000
202604292148,   1.000,   1.420,9999.000,9999.000,9999.000,9999.000,9999.000,9999.000,9999.000
202604292154,   0.967,   1.410,9999.000,9999.000,9999.000,9999.000,9999.000,9999.000,9999.000
202604292200,   0.935,   1.371,   0.300,   0.136,   1.371,   0.300,   1.371,   0.300,   1.371
202604292206,   0.902,   1.338,9999.000,9999.000,9999.000,9999.000,9999.000,9999.000,9999.000
202604292212,   0.869,   1.308,9999.000,9999.000,9999.000,9999.000,9999.000,9999.000,9999.000
202604292218,   0.836,   1.279,9999.000,9999.000,9999.000,9999.000,9999.000,9999.000,9999.000
202604292224,   0.803,   1.249,9999.000,9999.000,9999.000,9999.000,9999.000,9999.000,9999.000
202604292230,   0.769,   1.220,9999.000,9999.000,9999.000,9999.000,9999.000,9999.000,9999.000
202604292236,   0.736,   1.190,9999.000,9999.000,9999.000,9999.000,9999.000,9999.000,9999.000
202604292242,   0.702,   1.161,9999.000,9999.000,9999.000,9999.000,9999.000,9999.000,9999.000
202604292248,   0.668,   1.118,9999.000,9999.000,9999.000,9999.000,9999.000,9999.000,9999.000
202604292254,   0.635,   1.088,9999.000,9999.000,9999.000,9999.000,9999.000,9999.000,9999.000
202604292300,   0.602,   1.059,   0.300,   0.157,   1.059,   0.300,   1.059,   0.300,   1.059
202604292306,   0.569,   1.029,9999.000,9999.000,9999.000,9999.000,9999.000,9999.000,9999.000
202604292312,   0.536,   1.010,9999.000,9999.000,9999.000,9999.000,9999.000,9999.000,9999.000
202604292318,   0.503,   0.980,9999.000,9999.000,9999.000,9999.000,9999.000,9999.000,9999.000
202604292324,   0.471,   0.941,9999.000,9999.000,9999.000,9999.000,9999.000,9999.000,9999.000
202604292330,   0.439,   0.918,9999.000,9999.000,9999.000,9999.000,9999.000,9999.000,9999.000
202604292336,   0.408,   0.888,9999.000,9999.000,9999.000,9999.000,9999.000,9999.000,9999.000
202604292342,   0.377,   0.859,9999.000,9999.000,9999.000,9999.000,9999.000,9999.000,9999.000
202604292348,   0.347,   0.839,9999.000,9999.000,9999.000,9999.000,9999.000,9999.000,9999.000
202604292354,   0.318,   0.829,9999.000,9999.000,9999.000,9999.000,9999.000,9999.000,9999.000
202604300000,   0.289,   0.810,   0.300,   0.221,   0.810,   0.300,   0.810,   0.300,   0.810
202604300006,   0.261,   0.780,9999.000,9999.000,9999.000,9999.000,9999.000,9999.000,9999.000
202604300012,   0.234,   0.731,9999.000,9999.000,9999.000,9999.000,9999.000,9999.000,9999.000
202604300018,   0.207,   0.678,9999.000,9999.000,9999.000,9999.000,9999.000,9999.000,9999.000
202604300024,   0.182,   0.669,9999.000,9999.000,9999.000,9999.000,9999.000,9999.000,9999.000
202604300030,   0.158,   0.669,9999.000,9999.000,9999.000,9999.000,9999.000,9999.000,9999.000
202604300036,   0.134,   0.639,9999.000,9999.000,9999.000,9999.000,9999.000,9999.000,9999.000
202604300042,   0.112,   0.619,9999.000,9999.000,9999.000,9999.000,9999.000,9999.000,9999.000
202604300048,   0.091,   0.629,9999.000,9999.000,9999.000,9999.000,9999.000,9999.000,9999.000
202604300054,   0.071,   0.600,9999.000,9999.000,9999.000,9999.000,9999.000,9999.000,9999.000
202604300100,   0.052,   0.590,   0.300,   0.238,   0.590,   0.300,   0.590,   0.300,   0.590
202604300106,   0.035,   0.600,9999.000,9999.000,9999.000,9999.000,9999.000,9999.000,9999.000
202604300112,   0.019,   0.570,9999.000,9999.000,9999.000,9999.000,9999.000,9999.000,9999.000
202604300118,   0.004,   0.541,9999.000,9999.000,9999.000,9999.000,9999.000,9999.000,9999.000
202604300124,  -0.008,   0.531,9999.000,9999.000,9999.000,9999.000,9999.000,9999.000,9999.000
202604300130,  -0.020,   0.498,9999.000,9999.000,9999.000,9999.000,9999.000,9999.000,9999.000
202604300136,  -0.031,   0.508,9999.000,9999.000,9999.000,9999.000,9999.000,9999.000,9999.000
202604300142,  -0.040,   0.518,9999.000,9999.000,9999.000,9999.000,9999.000,9999.000,9999.000
202604300148,  -0.047,   0.508,9999.000,9999.000,9999.000,9999.000,9999.000,9999.000,9999.000
202604300154,  -0.053,   0.508,9999.000,9999.000,9999.000,9999.000,9999.000,9999.000,9999.000
202604300200,  -0.057,   0.508,   0.300,   0.265,   0.508,   0.300,   0.508,   0.300,   0.508
202604300206,  -0.060,   0.531,9999.000,9999.000,9999.000,9999.000,9999.000,9999.000,9999.000
202604300212,  -0.061,   0.551,9999.000,9999.000,9999.000,9999.000,9999.000,9999.000,9999.000
202604300218,  -0.060,   0.551,9999.000,9999.000,9999.000,9999.000,9999.000,9999.000,9999.000
202604300224,  -0.058,   0.541,9999.000,9999.000,9999.000,9999.000,9999.000,9999.000,9999.000
202604300230,  -0.054,   0.531,9999.000,9999.000,9999.000,9999.000,9999.000,9999.000,9999.000
202604300236,  -0.049,   0.531,9999.000,9999.000,9999.000,9999.000,9999.000,9999.000,9999.000
202604300242,  -0.041,   0.541,9999.000,9999.000,9999.000,9999.000,9999.000,9999.000,9999.000
202604300248,  -0.033,   0.541,9999.000,9999.000,9999.000,9999.000,9999.000,9999.000,9999.000
202604300254,  -0.022,   0.531,9999.000,9999.000,9999.000,9999.000,9999.000,9999.000,9999.000
202604300300,  -0.010,   0.531,   0.300,   0.241,   0.531,   0.300,   0.531,   0.300,   0.531
202604300306,   0.003,   0.518,9999.000,9999.000,9999.000,9999.000,9999.000,9999.000,9999.000
202604300312,   0.018,   0.508,9999.000,9999.000,9999.000,9999.000,9999.000,9999.000,9999.000
202604300318,   0.035,   0.531,9999.000,9999.000,9999.000,9999.000,9999.000,9999.000,9999.000
202604300324,   0.053,   0.560,9999.000,9999.000,9999.000,9999.000,9999.000,9999.000,9999.000
202604300330,   0.073,   0.560,9999.000,9999.000,9999.000,9999.000,9999.000,9999.000,9999.000
202604300336,   0.094,   0.570,9999.000,9999.000,9999.000,9999.000,9999.000,9999.000,9999.000
202604300342,   0.117,   0.570,9999.000,9999.000,9999.000,9999.000,9999.000,9999.000,9999.000
202604300348,   0.141,   0.580,9999.000,9999.000,9999.000,9999.000,9999.000,9999.000,9999.000
202604300354,   0.167,   0.610,9999.000,9999.000,9999.000,9999.000,9999.000,9999.000,9999.000
202604300400,   0.193,   0.629,   0.300,   0.136,   0.629,   0.300,   0.629,   0.300,   0.629
202604300406,   0.221,   0.639,9999.000,9999.000,9999.000,9999.000,9999.000,9999.000,9999.000
202604300412,   0.250,   0.659,9999.000,9999.000,9999.000,9999.000,9999.000,9999.000,9999.000
202604300418,   0.281,   0.698,9999.000,9999.000,9999.000,9999.000,9999.000,9999.000,9999.000
202604300424,   0.312,   0.718,9999.000,9999.000,9999.000,9999.000,9999.000,9999.000,9999.000
202604300430,   0.344,   0.741,9999.000,9999.000,9999.000,9999.000,9999.000,9999.000,9999.000
202604300436,   0.376,   0.770,9999.000,9999.000,9999.000,9999.000,9999.000,9999.000,9999.000
202604300442,   0.410,   0.810,9999.000,9999.000,9999.000,9999.000,9999.000,9999.000,9999.000
202604300448,   0.444,   0.819,9999.000,9999.000,9999.000,9999.000,9999.000,9999.000,9999.000
202604300454,   0.479,   0.859,9999.000,9999.000,9999.000,9999.000,9999.000,9999.000,9999.000
202604300500,   0.514,   0.888,   0.300,   0.074,   0.888,   0.300,   0.888,   0.300,   0.888
202604300506,   0.550,   0.918,9999.000,9999.000,9999.000,9999.000,9999.000,9999.000,9999.000
202604300512,   0.586,   0.951,9999.000,9999.000,9999.000,9999.000,9999.000,9999.000,9999.000
202604300518,   0.622,   0.980,9999.000,9999.000,9999.000,9999.000,9999.000,9999.000,9999.000
202604300524,   0.658,   1.039,9999.000,9999.000,9999.000,9999.000,9999.000,9999.000,9999.000
202604300530,   0.694,   1.088,9999.000,9999.000,9999.000,9999.000,9999.000,9999.000,9999.000
202604300536,   0.730,   1.128,9999.000,9999.000,9999.000,9999.000,9999.000,9999.000,9999.000
202604300542,   0.766,   1.161,9999.000,9999.000,9999.000,9999.000,9999.000,9999.000,9999.000
202604300548,   0.801,   1.200,9999.000,9999.000,9999.000,9999.000,9999.000,9999.000,9999.000
202604300554,   0.836,   1.249,9999.000,9999.000,9999.000,9999.000,9999.000,9999.000,9999.000
202604300600,   0.870,   1.279,   0.400,   0.009,   1.279,   0.400,   1.279,   0.400,   1.279
202604300606,   0.904,   1.289,9999.000,9999.000,9999.000,9999.000,9999.000,9999.000,9999.000
202604300612,   0.938,   1.308,9999.000,9999.000,9999.000,9999.000,9999.000,9999.000,9999.000
202604300618,   0.970,   1.338,9999.000,9999.000,9999.000,9999.000,9999.000,9999.000,9999.000
202604300624,   1.002,   1.380,9999.000,9999.000,9999.000,9999.000,9999.000,9999.000,9999.000
202604300630,   1.033,   1.430,9999.000,9999.000,9999.000,9999.000,9999.000,9999.000,9999.000
202604300636,   1.062,   1.449,9999.000,9999.000,9999.000,9999.000,9999.000,9999.000,9999.000
202604300642,   1.091,   1.498,9999.000,9999.000,9999.000,9999.000,9999.000,9999.000,9999.000
202604300648,   1.119,   1.528,9999.000,9999.000,9999.000,9999.000,9999.000,9999.000,9999.000
202604300654,   1.146,   1.557,9999.000,9999.000,9999.000,9999.000,9999.000,9999.000,9999.000
202604300700,   1.171,   1.590,   0.400,   0.019,   1.590,   0.400,   1.590,   0.400,   1.590
202604300706,   1.196,   1.639,9999.000,9999.000,9999.000,9999.000,9999.000,9999.000,9999.000
202604300712,   1.219,   1.659,9999.000,9999.000,9999.000,9999.000,9999.000,9999.000,9999.000
202604300718,   1.241,   1.699,9999.000,9999.000,9999.000,9999.000,9999.000,9999.000,9999.000
202604300724,   1.262,   1.728,9999.000,9999.000,9999.000,9999.000,9999.000,9999.000,9999.000
202604300730,   1.281,   1.748,9999.000,9999.000,9999.000,9999.000,9999.000,9999.000,9999.000
202604300736,   1.300,   1.767,9999.000,9999.000,9999.000,9999.000,9999.000,9999.000,9999.000
202604300742,   1.317,   1.790,9999.000,9999.000,9999.000,9999.000,9999.000,9999.000,9999.000
202604300748,   1.332,   1.800,9999.000,9999.000,9999.000,9999.000,9999.000,9999.000,9999.000
202604300754,   1.347,   1.820,9999.000,9999.000,9999.000,9999.000,9999.000,9999.000,9999.000
202604300800,   1.360,   1.830,   0.400,   0.070,   1.830,   0.400,   1.830,   0.400,   1.830
202604300806,   1.372,   1.840,9999.000,9999.000,9999.000,9999.000,9999.000,9999.000,9999.000
202604300812,   1.383,   1.859,9999.000,9999.000,9999.000,9999.000,9999.000,9999.000,9999.000
202604300818,   1.392,   1.899,9999.000,9999.000,9999.000,9999.000,9999.000,9999.000,9999.000
202604300824,   1.401,   1.899,9999.000,9999.000,9999.000,9999.000,9999.000,9999.000,9999.000
202604300830,   1.408,   1.918,9999.000,9999.000,9999.000,9999.000,9999.000,9999.000,9999.000
202604300836,   1.414,   1.908,9999.000,9999.000,9999.000,9999.000,9999.000,9999.000,9999.000
202604300842,   1.419,   1.899,9999.000,9999.000,9999.000,9999.000,9999.000,9999.000,9999.000
202604300848,   1.423,   1.889,9999.000,9999.000,9999.000,9999.000,9999.000,9999.000,9999.000
202604300854,   1.425,   1.899,9999.000,9999.000,9999.000,9999.000,9999.000,9999.000,9999.000
202604300900,   1.427,   1.908,   0.400,   0.081,   1.908,   0.400,   1.908,   0.400,   1.908
202604300906,   1.428,   1.918,9999.000,9999.000,9999.000,9999.000,9999.000,9999.000,9999.000
202604300912,   1.428,   1.918,9999.000,9999.000,9999.000,9999.000,9999.000,9999.000,9999.000
202604300918,   1.427,   1.928,9999.000,9999.000,9999.000,9999.000,9999.000,9999.000,9999.000
202604300924,   1.425,   1.948,9999.000,9999.000,9999.000,9999.000,9999.000,9999.000,9999.000
202604300930,   1.422,   1.938,9999.000,9999.000,9999.000,9999.000,9999.000,9999.000,9999.000
202604300936,   1.418,   1.908,9999.000,9999.000,9999.000,9999.000,9999.000,9999.000,9999.000
202604300942,   1.413,   1.928,9999.000,9999.000,9999.000,9999.000,9999.000,9999.000,9999.000
202604300948,   1.408,   1.908,9999.000,9999.000,9999.000,9999.000,9999.000,9999.000,9999.000
202604300954,   1.402,   1.869,9999.000,9999.000,9999.000,9999.000,9999.000,9999.000,9999.000
202604301000,   1.395,   1.889,   0.400,   0.094,   1.889,   0.400,   1.889,   0.400,   1.889
202604301006,   1.388,   1.859,9999.000,9999.000,9999.000,9999.000,9999.000,9999.000,9999.000
202604301012,   1.380,   1.879,9999.000,9999.000,9999.000,9999.000,9999.000,9999.000,9999.000
202604301018,   1.371,   1.889,9999.000,9999.000,9999.000,9999.000,9999.000,9999.000,9999.000
202604301024,   1.362,   1.889,9999.000,9999.000,9999.000,9999.000,9999.000,9999.000,9999.000
202604301030,   1.353,   1.849,9999.000,9999.000,9999.000,9999.000,9999.000,9999.000,9999.000
202604301036,   1.343,   1.859,9999.000,9999.000,9999.000,9999.000,9999.000,9999.000,9999.000
202604301042,   1.333,   1.869,9999.000,9999.000,9999.000,9999.000,9999.000,9999.000,9999.000
202604301048,   1.322,   1.810,9999.000,9999.000,9999.000,9999.000,9999.000,9999.000,9999.000
202604301054,   1.311,   1.790,9999.000,9999.000,9999.000,9999.000,9999.000,9999.000,9999.000
202604301100,   1.300,   1.790,   0.400,   0.090,   1.790,   0.400,   1.790,   0.400,   1.790
202604301106,   1.289,   1.758,9999.000,9999.000,9999.000,9999.000,9999.000,9999.000,9999.000
202604301112,   1.277,   1.758,9999.000,9999.000,9999.000,9999.000,9999.000,9999.000,9999.000
202604301118,   1.266,   1.699,9999.000,9999.000,9999.000,9999.000,9999.000,9999.000,9999.000
202604301124,   1.254,   1.738,9999.000,9999.000,9999.000,9999.000,9999.000,9999.000,9999.000
202604301130,   1.243,   1.728,9999.000,9999.000,9999.000,9999.000,9999.000,9999.000,9999.000
202604301136,   1.231,   1.718,9999.000,9999.000,9999.000,9999.000,9999.000,9999.000,9999.000
202604301142,   1.220,   1.679,9999.000,9999.000,9999.000,9999.000,9999.000,9999.000,9999.000
202604301148,   1.209,   1.689,9999.000,9999.000,9999.000,9999.000,9999.000,9999.000,9999.000
202604301154,   1.198,   1.659,9999.000,9999.000,9999.000,9999.000,9999.000,9999.000,9999.000
202604301200,   1.187,   1.659,   0.500,  -0.028,   1.659,   0.500,   1.659,   0.500,   1.659
202604301206,   1.177,   1.689,9999.000,9999.000,9999.000,9999.000,9999.000,9999.000,9999.000
202604301212,   1.167,   1.738,9999.000,9999.000,9999.000,9999.000,9999.000,9999.000,9999.000
202604301218,   1.158,   1.689,9999.000,9999.000,9999.000,9999.000,9999.000,9999.000,9999.000
202604301224,   1.149,   1.679,9999.000,9999.000,9999.000,9999.000,9999.000,9999.000,9999.000
202604301230,   1.140,   1.649,9999.000,9999.000,9999.000,9999.000,9999.000,9999.000,9999.000
202604301236,   1.132,   1.620,9999.000,9999.000,9999.000,9999.000,9999.000,9999.000,9999.000
202604301242,   1.125,   1.610,9999.000,9999.000,9999.000,9999.000,9999.000,9999.000,9999.000
202604301248,   1.118,   1.620,9999.000,9999.000,9999.000,9999.000,9999.000,9999.000,9999.000
202604301254,   1.112,   1.639,9999.000,9999.000,9999.000,9999.000,9999.000,9999.000,9999.000
202604301300,   1.106,   1.659,   0.500,   0.053,   1.659,   0.500,   1.659,   0.500,   1.659
202604301306,   1.102,   1.610,9999.000,9999.000,9999.000,9999.000,9999.000,9999.000,9999.000
202604301312,   1.097,   1.620,9999.000,9999.000,9999.000,9999.000,9999.000,9999.000,9999.000
202604301318,   1.094,   1.630,9999.000,9999.000,9999.000,9999.000,9999.000,9999.000,9999.000
202604301324,   1.091,   1.630,9999.000,9999.000,9999.000,9999.000,9999.000,9999.000,9999.000
202604301330,   1.089,   1.590,9999.000,9999.000,9999.000,9999.000,9999.000,9999.000,9999.000
202604301336,   1.088,   1.580,9999.000,9999.000,9999.000,9999.000,9999.000,9999.000,9999.000
202604301342,   1.087,   1.557,9999.000,9999.000,9999.000,9999.000,9999.000,9999.000,9999.000
202604301348,   1.088,   1.528,9999.000,9999.000,9999.000,9999.000,9999.000,9999.000,9999.000
202604301354,   1.089,   1.508,9999.000,9999.000,9999.000,9999.000,9999.000,9999.000,9999.000
202604301400,   1.090,   1.538,   0.500,  -0.052,   1.538,   0.500,   1.538,   0.600,   1.638
202604301406,   1.093,   1.571,9999.000,9999.000,9999.000,9999.000,9999.000,9999.000,9999.000
202604301412,   1.096,   1.571,9999.000,9999.000,9999.000,9999.000,9999.000,9999.000,9999.000
202604301418,   1.101,   1.548,9999.000,9999.000,9999.000,9999.000,9999.000,9999.000,9999.000
202604301424,   1.106,   1.557,9999.000,9999.000,9999.000,9999.000,9999.000,9999.000,9999.000
202604301430,   1.111,   1.571,9999.000,9999.000,9999.000,9999.000,9999.000,9999.000,9999.000
202604301436,   1.118,   1.571,9999.000,9999.000,9999.000,9999.000,9999.000,9999.000,9999.000
202604301442,   1.125,   1.571,9999.000,9999.000,9999.000,9999.000,9999.000,9999.000,9999.000
202604301448,   1.133,   1.571,9999.000,9999.000,9999.000,9999.000,9999.000,9999.000,9999.000
202604301454,   1.142,   1.571,9999.000,9999.000,9999.000,9999.000,9999.000,9999.000,9999.000
202604301500,   1.152,   1.571,   0.500,  -0.081,   1.571,   0.500,   1.571,   0.600,   1.671
202604301506,   1.162,   1.590,9999.000,9999.000,9999.000,9999.000,9999.000,9999.000,9999.000
202604301512,   1.173,   1.600,9999.000,9999.000,9999.000,9999.000,9999.000,9999.000,9999.000
202604301518,   1.185,   1.639,9999.000,9999.000,9999.000,9999.000,9999.000,9999.000,9999.000
202604301524,   1.197,   1.620,9999.000,9999.000,9999.000,9999.000,9999.000,9999.000,9999.000
202604301530,   1.211,   1.630,9999.000,9999.000,9999.000,9999.000,9999.000,9999.000,9999.000
202604301536,   1.224,   1.639,9999.000,9999.000,9999.000,9999.000,9999.000,9999.000,9999.000
202604301542,   1.239,   1.659,9999.000,9999.000,9999.000,9999.000,9999.000,9999.000,9999.000
202604301548,   1.254,   1.708,9999.000,9999.000,9999.000,9999.000,9999.000,9999.000,9999.000
202604301554,   1.270,   1.728,9999.000,9999.000,9999.000,9999.000,9999.000,9999.000,9999.000
202604301600,   1.286,   1.699,   0.500,  -0.087,   1.699,   0.500,   1.699,   0.600,   1.799
202604301606,   1.302,   1.699,9999.000,9999.000,9999.000,9999.000,9999.000,9999.000,9999.000
202604301612,   1.319,   1.718,9999.000,9999.000,9999.000,9999.000,9999.000,9999.000,9999.000
202604301618,   1.337,   1.708,9999.000,9999.000,9999.000,9999.000,9999.000,9999.000,9999.000
202604301624,   1.355,   1.708,9999.000,9999.000,9999.000,9999.000,9999.000,9999.000,9999.000
202604301630,   1.373,   1.679,9999.000,9999.000,9999.000,9999.000,9999.000,9999.000,9999.000
202604301636,   1.391,   1.758,9999.000,9999.000,9999.000,9999.000,9999.000,9999.000,9999.000
202604301642,   1.409,   1.748,9999.000,9999.000,9999.000,9999.000,9999.000,9999.000,9999.000
202604301648,   1.428,   1.738,9999.000,9999.000,9999.000,9999.000,9999.000,9999.000,9999.000
202604301654,   1.446,   1.767,9999.000,9999.000,9999.000,9999.000,9999.000,9999.000,9999.000
202604301700,   1.464,   1.810,   0.500,  -0.154,   1.810,   0.500,   1.810,   0.600,   1.910
202604301706,   1.482,   1.830,9999.000,9999.000,9999.000,9999.000,9999.000,9999.000,9999.000
202604301712,   1.500,   1.830,9999.000,9999.000,9999.000,9999.000,9999.000,9999.000,9999.000
202604301718,   1.518,   1.849,9999.000,9999.000,9999.000,9999.000,9999.000,9999.000,9999.000
202604301724,   1.535,   1.879,9999.000,9999.000,9999.000,9999.000,9999.000,9999.000,9999.000
202604301730,   1.551,   1.889,9999.000,9999.000,9999.000,9999.000,9999.000,9999.000,9999.000
202604301736,   1.567,   1.928,9999.000,9999.000,9999.000,9999.000,9999.000,9999.000,9999.000
202604301742,   1.582,   1.981,9999.000,9999.000,9999.000,9999.000,9999.000,9999.000,9999.000
202604301748,   1.596,   2.000,9999.000,9999.000,9999.000,9999.000,9999.000,9999.000,9999.000
202604301754,   1.610,   2.040,9999.000,9999.000,9999.000,9999.000,9999.000,9999.000,9999.000
202604301800,   1.622,   2.049,   0.600,  -0.173,   2.049,   0.500,   1.949,   0.600,   2.049
202604301806,   1.634,   2.059,9999.000,9999.000,9999.000,9999.000,9999.000,9999.000,9999.000
202604301812,   1.644,   2.059,9999.000,9999.000,9999.000,9999.000,9999.000,9999.000,9999.000
202604301818,   1.653,   2.059,9999.000,9999.000,9999.000,9999.000,9999.000,9999.000,9999.000
202604301824,   1.661,   2.059,9999.000,9999.000,9999.000,9999.000,9999.000,9999.000,9999.000
202604301830,   1.668,   2.079,9999.000,9999.000,9999.000,9999.000,9999.000,9999.000,9999.000
202604301836,   1.674,   2.079,9999.000,9999.000,9999.000,9999.000,9999.000,9999.000,9999.000
202604301842,   1.678,   2.069,9999.000,9999.000,9999.000,9999.000,9999.000,9999.000,9999.000
202604301848,   1.680,   2.099,9999.000,9999.000,9999.000,9999.000,9999.000,9999.000,9999.000
202604301854,   1.681,   2.109,9999.000,9999.000,9999.000,9999.000,9999.000,9999.000,9999.000
202604301900,   1.681,   2.109,   0.600,  -0.172,   2.109,   0.500,   2.009,   0.600,   2.109
202604301906,   1.680,   2.128,9999.000,9999.000,9999.000,9999.000,9999.000,9999.000,9999.000
202604301912,   1.676,   2.109,9999.000,9999.000,9999.000,9999.000,9999.000,9999.000,9999.000
202604301918,   1.672,   2.089,9999.000,9999.000,9999.000,9999.000,9999.000,9999.000,9999.000
202604301924,   1.666,   2.069,9999.000,9999.000,9999.000,9999.000,9999.000,9999.000,9999.000
202604301930,   1.658,   2.040,9999.000,9999.000,9999.000,9999.000,9999.000,9999.000,9999.000
202604301936,   1.649,   2.030,9999.000,9999.000,9999.000,9999.000,9999.000,9999.000,9999.000
202604301942,   1.638,   2.020,9999.000,9999.000,9999.000,9999.000,9999.000,9999.000,9999.000
202604301948,   1.626,   2.020,9999.000,9999.000,9999.000,9999.000,9999.000,9999.000,9999.000
202604301954,   1.613,   1.990,9999.000,9999.000,9999.000,9999.000,9999.000,9999.000,9999.000
202604302000,   1.598,   1.967,   0.600,  -0.231,   1.967,   0.500,   1.867,   0.600,   1.967
202604302006,   1.582,   1.958,9999.000,9999.000,9999.000,9999.000,9999.000,9999.000,9999.000
202604302012,   1.565,   1.928,9999.000,9999.000,9999.000,9999.000,9999.000,9999.000,9999.000
202604302018,   1.546,   1.908,9999.000,9999.000,9999.000,9999.000,9999.000,9999.000,9999.000
202604302024,   1.526,   1.889,9999.000,9999.000,9999.000,9999.000,9999.000,9999.000,9999.000
202604302030,   1.505,   1.859,9999.000,9999.000,9999.000,9999.000,9999.000,9999.000,9999.000
202604302036,   1.483,   1.830,9999.000,9999.000,9999.000,9999.000,9999.000,9999.000,9999.000
202604302042,   1.460,   1.790,9999.000,9999.000,9999.000,9999.000,9999.000,9999.000,9999.000
202604302048,   1.435,   1.781,9999.000,9999.000,9999.000,9999.000,9999.000,9999.000,9999.000
202604302054,   1.410,   1.758,9999.000,9999.000,9999.000,9999.000,9999.000,9999.000,9999.000
202604302100,   1.384,   1.728,   0.600,  -0.256,   1.728,   0.500,   1.628,   0.600,   1.728
202604302106,   1.357,   1.718,9999.000,9999.000,9999.000,9999.000,9999.000,9999.000,9999.000
202604302112,   1.328,   1.699,9999.000,9999.000,9999.000,9999.000,9999.000,9999.000,9999.000
202604302118,   1.299,   1.669,9999.000,9999.000,9999.000,9999.000,9999.000,9999.000,9999.000
202604302124,   1.270,   1.639,9999.000,9999.000,9999.000,9999.000,9999.000,9999.000,9999.000
202604302130,   1.239,   1.600,9999.000,9999.000,9999.000,9999.000,9999.000,9999.000,9999.000
202604302136,   1.208,   1.548,9999.000,9999.000,9999.000,9999.000,9999.000,9999.000,9999.000
202604302142,   1.176,   1.479,9999.000,9999.000,9999.000,9999.000,9999.000,9999.000,9999.000
202604302148,   1.144,   1.439,9999.000,9999.000,9999.000,9999.000,9999.000,9999.000,9999.000
202604302154,   1.111,   1.410,9999.000,9999.000,9999.000,9999.000,9999.000,9999.000,9999.000
202604302200,   1.077,   1.371,   0.500,  -0.206,   1.371,   0.500,   1.371,   0.600,   1.471
202604302206,   1.043,   1.361,9999.000,9999.000,9999.000,9999.000,9999.000,9999.000,9999.000
202604302212,   1.008,   1.338,9999.000,9999.000,9999.000,9999.000,9999.000,9999.000,9999.000
202604302218,   0.973,   1.308,9999.000,9999.000,9999.000,9999.000,9999.000,9999.000,9999.000
202604302224,   0.938,   1.298,9999.000,9999.000,9999.000,9999.000,9999.000,9999.000,9999.000
202604302230,   0.903,   1.249,9999.000,9999.000,9999.000,9999.000,9999.000,9999.000,9999.000
202604302236,   0.867,   1.200,9999.000,9999.000,9999.000,9999.000,9999.000,9999.000,9999.000
202604302242,   0.831,   1.161,9999.000,9999.000,9999.000,9999.000,9999.000,9999.000,9999.000
202604302248,   0.795,   1.098,9999.000,9999.000,9999.000,9999.000,9999.000,9999.000,9999.000
202604302254,   0.758,   1.079,9999.000,9999.000,9999.000,9999.000,9999.000,9999.000,9999.000
202604302300,   0.722,   1.059,   0.500,  -0.163,   1.059,   0.500,   1.059,   0.600,   1.159
202604302306,   0.686,   1.029,9999.000,9999.000,9999.000,9999.000,9999.000,9999.000,9999.000
202604302312,   0.650,   1.000,9999.000,9999.000,9999.000,9999.000,9999.000,9999.000,9999.000
202604302318,   0.614,   0.980,9999.000,9999.000,9999.000,9999.000,9999.000,9999.000,9999.000
202604302324,   0.578,   0.941,9999.000,9999.000,9999.000,9999.000,9999.000,9999.000,9999.000
202604302330,   0.542,   0.888,9999.000,9999.000,9999.000,9999.000,9999.000,9999.000,9999.000
202604302336,   0.507,   0.849,9999.000,9999.000,9999.000,9999.000,9999.000,9999.000,9999.000
202604302342,   0.472,   0.819,9999.000,9999.000,9999.000,9999.000,9999.000,9999.000,9999.000
202604302348,   0.438,   0.780,9999.000,9999.000,9999.000,9999.000,9999.000,9999.000,9999.000
202604302354,   0.404,   0.741,9999.000,9999.000,9999.000,9999.000,9999.000,9999.000,9999.000
202605010000,   0.370,   0.708,   0.400,  -0.062,   0.708,   0.400,   0.708,   0.500,   0.808
202605010006,   0.337,   0.678,9999.000,9999.000,9999.000,9999.000,9999.000,9999.000,9999.000
202605010012,   0.305,   0.659,9999.000,9999.000,9999.000,9999.000,9999.000,9999.000,9999.000
202605010018,   0.274,   0.639,9999.000,9999.000,9999.000,9999.000,9999.000,9999.000,9999.000
202605010024,   0.243,   0.610,9999.000,9999.000,9999.000,9999.000,9999.000,9999.000,9999.000
202605010030,   0.213,   0.570,9999.000,9999.000,9999.000,9999.000,9999.000,9999.000,9999.000
202605010036,   0.184,   0.531,9999.000,9999.000,9999.000,9999.000,9999.000,9999.000,9999.000
202605010042,   0.156,   0.518,9999.000,9999.000,9999.000,9999.000,9999.000,9999.000,9999.000
202605010048,   0.129,   0.488,9999.000,9999.000,9999.000,9999.000,9999.000,9999.000,9999.000
202605010054,   0.103,   0.488,9999.000,9999.000,9999.000,9999.000,9999.000,9999.000,9999.000
202605010100,   0.078,   0.459,   0.400,  -0.019,   0.459,   0.400,   0.459,   0.500,   0.559
202605010106,   0.054,   0.429,9999.000,9999.000,9999.000,9999.000,9999.000,9999.000,9999.000
202605010112,   0.031,   0.419,9999.000,9999.000,9999.000,9999.000,9999.000,9999.000,9999.000
202605010118,   0.009,   0.429,9999.000,9999.000,9999.000,9999.000,9999.000,9999.000,9999.000
202605010124,  -0.011,   0.390,9999.000,9999.000,9999.000,9999.000,9999.000,9999.000,9999.000
202605010130,  -0.030,   0.370,9999.000,9999.000,9999.000,9999.000,9999.000,9999.000,9999.000
202605010136,  -0.049,   0.360,9999.000,9999.000,9999.000,9999.000,9999.000,9999.000,9999.000
202605010142,  -0.066,   0.350,9999.000,9999.000,9999.000,9999.000,9999.000,9999.000,9999.000
202605010148,  -0.081,   0.341,9999.000,9999.000,9999.000,9999.000,9999.000,9999.000,9999.000
202605010154,  -0.096,   0.341,9999.000,9999.000,9999.000,9999.000,9999.000,9999.000,9999.000
202605010200,  -0.109,   0.331,   0.400,   0.040,   0.331,   0.400,   0.331,   0.500,   0.431
202605010206,  -0.121,   0.321,9999.000,9999.000,9999.000,9999.000,9999.000,9999.000,9999.000
202605010212,  -0.132,   0.298,9999.000,9999.000,9999.000,9999.000,9999.000,9999.000,9999.000
202605010218,  -0.141,   0.298,9999.000,9999.000,9999.000,9999.000,9999.000,9999.000,9999.000
202605010224,  -0.148,   0.298,9999.000,9999.000,9999.000,9999.000,9999.000,9999.000,9999.000
202605010230,  -0.155,   0.288,9999.000,9999.000,9999.000,9999.000,9999.000,9999.000,9999.000
202605010236,  -0.160,   0.288,9999.000,9999.000,9999.000,9999.000,9999.000,9999.000,9999.000
202605010242,  -0.163,   0.298,9999.000,9999.000,9999.000,9999.000,9999.000,9999.000,9999.000
202605010248,  -0.165,   0.298,9999.000,9999.000,9999.000,9999.000,9999.000,9999.000,9999.000
202605010254,  -0.165,   0.308,9999.000,9999.000,9999.000,9999.000,9999.000,9999.000,9999.000
202605010300,  -0.164,   0.298,   0.400,   0.062,   0.298,   0.400,   0.298,   0.500,   0.398
202605010306,  -0.161,   0.298,9999.000,9999.000,9999.000,9999.000,9999.000,9999.000,9999.000
202605010312,  -0.156,   0.308,9999.000,9999.000,9999.000,9999.000,9999.000,9999.000,9999.000
202605010318,  -0.150,   0.321,9999.000,9999.000,9999.000,9999.000,9999.000,9999.000,9999.000
202605010324,  -0.143,   0.331,9999.000,9999.000,9999.000,9999.000,9999.000,9999.000,9999.000
202605010330,  -0.133,   0.298,9999.000,9999.000,9999.000,9999.000,9999.000,9999.000,9999.000
202605010336,  -0.122,   0.321,9999.000,9999.000,9999.000,9999.000,9999.000,9999.000,9999.000
202605010342,  -0.109,   0.341,9999.000,9999.000,9999.000,9999.000,9999.000,9999.000,9999.000
202605010348,  -0.095,   0.360,9999.000,9999.000,9999.000,9999.000,9999.000,9999.000,9999.000
202605010354,  -0.079,   0.380,9999.000,9999.000,9999.000,9999.000,9999.000,9999.000,9999.000
202605010400,  -0.061,   0.400,   0.400,   0.061,   0.400,   0.400,   0.400,   0.500,   0.500
202605010406,  -0.041,   0.419,9999.000,9999.000,9999.000,9999.000,9999.000,9999.000,9999.000
202605010412,  -0.020,   0.429,9999.000,9999.000,9999.000,9999.000,9999.000,9999.000,9999.000
202605010418,   0.002,   0.449,9999.000,9999.000,9999.000,9999.000,9999.000,9999.000,9999.000
202605010424,   0.026,   0.469,9999.000,9999.000,9999.000,9999.000,9999.000,9999.000,9999.000
202605010430,   0.052,   0.488,9999.000,9999.000,9999.000,9999.000,9999.000,9999.000,9999.000
202605010436,   0.079,   0.508,9999.000,9999.000,9999.000,9999.000,9999.000,9999.000,9999.000
202605010442,   0.108,   0.541,9999.000,9999.000,9999.000,9999.000,9999.000,9999.000,9999.000
202605010448,   0.138,   0.570,9999.000,9999.000,9999.000,9999.000,9999.000,9999.000,9999.000
202605010454,   0.170,   0.600,9999.000,9999.000,9999.000,9999.000,9999.000,9999.000,9999.000
202605010500,   0.202,   0.639,   0.400,   0.037,   0.639,   0.400,   0.639,   0.500,   0.739
202605010506,   0.236,   0.669,9999.000,9999.000,9999.000,9999.000,9999.000,9999.000,9999.000
202605010512,   0.271,   0.688,9999.000,9999.000,9999.000,9999.000,9999.000,9999.000,9999.000
202605010518,   0.307,   0.718,9999.000,9999.000,9999.000,9999.000,9999.000,9999.000,9999.000
202605010524,   0.344,   0.751,9999.000,9999.000,9999.000,9999.000,9999.000,9999.000,9999.000
202605010530,   0.381,   0.780,9999.000,9999.000,9999.000,9999.000,9999.000,9999.000,9999.000
202605010536,   0.419,   0.819,9999.000,9999.000,9999.000,9999.000,9999.000,9999.000,9999.000
202605010542,   0.458,   0.859,9999.000,9999.000,9999.000,9999.000,9999.000,9999.000,9999.000
202605010548,   0.497,   0.908,9999.000,9999.000,9999.000,9999.000,9999.000,9999.000,9999.000
202605010554,   0.536,   0.961,9999.000,9999.000,9999.000,9999.000,9999.000,9999.000,9999.000
202605010600,   0.575,   1.000,   0.400,   0.025,   1.000,   0.400,   1.000,   0.400,   1.000
202605010606,   0.615,   1.059,9999.000,9999.000,9999.000,9999.000,9999.000,9999.000,9999.000
202605010612,   0.654,   1.108,9999.000,9999.000,9999.000,9999.000,9999.000,9999.000,9999.000
202605010618,   0.694,   1.170,9999.000,9999.000,9999.000,9999.000,9999.000,9999.000,9999.000
202605010624,   0.733,   1.180,9999.000,9999.000,9999.000,9999.000,9999.000,9999.000,9999.000
202605010630,   0.771,   1.220,9999.000,9999.000,9999.000,9999.000,9999.000,9999.000,9999.000
202605010636,   0.810,   1.269,9999.000,9999.000,9999.000,9999.000,9999.000,9999.000,9999.000
202605010642,   0.847,   1.318,9999.000,9999.000,9999.000,9999.000,9999.000,9999.000,9999.000
202605010648,   0.884,   1.361,9999.000,9999.000,9999.000,9999.000,9999.000,9999.000,9999.000
202605010654,   0.920,   1.400,9999.000,9999.000,9999.000,9999.000,9999.000,9999.000,9999.000
202605010700,   0.956,   1.420,   0.400,   0.064,   1.420,   0.400,   1.420,   0.400,   1.420
202605010706,   0.990,   1.459,9999.000,9999.000,9999.000,9999.000,9999.000,9999.000,9999.000
202605010712,   1.024,   1.518,9999.000,9999.000,9999.000,9999.000,9999.000,9999.000,9999.000
202605010718,   1.056,   1.557,9999.000,9999.000,9999.000,9999.000,9999.000,9999.000,9999.000
202605010724,   1.087,   1.610,9999.000,9999.000,9999.000,9999.000,9999.000,9999.000,9999.000
202605010730,   1.118,   1.669,9999.000,9999.000,9999.000,9999.000,9999.000,9999.000,9999.000
202605010736,   1.147,   1.689,9999.000,9999.000,9999.000,9999.000,9999.000,9999.000,9999.000
202605010742,   1.175,   1.699,9999.000,9999.000,9999.000,9999.000,9999.000,9999.000,9999.000
202605010748,   1.201,   1.728,9999.000,9999.000,9999.000,9999.000,9999.000,9999.000,9999.000
202605010754,   1.227,   1.738,9999.000,9999.000,9999.000,9999.000,9999.000,9999.000,9999.000
202605010800,   1.251,   1.781,   0.400,   0.130,   1.781,   0.400,   1.781,   0.400,   1.781
202605010806,   1.274,   1.800,9999.000,9999.000,9999.000,9999.000,9999.000,9999.000,9999.000
202605010812,   1.295,   1.840,9999.000,9999.000,9999.000,9999.000,9999.000,9999.000,9999.000
202605010818,   1.316,   1.859,9999.000,9999.000,9999.000,9999.000,9999.000,9999.000,9999.000
202605010824,   1.335,   1.879,9999.000,9999.000,9999.000,9999.000,9999.000,9999.000,9999.000
202605010830,   1.353,   1.928,9999.000,9999.000,9999.000,9999.000,9999.000,9999.000,9999.000
202605010836,   1.369,   1.981,9999.000,9999.000,9999.000,9999.000,9999.000,9999.000,9999.000
202605010842,   1.384,   2.010,9999.000,9999.000,9999.000,9999.000,9999.000,9999.000,9999.000
202605010848,   1.398,   1.990,9999.000,9999.000,9999.000,9999.000,9999.000,9999.000,9999.000
202605010854,   1.411,   1.990,9999.000,9999.000,9999.000,9999.000,9999.000,9999.000,9999.000
202605010900,   1.423,   2.020,   0.400,   0.197,   2.020,   0.400,   2.020,   0.400,   2.020
202605010906,   1.433,   2.020,9999.000,9999.000,9999.000,9999.000,9999.000,9999.000,9999.000
202605010912,   1.442,   2.000,9999.000,9999.000,9999.000,9999.000,9999.000,9999.000,9999.000
202605010918,   1.450,   2.040,9999.000,9999.000,9999.000,9999.000,9999.000,9999.000,9999.000
202605010924,   1.457,   2.079,9999.000,9999.000,9999.000,9999.000,9999.000,9999.000,9999.000
202605010930,   1.463,   2.079,9999.000,9999.000,9999.000,9999.000,9999.000,9999.000,9999.000
202605010936,   1.467,   2.069,9999.000,9999.000,9999.000,9999.000,9999.000,9999.000,9999.000
202605010942,   1.471,   2.069,9999.000,9999.000,9999.000,9999.000,9999.000,9999.000,9999.000
202605010948,   1.473,   2.049,9999.000,9999.000,9999.000,9999.000,9999.000,9999.000,9999.000
202605010954,   1.475,   2.079,9999.000,9999.000,9999.000,9999.000,9999.000,9999.000,9999.000
202605011000,   1.475,   2.059,   0.400,   0.184,   2.059,   0.400,   2.059,   0.400,   2.059
202605011006,   1.475,   2.079,9999.000,9999.000,9999.000,9999.000,9999.000,9999.000,9999.000
202605011012,   1.473,   2.099,9999.000,9999.000,9999.000,9999.000,9999.000,9999.000,9999.000
202605011018,   1.471,   2.030,9999.000,9999.000,9999.000,9999.000,9999.000,9999.000,9999.000
202605011024,   1.468,   2.069,9999.000,9999.000,9999.000,9999.000,9999.000,9999.000,9999.000
202605011030,   1.464,   2.049,9999.000,9999.000,9999.000,9999.000,9999.000,9999.000,9999.000
202605011036,   1.460,   2.030,9999.000,9999.000,9999.000,9999.000,9999.000,9999.000,9999.000
202605011042,   1.454,   2.030,9999.000,9999.000,9999.000,9999.000,9999.000,9999.000,9999.000
202605011048,   1.448,   2.030,9999.000,9999.000,9999.000,9999.000,9999.000,9999.000,9999.000
202605011054,   1.442,   2.000,9999.000,9999.000,9999.000,9999.000,9999.000,9999.000,9999.000
202605011100,   1.435,   2.020,   0.400,   0.185,   2.020,   0.400,   2.020,   0.400,   2.020
202605011106,   1.427,   2.000,9999.000,9999.000,9999.000,9999.000,9999.000,9999.000,9999.000
202605011112,   1.419,   1.990,9999.000,9999.000,9999.000,9999.000,9999.000,9999.000,9999.000
202605011118,   1.411,   1.958,9999.000,9999.000,9999.000,9999.000,9999.000,9999.000,9999.000
202605011124,   1.402,   1.938,9999.000,9999.000,9999.000,9999.000,9999.000,9999.000,9999.000
202605011130,   1.393,   1.918,9999.000,9999.000,9999.000,9999.000,9999.000,9999.000,9999.000
202605011136,   1.384,   1.928,9999.000,9999.000,9999.000,9999.000,9999.000,9999.000,9999.000
202605011142,   1.375,   1.859,9999.000,9999.000,9999.000,9999.000,9999.000,9999.000,9999.000
202605011148,   1.365,   1.899,9999.000,9999.000,9999.000,9999.000,9999.000,9999.000,9999.000
202605011154,   1.356,   1.869,9999.000,9999.000,9999.000,9999.000,9999.000,9999.000,9999.000
202605011200,   1.347,   1.830,   0.500,  -0.017,   1.830,   0.400,   1.730,   0.500,   1.830
202605011206,   1.338,   1.820,9999.000,9999.000,9999.000,9999.000,9999.000,9999.000,9999.000
202605011212,   1.329,   1.810,9999.000,9999.000,9999.000,9999.000,9999.000,9999.000,9999.000
202605011218,   1.320,   1.790,9999.000,9999.000,9999.000,9999.000,9999.000,9999.000,9999.000
202605011224,   1.312,   1.781,9999.000,9999.000,9999.000,9999.000,9999.000,9999.000,9999.000
202605011230,   1.304,   1.748,9999.000,9999.000,9999.000,9999.000,9999.000,9999.000,9999.000
202605011236,   1.296,   1.708,9999.000,9999.000,9999.000,9999.000,9999.000,9999.000,9999.000
202605011242,   1.289,   1.708,9999.000,9999.000,9999.000,9999.000,9999.000,9999.000,9999.000
202605011248,   1.282,   1.659,9999.000,9999.000,9999.000,9999.000,9999.000,9999.000,9999.000
202605011254,   1.276,   1.669,9999.000,9999.000,9999.000,9999.000,9999.000,9999.000,9999.000
202605011300,   1.270,   1.659,   0.500,  -0.111,   1.659,   0.400,   1.559,   0.500,   1.659
202605011306,   1.264,   1.659,9999.000,9999.000,9999.000,9999.000,9999.000,9999.000,9999.000
202605011312,   1.260,   1.649,9999.000,9999.000,9999.000,9999.000,9999.000,9999.000,9999.000
202605011318,   1.255,   1.679,9999.000,9999.000,9999.000,9999.000,9999.000,9999.000,9999.000
202605011324,   1.252,   1.649,9999.000,9999.000,9999.000,9999.000,9999.000,9999.000,9999.000
202605011330,   1.249,   1.639,9999.000,9999.000,9999.000,9999.000,9999.000,9999.000,9999.000
202605011336,   1.246,   1.639,9999.000,9999.000,9999.000,9999.000,9999.000,9999.000,9999.000
202605011342,   1.244,   1.649,9999.000,9999.000,9999.000,9999.000,9999.000,9999.000,9999.000
202605011348,   1.243,   1.639,9999.000,9999.000,9999.000,9999.000,9999.000,9999.000,9999.000
202605011354,   1.242,   1.649,9999.000,9999.000,9999.000,9999.000,9999.000,9999.000,9999.000
202605011400,   1.242,   1.639,   0.500,  -0.103,   1.639,   0.400,   1.539,   0.500,   1.639
202605011406,   1.243,   1.620,9999.000,9999.000,9999.000,9999.000,9999.000,9999.000,9999.000
202605011412,   1.244,   1.590,9999.000,9999.000,9999.000,9999.000,9999.000,9999.000,9999.000
202605011418,   1.245,   1.600,9999.000,9999.000,9999.000,9999.000,9999.000,9999.000,9999.000
202605011424,   1.248,   1.620,9999.000,9999.000,9999.000,9999.000,9999.000,9999.000,9999.000
202605011430,   1.250,   1.580,9999.000,9999.000,9999.000,9999.000,9999.000,9999.000,9999.000
202605011436,   1.254,   1.580,9999.000,9999.000,9999.000,9999.000,9999.000,9999.000,9999.000
202605011442,   1.258,   1.630,9999.000,9999.000,9999.000,9999.000,9999.000,9999.000,9999.000
202605011448,   1.262,   1.630,9999.000,9999.000,9999.000,9999.000,9999.000,9999.000,9999.000
202605011454,   1.267,   1.610,9999.000,9999.000,9999.000,9999.000,9999.000,9999.000,9999.000
202605011500,   1.273,   1.620,   0.500,  -0.153,   1.620,   0.400,   1.520,   0.500,   1.620
202605011506,   1.279,   1.639,9999.000,9999.000,9999.000,9999.000,9999.000,9999.000,9999.000
202605011512,   1.286,   1.659,9999.000,9999.000,9999.000,9999.000,9999.000,9999.000,9999.000
202605011518,   1.293,   1.620,9999.000,9999.000,9999.000,9999.000,9999.000,9999.000,9999.000
202605011524,   1.301,   1.639,9999.000,9999.000,9999.000,9999.000,9999.000,9999.000,9999.000
202605011530,   1.310,   1.679,9999.000,9999.000,9999.000,9999.000,9999.000,9999.000,9999.000
202605011536,   1.319,   1.659,9999.000,9999.000,9999.000,9999.000,9999.000,9999.000,9999.000
202605011542,   1.329,   1.659,9999.000,9999.000,9999.000,9999.000,9999.000,9999.000,9999.000
202605011548,   1.339,   1.669,9999.000,9999.000,9999.000,9999.000,9999.000,9999.000,9999.000
202605011554,   1.350,   1.689,9999.000,9999.000,9999.000,9999.000,9999.000,9999.000,9999.000
202605011600,   1.362,   1.699,   0.500,  -0.163,   1.699,   0.400,   1.599,   0.500,   1.699
202605011606,   1.374,   1.689,9999.000,9999.000,9999.000,9999.000,9999.000,9999.000,9999.000
202605011612,   1.387,   1.699,9999.000,9999.000,9999.000,9999.000,9999.000,9999.000,9999.000
202605011618,   1.400,   1.738,9999.000,9999.000,9999.000,9999.000,9999.000,9999.000,9999.000
202605011624,   1.414,   1.790,9999.000,9999.000,9999.000,9999.000,9999.000,9999.000,9999.000
202605011630,   1.428,   1.820,9999.000,9999.000,9999.000,9999.000,9999.000,9999.000,9999.000
202605011636,   1.443,   1.859,9999.000,9999.000,9999.000,9999.000,9999.000,9999.000,9999.000
202605011642,   1.458,   1.889,9999.000,9999.000,9999.000,9999.000,9999.000,9999.000,9999.000
202605011648,   1.474,   1.840,9999.000,9999.000,9999.000,9999.000,9999.000,9999.000,9999.000
202605011654,   1.490,   1.820,9999.000,9999.000,9999.000,9999.000,9999.000,9999.000,9999.000
202605011700,   1.506,   1.849,   0.500,  -0.157,   1.849,   0.400,   1.749,   0.500,   1.849
202605011706,   1.522,   1.879,9999.000,9999.000,9999.000,9999.000,9999.000,9999.000,9999.000
202605011712,   1.538,   1.899,9999.000,9999.000,9999.000,9999.000,9999.000,9999.000,9999.000
202605011718,   1.555,   1.889,9999.000,9999.000,9999.000,9999.000,9999.000,9999.000,9999.000
202605011724,   1.571,   1.918,9999.000,9999.000,9999.000,9999.000,9999.000,9999.000,9999.000
202605011730,   1.588,   1.958,9999.000,9999.000,9999.000,9999.000,9999.000,9999.000,9999.000
202605011736,   1.604,   1.990,9999.000,9999.000,9999.000,9999.000,9999.000,9999.000,9999.000
202605011742,   1.619,   2.020,9999.000,9999.000,9999.000,9999.000,9999.000,9999.000,9999.000
202605011748,   1.635,   2.040,9999.000,9999.000,9999.000,9999.000,9999.000,9999.000,9999.000
202605011754,   1.650,9999.000,9999.000,9999.000,9999.000,9999.000,9999.000,9999.000,9999.000
202605011800,   1.664,9999.000,   0.500,  -0.143,   2.021,   0.500,   2.021,   0.500,   2.021
202605011806,   1.677,9999.000,9999.000,9999.000,9999.000,9999.000,9999.000,9999.000,9999.000
202605011812,   1.690,9999.000,9999.000,9999.000,9999.000,9999.000,9999.000,9999.000,9999.000
202605011818,   1.702,9999.000,9999.000,9999.000,9999.000,9999.000,9999.000,9999.000,9999.000
202605011824,   1.713,9999.000,9999.000,9999.000,9999.000,9999.000,9999.000,9999.000,9999.000
202605011830,   1.723,9999.000,9999.000,9999.000,9999.000,9999.000,9999.000,9999.000,9999.000
202605011836,   1.732,9999.000,9999.000,9999.000,9999.000,9999.000,9999.000,9999.000,9999.000
202605011842,   1.740,9999.000,9999.000,9999.000,9999.000,9999.000,9999.000,9999.000,9999.000
202605011848,   1.746,9999.000,9999.000,9999.000,9999.000,9999.000,9999.000,9999.000,9999.000
202605011854,   1.751,9999.000,9999.000,9999.000,9999.000,9999.000,9999.000,9999.000,9999.000
202605011900,   1.755,9999.000,   0.500,  -0.129,   2.126,   0.500,   2.126,   0.500,   2.126
202605011906,   1.758,9999.000,9999.000,9999.000,9999.000,9999.000,9999.000,9999.000,9999.000
202605011912,   1.759,9999.000,9999.000,9999.000,9999.000,9999.000,9999.000,9999.000,9999.000
202605011918,   1.758,9999.000,9999.000,9999.000,9999.000,9999.000,9999.000,9999.000,9999.000
202605011924,   1.756,9999.000,9999.000,9999.000,9999.000,9999.000,9999.000,9999.000,9999.000
202605011930,   1.752,9999.000,9999.000,9999.000,9999.000,9999.000,9999.000,9999.000,9999.000
202605011936,   1.747,9999.000,9999.000,9999.000,9999.000,9999.000,9999.000,9999.000,9999.000
202605011942,   1.741,9999.000,9999.000,9999.000,9999.000,9999.000,9999.000,9999.000,9999.000
202605011948,   1.733,9999.000,9999.000,9999.000,9999.000,9999.000,9999.000,9999.000,9999.000
202605011954,   1.723,9999.000,9999.000,9999.000,9999.000,9999.000,9999.000,9999.000,9999.000
202605012000,   1.712,9999.000,   0.500,  -0.116,   2.096,   0.500,   2.096,   0.500,   2.096
202605012006,   1.699,9999.000,9999.000,9999.000,9999.000,9999.000,9999.000,9999.000,9999.000
202605012012,   1.685,9999.000,9999.000,9999.000,9999.000,9999.000,9999.000,9999.000,9999.000
202605012018,   1.669,9999.000,9999.000,9999.000,9999.000,9999.000,9999.000,9999.000,9999.000
202605012024,   1.652,9999.000,9999.000,9999.000,9999.000,9999.000,9999.000,9999.000,9999.000
202605012030,   1.634,9999.000,9999.000,9999.000,9999.000,9999.000,9999.000,9999.000,9999.000
202605012036,   1.615,9999.000,9999.000,9999.000,9999.000,9999.000,9999.000,9999.000,9999.000
202605012042,   1.594,9999.000,9999.000,9999.000,9999.000,9999.000,9999.000,9999.000,9999.000
202605012048,   1.572,9999.000,9999.000,9999.000,9999.000,9999.000,9999.000,9999.000,9999.000
202605012054,   1.548,9999.000,9999.000,9999.000,9999.000,9999.000,9999.000,9999.000,9999.000
202605012100,   1.524,9999.000,   0.500,  -0.102,   1.922,   0.500,   1.922,   0.500,   1.922
202605012106,   1.498,9999.000,9999.000,9999.000,9999.000,9999.000,9999.000,9999.000,9999.000
202605012112,   1.472,9999.000,9999.000,9999.000,9999.000,9999.000,9999.000,9999.000,9999.000
202605012118,   1.444,9999.000,9999.000,9999.000,9999.000,9999.000,9999.000,9999.000,9999.000
202605012124,   1.416,9999.000,9999.000,9999.000,9999.000,9999.000,9999.000,9999.000,9999.000
202605012130,   1.386,9999.000,9999.000,9999.000,9999.000,9999.000,9999.000,9999.000,9999.000
202605012136,   1.356,9999.000,9999.000,9999.000,9999.000,9999.000,9999.000,9999.000,9999.000
202605012142,   1.325,9999.000,9999.000,9999.000,9999.000,9999.000,9999.000,9999.000,9999.000
202605012148,   1.293,9999.000,9999.000,9999.000,9999.000,9999.000,9999.000,9999.000,9999.000
202605012154,   1.260,9999.000,9999.000,9999.000,9999.000,9999.000,9999.000,9999.000,9999.000
202605012200,   1.227,9999.000,   0.500,  -0.088,   1.639,   0.500,   1.639,   0.500,   1.639
202605012206,   1.193,9999.000,9999.000,9999.000,9999.000,9999.000,9999.000,9999.000,9999.000
202605012212,   1.159,9999.000,9999.000,9999.000,9999.000,9999.000,9999.000,9999.000,9999.000
202605012218,   1.124,9999.000,9999.000,9999.000,9999.000,9999.000,9999.000,9999.000,9999.000
202605012224,   1.088,9999.000,9999.000,9999.000,9999.000,9999.000,9999.000,9999.000,9999.000
202605012230,   1.052,9999.000,9999.000,9999.000,9999.000,9999.000,9999.000,9999.000,9999.000
202605012236,   1.016,9999.000,9999.000,9999.000,9999.000,9999.000,9999.000,9999.000,9999.000
202605012242,   0.979,9999.000,9999.000,9999.000,9999.000,9999.000,9999.000,9999.000,9999.000
202605012248,   0.942,9999.000,9999.000,9999.000,9999.000,9999.000,9999.000,9999.000,9999.000
202605012254,   0.905,9999.000,9999.000,9999.000,9999.000,9999.000,9999.000,9999.000,9999.000
202605012300,   0.867,9999.000,   0.500,  -0.074,   1.293,   0.500,   1.293,   0.500,   1.293
202605012306,   0.830,9999.000,9999.000,9999.000,9999.000,9999.000,9999.000,9999.000,9999.000
202605012312,   0.792,9999.000,9999.000,9999.000,9999.000,9999.000,9999.000,9999.000,9999.000
202605012318,   0.754,9999.000,9999.000,9999.000,9999.000,9999.000,9999.000,9999.000,9999.000
202605012324,   0.717,9999.000,9999.000,9999.000,9999.000,9999.000,9999.000,9999.000,9999.000
202605012330,   0.679,9999.000,9999.000,9999.000,9999.000,9999.000,9999.000,9999.000,9999.000
202605012336,   0.642,9999.000,9999.000,9999.000,9999.000,9999.000,9999.000,9999.000,9999.000
202605012342,   0.605,9999.000,9999.000,9999.000,9999.000,9999.000,9999.000,9999.000,9999.000
202605012348,   0.568,9999.000,9999.000,9999.000,9999.000,9999.000,9999.000,9999.000,9999.000
202605012354,   0.531,9999.000,9999.000,9999.000,9999.000,9999.000,9999.000,9999.000,9999.000
202605020000,   0.495,9999.000,   0.500,  -0.060,   0.935,   0.500,   0.935,   0.500,   0.935
202605020006,   0.460,9999.000,9999.000,9999.000,9999.000,9999.000,9999.000,9999.000,9999.000
202605020012,   0.424,9999.000,9999.000,9999.000,9999.000,9999.000,9999.000,9999.000,9999.000
202605020018,   0.390,9999.000,9999.000,9999.000,9999.000,9999.000,9999.000,9999.000,9999.000
202605020024,   0.356,9999.000,9999.000,9999.000,9999.000,9999.000,9999.000,9999.000,9999.000
202605020030,   0.323,9999.000,9999.000,9999.000,9999.000,9999.000,9999.000,9999.000,9999.000
202605020036,   0.290,9999.000,9999.000,9999.000,9999.000,9999.000,9999.000,9999.000,9999.000
202605020042,   0.258,9999.000,9999.000,9999.000,9999.000,9999.000,9999.000,9999.000,9999.000
202605020048,   0.227,9999.000,9999.000,9999.000,9999.000,9999.000,9999.000,9999.000,9999.000
202605020054,   0.197,9999.000,9999.000,9999.000,9999.000,9999.000,9999.000,9999.000,9999.000
202605020100,   0.168,9999.000,   0.500,  -0.046,   0.622,   0.500,   0.622,   0.500,   0.622
202605020106,   0.139,9999.000,9999.000,9999.000,9999.000,9999.000,9999.000,9999.000,9999.000
202605020112,   0.112,9999.000,9999.000,9999.000,9999.000,9999.000,9999.000,9999.000,9999.000
202605020118,   0.085,9999.000,9999.000,9999.000,9999.000,9999.000,9999.000,9999.000,9999.000
202605020124,   0.060,9999.000,9999.000,9999.000,9999.000,9999.000,9999.000,9999.000,9999.000
202605020130,   0.035,9999.000,9999.000,9999.000,9999.000,9999.000,9999.000,9999.000,9999.000
202605020136,   0.012,9999.000,9999.000,9999.000,9999.000,9999.000,9999.000,9999.000,9999.000
202605020142,  -0.010,9999.000,9999.000,9999.000,9999.000,9999.000,9999.000,9999.000,9999.000
202605020148,  -0.031,9999.000,9999.000,9999.000,9999.000,9999.000,9999.000,9999.000,9999.000
202605020154,  -0.051,9999.000,9999.000,9999.000,9999.000,9999.000,9999.000,9999.000,9999.000
202605020200,  -0.071,9999.000,   0.500,  -0.033,   0.396,   0.500,   0.396,   0.500,   0.396
202605020206,  -0.089,9999.000,9999.000,9999.000,9999.000,9999.000,9999.000,9999.000,9999.000
202605020212,  -0.106,9999.000,9999.000,9999.000,9999.000,9999.000,9999.000,9999.000,9999.000
202605020218,  -0.122,9999.000,9999.000,9999.000,9999.000,9999.000,9999.000,9999.000,9999.000
202605020224,  -0.137,9999.000,9999.000,9999.000,9999.000,9999.000,9999.000,9999.000,9999.000
202605020230,  -0.151,9999.000,9999.000,9999.000,9999.000,9999.000,9999.000,9999.000,9999.000
202605020236,  -0.163,9999.000,9999.000,9999.000,9999.000,9999.000,9999.000,9999.000,9999.000
202605020242,  -0.174,9999.000,9999.000,9999.000,9999.000,9999.000,9999.000,9999.000,9999.000
202605020248,  -0.184,9999.000,9999.000,9999.000,9999.000,9999.000,9999.000,9999.000,9999.000
202605020254,  -0.193,9999.000,9999.000,9999.000,9999.000,9999.000,9999.000,9999.000,9999.000
202605020300,  -0.201,9999.000,   0.500,  -0.019,   0.280,   0.500,   0.280,   0.500,   0.280
202605020306,  -0.207,9999.000,9999.000,9999.000,9999.000,9999.000,9999.000,9999.000,9999.000
202605020312,  -0.212,9999.000,9999.000,9999.000,9999.000,9999.000,9999.000,9999.000,9999.000
202605020318,  -0.215,9999.000,9999.000,9999.000,9999.000,9999.000,9999.000,9999.000,9999.000
202605020324,  -0.217,9999.000,9999.000,9999.000,9999.000,9999.000,9999.000,9999.000,9999.000
202605020330,  -0.218,9999.000,9999.000,9999.000,9999.000,9999.000,9999.000,9999.000,9999.000
202605020336,  -0.217,9999.000,9999.000,9999.000,9999.000,9999.000,9999.000,9999.000,9999.000
202605020342,  -0.214,9999.000,9999.000,9999.000,9999.000,9999.000,9999.000,9999.000,9999.000
202605020348,  -0.210,9999.000,9999.000,9999.000,9999.000,9999.000,9999.000,9999.000,9999.000
202605020354,  -0.204,9999.000,9999.000,9999.000,9999.000,9999.000,9999.000,9999.000,9999.000
202605020400,  -0.197,9999.000,   0.500,  -0.005,   0.298,   0.500,   0.298,   0.500,   0.298
202605020406,  -0.188,9999.000,9999.000,9999.000,9999.000,9999.000,9999.000,9999.000,9999.000
202605020412,  -0.177,9999.000,9999.000,9999.000,9999.000,9999.000,9999.000,9999.000,9999.000
202605020418,  -0.165,9999.000,9999.000,9999.000,9999.000,9999.000,9999.000,9999.000,9999.000
202605020424,  -0.150,9999.000,9999.000,9999.000,9999.000,9999.000,9999.000,9999.000,9999.000
202605020430,  -0.134,9999.000,9999.000,9999.000,9999.000,9999.000,9999.000,9999.000,9999.000
202605020436,  -0.117,9999.000,9999.000,9999.000,9999.000,9999.000,9999.000,9999.000,9999.000
202605020442,  -0.097,9999.000,9999.000,9999.000,9999.000,9999.000,9999.000,9999.000,9999.000
202605020448,  -0.076,9999.000,9999.000,9999.000,9999.000,9999.000,9999.000,9999.000,9999.000
202605020454,  -0.053,9999.000,9999.000,9999.000,9999.000,9999.000,9999.000,9999.000,9999.000
202605020500,  -0.029,9999.000,   0.500,   0.009,   0.480,   0.500,   0.480,   0.500,   0.480
202605020506,  -0.002,9999.000,9999.000,9999.000,9999.000,9999.000,9999.000,9999.000,9999.000
202605020512,   0.024,9999.000,9999.000,9999.000,9999.000,9999.000,9999.000,9999.000,9999.000
202605020518,   0.054,9999.000,9999.000,9999.000,9999.000,9999.000,9999.000,9999.000,9999.000
202605020524,   0.084,9999.000,9999.000,9999.000,9999.000,9999.000,9999.000,9999.000,9999.000
202605020530,   0.117,9999.000,9999.000,9999.000,9999.000,9999.000,9999.000,9999.000,9999.000
202605020536,   0.150,9999.000,9999.000,9999.000,9999.000,9999.000,9999.000,9999.000,9999.000
202605020542,   0.185,9999.000,9999.000,9999.000,9999.000,9999.000,9999.000,9999.000,9999.000
202605020548,   0.220,9999.000,9999.000,9999.000,9999.000,9999.000,9999.000,9999.000,9999.000
202605020554,   0.257,9999.000,9999.000,9999.000,9999.000,9999.000,9999.000,9999.000,9999.000
202605020600,   0.295,9999.000,   0.500,   0.009,   0.804,   0.500,   0.804,   0.600,   0.904
202605020606,   0.334,9999.000,9999.000,9999.000,9999.000,9999.000,9999.000,9999.000,9999.000
202605020612,   0.373,9999.000,9999.000,9999.000,9999.000,9999.000,9999.000,9999.000,9999.000
202605020618,   0.413,9999.000,9999.000,9999.000,9999.000,9999.000,9999.000,9999.000,9999.000
202605020624,   0.453,9999.000,9999.000,9999.000,9999.000,9999.000,9999.000,9999.000,9999.000
202605020630,   0.493,9999.000,9999.000,9999.000,9999.000,9999.000,9999.000,9999.000,9999.000
202605020636,   0.534,9999.000,9999.000,9999.000,9999.000,9999.000,9999.000,9999.000,9999.000
202605020642,   0.575,9999.000,9999.000,9999.000,9999.000,9999.000,9999.000,9999.000,9999.000
202605020648,   0.616,9999.000,9999.000,9999.000,9999.000,9999.000,9999.000,9999.000,9999.000
202605020654,   0.657,9999.000,9999.000,9999.000,9999.000,9999.000,9999.000,9999.000,9999.000
202605020700,   0.697,9999.000,   0.500,   0.009,   1.206,   0.500,   1.206,   0.600,   1.306
202605020706,   0.737,9999.000,9999.000,9999.000,9999.000,9999.000,9999.000,9999.000,9999.000
202605020712,   0.777,9999.000,9999.000,9999.000,9999.000,9999.000,9999.000,9999.000,9999.000
202605020718,   0.816,9999.000,9999.000,9999.000,9999.000,9999.000,9999.000,9999.000,9999.000
202605020724,   0.855,9999.000,9999.000,9999.000,9999.000,9999.000,9999.000,9999.000,9999.000
202605020730,   0.893,9999.000,9999.000,9999.000,9999.000,9999.000,9999.000,9999.000,9999.000
202605020736,   0.930,9999.000,9999.000,9999.000,9999.000,9999.000,9999.000,9999.000,9999.000
202605020742,   0.966,9999.000,9999.000,9999.000,9999.000,9999.000,9999.000,9999.000,9999.000
202605020748,   1.001,9999.000,9999.000,9999.000,9999.000,9999.000,9999.000,9999.000,9999.000
202605020754,   1.036,9999.000,9999.000,9999.000,9999.000,9999.000,9999.000,9999.000,9999.000
202605020800,   1.069,9999.000,   0.500,   0.009,   1.578,   0.500,   1.578,   0.600,   1.678
202605020806,   1.101,9999.000,9999.000,9999.000,9999.000,9999.000,9999.000,9999.000,9999.000
202605020812,   1.132,9999.000,9999.000,9999.000,9999.000,9999.000,9999.000,9999.000,9999.000
202605020818,   1.162,9999.000,9999.000,9999.000,9999.000,9999.000,9999.000,9999.000,9999.000
202605020824,   1.191,9999.000,9999.000,9999.000,9999.000,9999.000,9999.000,9999.000,9999.000
202605020830,   1.218,9999.000,9999.000,9999.000,9999.000,9999.000,9999.000,9999.000,9999.000
202605020836,   1.245,9999.000,9999.000,9999.000,9999.000,9999.000,9999.000,9999.000,9999.000
202605020842,   1.270,9999.000,9999.000,9999.000,9999.000,9999.000,9999.000,9999.000,9999.000
202605020848,   1.294,9999.000,9999.000,9999.000,9999.000,9999.000,9999.000,9999.000,9999.000
202605020854,   1.316,9999.000,9999.000,9999.000,9999.000,9999.000,9999.000,9999.000,9999.000
202605020900,   1.337,9999.000,   0.500,   0.009,   1.846,   0.500,   1.846,   0.600,   1.946
202605020906,   1.357,9999.000,9999.000,9999.000,9999.000,9999.000,9999.000,9999.000,9999.000
202605020912,   1.376,9999.000,9999.000,9999.000,9999.000,9999.000,9999.000,9999.000,9999.000
202605020918,   1.394,9999.000,9999.000,9999.000,9999.000,9999.000,9999.000,9999.000,9999.000
202605020924,   1.410,9999.000,9999.000,9999.000,9999.000,9999.000,9999.000,9999.000,9999.000
202605020930,   1.425,9999.000,9999.000,9999.000,9999.000,9999.000,9999.000,9999.000,9999.000
202605020936,   1.438,9999.000,9999.000,9999.000,9999.000,9999.000,9999.000,9999.000,9999.000
202605020942,   1.451,9999.000,9999.000,9999.000,9999.000,9999.000,9999.000,9999.000,9999.000
202605020948,   1.462,9999.000,9999.000,9999.000,9999.000,9999.000,9999.000,9999.000,9999.000
202605020954,   1.472,9999.000,9999.000,9999.000,9999.000,9999.000,9999.000,9999.000,9999.000
202605021000,   1.481,9999.000,   0.500,   0.009,   1.990,   0.500,   1.990,   0.600,   2.090
202605021006,   1.488,9999.000,9999.000,9999.000,9999.000,9999.000,9999.000,9999.000,9999.000
202605021012,   1.495,9999.000,9999.000,9999.000,9999.000,9999.000,9999.000,9999.000,9999.000
202605021018,   1.500,9999.000,9999.000,9999.000,9999.000,9999.000,9999.000,9999.000,9999.000
202605021024,   1.504,9999.000,9999.000,9999.000,9999.000,9999.000,9999.000,9999.000,9999.000
202605021030,   1.507,9999.000,9999.000,9999.000,9999.000,9999.000,9999.000,9999.000,9999.000
202605021036,   1.509,9999.000,9999.000,9999.000,9999.000,9999.000,9999.000,9999.000,9999.000
202605021042,   1.510,9999.000,9999.000,9999.000,9999.000,9999.000,9999.000,9999.000,9999.000
202605021048,   1.511,9999.000,9999.000,9999.000,9999.000,9999.000,9999.000,9999.000,9999.000
202605021054,   1.510,9999.000,9999.000,9999.000,9999.000,9999.000,9999.000,9999.000,9999.000
202605021100,   1.508,9999.000,   0.500,   0.009,   2.017,   0.500,   2.017,   0.600,   2.117
202605021106,   1.506,9999.000,9999.000,9999.000,9999.000,9999.000,9999.000,9999.000,9999.000
202605021112,   1.503,9999.000,9999.000,9999.000,9999.000,9999.000,9999.000,9999.000,9999.000
202605021118,   1.499,9999.000,9999.000,9999.000,9999.000,9999.000,9999.000,9999.000,9999.000
202605021124,   1.494,9999.000,9999.000,9999.000,9999.000,9999.000,9999.000,9999.000,9999.000
202605021130,   1.489,9999.000,9999.000,9999.000,9999.000,9999.000,9999.000,9999.000,9999.000
202605021136,   1.483,9999.000,9999.000,9999.000,9999.000,9999.000,9999.000,9999.000,9999.000
202605021142,   1.477,9999.000,9999.000,9999.000,9999.000,9999.000,9999.000,9999.000,9999.000
202605021148,   1.471,9999.000,9999.000,9999.000,9999.000,9999.000,9999.000,9999.000,9999.000
202605021154,   1.464,9999.000,9999.000,9999.000,9999.000,9999.000,9999.000,9999.000,9999.000
202605021200,   1.457,9999.000,   0.600,   0.009,   2.066,   0.500,   1.966,   0.600,   2.066
202605021206,   1.449,9999.000,9999.000,9999.000,9999.000,9999.000,9999.000,9999.000,9999.000
202605021212,   1.442,9999.000,9999.000,9999.000,9999.000,9999.000,9999.000,9999.000,9999.000
202605021218,   1.434,9999.000,9999.000,9999.000,9999.000,9999.000,9999.000,9999.000,9999.000
202605021224,   1.427,9999.000,9999.000,9999.000,9999.000,9999.000,9999.000,9999.000,9999.000
202605021230,   1.420,9999.000,9999.000,9999.000,9999.000,9999.000,9999.000,9999.000,9999.000
202605021236,   1.412,9999.000,9999.000,9999.000,9999.000,9999.000,9999.000,9999.000,9999.000
202605021242,   1.405,9999.000,9999.000,9999.000,9999.000,9999.000,9999.000,9999.000,9999.000
202605021248,   1.398,9999.000,9999.000,9999.000,9999.000,9999.000,9999.000,9999.000,9999.000
202605021254,   1.392,9999.000,9999.000,9999.000,9999.000,9999.000,9999.000,9999.000,9999.000
202605021300,   1.385,9999.000,   0.600,   0.009,   1.994,   0.500,   1.894,   0.600,   1.994
202605021306,   1.379,9999.000,9999.000,9999.000,9999.000,9999.000,9999.000,9999.000,9999.000
202605021312,   1.374,9999.000,9999.000,9999.000,9999.000,9999.000,9999.000,9999.000,9999.000
202605021318,   1.368,9999.000,9999.000,9999.000,9999.000,9999.000,9999.000,9999.000,9999.000
202605021324,   1.364,9999.000,9999.000,9999.000,9999.000,9999.000,9999.000,9999.000,9999.000
202605021330,   1.359,9999.000,9999.000,9999.000,9999.000,9999.000,9999.000,9999.000,9999.000
202605021336,   1.355,9999.000,9999.000,9999.000,9999.000,9999.000,9999.000,9999.000,9999.000
202605021342,   1.352,9999.000,9999.000,9999.000,9999.000,9999.000,9999.000,9999.000,9999.000
202605021348,   1.349,9999.000,9999.000,9999.000,9999.000,9999.000,9999.000,9999.000,9999.000
202605021354,   1.347,9999.000,9999.000,9999.000,9999.000,9999.000,9999.000,9999.000,9999.000
202605021400,   1.345,9999.000,   0.600,   0.009,   1.954,   0.500,   1.854,   0.600,   1.954
202605021406,   1.343,9999.000,9999.000,9999.000,9999.000,9999.000,9999.000,9999.000,9999.000
202605021412,   1.342,9999.000,9999.000,9999.000,9999.000,9999.000,9999.000,9999.000,9999.000
202605021418,   1.342,9999.000,9999.000,9999.000,9999.000,9999.000,9999.000,9999.000,9999.000
202605021424,   1.342,9999.000,9999.000,9999.000,9999.000,9999.000,9999.000,9999.000,9999.000
202605021430,   1.342,9999.000,9999.000,9999.000,9999.000,9999.000,9999.000,9999.000,9999.000
202605021436,   1.343,9999.000,9999.000,9999.000,9999.000,9999.000,9999.000,9999.000,9999.000
202605021442,   1.345,9999.000,9999.000,9999.000,9999.000,9999.000,9999.000,9999.000,9999.000
202605021448,   1.346,9999.000,9999.000,9999.000,9999.000,9999.000,9999.000,9999.000,9999.000
202605021454,   1.349,9999.000,9999.000,9999.000,9999.000,9999.000,9999.000,9999.000,9999.000
202605021500,   1.352,9999.000,   0.600,   0.009,   1.961,   0.500,   1.861,   0.600,   1.961
202605021506,   1.355,9999.000,9999.000,9999.000,9999.000,9999.000,9999.000,9999.000,9999.000
202605021512,   1.359,9999.000,9999.000,9999.000,9999.000,9999.000,9999.000,9999.000,9999.000
202605021518,   1.363,9999.000,9999.000,9999.000,9999.000,9999.000,9999.000,9999.000,9999.000
202605021524,   1.368,9999.000,9999.000,9999.000,9999.000,9999.000,9999.000,9999.000,9999.000
202605021530,   1.373,9999.000,9999.000,9999.000,9999.000,9999.000,9999.000,9999.000,9999.000
202605021536,   1.379,9999.000,9999.000,9999.000,9999.000,9999.000,9999.000,9999.000,9999.000
202605021542,   1.385,9999.000,9999.000,9999.000,9999.000,9999.000,9999.000,9999.000,9999.000
202605021548,   1.392,9999.000,9999.000,9999.000,9999.000,9999.000,9999.000,9999.000,9999.000
202605021554,   1.400,9999.000,9999.000,9999.000,9999.000,9999.000,9999.000,9999.000,9999.000
202605021600,   1.408,9999.000,   0.600,   0.009,   2.017,   0.500,   1.917,   0.600,   2.017
202605021606,   1.416,9999.000,9999.000,9999.000,9999.000,9999.000,9999.000,9999.000,9999.000
202605021612,   1.425,9999.000,9999.000,9999.000,9999.000,9999.000,9999.000,9999.000,9999.000
202605021618,   1.435,9999.000,9999.000,9999.000,9999.000,9999.000,9999.000,9999.000,9999.000
202605021624,   1.445,9999.000,9999.000,9999.000,9999.000,9999.000,9999.000,9999.000,9999.000
202605021630,   1.456,9999.000,9999.000,9999.000,9999.000,9999.000,9999.000,9999.000,9999.000
202605021636,   1.467,9999.000,9999.000,9999.000,9999.000,9999.000,9999.000,9999.000,9999.000
202605021642,   1.479,9999.000,9999.000,9999.000,9999.000,9999.000,9999.000,9999.000,9999.000
202605021648,   1.491,9999.000,9999.000,9999.000,9999.000,9999.000,9999.000,9999.000,9999.000
202605021654,   1.504,9999.000,9999.000,9999.000,9999.000,9999.000,9999.000,9999.000,9999.000
202605021700,   1.517,9999.000,   0.600,   0.009,   2.126,   0.500,   2.026,   0.600,   2.126
202605021706,   1.531,9999.000,9999.000,9999.000,9999.000,9999.000,9999.000,9999.000,9999.000
202605021712,   1.545,9999.000,9999.000,9999.000,9999.000,9999.000,9999.000,9999.000,9999.000
202605021718,   1.559,9999.000,9999.000,9999.000,9999.000,9999.000,9999.000,9999.000,9999.000
202605021724,   1.574,9999.000,9999.000,9999.000,9999.000,9999.000,9999.000,9999.000,9999.000
202605021730,   1.589,9999.000,9999.000,9999.000,9999.000,9999.000,9999.000,9999.000,9999.000
202605021736,   1.603,9999.000,9999.000,9999.000,9999.000,9999.000,9999.000,9999.000,9999.000
202605021742,   1.619,9999.000,9999.000,9999.000,9999.000,9999.000,9999.000,9999.000,9999.000
202605021748,   1.634,9999.000,9999.000,9999.000,9999.000,9999.000,9999.000,9999.000,9999.000
202605021754,   1.648,9999.000,9999.000,9999.000,9999.000,9999.000,9999.000,9999.000,9999.000
202605021800,   1.663,9999.000,   0.600,   0.009,   2.272,   0.500,   2.172,   0.600,   2.272
202605021806,   1.678,9999.000,9999.000,9999.000,9999.000,9999.000,9999.000,9999.000,9999.000
202605021812,   1.692,9999.000,9999.000,9999.000,9999.000,9999.000,9999.000,9999.000,9999.000
202605021818,   1.705,9999.000,9999.000,9999.000,9999.000,9999.000,9999.000,9999.000,9999.000
202605021824,   1.719,9999.000,9999.000,9999.000,9999.000,9999.000,9999.000,9999.000,9999.000
202605021830,   1.731,9999.000,9999.000,9999.000,9999.000,9999.000,9999.000,9999.000,9999.000
202605021836,   1.743,9999.000,9999.000,9999.000,9999.000,9999.000,9999.000,9999.000,9999.000
202605021842,   1.754,9999.000,9999.000,9999.000,9999.000,9999.000,9999.000,9999.000,9999.000
202605021848,   1.764,9999.000,9999.000,9999.000,9999.000,9999.000,9999.000,9999.000,9999.000
202605021854,   1.773,9999.000,9999.000,9999.000,9999.000,9999.000,9999.000,9999.000,9999.000
202605021900,   1.781,9999.000,   0.600,   0.009,   2.390,   0.500,   2.290,   0.600,   2.390
202605021906,   1.788,9999.000,9999.000,9999.000,9999.000,9999.000,9999.000,9999.000,9999.000
202605021912,   1.793,9999.000,9999.000,9999.000,9999.000,9999.000,9999.000,9999.000,9999.000
202605021918,   1.798,9999.000,9999.000,9999.000,9999.000,9999.000,9999.000,9999.000,9999.000
202605021924,   1.801,9999.000,9999.000,9999.000,9999.000,9999.000,9999.000,9999.000,9999.000
202605021930,   1.802,9999.000,9999.000,9999.000,9999.000,9999.000,9999.000,9999.000,9999.000
202605021936,   1.802,9999.000,9999.000,9999.000,9999.000,9999.000,9999.000,9999.000,9999.000
202605021942,   1.801,9999.000,9999.000,9999.000,9999.000,9999.000,9999.000,9999.000,9999.000
202605021948,   1.798,9999.000,9999.000,9999.000,9999.000,9999.000,9999.000,9999.000,9999.000
202605021954,   1.794,9999.000,9999.000,9999.000,9999.000,9999.000,9999.000,9999.000,9999.000
202605022000,   1.788,9999.000,   0.600,   0.009,   2.397,   0.500,   2.297,   0.600,   2.397
202605022006,   1.781,9999.000,9999.000,9999.000,9999.000,9999.000,9999.000,9999.000,9999.000
202605022012,   1.772,9999.000,9999.000,9999.000,9999.000,9999.000,9999.000,9999.000,9999.000
202605022018,   1.762,9999.000,9999.000,9999.000,9999.000,9999.000,9999.000,9999.000,9999.000
202605022024,   1.750,9999.000,9999.000,9999.000,9999.000,9999.000,9999.000,9999.000,9999.000
202605022030,   1.736,9999.000,9999.000,9999.000,9999.000,9999.000,9999.000,9999.000,9999.000
202605022036,   1.721,9999.000,9999.000,9999.000,9999.000,9999.000,9999.000,9999.000,9999.000
202605022042,   1.705,9999.000,9999.000,9999.000,9999.000,9999.000,9999.000,9999.000,9999.000
202605022048,   1.687,9999.000,9999.000,9999.000,9999.000,9999.000,9999.000,9999.000,9999.000
202605022054,   1.668,9999.000,9999.000,9999.000,9999.000,9999.000,9999.000,9999.000,9999.000
202605022100,   1.647,9999.000,   0.500,   0.009,   2.156,   0.400,   2.056,   0.600,   2.256
202605022106,   1.626,9999.000,9999.000,9999.000,9999.000,9999.000,9999.000,9999.000,9999.000
202605022112,   1.602,9999.000,9999.000,9999.000,9999.000,9999.000,9999.000,9999.000,9999.000
202605022118,   1.578,9999.000,9999.000,9999.000,9999.000,9999.000,9999.000,9999.000,9999.000
202605022124,   1.553,9999.000,9999.000,9999.000,9999.000,9999.000,9999.000,9999.000,9999.000
202605022130,   1.526,9999.000,9999.000,9999.000,9999.000,9999.000,9999.000,9999.000,9999.000
202605022136,   1.498,9999.000,9999.000,9999.000,9999.000,9999.000,9999.000,9999.000,9999.000
202605022142,   1.469,9999.000,9999.000,9999.000,9999.000,9999.000,9999.000,9999.000,9999.000
202605022148,   1.440,9999.000,9999.000,9999.000,9999.000,9999.000,9999.000,9999.000,9999.000
202605022154,   1.409,9999.000,9999.000,9999.000,9999.000,9999.000,9999.000,9999.000,9999.000
202605022200,   1.377,9999.000,   0.500,   0.009,   1.886,   0.400,   1.786,   0.600,   1.986
202605022206,   1.345,9999.000,9999.000,9999.000,9999.000,9999.000,9999.000,9999.000,9999.000
202605022212,   1.312,9999.000,9999.000,9999.000,9999.000,9999.000,9999.000,9999.000,9999.000
202605022218,   1.278,9999.000,9999.000,9999.000,9999.000,9999.000,9999.000,9999.000,9999.000
202605022224,   1.243,9999.000,9999.000,9999.000,9999.000,9999.000,9999.000,9999.000,9999.000
202605022230,   1.208,9999.000,9999.000,9999.000,9999.000,9999.000,9999.000,9999.000,9999.000
202605022236,   1.173,9999.000,9999.000,9999.000,9999.000,9999.000,9999.000,9999.000,9999.000
202605022242,   1.136,9999.000,9999.000,9999.000,9999.000,9999.000,9999.000,9999.000,9999.000
202605022248,   1.100,9999.000,9999.000,9999.000,9999.000,9999.000,9999.000,9999.000,9999.000
202605022254,   1.063,9999.000,9999.000,9999.000,9999.000,9999.000,9999.000,9999.000,9999.000
202605022300,   1.025,9999.000,   0.500,   0.009,   1.534,   0.400,   1.434,   0.600,   1.634
202605022306,   0.987,9999.000,9999.000,9999.000,9999.000,9999.000,9999.000,9999.000,9999.000
202605022312,   0.950,9999.000,9999.000,9999.000,9999.000,9999.000,9999.000,9999.000,9999.000
202605022318,   0.912,9999.000,9999.000,9999.000,9999.000,9999.000,9999.000,9999.000,9999.000
202605022324,   0.873,9999.000,9999.000,9999.000,9999.000,9999.000,9999.000,9999.000,9999.000
202605022330,   0.835,9999.000,9999.000,9999.000,9999.000,9999.000,9999.000,9999.000,9999.000
202605022336,   0.797,9999.000,9999.000,9999.000,9999.000,9999.000,9999.000,9999.000,9999.000
202605022342,   0.759,9999.000,9999.000,9999.000,9999.000,9999.000,9999.000,9999.000,9999.000
202605022348,   0.721,9999.000,9999.000,9999.000,9999.000,9999.000,9999.000,9999.000,9999.000
202605022354,   0.683,9999.000,9999.000,9999.000,9999.000,9999.000,9999.000,9999.000,9999.000
202605030000,   0.646,9999.000,   0.500,   0.009,   1.155,   0.400,   1.055,   0.500,   1.155
202605030006,   0.608,9999.000,9999.000,9999.000,9999.000,9999.000,9999.000,9999.000,9999.000
202605030012,   0.572,9999.000,9999.000,9999.000,9999.000,9999.000,9999.000,9999.000,9999.000
202605030018,   0.535,9999.000,9999.000,9999.000,9999.000,9999.000,9999.000,9999.000,9999.000
202605030024,   0.499,9999.000,9999.000,9999.000,9999.000,9999.000,9999.000,9999.000,9999.000
202605030030,   0.464,9999.000,9999.000,9999.000,9999.000,9999.000,9999.000,9999.000,9999.000
202605030036,   0.429,9999.000,9999.000,9999.000,9999.000,9999.000,9999.000,9999.000,9999.000
202605030042,   0.395,9999.000,9999.000,9999.000,9999.000,9999.000,9999.000,9999.000,9999.000
202605030048,   0.361,9999.000,9999.000,9999.000,9999.000,9999.000,9999.000,9999.000,9999.000
202605030054,   0.328,9999.000,9999.000,9999.000,9999.000,9999.000,9999.000,9999.000,9999.000
202605030100,   0.296,9999.000,   0.400,   0.009,   0.705,   0.300,   0.605,   0.500,   0.805
202605030106,   0.265,9999.000,9999.000,9999.000,9999.000,9999.000,9999.000,9999.000,9999.000
202605030112,   0.234,9999.000,9999.000,9999.000,9999.000,9999.000,9999.000,9999.000,9999.000
202605030118,   0.204,9999.000,9999.000,9999.000,9999.000,9999.000,9999.000,9999.000,9999.000
202605030124,   0.175,9999.000,9999.000,9999.000,9999.000,9999.000,9999.000,9999.000,9999.000
202605030130,   0.147,9999.000,9999.000,9999.000,9999.000,9999.000,9999.000,9999.000,9999.000
202605030136,   0.120,9999.000,9999.000,9999.000,9999.000,9999.000,9999.000,9999.000,9999.000
202605030142,   0.094,9999.000,9999.000,9999.000,9999.000,9999.000,9999.000,9999.000,9999.000
202605030148,   0.068,9999.000,9999.000,9999.000,9999.000,9999.000,9999.000,9999.000,9999.000
202605030154,   0.044,9999.000,9999.000,9999.000,9999.000,9999.000,9999.000,9999.000,9999.000
202605030200,   0.020,9999.000,   0.400,   0.009,   0.429,   0.300,   0.329,   0.500,   0.529
202605030206,  -0.001,9999.000,9999.000,9999.000,9999.000,9999.000,9999.000,9999.000,9999.000
202605030212,  -0.023,9999.000,9999.000,9999.000,9999.000,9999.000,9999.000,9999.000,9999.000
202605030218,  -0.044,9999.000,9999.000,9999.000,9999.000,9999.000,9999.000,9999.000,9999.000
202605030224,  -0.063,9999.000,9999.000,9999.000,9999.000,9999.000,9999.000,9999.000,9999.000
202605030230,  -0.082,9999.000,9999.000,9999.000,9999.000,9999.000,9999.000,9999.000,9999.000
202605030236,  -0.100,9999.000,9999.000,9999.000,9999.000,9999.000,9999.000,9999.000,9999.000
202605030242,  -0.117,9999.000,9999.000,9999.000,9999.000,9999.000,9999.000,9999.000,9999.000
202605030248,  -0.133,9999.000,9999.000,9999.000,9999.000,9999.000,9999.000,9999.000,9999.000
202605030254,  -0.147,9999.000,9999.000,9999.000,9999.000,9999.000,9999.000,9999.000,9999.000
202605030300,  -0.161,9999.000,   0.400,   0.009,   0.248,   0.300,   0.148,   0.500,   0.348
202605030306,  -0.174,9999.000,9999.000,9999.000,9999.000,9999.000,9999.000,9999.000,9999.000
202605030312,  -0.185,9999.000,9999.000,9999.000,9999.000,9999.000,9999.000,9999.000,9999.000
202605030318,  -0.196,9999.000,9999.000,9999.000,9999.000,9999.000,9999.000,9999.000,9999.000
202605030324,  -0.205,9999.000,9999.000,9999.000,9999.000,9999.000,9999.000,9999.000,9999.000
202605030330,  -0.213,9999.000,9999.000,9999.000,9999.000,9999.000,9999.000,9999.000,9999.000
202605030336,  -0.220,9999.000,9999.000,9999.000,9999.000,9999.000,9999.000,9999.000,9999.000
202605030342,  -0.225,9999.000,9999.000,9999.000,9999.000,9999.000,9999.000,9999.000,9999.000
202605030348,  -0.230,9999.000,9999.000,9999.000,9999.000,9999.000,9999.000,9999.000,9999.000
202605030354,  -0.232,9999.000,9999.000,9999.000,9999.000,9999.000,9999.000,9999.000,9999.000
202605030400,  -0.234,9999.000,   0.400,   0.009,   0.175,   0.300,   0.075,   0.500,   0.275
202605030406,  -0.234,9999.000,9999.000,9999.000,9999.000,9999.000,9999.000,9999.000,9999.000
202605030412,  -0.232,9999.000,9999.000,9999.000,9999.000,9999.000,9999.000,9999.000,9999.000
202605030418,  -0.229,9999.000,9999.000,9999.000,9999.000,9999.000,9999.000,9999.000,9999.000
202605030424,  -0.225,9999.000,9999.000,9999.000,9999.000,9999.000,9999.000,9999.000,9999.000
202605030430,  -0.219,9999.000,9999.000,9999.000,9999.000,9999.000,9999.000,9999.000,9999.000
202605030436,  -0.211,9999.000,9999.000,9999.000,9999.000,9999.000,9999.000,9999.000,9999.000
202605030442,  -0.201,9999.000,9999.000,9999.000,9999.000,9999.000,9999.000,9999.000,9999.000
202605030448,  -0.190,9999.000,9999.000,9999.000,9999.000,9999.000,9999.000,9999.000,9999.000
202605030454,  -0.178,9999.000,9999.000,9999.000,9999.000,9999.000,9999.000,9999.000,9999.000
202605030500,  -0.163,9999.000,   0.300,   0.009,   0.146,   0.300,   0.146,   0.400,   0.246
202605030506,  -0.147,9999.000,9999.000,9999.000,9999.000,9999.000,9999.000,9999.000,9999.000
202605030512,  -0.129,9999.000,9999.000,9999.000,9999.000,9999.000,9999.000,9999.000,9999.000
202605030518,  -0.109,9999.000,9999.000,9999.000,9999.000,9999.000,9999.000,9999.000,9999.000
202605030524,  -0.088,9999.000,9999.000,9999.000,9999.000,9999.000,9999.000,9999.000,9999.000
202605030530,  -0.065,9999.000,9999.000,9999.000,9999.000,9999.000,9999.000,9999.000,9999.000
202605030536,  -0.040,9999.000,9999.000,9999.000,9999.000,9999.000,9999.000,9999.000,9999.000
202605030542,  -0.014,9999.000,9999.000,9999.000,9999.000,9999.000,9999.000,9999.000,9999.000
202605030548,   0.013,9999.000,9999.000,9999.000,9999.000,9999.000,9999.000,9999.000,9999.000
202605030554,   0.042,9999.000,9999.000,9999.000,9999.000,9999.000,9999.000,9999.000,9999.000
202605030600,   0.073,9999.000,   0.300,   0.009,   0.382,   0.200,   0.282,   0.400,   0.482
202605030606,   0.105,9999.000,9999.000,9999.000,9999.000,9999.000,9999.000,9999.000,9999.000
202605030612,   0.138,9999.000,9999.000,9999.000,9999.000,9999.000,9999.000,9999.000,9999.000
202605030618,   0.172,9999.000,9999.000,9999.000,9999.000,9999.000,9999.000,9999.000,9999.000
202605030624,   0.208,9999.000,9999.000,9999.000,9999.000,9999.000,9999.000,9999.000,9999.000
202605030630,   0.244,9999.000,9999.000,9999.000,9999.000,9999.000,9999.000,9999.000,9999.000
202605030636,   0.282,9999.000,9999.000,9999.000,9999.000,9999.000,9999.000,9999.000,9999.000
202605030642,   0.320,9999.000,9999.000,9999.000,9999.000,9999.000,9999.000,9999.000,9999.000
202605030648,   0.359,9999.000,9999.000,9999.000,9999.000,9999.000,9999.000,9999.000,9999.000
202605030654,   0.398,9999.000,9999.000,9999.000,9999.000,9999.000,9999.000,9999.000,9999.000
202605030700,   0.438,9999.000,   0.300,   0.009,   0.747,   0.200,   0.647,   0.400,   0.847
202605030706,   0.478,9999.000,9999.000,9999.000,9999.000,9999.000,9999.000,9999.000,9999.000
202605030712,   0.519,9999.000,9999.000,9999.000,9999.000,9999.000,9999.000,9999.000,9999.000
202605030718,   0.559,9999.000,9999.000,9999.000,9999.000,9999.000,9999.000,9999.000,9999.000
202605030724,   0.600,9999.000,9999.000,9999.000,9999.000,9999.000,9999.000,9999.000,9999.000
202605030730,   0.640,9999.000,9999.000,9999.000,9999.000,9999.000,9999.000,9999.000,9999.000
202605030736,   0.681,9999.000,9999.000,9999.000,9999.000,9999.000,9999.000,9999.000,9999.000
202605030742,   0.721,9999.000,9999.000,9999.000,9999.000,9999.000,9999.000,9999.000,9999.000
202605030748,   0.761,9999.000,9999.000,9999.000,9999.000,9999.000,9999.000,9999.000,9999.000
202605030754,   0.800,9999.000,9999.000,9999.000,9999.000,9999.000,9999.000,9999.000,9999.000
202605030800,   0.839,9999.000,   0.300,   0.009,   1.148,   0.200,   1.048,   0.300,   1.148
202605030806,   0.877,9999.000,9999.000,9999.000,9999.000,9999.000,9999.000,9999.000,9999.000
202605030812,   0.914,9999.000,9999.000,9999.000,9999.000,9999.000,9999.000,9999.000,9999.000
202605030818,   0.951,9999.000,9999.000,9999.000,9999.000,9999.000,9999.000,9999.000,9999.000
202605030824,   0.987,9999.000,9999.000,9999.000,9999.000,9999.000,9999.000,9999.000,9999.000
202605030830,   1.022,9999.000,9999.000,9999.000,9999.000,9999.000,9999.000,9999.000,9999.000
202605030836,   1.056,9999.000,9999.000,9999.000,9999.000,9999.000,9999.000,9999.000,9999.000
202605030842,   1.089,9999.000,9999.000,9999.000,9999.000,9999.000,9999.000,9999.000,9999.000
202605030848,   1.121,9999.000,9999.000,9999.000,9999.000,9999.000,9999.000,9999.000,9999.000
202605030854,   1.152,9999.000,9999.000,9999.000,9999.000,9999.000,9999.000,9999.000,9999.000
202605030900,   1.182,9999.000,   0.200,   0.009,   1.391,   0.200,   1.391,   0.300,   1.491
202605030906,   1.210,9999.000,9999.000,9999.000,9999.000,9999.000,9999.000,9999.000,9999.000
202605030912,   1.238,9999.000,9999.000,9999.000,9999.000,9999.000,9999.000,9999.000,9999.000
202605030918,   1.264,9999.000,9999.000,9999.000,9999.000,9999.000,9999.000,9999.000,9999.000
202605030924,   1.289,9999.000,9999.000,9999.000,9999.000,9999.000,9999.000,9999.000,9999.000
202605030930,   1.313,9999.000,9999.000,9999.000,9999.000,9999.000,9999.000,9999.000,9999.000
202605030936,   1.335,9999.000,9999.000,9999.000,9999.000,9999.000,9999.000,9999.000,9999.000
202605030942,   1.357,9999.000,9999.000,9999.000,9999.000,9999.000,9999.000,9999.000,9999.000
202605030948,   1.377,9999.000,9999.000,9999.000,9999.000,9999.000,9999.000,9999.000,9999.000
202605030954,   1.395,9999.000,9999.000,9999.000,9999.000,9999.000,9999.000,9999.000,9999.000
202605031000,   1.413,9999.000,   0.200,   0.009,   1.622,   0.100,   1.522,   0.300,   1.722
202605031006,   1.429,9999.000,9999.000,9999.000,9999.000,9999.000,9999.000,9999.000,9999.000
202605031012,   1.444,9999.000,9999.000,9999.000,9999.000,9999.000,9999.000,9999.000,9999.000
202605031018,   1.457,9999.000,9999.000,9999.000,9999.000,9999.000,9999.000,9999.000,9999.000
202605031024,   1.470,9999.000,9999.000,9999.000,9999.000,9999.000,9999.000,9999.000,9999.000
202605031030,   1.481,9999.000,9999.000,9999.000,9999.000,9999.000,9999.000,9999.000,9999.000
202605031036,   1.490,9999.000,9999.000,9999.000,9999.000,9999.000,9999.000,9999.000,9999.000
202605031042,   1.499,9999.000,9999.000,9999.000,9999.000,9999.000,9999.000,9999.000,9999.000
202605031048,   1.507,9999.000,9999.000,9999.000,9999.000,9999.000,9999.000,9999.000,9999.000
202605031054,   1.513,9999.000,9999.000,9999.000,9999.000,9999.000,9999.000,9999.000,9999.000
202605031100,   1.518,9999.000,   0.200,   0.009,   1.727,   0.100,   1.627,   0.300,   1.827
202605031106,   1.522,9999.000,9999.000,9999.000,9999.000,9999.000,9999.000,9999.000,9999.000
202605031112,   1.525,9999.000,9999.000,9999.000,9999.000,9999.000,9999.000,9999.000,9999.000
202605031118,   1.528,9999.000,9999.000,9999.000,9999.000,9999.000,9999.000,9999.000,9999.000
202605031124,   1.529,9999.000,9999.000,9999.000,9999.000,9999.000,9999.000,9999.000,9999.000
202605031130,   1.529,9999.000,9999.000,9999.000,9999.000,9999.000,9999.000,9999.000,9999.000
202605031136,   1.529,9999.000,9999.000,9999.000,9999.000,9999.000,9999.000,9999.000,9999.000
202605031142,   1.527,9999.000,9999.000,9999.000,9999.000,9999.000,9999.000,9999.000,9999.000
202605031148,   1.525,9999.000,9999.000,9999.000,9999.000,9999.000,9999.000,9999.000,9999.000
202605031154,   1.523,9999.000,9999.000,9999.000,9999.000,9999.000,9999.000,9999.000,9999.000
202605031200,   1.519,9999.000,   0.200,   0.009,   1.728,   0.100,   1.628,   0.200,   1.728
202605031206,   1.516,9999.000,9999.000,9999.000,9999.000,9999.000,9999.000,9999.000,9999.000
202605031212,   1.511,9999.000,9999.000,9999.000,9999.000,9999.000,9999.000,9999.000,9999.000
202605031218,   1.506,9999.000,9999.000,9999.000,9999.000,9999.000,9999.000,9999.000,9999.000
202605031224,   1.501,9999.000,9999.000,9999.000,9999.000,9999.000,9999.000,9999.000,9999.000
202605031230,   1.496,9999.000,9999.000,9999.000,9999.000,9999.000,9999.000,9999.000,9999.000
202605031236,   1.490,9999.000,9999.000,9999.000,9999.000,9999.000,9999.000,9999.000,9999.000
202605031242,   1.484,9999.000,9999.000,9999.000,9999.000,9999.000,9999.000,9999.000,9999.000
202605031248,   1.478,9999.000,9999.000,9999.000,9999.000,9999.000,9999.000,9999.000,9999.000
202605031254,   1.472,9999.000,9999.000,9999.000,9999.000,9999.000,9999.000,9999.000,9999.000
202605031300,   1.466,9999.000,   0.100,   0.009,   1.575,   0.100,   1.575,   0.200,   1.675
202605031306,   1.460,9999.000,9999.000,9999.000,9999.000,9999.000,9999.000,9999.000,9999.000
202605031312,   1.454,9999.000,9999.000,9999.000,9999.000,9999.000,9999.000,9999.000,9999.000
202605031318,   1.448,9999.000,9999.000,9999.000,9999.000,9999.000,9999.000,9999.000,9999.000
202605031324,   1.443,9999.000,9999.000,9999.000,9999.000,9999.000,9999.000,9999.000,9999.000
202605031330,   1.437,9999.000,9999.000,9999.000,9999.000,9999.000,9999.000,9999.000,9999.000
202605031336,   1.432,9999.000,9999.000,9999.000,9999.000,9999.000,9999.000,9999.000,9999.000
202605031342,   1.427,9999.000,9999.000,9999.000,9999.000,9999.000,9999.000,9999.000,9999.000
202605031348,   1.422,9999.000,9999.000,9999.000,9999.000,9999.000,9999.000,9999.000,9999.000
202605031354,   1.417,9999.000,9999.000,9999.000,9999.000,9999.000,9999.000,9999.000,9999.000
202605031400,   1.413,9999.000,   0.100,   0.009,   1.522,   0.100,   1.522,   0.200,   1.622
202605031406,   1.409,9999.000,9999.000,9999.000,9999.000,9999.000,9999.000,9999.000,9999.000
202605031412,   1.406,9999.000,9999.000,9999.000,9999.000,9999.000,9999.000,9999.000,9999.000
202605031418,   1.403,9999.000,9999.000,9999.000,9999.000,9999.000,9999.000,9999.000,9999.000
202605031424,   1.400,9999.000,9999.000,9999.000,9999.000,9999.000,9999.000,9999.000,9999.000
202605031430,   1.398,9999.000,9999.000,9999.000,9999.000,9999.000,9999.000,9999.000,9999.000
202605031436,   1.396,9999.000,9999.000,9999.000,9999.000,9999.000,9999.000,9999.000,9999.000
202605031442,   1.394,9999.000,9999.000,9999.000,9999.000,9999.000,9999.000,9999.000,9999.000
202605031448,   1.393,9999.000,9999.000,9999.000,9999.000,9999.000,9999.000,9999.000,9999.000
202605031454,   1.392,9999.000,9999.000,9999.000,9999.000,9999.000,9999.000,9999.000,9999.000
202605031500,   1.392,9999.000,   0.100,   0.009,   1.501,   0.000,   1.401,   0.200,   1.601
202605031506,   1.392,9999.000,9999.000,9999.000,9999.000,9999.000,9999.000,9999.000,9999.000
202605031512,   1.393,9999.000,9999.000,9999.000,9999.000,9999.000,9999.000,9999.000,9999.000
202605031518,   1.394,9999.000,9999.000,9999.000,9999.000,9999.000,9999.000,9999.000,9999.000
202605031524,   1.396,9999.000,9999.000,9999.000,9999.000,9999.000,9999.000,9999.000,9999.000
202605031530,   1.398,9999.000,9999.000,9999.000,9999.000,9999.000,9999.000,9999.000,9999.000
202605031536,   1.400,9999.000,9999.000,9999.000,9999.000,9999.000,9999.000,9999.000,9999.000
202605031542,   1.403,9999.000,9999.000,9999.000,9999.000,9999.000,9999.000,9999.000,9999.000
202605031548,   1.407,9999.000,9999.000,9999.000,9999.000,9999.000,9999.000,9999.000,9999.000
202605031554,   1.411,9999.000,9999.000,9999.000,9999.000,9999.000,9999.000,9999.000,9999.000
202605031600,   1.416,9999.000,   0.100,   0.009,   1.525,   0.000,   1.425,   0.200,   1.625
202605031606,   1.421,9999.000,9999.000,9999.000,9999.000,9999.000,9999.000,9999.000,9999.000
202605031612,   1.427,9999.000,9999.000,9999.000,9999.000,9999.000,9999.000,9999.000,9999.000
202605031618,   1.433,9999.000,9999.000,9999.000,9999.000,9999.000,9999.000,9999.000,9999.000
202605031624,   1.440,9999.000,9999.000,9999.000,9999.000,9999.000,9999.000,9999.000,9999.000
202605031630,   1.447,9999.000,9999.000,9999.000,9999.000,9999.000,9999.000,9999.000,9999.000
202605031636,   1.455,9999.000,9999.000,9999.000,9999.000,9999.000,9999.000,9999.000,9999.000
202605031642,   1.464,9999.000,9999.000,9999.000,9999.000,9999.000,9999.000,9999.000,9999.000
202605031648,   1.473,9999.000,9999.000,9999.000,9999.000,9999.000,9999.000,9999.000,9999.000
202605031654,   1.483,9999.000,9999.000,9999.000,9999.000,9999.000,9999.000,9999.000,9999.000
202605031700,   1.493,9999.000,   0.100,   0.009,   1.602,   0.000,   1.502,   0.200,   1.702
202605031706,   1.504,9999.000,9999.000,9999.000,9999.000,9999.000,9999.000,9999.000,9999.000
202605031712,   1.516,9999.000,9999.000,9999.000,9999.000,9999.000,9999.000,9999.000,9999.000
202605031718,   1.528,9999.000,9999.000,9999.000,9999.000,9999.000,9999.000,9999.000,9999.000
202605031724,   1.540,9999.000,9999.000,9999.000,9999.000,9999.000,9999.000,9999.000,9999.000
202605031730,   1.553,9999.000,9999.000,9999.000,9999.000,9999.000,9999.000,9999.000,9999.000
202605031736,   1.566,9999.000,9999.000,9999.000,9999.000,9999.000,9999.000,9999.000,9999.000
202605031742,   1.579,9999.000,9999.000,9999.000,9999.000,9999.000,9999.000,9999.000,9999.000
202605031748,   1.593,9999.000,9999.000,9999.000,9999.000,9999.000,9999.000,9999.000,9999.000
202605031754,   1.607,9999.000,9999.000,9999.000,9999.000,9999.000,9999.000,9999.000,9999.000
202605031800,   1.621,9999.000,   0.100,   0.009,   1.730,   0.000,   1.630,   0.100,   1.730
202605031806,   1.635,9999.000,9999.000,9999.000,9999.000,9999.000,9999.000,9999.000,9999.000
202605031812,   1.649,9999.000,9999.000,9999.000,9999.000,9999.000,9999.000,9999.000,9999.000
202605031818,   1.663,9999.000,9999.000,9999.000,9999.000,9999.000,9999.000,9999.000,9999.000
202605031824,   1.677,9999.000,9999.000,9999.000,9999.000,9999.000,9999.000,9999.000,9999.000
202605031830,   1.691,9999.000,9999.000,9999.000,9999.000,9999.000,9999.000,9999.000,9999.000
202605031836,   1.704,9999.000,9999.000,9999.000,9999.000,9999.000,9999.000,9999.000,9999.000
202605031842,   1.717,9999.000,9999.000,9999.000,9999.000,9999.000,9999.000,9999.000,9999.000
202605031848,   1.730,9999.000,9999.000,9999.000,9999.000,9999.000,9999.000,9999.000,9999.000
202605031854,   1.742,9999.000,9999.000,9999.000,9999.000,9999.000,9999.000,9999.000,9999.000
202605031900,   1.753,9999.000,   0.100,   0.009,   1.862,   0.000,   1.762,   0.100,   1.862
202605031906,   1.763,9999.000,9999.000,9999.000,9999.000,9999.000,9999.000,9999.000,9999.000
202605031912,   1.773,9999.000,9999.000,9999.000,9999.000,9999.000,9999.000,9999.000,9999.000
202605031918,   1.782,9999.000,9999.000,9999.000,9999.000,9999.000,9999.000,9999.000,9999.000
202605031924,   1.790,9999.000,9999.000,9999.000,9999.000,9999.000,9999.000,9999.000,9999.000
202605031930,   1.796,9999.000,9999.000,9999.000,9999.000,9999.000,9999.000,9999.000,9999.000
202605031936,   1.802,9999.000,9999.000,9999.000,9999.000,9999.000,9999.000,9999.000,9999.000
202605031942,   1.807,9999.000,9999.000,9999.000,9999.000,9999.000,9999.000,9999.000,9999.000
202605031948,   1.810,9999.000,9999.000,9999.000,9999.000,9999.000,9999.000,9999.000,9999.000
202605031954,   1.812,9999.000,9999.000,9999.000,9999.000,9999.000,9999.000,9999.000,9999.000
202605032000,   1.813,9999.000,   0.100,   0.009,   1.922,   0.000,   1.822,   0.100,   1.922
202605032006,   1.812,9999.000,9999.000,9999.000,9999.000,9999.000,9999.000,9999.000,9999.000
202605032012,   1.810,9999.000,9999.000,9999.000,9999.000,9999.000,9999.000,9999.000,9999.000
202605032018,   1.806,9999.000,9999.000,9999.000,9999.000,9999.000,9999.000,9999.000,9999.000
202605032024,   1.801,9999.000,9999.000,9999.000,9999.000,9999.000,9999.000,9999.000,9999.000
202605032030,   1.794,9999.000,9999.000,9999.000,9999.000,9999.000,9999.000,9999.000,9999.000
202605032036,   1.786,9999.000,9999.000,9999.000,9999.000,9999.000,9999.000,9999.000,9999.000
202605032042,   1.777,9999.000,9999.000,9999.000,9999.000,9999.000,9999.000,9999.000,9999.000
202605032048,   1.766,9999.000,9999.000,9999.000,9999.000,9999.000,9999.000,9999.000,9999.000
202605032054,   1.753,9999.000,9999.000,9999.000,9999.000,9999.000,9999.000,9999.000,9999.000
202605032100,   1.739,9999.000,   0.100,   0.009,   1.848,   0.000,   1.748,   0.100,   1.848
202605032106,   1.723,9999.000,9999.000,9999.000,9999.000,9999.000,9999.000,9999.000,9999.000
202605032112,   1.706,9999.000,9999.000,9999.000,9999.000,9999.000,9999.000,9999.000,9999.000
202605032118,   1.688,9999.000,9999.000,9999.000,9999.000,9999.000,9999.000,9999.000,9999.000
202605032124,   1.668,9999.000,9999.000,9999.000,9999.000,9999.000,9999.000,9999.000,9999.000
202605032130,   1.646,9999.000,9999.000,9999.000,9999.000,9999.000,9999.000,9999.000,9999.000
202605032136,   1.624,9999.000,9999.000,9999.000,9999.000,9999.000,9999.000,9999.000,9999.000
202605032142,   1.600,9999.000,9999.000,9999.000,9999.000,9999.000,9999.000,9999.000,9999.000
202605032148,   1.575,9999.000,9999.000,9999.000,9999.000,9999.000,9999.000,9999.000,9999.000
202605032154,   1.548,9999.000,9999.000,9999.000,9999.000,9999.000,9999.000,9999.000,9999.000
202605032200,   1.520,9999.000,   0.100,   0.009,   1.629,   0.000,   1.529,   0.100,   1.629
202605032206,   1.492,9999.000,9999.000,9999.000,9999.000,9999.000,9999.000,9999.000,9999.000
202605032212,   1.462,9999.000,9999.000,9999.000,9999.000,9999.000,9999.000,9999.000,9999.000
202605032218,   1.431,9999.000,9999.000,9999.000,9999.000,9999.000,9999.000,9999.000,9999.000
202605032224,   1.399,9999.000,9999.000,9999.000,9999.000,9999.000,9999.000,9999.000,9999.000
202605032230,   1.367,9999.000,9999.000,9999.000,9999.000,9999.000,9999.000,9999.000,9999.000
202605032236,   1.333,9999.000,9999.000,9999.000,9999.000,9999.000,9999.000,9999.000,9999.000
202605032242,   1.299,9999.000,9999.000,9999.000,9999.000,9999.000,9999.000,9999.000,9999.000
202605032248,   1.264,9999.000,9999.000,9999.000,9999.000,9999.000,9999.000,9999.000,9999.000
202605032254,   1.229,9999.000,9999.000,9999.000,9999.000,9999.000,9999.000,9999.000,9999.000
202605032300,   1.193,9999.000,   0.100,   0.009,   1.302,   0.000,   1.202,   0.100,   1.302
202605032306,   1.156,9999.000,9999.000,9999.000,9999.000,9999.000,9999.000,9999.000,9999.000
202605032312,   1.119,9999.000,9999.000,9999.000,9999.000,9999.000,9999.000,9999.000,9999.000
202605032318,   1.082,9999.000,9999.000,9999.000,9999.000,9999.000,9999.000,9999.000,9999.000
202605032324,   1.044,9999.000,9999.000,9999.000,9999.000,9999.000,9999.000,9999.000,9999.000
202605032330,   1.007,9999.000,9999.000,9999.000,9999.000,9999.000,9999.000,9999.000,9999.000
202605032336,   0.969,9999.000,9999.000,9999.000,9999.000,9999.000,9999.000,9999.000,9999.000
202605032342,   0.931,9999.000,9999.000,9999.000,9999.000,9999.000,9999.000,9999.000,9999.000
202605032348,   0.892,9999.000,9999.000,9999.000,9999.000,9999.000,9999.000,9999.000,9999.000
202605032354,   0.854,9999.000,9999.000,9999.000,9999.000,9999.000,9999.000,9999.000,9999.000
202605040000,   0.816,9999.000,   0.100,   0.009,   0.925,   0.000,   0.825,   0.100,   0.925
202605040006,   0.778,9999.000,9999.000,9999.000,9999.000,9999.000,9999.000,9999.000,9999.000
202605040012,   0.741,9999.000,9999.000,9999.000,9999.000,9999.000,9999.000,9999.000,9999.000
202605040018,   0.704,9999.000,9999.000,9999.000,9999.000,9999.000,9999.000,9999.000,9999.000
202605040024,   0.666,9999.000,9999.000,9999.000,9999.000,9999.000,9999.000,9999.000,9999.000
202605040030,   0.630,9999.000,9999.000,9999.000,9999.000,9999.000,9999.000,9999.000,9999.000
202605040036,   0.594,9999.000,9999.000,9999.000,9999.000,9999.000,9999.000,9999.000,9999.000
202605040042,   0.558,9999.000,9999.000,9999.000,9999.000,9999.000,9999.000,9999.000,9999.000
202605040048,   0.523,9999.000,9999.000,9999.000,9999.000,9999.000,9999.000,9999.000,9999.000
202605040054,   0.488,9999.000,9999.000,9999.000,9999.000,9999.000,9999.000,9999.000,9999.000
202605040100,   0.454,9999.000,   0.100,   0.009,   0.563,   0.000,   0.463,   0.100,   0.563
202605040106,   0.420,9999.000,9999.000,9999.000,9999.000,9999.000,9999.000,9999.000,9999.000
202605040112,   0.387,9999.000,9999.000,9999.000,9999.000,9999.000,9999.000,9999.000,9999.000
202605040118,   0.355,9999.000,9999.000,9999.000,9999.000,9999.000,9999.000,9999.000,9999.000
202605040124,   0.323,9999.000,9999.000,9999.000,9999.000,9999.000,9999.000,9999.000,9999.000
202605040130,   0.293,9999.000,9999.000,9999.000,9999.000,9999.000,9999.000,9999.000,9999.000
202605040136,   0.262,9999.000,9999.000,9999.000,9999.000,9999.000,9999.000,9999.000,9999.000
202605040142,   0.233,9999.000,9999.000,9999.000,9999.000,9999.000,9999.000,9999.000,9999.000
202605040148,   0.204,9999.000,9999.000,9999.000,9999.000,9999.000,9999.000,9999.000,9999.000
202605040154,   0.177,9999.000,9999.000,9999.000,9999.000,9999.000,9999.000,9999.000,9999.000
202605040200,   0.150,9999.000,   0.100,   0.009,   0.259,   0.000,   0.159,   0.100,   0.259
202605040206,   0.123,9999.000,9999.000,9999.000,9999.000,9999.000,9999.000,9999.000,9999.000
202605040212,   0.098,9999.000,9999.000,9999.000,9999.000,9999.000,9999.000,9999.000,9999.000
202605040218,   0.073,9999.000,9999.000,9999.000,9999.000,9999.000,9999.000,9999.000,9999.000
202605040224,   0.049,9999.000,9999.000,9999.000,9999.000,9999.000,9999.000,9999.000,9999.000
202605040230,   0.026,9999.000,9999.000,9999.000,9999.000,9999.000,9999.000,9999.000,9999.000
202605040236,   0.004,9999.000,9999.000,9999.000,9999.000,9999.000,9999.000,9999.000,9999.000
202605040242,  -0.016,9999.000,9999.000,9999.000,9999.000,9999.000,9999.000,9999.000,9999.000
202605040248,  -0.036,9999.000,9999.000,9999.000,9999.000,9999.000,9999.000,9999.000,9999.000
202605040254,  -0.056,9999.000,9999.000,9999.000,9999.000,9999.000,9999.000,9999.000,9999.000
202605040300,  -0.074,9999.000,   0.100,   0.009,   0.035,   0.000,  -0.065,   0.100,   0.035
202605040306,  -0.092,9999.000,9999.000,9999.000,9999.000,9999.000,9999.000,9999.000,9999.000
202605040312,  -0.109,9999.000,9999.000,9999.000,9999.000,9999.000,9999.000,9999.000,9999.000
202605040318,  -0.125,9999.000,9999.000,9999.000,9999.000,9999.000,9999.000,9999.000,9999.000
202605040324,  -0.140,9999.000,9999.000,9999.000,9999.000,9999.000,9999.000,9999.000,9999.000
202605040330,  -0.153,9999.000,9999.000,9999.000,9999.000,9999.000,9999.000,9999.000,9999.000
202605040336,  -0.166,9999.000,9999.000,9999.000,9999.000,9999.000,9999.000,9999.000,9999.000
202605040342,  -0.178,9999.000,9999.000,9999.000,9999.000,9999.000,9999.000,9999.000,9999.000
202605040348,  -0.188,9999.000,9999.000,9999.000,9999.000,9999.000,9999.000,9999.000,9999.000
202605040354,  -0.198,9999.000,9999.000,9999.000,9999.000,9999.000,9999.000,9999.000,9999.000
202605040400,  -0.206,9999.000,   0.100,   0.009,  -0.097,   0.000,  -0.197,   0.200,   0.003
202605040406,  -0.213,9999.000,9999.000,9999.000,9999.000,9999.000,9999.000,9999.000,9999.000
202605040412,  -0.219,9999.000,9999.000,9999.000,9999.000,9999.000,9999.000,9999.000,9999.000
202605040418,  -0.223,9999.000,9999.000,9999.000,9999.000,9999.000,9999.000,9999.000,9999.000
202605040424,  -0.227,9999.000,9999.000,9999.000,9999.000,9999.000,9999.000,9999.000,9999.000
202605040430,  -0.228,9999.000,9999.000,9999.000,9999.000,9999.000,9999.000,9999.000,9999.000
202605040436,  -0.229,9999.000,9999.000,9999.000,9999.000,9999.000,9999.000,9999.000,9999.000
202605040442,  -0.228,9999.000,9999.000,9999.000,9999.000,9999.000,9999.000,9999.000,9999.000
202605040448,  -0.225,9999.000,9999.000,9999.000,9999.000,9999.000,9999.000,9999.000,9999.000
202605040454,  -0.222,9999.000,9999.000,9999.000,9999.000,9999.000,9999.000,9999.000,9999.000
202605040500,  -0.216,9999.000,   0.100,   0.009,  -0.107,   0.000,  -0.207,   0.200,  -0.007
202605040506,  -0.209,9999.000,9999.000,9999.000,9999.000,9999.000,9999.000,9999.000,9999.000
202605040512,  -0.200,9999.000,9999.000,9999.000,9999.000,9999.000,9999.000,9999.000,9999.000
202605040518,  -0.190,9999.000,9999.000,9999.000,9999.000,9999.000,9999.000,9999.000,9999.000
202605040524,  -0.179,9999.000,9999.000,9999.000,9999.000,9999.000,9999.000,9999.000,9999.000
202605040530,  -0.165,9999.000,9999.000,9999.000,9999.000,9999.000,9999.000,9999.000,9999.000
202605040536,  -0.150,9999.000,9999.000,9999.000,9999.000,9999.000,9999.000,9999.000,9999.000
202605040542,  -0.134,9999.000,9999.000,9999.000,9999.000,9999.000,9999.000,9999.000,9999.000
202605040548,  -0.116,9999.000,9999.000,9999.000,9999.000,9999.000,9999.000,9999.000,9999.000
202605040554,  -0.096,9999.000,9999.000,9999.000,9999.000,9999.000,9999.000,9999.000,9999.000
202605040600,  -0.075,9999.000,   0.100,   0.009,   0.034,   0.000,  -0.066,   0.200,   0.134
202605040606,  -0.052,9999.000,9999.000,9999.000,9999.000,9999.000,9999.000,9999.000,9999.000
202605040612,  -0.028,9999.000,9999.000,9999.000,9999.000,9999.000,9999.000,9999.000,9999.000
202605040618,  -0.002,9999.000,9999.000,9999.000,9999.000,9999.000,9999.000,9999.000,9999.000
202605040624,   0.024,9999.000,9999.000,9999.000,9999.000,9999.000,9999.000,9999.000,9999.000
202605040630,   0.052,9999.000,9999.000,9999.000,9999.000,9999.000,9999.000,9999.000,9999.000
202605040636,   0.082,9999.000,9999.000,9999.000,9999.000,9999.000,9999.000,9999.000,9999.000
202605040642,   0.113,9999.000,9999.000,9999.000,9999.000,9999.000,9999.000,9999.000,9999.000
202605040648,   0.144,9999.000,9999.000,9999.000,9999.000,9999.000,9999.000,9999.000,9999.000
202605040654,   0.178,9999.000,9999.000,9999.000,9999.000,9999.000,9999.000,9999.000,9999.000
202605040700,   0.212,9999.000,   0.100,   0.009,   0.321,   0.000,   0.221,   0.100,   0.321
202605040706,   0.247,9999.000,9999.000,9999.000,9999.000,9999.000,9999.000,9999.000,9999.000
202605040712,   0.282,9999.000,9999.000,9999.000,9999.000,9999.000,9999.000,9999.000,9999.000
202605040718,   0.319,9999.000,9999.000,9999.000,9999.000,9999.000,9999.000,9999.000,9999.000
202605040724,   0.356,9999.000,9999.000,9999.000,9999.000,9999.000,9999.000,9999.000,9999.000
202605040730,   0.394,9999.000,9999.000,9999.000,9999.000,9999.000,9999.000,9999.000,9999.000
202605040736,   0.432,9999.000,9999.000,9999.000,9999.000,9999.000,9999.000,9999.000,9999.000
202605040742,   0.471,9999.000,9999.000,9999.000,9999.000,9999.000,9999.000,9999.000,9999.000
202605040748,   0.510,9999.000,9999.000,9999.000,9999.000,9999.000,9999.000,9999.000,9999.000
202605040754,   0.549,9999.000,9999.000,9999.000,9999.000,9999.000,9999.000,9999.000,9999.000
202605040800,   0.588,9999.000,   0.100,   0.009,   0.697,   0.000,   0.597,   0.100,   0.697
202605040806,   0.628,9999.000,9999.000,9999.000,9999.000,9999.000,9999.000,9999.000,9999.000
202605040812,   0.667,9999.000,9999.000,9999.000,9999.000,9999.000,9999.000,9999.000,9999.000
202605040818,   0.706,9999.000,9999.000,9999.000,9999.000,9999.000,9999.000,9999.000,9999.000
202605040824,   0.745,9999.000,9999.000,9999.000,9999.000,9999.000,9999.000,9999.000,9999.000
202605040830,   0.783,9999.000,9999.000,9999.000,9999.000,9999.000,9999.000,9999.000,9999.000
202605040836,   0.821,9999.000,9999.000,9999.000,9999.000,9999.000,9999.000,9999.000,9999.000
202605040842,   0.859,9999.000,9999.000,9999.000,9999.000,9999.000,9999.000,9999.000,9999.000
202605040848,   0.896,9999.000,9999.000,9999.000,9999.000,9999.000,9999.000,9999.000,9999.000
202605040854,   0.932,9999.000,9999.000,9999.000,9999.000,9999.000,9999.000,9999.000,9999.000
202605040900,   0.968,9999.000,   0.100,   0.009,   1.077,   0.000,   0.977,   0.100,   1.077
202605040906,   1.003,9999.000,9999.000,9999.000,9999.000,9999.000,9999.000,9999.000,9999.000
202605040912,   1.037,9999.000,9999.000,9999.000,9999.000,9999.000,9999.000,9999.000,9999.000
202605040918,   1.070,9999.000,9999.000,9999.000,9999.000,9999.000,9999.000,9999.000,9999.000
202605040924,   1.102,9999.000,9999.000,9999.000,9999.000,9999.000,9999.000,9999.000,9999.000
202605040930,   1.133,9999.000,9999.000,9999.000,9999.000,9999.000,9999.000,9999.000,9999.000
202605040936,   1.163,9999.000,9999.000,9999.000,9999.000,9999.000,9999.000,9999.000,9999.000
202605040942,   1.192,9999.000,9999.000,9999.000,9999.000,9999.000,9999.000,9999.000,9999.000
202605040948,   1.220,9999.000,9999.000,9999.000,9999.000,9999.000,9999.000,9999.000,9999.000
202605040954,   1.247,9999.000,9999.000,9999.000,9999.000,9999.000,9999.000,9999.000,9999.000
202605041000,   1.272,9999.000,   0.100,   0.009,   1.381,   0.000,   1.281,   0.100,   1.381
202605041006,   1.296,9999.000,9999.000,9999.000,9999.000,9999.000,9999.000,9999.000,9999.000
202605041012,   1.319,9999.000,9999.000,9999.000,9999.000,9999.000,9999.000,9999.000,9999.000
202605041018,   1.341,9999.000,9999.000,9999.000,9999.000,9999.000,9999.000,9999.000,9999.000
202605041024,   1.361,9999.000,9999.000,9999.000,9999.000,9999.000,9999.000,9999.000,9999.000
202605041030,   1.381,9999.000,9999.000,9999.000,9999.000,9999.000,9999.000,9999.000,9999.000
202605041036,   1.398,9999.000,9999.000,9999.000,9999.000,9999.000,9999.000,9999.000,9999.000
202605041042,   1.415,9999.000,9999.000,9999.000,9999.000,9999.000,9999.000,9999.000,9999.000
202605041048,   1.430,9999.000,9999.000,9999.000,9999.000,9999.000,9999.000,9999.000,9999.000
202605041054,   1.445,9999.000,9999.000,9999.000,9999.000,9999.000,9999.000,9999.000,9999.000
202605041100,   1.457,9999.000,   0.100,   0.009,   1.566,   0.000,   1.466,   0.100,   1.566
202605041106,   1.469,9999.000,9999.000,9999.000,9999.000,9999.000,9999.000,9999.000,9999.000
202605041112,   1.480,9999.000,9999.000,9999.000,9999.000,9999.000,9999.000,9999.000,9999.000
202605041118,   1.489,9999.000,9999.000,9999.000,9999.000,9999.000,9999.000,9999.000,9999.000
202605041124,   1.497,9999.000,9999.000,9999.000,9999.000,9999.000,9999.000,9999.000,9999.000
202605041130,   1.505,9999.000,9999.000,9999.000,9999.000,9999.000,9999.000,9999.000,9999.000
202605041136,   1.511,9999.000,9999.000,9999.000,9999.000,9999.000,9999.000,9999.000,9999.000
202605041142,   1.516,9999.000,9999.000,9999.000,9999.000,9999.000,9999.000,9999.000,9999.000
202605041148,   1.520,9999.000,9999.000,9999.000,9999.000,9999.000,9999.000,9999.000,9999.000
202605041154,   1.523,9999.000,9999.000,9999.000,9999.000,9999.000,9999.000,9999.000,9999.000
202605041200,   1.526,9999.000,   0.100,   0.009,   1.635,   0.000,   1.535,   0.100,   1.635
202605041206,   1.527,9999.000,9999.000,9999.000,9999.000,9999.000,9999.000,9999.000,9999.000
202605041212,   1.528,9999.000,9999.000,9999.000,9999.000,9999.000,9999.000,9999.000,9999.000
202605041218,   1.528,9999.000,9999.000,9999.000,9999.000,9999.000,9999.000,9999.000,9999.000
202605041224,   1.528,9999.000,9999.000,9999.000,9999.000,9999.000,9999.000,9999.000,9999.000
202605041230,   1.527,9999.000,9999.000,9999.000,9999.000,9999.000,9999.000,9999.000,9999.000
202605041236,   1.525,9999.000,9999.000,9999.000,9999.000,9999.000,9999.000,9999.000,9999.000
202605041242,   1.523,9999.000,9999.000,9999.000,9999.000,9999.000,9999.000,9999.000,9999.000
202605041248,   1.520,9999.000,9999.000,9999.000,9999.000,9999.000,9999.000,9999.000,9999.000
202605041254,   1.516,9999.000,9999.000,9999.000,9999.000,9999.000,9999.000,9999.000,9999.000
202605041300,   1.513,9999.000,   0.100,   0.009,   1.622,   0.000,   1.522,   0.100,   1.622
202605041306,   1.509,9999.000,9999.000,9999.000,9999.000,9999.000,9999.000,9999.000,9999.000
202605041312,   1.504,9999.000,9999.000,9999.000,9999.000,9999.000,9999.000,9999.000,9999.000
202605041318,   1.500,9999.000,9999.000,9999.000,9999.000,9999.000,9999.000,9999.000,9999.000
202605041324,   1.495,9999.000,9999.000,9999.000,9999.000,9999.000,9999.000,9999.000,9999.000
202605041330,   1.490,9999.000,9999.000,9999.000,9999.000,9999.000,9999.000,9999.000,9999.000
202605041336,   1.485,9999.000,9999.000,9999.000,9999.000,9999.000,9999.000,9999.000,9999.000
202605041342,   1.480,9999.000,9999.000,9999.000,9999.000,9999.000,9999.000,9999.000,9999.000
202605041348,   1.474,9999.000,9999.000,9999.000,9999.000,9999.000,9999.000,9999.000,9999.000
202605041354,   1.469,9999.000,9999.000,9999.000,9999.000,9999.000,9999.000,9999.000,9999.000
202605041400,   1.463,9999.000,   0.100,   0.009,   1.572,   0.000,   1.472,   0.200,   1.672
202605041406,   1.458,9999.000,9999.000,9999.000,9999.000,9999.000,9999.000,9999.000,9999.000
202605041412,   1.453,9999.000,9999.000,9999.000,9999.000,9999.000,9999.000,9999.000,9999.000
202605041418,   1.447,9999.000,9999.000,9999.000,9999.000,9999.000,9999.000,9999.000,9999.000
202605041424,   1.442,9999.000,9999.000,9999.000,9999.000,9999.000,9999.000,9999.000,9999.000
202605041430,   1.437,9999.000,9999.000,9999.000,9999.000,9999.000,9999.000,9999.000,9999.000
202605041436,   1.433,9999.000,9999.000,9999.000,9999.000,9999.000,9999.000,9999.000,9999.000
202605041442,   1.428,9999.000,9999.000,9999.000,9999.000,9999.000,9999.000,9999.000,9999.000
202605041448,   1.424,9999.000,9999.000,9999.000,9999.000,9999.000,9999.000,9999.000,9999.000
202605041454,   1.419,9999.000,9999.000,9999.000,9999.000,9999.000,9999.000,9999.000,9999.000
202605041500,   1.416,9999.000,   0.100,   0.009,   1.525,   0.000,   1.425,   0.200,   1.625
202605041506,   1.412,9999.000,9999.000,9999.000,9999.000,9999.000,9999.000,9999.000,9999.000
202605041512,   1.409,9999.000,9999.000,9999.000,9999.000,9999.000,9999.000,9999.000,9999.000
202605041518,   1.406,9999.000,9999.000,9999.000,9999.000,9999.000,9999.000,9999.000,9999.000
202605041524,   1.404,9999.000,9999.000,9999.000,9999.000,9999.000,9999.000,9999.000,9999.000
202605041530,   1.402,9999.000,9999.000,9999.000,9999.000,9999.000,9999.000,9999.000,9999.000
202605041536,   1.401,9999.000,9999.000,9999.000,9999.000,9999.000,9999.000,9999.000,9999.000
202605041542,   1.400,9999.000,9999.000,9999.000,9999.000,9999.000,9999.000,9999.000,9999.000
202605041548,   1.399,9999.000,9999.000,9999.000,9999.000,9999.000,9999.000,9999.000,9999.000
202605041554,   1.399,9999.000,9999.000,9999.000,9999.000,9999.000,9999.000,9999.000,9999.000
202605041600,   1.400,9999.000,   0.100,   0.009,   1.509,   0.000,   1.409,   0.200,   1.609
202605041606,   1.401,9999.000,9999.000,9999.000,9999.000,9999.000,9999.000,9999.000,9999.000
202605041612,   1.403,9999.000,9999.000,9999.000,9999.000,9999.000,9999.000,9999.000,9999.000
202605041618,   1.406,9999.000,9999.000,9999.000,9999.000,9999.000,9999.000,9999.000,9999.000
202605041624,   1.409,9999.000,9999.000,9999.000,9999.000,9999.000,9999.000,9999.000,9999.000
202605041630,   1.413,9999.000,9999.000,9999.000,9999.000,9999.000,9999.000,9999.000,9999.000
202605041636,   1.417,9999.000,9999.000,9999.000,9999.000,9999.000,9999.000,9999.000,9999.000
202605041642,   1.422,9999.000,9999.000,9999.000,9999.000,9999.000,9999.000,9999.000,9999.000
202605041648,   1.428,9999.000,9999.000,9999.000,9999.000,9999.000,9999.000,9999.000,9999.000
202605041654,   1.434,9999.000,9999.000,9999.000,9999.000,9999.000,9999.000,9999.000,9999.000
202605041700,   1.441,9999.000,   0.100,   0.009,   1.550,   0.000,   1.450,   0.200,   1.650
202605041706,   1.449,9999.000,9999.000,9999.000,9999.000,9999.000,9999.000,9999.000,9999.000
202605041712,   1.458,9999.000,9999.000,9999.000,9999.000,9999.000,9999.000,9999.000,9999.000
202605041718,   1.466,9999.000,9999.000,9999.000,9999.000,9999.000,9999.000,9999.000,9999.000
202605041724,   1.476,9999.000,9999.000,9999.000,9999.000,9999.000,9999.000,9999.000,9999.000
202605041730,   1.486,9999.000,9999.000,9999.000,9999.000,9999.000,9999.000,9999.000,9999.000
202605041736,   1.497,9999.000,9999.000,9999.000,9999.000,9999.000,9999.000,9999.000,9999.000
202605041742,   1.508,9999.000,9999.000,9999.000,9999.000,9999.000,9999.000,9999.000,9999.000
202605041748,   1.520,9999.000,9999.000,9999.000,9999.000,9999.000,9999.000,9999.000,9999.000
202605041754,   1.532,9999.000,9999.000,9999.000,9999.000,9999.000,9999.000,9999.000,9999.000
202605041800,   1.544,9999.000,   0.100,   0.009,   1.653,   0.000,   1.553,   0.200,   1.753
202605041806,   1.557,9999.000,9999.000,9999.000,9999.000,9999.000,9999.000,9999.000,9999.000
202605041812,   1.570,9999.000,9999.000,9999.000,9999.000,9999.000,9999.000,9999.000,9999.000
202605041818,   1.583,9999.000,9999.000,9999.000,9999.000,9999.000,9999.000,9999.000,9999.000
202605041824,   1.596,9999.000,9999.000,9999.000,9999.000,9999.000,9999.000,9999.000,9999.000
202605041830,   1.610,9999.000,9999.000,9999.000,9999.000,9999.000,9999.000,9999.000,9999.000
202605041836,   1.623,9999.000,9999.000,9999.000,9999.000,9999.000,9999.000,9999.000,9999.000
202605041842,   1.637,9999.000,9999.000,9999.000,9999.000,9999.000,9999.000,9999.000,9999.000
202605041848,   1.650,9999.000,9999.000,9999.000,9999.000,9999.000,9999.000,9999.000,9999.000
202605041854,   1.663,9999.000,9999.000,9999.000,9999.000,9999.000,9999.000,9999.000,9999.000
202605041900,   1.676,9999.000,   0.100,   0.009,   1.785,   0.000,   1.685,   0.200,   1.885
202605041906,   1.689,9999.000,9999.000,9999.000,9999.000,9999.000,9999.000,9999.000,9999.000
202605041912,   1.701,9999.000,9999.000,9999.000,9999.000,9999.000,9999.000,9999.000,9999.000
202605041918,   1.713,9999.000,9999.000,9999.000,9999.000,9999.000,9999.000,9999.000,9999.000
202605041924,   1.724,9999.000,9999.000,9999.000,9999.000,9999.000,9999.000,9999.000,9999.000
202605041930,   1.735,9999.000,9999.000,9999.000,9999.000,9999.000,9999.000,9999.000,9999.000
202605041936,   1.745,9999.000,9999.000,9999.000,9999.000,9999.000,9999.000,9999.000,9999.000
202605041942,   1.754,9999.000,9999.000,9999.000,9999.000,9999.000,9999.000,9999.000,9999.000
202605041948,   1.763,9999.000,9999.000,9999.000,9999.000,9999.000,9999.000,9999.000,9999.000
202605041954,   1.770,9999.000,9999.000,9999.000,9999.000,9999.000,9999.000,9999.000,9999.000
202605042000,   1.777,9999.000,   0.100,   0.009,   1.886,   0.000,   1.786,   0.200,   1.986
202605042006,   1.783,9999.000,9999.000,9999.000,9999.000,9999.000,9999.000,9999.000,9999.000
202605042012,   1.787,9999.000,9999.000,9999.000,9999.000,9999.000,9999.000,9999.000,9999.000
202605042018,   1.790,9999.000,9999.000,9999.000,9999.000,9999.000,9999.000,9999.000,9999.000
202605042024,   1.793,9999.000,9999.000,9999.000,9999.000,9999.000,9999.000,9999.000,9999.000
202605042030,   1.794,9999.000,9999.000,9999.000,9999.000,9999.000,9999.000,9999.000,9999.000
202605042036,   1.793,9999.000,9999.000,9999.000,9999.000,9999.000,9999.000,9999.000,9999.000
202605042042,   1.792,9999.000,9999.000,9999.000,9999.000,9999.000,9999.000,9999.000,9999.000
202605042048,   1.789,9999.000,9999.000,9999.000,9999.000,9999.000,9999.000,9999.000,9999.000
202605042054,   1.784,9999.000,9999.000,9999.000,9999.000,9999.000,9999.000,9999.000,9999.000
202605042100,   1.778,9999.000,   0.100,   0.009,   1.887,   0.100,   1.887,   0.200,   1.987
202605042106,   1.771,9999.000,9999.000,9999.000,9999.000,9999.000,9999.000,9999.000,9999.000
202605042112,   1.762,9999.000,9999.000,9999.000,9999.000,9999.000,9999.000,9999.000,9999.000
202605042118,   1.752,9999.000,9999.000,9999.000,9999.000,9999.000,9999.000,9999.000,9999.000
202605042124,   1.740,9999.000,9999.000,9999.000,9999.000,9999.000,9999.000,9999.000,9999.000
202605042130,   1.727,9999.000,9999.000,9999.000,9999.000,9999.000,9999.000,9999.000,9999.000
202605042136,   1.712,9999.000,9999.000,9999.000,9999.000,9999.000,9999.000,9999.000,9999.000
202605042142,   1.696,9999.000,9999.000,9999.000,9999.000,9999.000,9999.000,9999.000,9999.000
202605042148,   1.678,9999.000,9999.000,9999.000,9999.000,9999.000,9999.000,9999.000,9999.000
202605042154,   1.659,9999.000,9999.000,9999.000,9999.000,9999.000,9999.000,9999.000,9999.000
202605042200,   1.639,9999.000,   0.200,   0.009,   1.848,   0.100,   1.748,   0.200,   1.848
202605042206,   1.617,9999.000,9999.000,9999.000,9999.000,9999.000,9999.000,9999.000,9999.000
202605042212,   1.593,9999.000,9999.000,9999.000,9999.000,9999.000,9999.000,9999.000,9999.000
202605042218,   1.569,9999.000,9999.000,9999.000,9999.000,9999.000,9999.000,9999.000,9999.000
202605042224,   1.543,9999.000,9999.000,9999.000,9999.000,9999.000,9999.000,9999.000,9999.000
202605042230,   1.516,9999.000,9999.000,9999.000,9999.000,9999.000,9999.000,9999.000,9999.000
202605042236,   1.487,9999.000,9999.000,9999.000,9999.000,9999.000,9999.000,9999.000,9999.000
202605042242,   1.458,9999.000,9999.000,9999.000,9999.000,9999.000,9999.000,9999.000,9999.000
202605042248,   1.427,9999.000,9999.000,9999.000,9999.000,9999.000,9999.000,9999.000,9999.000
202605042254,   1.396,9999.000,9999.000,9999.000,9999.000,9999.000,9999.000,9999.000,9999.000
202605042300,   1.364,9999.000,   0.200,   0.009,   1.573,   0.100,   1.473,   0.200,   1.573
202605042306,   1.330,9999.000,9999.000,9999.000,9999.000,9999.000,9999.000,9999.000,9999.000
202605042312,   1.296,9999.000,9999.000,9999.000,9999.000,9999.000,9999.000,9999.000,9999.000
202605042318,   1.262,9999.000,9999.000,9999.000,9999.000,9999.000,9999.000,9999.000,9999.000
202605042324,   1.227,9999.000,9999.000,9999.000,9999.000,9999.000,9999.000,9999.000,9999.000
202605042330,   1.191,9999.000,9999.000,9999.000,9999.000,9999.000,9999.000,9999.000,9999.000
202605042336,   1.155,9999.000,9999.000,9999.000,9999.000,9999.000,9999.000,9999.000,9999.000
202605042342,   1.118,9999.000,9999.000,9999.000,9999.000,9999.000,9999.000,9999.000,9999.000
202605042348,   1.081,9999.000,9999.000,9999.000,9999.000,9999.000,9999.000,9999.000,9999.000
202605042354,   1.044,9999.000,9999.000,9999.000,9999.000,9999.000,9999.000,9999.000,9999.000
202605050000,   1.007,9999.000,   0.200,   0.009,   1.216,   0.100,   1.116,   0.300,   1.316
202605050006,   0.970,9999.000,9999.000,9999.000,9999.000,9999.000,9999.000,9999.000,9999.000
202605050012,   0.933,9999.000,9999.000,9999.000,9999.000,9999.000,9999.000,9999.000,9999.000
202605050018,   0.895,9999.000,9999.000,9999.000,9999.000,9999.000,9999.000,9999.000,9999.000
202605050024,   0.858,9999.000,9999.000,9999.000,9999.000,9999.000,9999.000,9999.000,9999.000
202605050030,   0.821,9999.000,9999.000,9999.000,9999.000,9999.000,9999.000,9999.000,9999.000
202605050036,   0.785,9999.000,9999.000,9999.000,9999.000,9999.000,9999.000,9999.000,9999.000
202605050042,   0.748,9999.000,9999.000,9999.000,9999.000,9999.000,9999.000,9999.000,9999.000
202605050048,   0.712,9999.000,9999.000,9999.000,9999.000,9999.000,9999.000,9999.000,9999.000
202605050054,   0.676,9999.000,9999.000,9999.000,9999.000,9999.000,9999.000,9999.000,9999.000
202605050100,   0.641,9999.000,   0.200,   0.009,   0.850,   0.100,   0.750,   0.300,   0.950
202605050106,   0.606,9999.000,9999.000,9999.000,9999.000,9999.000,9999.000,9999.000,9999.000
202605050112,   0.572,9999.000,9999.000,9999.000,9999.000,9999.000,9999.000,9999.000,9999.000
202605050118,   0.538,9999.000,9999.000,9999.000,9999.000,9999.000,9999.000,9999.000,9999.000
202605050124,   0.504,9999.000,9999.000,9999.000,9999.000,9999.000,9999.000,9999.000,9999.000
202605050130,   0.471,9999.000,9999.000,9999.000,9999.000,9999.000,9999.000,9999.000,9999.000
202605050136,   0.439,9999.000,9999.000,9999.000,9999.000,9999.000,9999.000,9999.000,9999.000
202605050142,   0.407,9999.000,9999.000,9999.000,9999.000,9999.000,9999.000,9999.000,9999.000
202605050148,   0.376,9999.000,9999.000,9999.000,9999.000,9999.000,9999.000,9999.000,9999.000
202605050154,   0.345,9999.000,9999.000,9999.000,9999.000,9999.000,9999.000,9999.000,9999.000
202605050200,   0.315,9999.000,   0.200,   0.009,   0.524,   0.100,   0.424,   0.300,   0.624
202605050206,   0.286,9999.000,9999.000,9999.000,9999.000,9999.000,9999.000,9999.000,9999.000
202605050212,   0.257,9999.000,9999.000,9999.000,9999.000,9999.000,9999.000,9999.000,9999.000
202605050218,   0.229,9999.000,9999.000,9999.000,9999.000,9999.000,9999.000,9999.000,9999.000
202605050224,   0.202,9999.000,9999.000,9999.000,9999.000,9999.000,9999.000,9999.000,9999.000
202605050230,   0.175,9999.000,9999.000,9999.000,9999.000,9999.000,9999.000,9999.000,9999.000
202605050236,   0.149,9999.000,9999.000,9999.000,9999.000,9999.000,9999.000,9999.000,9999.000
202605050242,   0.123,9999.000,9999.000,9999.000,9999.000,9999.000,9999.000,9999.000,9999.000
202605050248,   0.099,9999.000,9999.000,9999.000,9999.000,9999.000,9999.000,9999.000,9999.000
202605050254,   0.075,9999.000,9999.000,9999.000,9999.000,9999.000,9999.000,9999.000,9999.000
202605050300,   0.052,9999.000,   0.200,   0.009,   0.261,   0.100,   0.161,   0.300,   0.361
202605050306,   0.029,9999.000,9999.000,9999.000,9999.000,9999.000,9999.000,9999.000,9999.000
202605050312,   0.008,9999.000,9999.000,9999.000,9999.000,9999.000,9999.000,9999.000,9999.000
202605050318,  -0.012,9999.000,9999.000,9999.000,9999.000,9999.000,9999.000,9999.000,9999.000
202605050324,  -0.032,9999.000,9999.000,9999.000,9999.000,9999.000,9999.000,9999.000,9999.000
202605050330,  -0.051,9999.000,9999.000,9999.000,9999.000,9999.000,9999.000,9999.000,9999.000
202605050336,  -0.069,9999.000,9999.000,9999.000,9999.000,9999.000,9999.000,9999.000,9999.000
202605050342,  -0.087,9999.000,9999.000,9999.000,9999.000,9999.000,9999.000,9999.000,9999.000
202605050348,  -0.103,9999.000,9999.000,9999.000,9999.000,9999.000,9999.000,9999.000,9999.000
202605050354,  -0.118,9999.000,9999.000,9999.000,9999.000,9999.000,9999.000,9999.000,9999.000
202605050400,  -0.132,9999.000,   0.200,   0.009,   0.077,   0.100,  -0.023,   0.300,   0.177
202605050406,  -0.145,9999.000,9999.000,9999.000,9999.000,9999.000,9999.000,9999.000,9999.000
202605050412,  -0.157,9999.000,9999.000,9999.000,9999.000,9999.000,9999.000,9999.000,9999.000
202605050418,  -0.168,9999.000,9999.000,9999.000,9999.000,9999.000,9999.000,9999.000,9999.000
202605050424,  -0.178,9999.000,9999.000,9999.000,9999.000,9999.000,9999.000,9999.000,9999.000
202605050430,  -0.187,9999.000,9999.000,9999.000,9999.000,9999.000,9999.000,9999.000,9999.000
202605050436,  -0.194,9999.000,9999.000,9999.000,9999.000,9999.000,9999.000,9999.000,9999.000
202605050442,  -0.200,9999.000,9999.000,9999.000,9999.000,9999.000,9999.000,9999.000,9999.000
202605050448,  -0.205,9999.000,9999.000,9999.000,9999.000,9999.000,9999.000,9999.000,9999.000
202605050454,  -0.208,9999.000,9999.000,9999.000,9999.000,9999.000,9999.000,9999.000,9999.000
202605050500,  -0.211,9999.000,   0.200,   0.009,  -0.002,   0.200,  -0.002,   0.300,   0.098
202605050506,  -0.211,9999.000,9999.000,9999.000,9999.000,9999.000,9999.000,9999.000,9999.000
202605050512,  -0.211,9999.000,9999.000,9999.000,9999.000,9999.000,9999.000,9999.000,9999.000
202605050518,  -0.209,9999.000,9999.000,9999.000,9999.000,9999.000,9999.000,9999.000,9999.000
202605050524,  -0.205,9999.000,9999.000,9999.000,9999.000,9999.000,9999.000,9999.000,9999.000
202605050530,  -0.201,9999.000,9999.000,9999.000,9999.000,9999.000,9999.000,9999.000,9999.000
202605050536,  -0.195,9999.000,9999.000,9999.000,9999.000,9999.000,9999.000,9999.000,9999.000
202605050542,  -0.187,9999.000,9999.000,9999.000,9999.000,9999.000,9999.000,9999.000,9999.000
202605050548,  -0.178,9999.000,9999.000,9999.000,9999.000,9999.000,9999.000,9999.000,9999.000
202605050554,  -0.167,9999.000,9999.000,9999.000,9999.000,9999.000,9999.000,9999.000,9999.000
202605050600,  -0.155,9999.000,   0.200,   0.009,   0.054,   0.200,   0.054,   0.300,   0.154
202605050606,  -0.142,9999.000,9999.000,9999.000,9999.000,9999.000,9999.000,9999.000,9999.000
202605050612,  -0.127,9999.000,9999.000,9999.000,9999.000,9999.000,9999.000,9999.000,9999.000
202605050618,  -0.111,9999.000,9999.000,9999.000,9999.000,9999.000,9999.000,9999.000,9999.000
202605050624,  -0.094,9999.000,9999.000,9999.000,9999.000,9999.000,9999.000,9999.000,9999.000
202605050630,  -0.075,9999.000,9999.000,9999.000,9999.000,9999.000,9999.000,9999.000,9999.000
202605050636,  -0.055,9999.000,9999.000,9999.000,9999.000,9999.000,9999.000,9999.000,9999.000
202605050642,  -0.033,9999.000,9999.000,9999.000,9999.000,9999.000,9999.000,9999.000,9999.000
202605050648,  -0.010,9999.000,9999.000,9999.000,9999.000,9999.000,9999.000,9999.000,9999.000
202605050654,   0.013,9999.000,9999.000,9999.000,9999.000,9999.000,9999.000,9999.000,9999.000
202605050700,   0.038,9999.000,   0.300,   0.009,   0.347,   0.200,   0.247,   0.300,   0.347
202605050706,   0.065,9999.000,9999.000,9999.000,9999.000,9999.000,9999.000,9999.000,9999.000
202605050712,   0.092,9999.000,9999.000,9999.000,9999.000,9999.000,9999.000,9999.000,9999.000
202605050718,   0.121,9999.000,9999.000,9999.000,9999.000,9999.000,9999.000,9999.000,9999.000
202605050724,   0.151,9999.000,9999.000,9999.000,9999.000,9999.000,9999.000,9999.000,9999.000
202605050730,   0.182,9999.000,9999.000,9999.000,9999.000,9999.000,9999.000,9999.000,9999.000
202605050736,   0.213,9999.000,9999.000,9999.000,9999.000,9999.000,9999.000,9999.000,9999.000
202605050742,   0.246,9999.000,9999.000,9999.000,9999.000,9999.000,9999.000,9999.000,9999.000
202605050748,   0.279,9999.000,9999.000,9999.000,9999.000,9999.000,9999.000,9999.000,9999.000
202605050754,   0.313,9999.000,9999.000,9999.000,9999.000,9999.000,9999.000,9999.000,9999.000
202605050800,   0.348,9999.000,   0.300,   0.009,   0.657,   0.200,   0.557,   0.300,   0.657
202605050806,   0.384,9999.000,9999.000,9999.000,9999.000,9999.000,9999.000,9999.000,9999.000
202605050812,   0.420,9999.000,9999.000,9999.000,9999.000,9999.000,9999.000,9999.000,9999.000
202605050818,   0.456,9999.000,9999.000,9999.000,9999.000,9999.000,9999.000,9999.000,9999.000
202605050824,   0.493,9999.000,9999.000,9999.000,9999.000,9999.000,9999.000,9999.000,9999.000
202605050830,   0.530,9999.000,9999.000,9999.000,9999.000,9999.000,9999.000,9999.000,9999.000
202605050836,   0.567,9999.000,9999.000,9999.000,9999.000,9999.000,9999.000,9999.000,9999.000
202605050842,   0.605,9999.000,9999.000,9999.000,9999.000,9999.000,9999.000,9999.000,9999.000
202605050848,   0.642,9999.000,9999.000,9999.000,9999.000,9999.000,9999.000,9999.000,9999.000
202605050854,   0.680,9999.000,9999.000,9999.000,9999.000,9999.000,9999.000,9999.000,9999.000
202605050900,   0.717,9999.000,   0.300,   0.009,   1.026,   0.200,   0.926,   0.300,   1.026
202605050906,   0.754,9999.000,9999.000,9999.000,9999.000,9999.000,9999.000,9999.000,9999.000
202605050912,   0.791,9999.000,9999.000,9999.000,9999.000,9999.000,9999.000,9999.000,9999.000
202605050918,   0.828,9999.000,9999.000,9999.000,9999.000,9999.000,9999.000,9999.000,9999.000
202605050924,   0.864,9999.000,9999.000,9999.000,9999.000,9999.000,9999.000,9999.000,9999.000
202605050930,   0.899,9999.000,9999.000,9999.000,9999.000,9999.000,9999.000,9999.000,9999.000
202605050936,   0.934,9999.000,9999.000,9999.000,9999.000,9999.000,9999.000,9999.000,9999.000
202605050942,   0.968,9999.000,9999.000,9999.000,9999.000,9999.000,9999.000,9999.000,9999.000
202605050948,   1.001,9999.000,9999.000,9999.000,9999.000,9999.000,9999.000,9999.000,9999.000
202605050954,   1.034,9999.000,9999.000,9999.000,9999.000,9999.000,9999.000,9999.000,9999.000
202605051000,   1.065,9999.000,   0.300,   0.009,   1.374,   0.200,   1.274,   0.300,   1.374
202605051006,   1.096,9999.000,9999.000,9999.000,9999.000,9999.000,9999.000,9999.000,9999.000
202605051012,   1.125,9999.000,9999.000,9999.000,9999.000,9999.000,9999.000,9999.000,9999.000
202605051018,   1.154,9999.000,9999.000,9999.000,9999.000,9999.000,9999.000,9999.000,9999.000
202605051024,   1.182,9999.000,9999.000,9999.000,9999.000,9999.000,9999.000,9999.000,9999.000
202605051030,   1.208,9999.000,9999.000,9999.000,9999.000,9999.000,9999.000,9999.000,9999.000
202605051036,   1.233,9999.000,9999.000,9999.000,9999.000,9999.000,9999.000,9999.000,9999.000
202605051042,   1.257,9999.000,9999.000,9999.000,9999.000,9999.000,9999.000,9999.000,9999.000
202605051048,   1.280,9999.000,9999.000,9999.000,9999.000,9999.000,9999.000,9999.000,9999.000
202605051054,   1.302,9999.000,9999.000,9999.000,9999.000,9999.000,9999.000,9999.000,9999.000
202605051100,   1.322,9999.000,   0.300,   0.009,   1.631,   0.200,   1.531,   0.300,   1.631
202605051106,   1.342,9999.000,9999.000,9999.000,9999.000,9999.000,9999.000,9999.000,9999.000
202605051112,   1.360,9999.000,9999.000,9999.000,9999.000,9999.000,9999.000,9999.000,9999.000
202605051118,   1.377,9999.000,9999.000,9999.000,9999.000,9999.000,9999.000,9999.000,9999.000
202605051124,   1.393,9999.000,9999.000,9999.000,9999.000,9999.000,9999.000,9999.000,9999.000
202605051130,   1.407,9999.000,9999.000,9999.000,9999.000,9999.000,9999.000,9999.000,9999.000
202605051136,   1.421,9999.000,9999.000,9999.000,9999.000,9999.000,9999.000,9999.000,9999.000
202605051142,   1.434,9999.000,9999.000,9999.000,9999.000,9999.000,9999.000,9999.000,9999.000
202605051148,   1.445,9999.000,9999.000,9999.000,9999.000,9999.000,9999.000,9999.000,9999.000
202605051154,   1.455,9999.000,9999.000,9999.000,9999.000,9999.000,9999.000,9999.000,9999.000
202605051200,   1.465,9999.000,   0.300,   0.009,   1.774,   0.200,   1.674,   0.300,   1.774
202605051206,   1.473,9999.000,9999.000,9999.000,9999.000,9999.000,9999.000,9999.000,9999.000
202605051212,   1.481,9999.000,9999.000,9999.000,9999.000,9999.000,9999.000,9999.000,9999.000
202605051218,   1.487,9999.000,9999.000,9999.000,9999.000,9999.000,9999.000,9999.000,9999.000
202605051224,   1.493,9999.000,9999.000,9999.000,9999.000,9999.000,9999.000,9999.000,9999.000
202605051230,   1.498,9999.000,9999.000,9999.000,9999.000,9999.000,9999.000,9999.000,9999.000
202605051236,   1.502,9999.000,9999.000,9999.000,9999.000,9999.000,9999.000,9999.000,9999.000
202605051242,   1.506,9999.000,9999.000,9999.000,9999.000,9999.000,9999.000,9999.000,9999.000
202605051248,   1.508,9999.000,9999.000,9999.000,9999.000,9999.000,9999.000,9999.000,9999.000
202605051254,   1.510,9999.000,9999.000,9999.000,9999.000,9999.000,9999.000,9999.000,9999.000
202605051300,   1.511,9999.000,   0.300,   0.009,   1.820,   0.200,   1.720,   0.400,   1.920
202605051306,   1.512,9999.000,9999.000,9999.000,9999.000,9999.000,9999.000,9999.000,9999.000
202605051312,   1.512,9999.000,9999.000,9999.000,9999.000,9999.000,9999.000,9999.000,9999.000
202605051318,   1.511,9999.000,9999.000,9999.000,9999.000,9999.000,9999.000,9999.000,9999.000
202605051324,   1.510,9999.000,9999.000,9999.000,9999.000,9999.000,9999.000,9999.000,9999.000
202605051330,   1.508,9999.000,9999.000,9999.000,9999.000,9999.000,9999.000,9999.000,9999.000
202605051336,   1.506,9999.000,9999.000,9999.000,9999.000,9999.000,9999.000,9999.000,9999.000
202605051342,   1.503,9999.000,9999.000,9999.000,9999.000,9999.000,9999.000,9999.000,9999.000
202605051348,   1.500,9999.000,9999.000,9999.000,9999.000,9999.000,9999.000,9999.000,9999.000
202605051354,   1.497,9999.000,9999.000,9999.000,9999.000,9999.000,9999.000,9999.000,9999.000
202605051400,   1.493,9999.000,   0.300,   0.009,   1.802,   0.200,   1.702,   0.400,   1.902
202605051406,   1.488,9999.000,9999.000,9999.000,9999.000,9999.000,9999.000,9999.000,9999.000
202605051412,   1.484,9999.000,9999.000,9999.000,9999.000,9999.000,9999.000,9999.000,9999.000
202605051418,   1.479,9999.000,9999.000,9999.000,9999.000,9999.000,9999.000,9999.000,9999.000
202605051424,   1.473,9999.000,9999.000,9999.000,9999.000,9999.000,9999.000,9999.000,9999.000
202605051430,   1.468,9999.000,9999.000,9999.000,9999.000,9999.000,9999.000,9999.000,9999.000
202605051436,   1.462,9999.000,9999.000,9999.000,9999.000,9999.000,9999.000,9999.000,9999.000
202605051442,   1.456,9999.000,9999.000,9999.000,9999.000,9999.000,9999.000,9999.000,9999.000
202605051448,   1.450,9999.000,9999.000,9999.000,9999.000,9999.000,9999.000,9999.000,9999.000
202605051454,   1.444,9999.000,9999.000,9999.000,9999.000,9999.000,9999.000,9999.000,9999.000
202605051500,   1.438,9999.000,   0.300,   0.009,   1.747,   0.200,   1.647,   0.400,   1.847
202605051506,   1.432,9999.000,9999.000,9999.000,9999.000,9999.000,9999.000,9999.000,9999.000
202605051512,   1.426,9999.000,9999.000,9999.000,9999.000,9999.000,9999.000,9999.000,9999.000
202605051518,   1.420,9999.000,9999.000,9999.000,9999.000,9999.000,9999.000,9999.000,9999.000
202605051524,   1.414,9999.000,9999.000,9999.000,9999.000,9999.000,9999.000,9999.000,9999.000
202605051530,   1.408,9999.000,9999.000,9999.000,9999.000,9999.000,9999.000,9999.000,9999.000
202605051536,   1.403,9999.000,9999.000,9999.000,9999.000,9999.000,9999.000,9999.000,9999.000
202605051542,   1.398,9999.000,9999.000,9999.000,9999.000,9999.000,9999.000,9999.000,9999.000
202605051548,   1.393,9999.000,9999.000,9999.000,9999.000,9999.000,9999.000,9999.000,9999.000
202605051554,   1.389,9999.000,9999.000,9999.000,9999.000,9999.000,9999.000,9999.000,9999.000
202605051600,   1.386,9999.000,   0.300,   0.009,   1.695,   0.200,   1.595,   0.400,   1.795
202605051606,   1.382,9999.000,9999.000,9999.000,9999.000,9999.000,9999.000,9999.000,9999.000
202605051612,   1.380,9999.000,9999.000,9999.000,9999.000,9999.000,9999.000,9999.000,9999.000
202605051618,   1.378,9999.000,9999.000,9999.000,9999.000,9999.000,9999.000,9999.000,9999.000
202605051624,   1.376,9999.000,9999.000,9999.000,9999.000,9999.000,9999.000,9999.000,9999.000
202605051630,   1.375,9999.000,9999.000,9999.000,9999.000,9999.000,9999.000,9999.000,9999.000
202605051636,   1.375,9999.000,9999.000,9999.000,9999.000,9999.000,9999.000,9999.000,9999.000
202605051642,   1.376,9999.000,9999.000,9999.000,9999.000,9999.000,9999.000,9999.000,9999.000
202605051648,   1.377,9999.000,9999.000,9999.000,9999.000,9999.000,9999.000,9999.000,9999.000
202605051654,   1.379,9999.000,9999.000,9999.000,9999.000,9999.000,9999.000,9999.000,9999.000
202605051700,   1.382,9999.000,   0.300,   0.009,   1.691,   0.200,   1.591,   0.400,   1.791
202605051706,   1.385,9999.000,9999.000,9999.000,9999.000,9999.000,9999.000,9999.000,9999.000
202605051712,   1.389,9999.000,9999.000,9999.000,9999.000,9999.000,9999.000,9999.000,9999.000
202605051718,   1.394,9999.000,9999.000,9999.000,9999.000,9999.000,9999.000,9999.000,9999.000
202605051724,   1.400,9999.000,9999.000,9999.000,9999.000,9999.000,9999.000,9999.000,9999.000
202605051730,   1.406,9999.000,9999.000,9999.000,9999.000,9999.000,9999.000,9999.000,9999.000
202605051736,   1.413,9999.000,9999.000,9999.000,9999.000,9999.000,9999.000,9999.000,9999.000
202605051742,   1.421,9999.000,9999.000,9999.000,9999.000,9999.000,9999.000,9999.000,9999.000
202605051748,   1.430,9999.000,9999.000,9999.000,9999.000,9999.000,9999.000,9999.000,9999.000
202605051754,   1.439,9999.000,9999.000,9999.000,9999.000,9999.000,9999.000,9999.000,9999.000
202605051800,   1.448,9999.000,   0.400,   0.009,   1.857,   0.300,   1.757,   0.500,   1.957
