        TIME,    TIDE,      OB,   SURGE,    BIAS,     TWL,SURGE90p,  TWL90p,SURGE10p,   TWL10p
202607241200,   0.930,9999.000,   0.500,9999.000,   1.430,   0.400,   1.330,   0.500,   1.430
202607241206,   0.921,9999.000,9999.000,9999.000,9999.000,9999.000,9999.000,9999.000,9999.000
202607241212,   0.913,9999.000,9999.000,9999.000,9999.000,9999.000,9999.000,9999.000,9999.000
202607241218,   0.906,9999.000,9999.000,9999.000,9999.000,9999.000,9999.000,9999.000,9999.000
202607241224,   0.900,9999.000,9999.000,9999.000,9999.000,9999.000,9999.000,9999.000,9999.000
202607241230,   0.895,9999.000,9999.000,9999.000,9999.000,9999.000,9999.000,9999.000,9999.000
202607241236,   0.890,9999.000,9999.000,9999.000,9999.000,9999.000,9999.000,9999.000,9999.000
202607241242,   0.887,9999.000,9999.000,9999.000,9999.000,9999.000,9999.000,9999.000,9999.000
202607241248,   0.883,9999.000,9999.000,9999.000,9999.000,9999.000,9999.000,9999.000,9999.000
202607241254,   0.881,9999.000,9999.000,9999.000,9999.000,9999.000,9999.000,9999.000,9999.000
202607241300,   0.880,   1.489,   0.500,   0.109,   1.489,   0.400,   1.389,   0.500,   1.489
202607241306,   0.879,   1.489,9999.000,9999.000,9999.000,9999.000,9999.000,9999.000,9999.000
202607241312,   0.878,   1.489,9999.000,9999.000,9999.000,9999.000,9999.000,9999.000,9999.000
202607241318,   0.878,   1.479,9999.000,9999.000,9999.000,9999.000,9999.000,9999.000,9999.000
202607241324,   0.879,   1.469,9999.000,9999.000,9999.000,9999.000,9999.000,9999.000,9999.000
202607241330,   0.880,   1.489,9999.000,9999.000,9999.000,9999.000,9999.000,9999.000,9999.000
202607241336,   0.882,   1.479,9999.000,9999.000,9999.000,9999.000,9999.000,9999.000,9999.000
202607241342,   0.884,   1.489,9999.000,9999.000,9999.000,9999.000,9999.000,9999.000,9999.000
202607241348,   0.886,   1.479,9999.000,9999.000,9999.000,9999.000,9999.000,9999.000,9999.000
202607241354,   0.889,   1.479,9999.000,9999.000,9999.000,9999.000,9999.000,9999.000,9999.000
202607241400,   0.892,   1.459,   0.500,   0.067,   1.459,   0.400,   1.359,   0.500,   1.459
202607241406,   0.896,   1.469,9999.000,9999.000,9999.000,9999.000,9999.000,9999.000,9999.000
202607241412,   0.899,   1.479,9999.000,9999.000,9999.000,9999.000,9999.000,9999.000,9999.000
202607241418,   0.903,   1.469,9999.000,9999.000,9999.000,9999.000,9999.000,9999.000,9999.000
202607241424,   0.908,   1.469,9999.000,9999.000,9999.000,9999.000,9999.000,9999.000,9999.000
202607241430,   0.912,   1.469,9999.000,9999.000,9999.000,9999.000,9999.000,9999.000,9999.000
202607241436,   0.917,   1.469,9999.000,9999.000,9999.000,9999.000,9999.000,9999.000,9999.000
202607241442,   0.922,   1.469,9999.000,9999.000,9999.000,9999.000,9999.000,9999.000,9999.000
202607241448,   0.927,   1.469,9999.000,9999.000,9999.000,9999.000,9999.000,9999.000,9999.000
202607241454,   0.933,   1.489,9999.000,9999.000,9999.000,9999.000,9999.000,9999.000,9999.000
202607241500,   0.938,   1.489,   0.400,   0.151,   1.489,   0.400,   1.489,   0.500,   1.589
202607241506,   0.944,   1.479,9999.000,9999.000,9999.000,9999.000,9999.000,9999.000,9999.000
202607241512,   0.950,   1.498,9999.000,9999.000,9999.000,9999.000,9999.000,9999.000,9999.000
202607241518,   0.957,   1.518,9999.000,9999.000,9999.000,9999.000,9999.000,9999.000,9999.000
202607241524,   0.963,   1.508,9999.000,9999.000,9999.000,9999.000,9999.000,9999.000,9999.000
202607241530,   0.970,   1.508,9999.000,9999.000,9999.000,9999.000,9999.000,9999.000,9999.000
202607241536,   0.976,   1.508,9999.000,9999.000,9999.000,9999.000,9999.000,9999.000,9999.000
202607241542,   0.983,   1.508,9999.000,9999.000,9999.000,9999.000,9999.000,9999.000,9999.000
202607241548,   0.990,   1.489,9999.000,9999.000,9999.000,9999.000,9999.000,9999.000,9999.000
202607241554,   0.997,   1.508,9999.000,9999.000,9999.000,9999.000,9999.000,9999.000,9999.000
202607241600,   1.004,   1.508,   0.400,   0.104,   1.508,   0.400,   1.508,   0.500,   1.608
202607241606,   1.011,   1.518,9999.000,9999.000,9999.000,9999.000,9999.000,9999.000,9999.000
202607241612,   1.018,   1.528,9999.000,9999.000,9999.000,9999.000,9999.000,9999.000,9999.000
202607241618,   1.024,   1.518,9999.000,9999.000,9999.000,9999.000,9999.000,9999.000,9999.000
202607241624,   1.031,   1.538,9999.000,9999.000,9999.000,9999.000,9999.000,9999.000,9999.000
202607241630,   1.037,   1.538,9999.000,9999.000,9999.000,9999.000,9999.000,9999.000,9999.000
202607241636,   1.043,   1.538,9999.000,9999.000,9999.000,9999.000,9999.000,9999.000,9999.000
202607241642,   1.049,   1.548,9999.000,9999.000,9999.000,9999.000,9999.000,9999.000,9999.000
202607241648,   1.054,   1.571,9999.000,9999.000,9999.000,9999.000,9999.000,9999.000,9999.000
202607241654,   1.059,   1.548,9999.000,9999.000,9999.000,9999.000,9999.000,9999.000,9999.000
202607241700,   1.063,   1.548,   0.400,   0.085,   1.548,   0.400,   1.548,   0.500,   1.648
202607241706,   1.066,   1.548,9999.000,9999.000,9999.000,9999.000,9999.000,9999.000,9999.000
202607241712,   1.069,   1.548,9999.000,9999.000,9999.000,9999.000,9999.000,9999.000,9999.000
202607241718,   1.072,   1.557,9999.000,9999.000,9999.000,9999.000,9999.000,9999.000,9999.000
202607241724,   1.073,   1.571,9999.000,9999.000,9999.000,9999.000,9999.000,9999.000,9999.000
202607241730,   1.074,   1.548,9999.000,9999.000,9999.000,9999.000,9999.000,9999.000,9999.000
202607241736,   1.074,   1.557,9999.000,9999.000,9999.000,9999.000,9999.000,9999.000,9999.000
202607241742,   1.073,   1.548,9999.000,9999.000,9999.000,9999.000,9999.000,9999.000,9999.000
202607241748,   1.071,   1.538,9999.000,9999.000,9999.000,9999.000,9999.000,9999.000,9999.000
202607241754,   1.069,   1.528,9999.000,9999.000,9999.000,9999.000,9999.000,9999.000,9999.000
202607241800,   1.065,   1.518,   0.500,  -0.047,   1.518,   0.400,   1.418,   0.600,   1.618
202607241806,   1.061,   1.489,9999.000,9999.000,9999.000,9999.000,9999.000,9999.000,9999.000
202607241812,   1.055,   1.508,9999.000,9999.000,9999.000,9999.000,9999.000,9999.000,9999.000
202607241818,   1.049,   1.498,9999.000,9999.000,9999.000,9999.000,9999.000,9999.000,9999.000
202607241824,   1.042,   1.479,9999.000,9999.000,9999.000,9999.000,9999.000,9999.000,9999.000
202607241830,   1.034,   1.479,9999.000,9999.000,9999.000,9999.000,9999.000,9999.000,9999.000
202607241836,   1.026,   1.459,9999.000,9999.000,9999.000,9999.000,9999.000,9999.000,9999.000
202607241842,   1.016,   1.430,9999.000,9999.000,9999.000,9999.000,9999.000,9999.000,9999.000
202607241848,   1.006,   1.420,9999.000,9999.000,9999.000,9999.000,9999.000,9999.000,9999.000
202607241854,   0.995,   1.400,9999.000,9999.000,9999.000,9999.000,9999.000,9999.000,9999.000
202607241900,   0.983,   1.400,   0.500,  -0.083,   1.400,   0.400,   1.300,   0.600,   1.500
202607241906,   0.971,   1.400,9999.000,9999.000,9999.000,9999.000,9999.000,9999.000,9999.000
202607241912,   0.958,   1.410,9999.000,9999.000,9999.000,9999.000,9999.000,9999.000,9999.000
202607241918,   0.945,   1.380,9999.000,9999.000,9999.000,9999.000,9999.000,9999.000,9999.000
202607241924,   0.931,   1.380,9999.000,9999.000,9999.000,9999.000,9999.000,9999.000,9999.000
202607241930,   0.917,   1.348,9999.000,9999.000,9999.000,9999.000,9999.000,9999.000,9999.000
202607241936,   0.902,   1.318,9999.000,9999.000,9999.000,9999.000,9999.000,9999.000,9999.000
202607241942,   0.887,   1.318,9999.000,9999.000,9999.000,9999.000,9999.000,9999.000,9999.000
202607241948,   0.872,   1.298,9999.000,9999.000,9999.000,9999.000,9999.000,9999.000,9999.000
202607241954,   0.857,   1.269,9999.000,9999.000,9999.000,9999.000,9999.000,9999.000,9999.000
202607242000,   0.841,   1.259,   0.500,  -0.082,   1.259,   0.400,   1.159,   0.600,   1.359
202607242006,   0.825,   1.239,9999.000,9999.000,9999.000,9999.000,9999.000,9999.000,9999.000
202607242012,   0.809,   1.229,9999.000,9999.000,9999.000,9999.000,9999.000,9999.000,9999.000
202607242018,   0.793,   1.200,9999.000,9999.000,9999.000,9999.000,9999.000,9999.000,9999.000
202607242024,   0.777,   1.180,9999.000,9999.000,9999.000,9999.000,9999.000,9999.000,9999.000
202607242030,   0.761,   1.170,9999.000,9999.000,9999.000,9999.000,9999.000,9999.000,9999.000
202607242036,   0.745,   1.170,9999.000,9999.000,9999.000,9999.000,9999.000,9999.000,9999.000
202607242042,   0.729,   1.138,9999.000,9999.000,9999.000,9999.000,9999.000,9999.000,9999.000
202607242048,   0.713,   1.138,9999.000,9999.000,9999.000,9999.000,9999.000,9999.000,9999.000
202607242054,   0.697,   1.108,9999.000,9999.000,9999.000,9999.000,9999.000,9999.000,9999.000
202607242100,   0.681,   1.098,   0.500,  -0.083,   1.098,   0.400,   0.998,   0.600,   1.198
202607242106,   0.665,   1.059,9999.000,9999.000,9999.000,9999.000,9999.000,9999.000,9999.000
202607242112,   0.649,   1.059,9999.000,9999.000,9999.000,9999.000,9999.000,9999.000,9999.000
202607242118,   0.633,   1.059,9999.000,9999.000,9999.000,9999.000,9999.000,9999.000,9999.000
202607242124,   0.617,   1.039,9999.000,9999.000,9999.000,9999.000,9999.000,9999.000,9999.000
202607242130,   0.602,   1.020,9999.000,9999.000,9999.000,9999.000,9999.000,9999.000,9999.000
202607242136,   0.586,   1.020,9999.000,9999.000,9999.000,9999.000,9999.000,9999.000,9999.000
202607242142,   0.571,   0.990,9999.000,9999.000,9999.000,9999.000,9999.000,9999.000,9999.000
202607242148,   0.556,   0.970,9999.000,9999.000,9999.000,9999.000,9999.000,9999.000,9999.000
202607242154,   0.541,   0.951,9999.000,9999.000,9999.000,9999.000,9999.000,9999.000,9999.000
202607242200,   0.527,   0.928,   0.500,  -0.099,   0.928,   0.400,   0.828,   0.600,   1.028
202607242206,   0.513,   0.918,9999.000,9999.000,9999.000,9999.000,9999.000,9999.000,9999.000
202607242212,   0.499,   0.879,9999.000,9999.000,9999.000,9999.000,9999.000,9999.000,9999.000
202607242218,   0.485,   0.869,9999.000,9999.000,9999.000,9999.000,9999.000,9999.000,9999.000
202607242224,   0.472,   0.879,9999.000,9999.000,9999.000,9999.000,9999.000,9999.000,9999.000
202607242230,   0.460,   0.839,9999.000,9999.000,9999.000,9999.000,9999.000,9999.000,9999.000
202607242236,   0.448,   0.819,9999.000,9999.000,9999.000,9999.000,9999.000,9999.000,9999.000
202607242242,   0.436,   0.829,9999.000,9999.000,9999.000,9999.000,9999.000,9999.000,9999.000
202607242248,   0.426,   0.810,9999.000,9999.000,9999.000,9999.000,9999.000,9999.000,9999.000
202607242254,   0.416,   0.790,9999.000,9999.000,9999.000,9999.000,9999.000,9999.000,9999.000
202607242300,   0.407,   0.780,   0.500,  -0.127,   0.780,   0.400,   0.680,   0.600,   0.880
202607242306,   0.399,   0.751,9999.000,9999.000,9999.000,9999.000,9999.000,9999.000,9999.000
202607242312,   0.392,   0.770,9999.000,9999.000,9999.000,9999.000,9999.000,9999.000,9999.000
202607242318,   0.385,   0.760,9999.000,9999.000,9999.000,9999.000,9999.000,9999.000,9999.000
202607242324,   0.380,   0.741,9999.000,9999.000,9999.000,9999.000,9999.000,9999.000,9999.000
202607242330,   0.376,   0.760,9999.000,9999.000,9999.000,9999.000,9999.000,9999.000,9999.000
202607242336,   0.374,   0.731,9999.000,9999.000,9999.000,9999.000,9999.000,9999.000,9999.000
202607242342,   0.372,   0.731,9999.000,9999.000,9999.000,9999.000,9999.000,9999.000,9999.000
202607242348,   0.372,   0.718,9999.000,9999.000,9999.000,9999.000,9999.000,9999.000,9999.000
202607242354,   0.372,   0.741,9999.000,9999.000,9999.000,9999.000,9999.000,9999.000,9999.000
202607250000,   0.375,   0.731,   0.600,  -0.244,   0.731,   0.500,   0.631,   0.600,   0.731
202607250006,   0.378,   0.731,9999.000,9999.000,9999.000,9999.000,9999.000,9999.000,9999.000
202607250012,   0.383,   0.760,9999.000,9999.000,9999.000,9999.000,9999.000,9999.000,9999.000
202607250018,   0.389,   0.770,9999.000,9999.000,9999.000,9999.000,9999.000,9999.000,9999.000
202607250024,   0.397,   0.760,9999.000,9999.000,9999.000,9999.000,9999.000,9999.000,9999.000
202607250030,   0.406,   0.751,9999.000,9999.000,9999.000,9999.000,9999.000,9999.000,9999.000
202607250036,   0.416,   0.770,9999.000,9999.000,9999.000,9999.000,9999.000,9999.000,9999.000
202607250042,   0.428,   0.800,9999.000,9999.000,9999.000,9999.000,9999.000,9999.000,9999.000
202607250048,   0.440,   0.819,9999.000,9999.000,9999.000,9999.000,9999.000,9999.000,9999.000
202607250054,   0.454,   0.790,9999.000,9999.000,9999.000,9999.000,9999.000,9999.000,9999.000
202607250100,   0.469,   0.810,   0.600,  -0.259,   0.810,   0.500,   0.710,   0.600,   0.810
202607250106,   0.485,   0.839,9999.000,9999.000,9999.000,9999.000,9999.000,9999.000,9999.000
202607250112,   0.502,   0.879,9999.000,9999.000,9999.000,9999.000,9999.000,9999.000,9999.000
202607250118,   0.520,   0.918,9999.000,9999.000,9999.000,9999.000,9999.000,9999.000,9999.000
202607250124,   0.539,   0.928,9999.000,9999.000,9999.000,9999.000,9999.000,9999.000,9999.000
202607250130,   0.559,   0.928,9999.000,9999.000,9999.000,9999.000,9999.000,9999.000,9999.000
202607250136,   0.580,   0.961,9999.000,9999.000,9999.000,9999.000,9999.000,9999.000,9999.000
202607250142,   0.601,   0.990,9999.000,9999.000,9999.000,9999.000,9999.000,9999.000,9999.000
202607250148,   0.623,   1.010,9999.000,9999.000,9999.000,9999.000,9999.000,9999.000,9999.000
202607250154,   0.646,   1.039,9999.000,9999.000,9999.000,9999.000,9999.000,9999.000,9999.000
202607250200,   0.669,   1.049,   0.600,  -0.220,   1.049,   0.500,   0.949,   0.600,   1.049
202607250206,   0.692,   1.088,9999.000,9999.000,9999.000,9999.000,9999.000,9999.000,9999.000
202607250212,   0.716,   1.118,9999.000,9999.000,9999.000,9999.000,9999.000,9999.000,9999.000
202607250218,   0.741,   1.138,9999.000,9999.000,9999.000,9999.000,9999.000,9999.000,9999.000
202607250224,   0.765,   1.161,9999.000,9999.000,9999.000,9999.000,9999.000,9999.000,9999.000
202607250230,   0.790,   1.190,9999.000,9999.000,9999.000,9999.000,9999.000,9999.000,9999.000
202607250236,   0.815,   1.239,9999.000,9999.000,9999.000,9999.000,9999.000,9999.000,9999.000
202607250242,   0.841,   1.289,9999.000,9999.000,9999.000,9999.000,9999.000,9999.000,9999.000
202607250248,   0.866,   1.279,9999.000,9999.000,9999.000,9999.000,9999.000,9999.000,9999.000
202607250254,   0.892,   1.308,9999.000,9999.000,9999.000,9999.000,9999.000,9999.000,9999.000
202607250300,   0.918,   1.348,   0.600,  -0.170,   1.348,   0.500,   1.248,   0.600,   1.348
202607250306,   0.943,   1.361,9999.000,9999.000,9999.000,9999.000,9999.000,9999.000,9999.000
202607250312,   0.969,   1.400,9999.000,9999.000,9999.000,9999.000,9999.000,9999.000,9999.000
202607250318,   0.995,   1.420,9999.000,9999.000,9999.000,9999.000,9999.000,9999.000,9999.000
202607250324,   1.021,   1.449,9999.000,9999.000,9999.000,9999.000,9999.000,9999.000,9999.000
202607250330,   1.047,   1.489,9999.000,9999.000,9999.000,9999.000,9999.000,9999.000,9999.000
202607250336,   1.073,   1.508,9999.000,9999.000,9999.000,9999.000,9999.000,9999.000,9999.000
202607250342,   1.099,   1.528,9999.000,9999.000,9999.000,9999.000,9999.000,9999.000,9999.000
202607250348,   1.124,   1.571,9999.000,9999.000,9999.000,9999.000,9999.000,9999.000,9999.000
202607250354,   1.150,   1.580,9999.000,9999.000,9999.000,9999.000,9999.000,9999.000,9999.000
202607250400,   1.175,   1.620,   0.600,  -0.155,   1.620,   0.600,   1.620,   0.600,   1.620
202607250406,   1.201,   1.649,9999.000,9999.000,9999.000,9999.000,9999.000,9999.000,9999.000
202607250412,   1.226,   1.679,9999.000,9999.000,9999.000,9999.000,9999.000,9999.000,9999.000
202607250418,   1.251,   1.699,9999.000,9999.000,9999.000,9999.000,9999.000,9999.000,9999.000
202607250424,   1.275,   1.718,9999.000,9999.000,9999.000,9999.000,9999.000,9999.000,9999.000
202607250430,   1.299,   1.758,9999.000,9999.000,9999.000,9999.000,9999.000,9999.000,9999.000
202607250436,   1.323,   1.781,9999.000,9999.000,9999.000,9999.000,9999.000,9999.000,9999.000
202607250442,   1.347,   1.800,9999.000,9999.000,9999.000,9999.000,9999.000,9999.000,9999.000
202607250448,   1.370,   1.820,9999.000,9999.000,9999.000,9999.000,9999.000,9999.000,9999.000
202607250454,   1.392,   1.840,9999.000,9999.000,9999.000,9999.000,9999.000,9999.000,9999.000
202607250500,   1.414,   1.849,   0.600,  -0.165,   1.849,   0.600,   1.849,   0.600,   1.849
202607250506,   1.436,   1.869,9999.000,9999.000,9999.000,9999.000,9999.000,9999.000,9999.000
202607250512,   1.456,   1.889,9999.000,9999.000,9999.000,9999.000,9999.000,9999.000,9999.000
202607250518,   1.476,   1.908,9999.000,9999.000,9999.000,9999.000,9999.000,9999.000,9999.000
202607250524,   1.495,   1.948,9999.000,9999.000,9999.000,9999.000,9999.000,9999.000,9999.000
202607250530,   1.514,   1.958,9999.000,9999.000,9999.000,9999.000,9999.000,9999.000,9999.000
202607250536,   1.531,   2.000,9999.000,9999.000,9999.000,9999.000,9999.000,9999.000,9999.000
202607250542,   1.548,   2.010,9999.000,9999.000,9999.000,9999.000,9999.000,9999.000,9999.000
202607250548,   1.563,   2.030,9999.000,9999.000,9999.000,9999.000,9999.000,9999.000,9999.000
202607250554,   1.577,   2.040,9999.000,9999.000,9999.000,9999.000,9999.000,9999.000,9999.000
202607250600,   1.591,   2.049,   0.600,  -0.142,   2.049,   0.600,   2.049,   0.600,   2.049
202607250606,   1.603,   2.089,9999.000,9999.000,9999.000,9999.000,9999.000,9999.000,9999.000
202607250612,   1.614,   2.099,9999.000,9999.000,9999.000,9999.000,9999.000,9999.000,9999.000
202607250618,   1.625,   2.109,9999.000,9999.000,9999.000,9999.000,9999.000,9999.000,9999.000
202607250624,   1.634,   2.118,9999.000,9999.000,9999.000,9999.000,9999.000,9999.000,9999.000
202607250630,   1.641,   2.148,9999.000,9999.000,9999.000,9999.000,9999.000,9999.000,9999.000
202607250636,   1.648,   2.128,9999.000,9999.000,9999.000,9999.000,9999.000,9999.000,9999.000
202607250642,   1.654,   2.128,9999.000,9999.000,9999.000,9999.000,9999.000,9999.000,9999.000
202607250648,   1.658,   2.138,9999.000,9999.000,9999.000,9999.000,9999.000,9999.000,9999.000
202607250654,   1.662,   2.148,9999.000,9999.000,9999.000,9999.000,9999.000,9999.000,9999.000
202607250700,   1.664,   2.158,   0.600,  -0.106,   2.158,   0.600,   2.158,   0.600,   2.158
202607250706,   1.665,   2.158,9999.000,9999.000,9999.000,9999.000,9999.000,9999.000,9999.000
202607250712,   1.666,   2.158,9999.000,9999.000,9999.000,9999.000,9999.000,9999.000,9999.000
202607250718,   1.665,   2.177,9999.000,9999.000,9999.000,9999.000,9999.000,9999.000,9999.000
202607250724,   1.663,   2.177,9999.000,9999.000,9999.000,9999.000,9999.000,9999.000,9999.000
202607250730,   1.661,   2.168,9999.000,9999.000,9999.000,9999.000,9999.000,9999.000,9999.000
202607250736,   1.658,   2.168,9999.000,9999.000,9999.000,9999.000,9999.000,9999.000,9999.000
202607250742,   1.653,   2.168,9999.000,9999.000,9999.000,9999.000,9999.000,9999.000,9999.000
202607250748,   1.649,   2.168,9999.000,9999.000,9999.000,9999.000,9999.000,9999.000,9999.000
202607250754,   1.643,   2.158,9999.000,9999.000,9999.000,9999.000,9999.000,9999.000,9999.000
202607250800,   1.637,   2.138,   0.600,  -0.099,   2.138,   0.600,   2.138,   0.600,   2.138
202607250806,   1.630,   2.148,9999.000,9999.000,9999.000,9999.000,9999.000,9999.000,9999.000
202607250812,   1.622,   2.148,9999.000,9999.000,9999.000,9999.000,9999.000,9999.000,9999.000
202607250818,   1.614,   2.128,9999.000,9999.000,9999.000,9999.000,9999.000,9999.000,9999.000
202607250824,   1.605,   2.128,9999.000,9999.000,9999.000,9999.000,9999.000,9999.000,9999.000
202607250830,   1.596,   2.118,9999.000,9999.000,9999.000,9999.000,9999.000,9999.000,9999.000
202607250836,   1.586,   2.109,9999.000,9999.000,9999.000,9999.000,9999.000,9999.000,9999.000
202607250842,   1.576,   2.118,9999.000,9999.000,9999.000,9999.000,9999.000,9999.000,9999.000
202607250848,   1.565,   2.099,9999.000,9999.000,9999.000,9999.000,9999.000,9999.000,9999.000
202607250854,   1.554,   2.089,9999.000,9999.000,9999.000,9999.000,9999.000,9999.000,9999.000
202607250900,   1.542,   2.069,   0.600,  -0.073,   2.069,   0.600,   2.069,   0.700,   2.169
202607250906,   1.530,   2.059,9999.000,9999.000,9999.000,9999.000,9999.000,9999.000,9999.000
202607250912,   1.517,   2.049,9999.000,9999.000,9999.000,9999.000,9999.000,9999.000,9999.000
202607250918,   1.504,   2.020,9999.000,9999.000,9999.000,9999.000,9999.000,9999.000,9999.000
202607250924,   1.490,   2.020,9999.000,9999.000,9999.000,9999.000,9999.000,9999.000,9999.000
202607250930,   1.476,   2.020,9999.000,9999.000,9999.000,9999.000,9999.000,9999.000,9999.000
202607250936,   1.462,   2.010,9999.000,9999.000,9999.000,9999.000,9999.000,9999.000,9999.000
202607250942,   1.447,   1.981,9999.000,9999.000,9999.000,9999.000,9999.000,9999.000,9999.000
202607250948,   1.431,   1.981,9999.000,9999.000,9999.000,9999.000,9999.000,9999.000,9999.000
202607250954,   1.415,   1.958,9999.000,9999.000,9999.000,9999.000,9999.000,9999.000,9999.000
202607251000,   1.399,   1.938,   0.600,  -0.061,   1.938,   0.600,   1.938,   0.700,   2.038
202607251006,   1.382,   1.918,9999.000,9999.000,9999.000,9999.000,9999.000,9999.000,9999.000
202607251012,   1.364,   1.889,9999.000,9999.000,9999.000,9999.000,9999.000,9999.000,9999.000
202607251018,   1.346,   1.869,9999.000,9999.000,9999.000,9999.000,9999.000,9999.000,9999.000
202607251024,   1.328,   1.859,9999.000,9999.000,9999.000,9999.000,9999.000,9999.000,9999.000
202607251030,   1.310,   1.840,9999.000,9999.000,9999.000,9999.000,9999.000,9999.000,9999.000
202607251036,   1.291,   1.810,9999.000,9999.000,9999.000,9999.000,9999.000,9999.000,9999.000
202607251042,   1.272,   1.790,9999.000,9999.000,9999.000,9999.000,9999.000,9999.000,9999.000
202607251048,   1.252,   1.781,9999.000,9999.000,9999.000,9999.000,9999.000,9999.000,9999.000
202607251054,   1.233,   1.767,9999.000,9999.000,9999.000,9999.000,9999.000,9999.000,9999.000
202607251100,   1.213,   1.767,   0.600,  -0.046,   1.767,   0.600,   1.767,   0.700,   1.867
202607251106,   1.193,   1.748,9999.000,9999.000,9999.000,9999.000,9999.000,9999.000,9999.000
202607251112,   1.174,   1.738,9999.000,9999.000,9999.000,9999.000,9999.000,9999.000,9999.000
202607251118,   1.154,   1.718,9999.000,9999.000,9999.000,9999.000,9999.000,9999.000,9999.000
202607251124,   1.134,   1.708,9999.000,9999.000,9999.000,9999.000,9999.000,9999.000,9999.000
202607251130,   1.115,   1.679,9999.000,9999.000,9999.000,9999.000,9999.000,9999.000,9999.000
202607251136,   1.096,   1.659,9999.000,9999.000,9999.000,9999.000,9999.000,9999.000,9999.000
202607251142,   1.077,   1.649,9999.000,9999.000,9999.000,9999.000,9999.000,9999.000,9999.000
202607251148,   1.059,   1.639,9999.000,9999.000,9999.000,9999.000,9999.000,9999.000,9999.000
202607251154,   1.041,   1.620,9999.000,9999.000,9999.000,9999.000,9999.000,9999.000,9999.000
202607251200,   1.024,   1.600,   0.600,  -0.024,   1.600,   0.600,   1.600,   0.700,   1.700
202607251206,   1.007,   1.590,9999.000,9999.000,9999.000,9999.000,9999.000,9999.000,9999.000
202607251212,   0.991,   1.580,9999.000,9999.000,9999.000,9999.000,9999.000,9999.000,9999.000
202607251218,   0.976,   1.571,9999.000,9999.000,9999.000,9999.000,9999.000,9999.000,9999.000
202607251224,   0.961,   1.538,9999.000,9999.000,9999.000,9999.000,9999.000,9999.000,9999.000
202607251230,   0.948,   1.518,9999.000,9999.000,9999.000,9999.000,9999.000,9999.000,9999.000
202607251236,   0.935,   1.508,9999.000,9999.000,9999.000,9999.000,9999.000,9999.000,9999.000
202607251242,   0.923,   1.518,9999.000,9999.000,9999.000,9999.000,9999.000,9999.000,9999.000
202607251248,   0.911,   1.518,9999.000,9999.000,9999.000,9999.000,9999.000,9999.000,9999.000
202607251254,   0.901,   1.508,9999.000,9999.000,9999.000,9999.000,9999.000,9999.000,9999.000
202607251300,   0.892,   1.489,   0.600,  -0.003,   1.489,   0.600,   1.489,   0.700,   1.589
202607251306,   0.883,   1.498,9999.000,9999.000,9999.000,9999.000,9999.000,9999.000,9999.000
202607251312,   0.875,   1.489,9999.000,9999.000,9999.000,9999.000,9999.000,9999.000,9999.000
202607251318,   0.869,   1.489,9999.000,9999.000,9999.000,9999.000,9999.000,9999.000,9999.000
202607251324,   0.863,   1.479,9999.000,9999.000,9999.000,9999.000,9999.000,9999.000,9999.000
202607251330,   0.857,   1.469,9999.000,9999.000,9999.000,9999.000,9999.000,9999.000,9999.000
202607251336,   0.853,   1.489,9999.000,9999.000,9999.000,9999.000,9999.000,9999.000,9999.000
202607251342,   0.849,   1.489,9999.000,9999.000,9999.000,9999.000,9999.000,9999.000,9999.000
202607251348,   0.847,   1.489,9999.000,9999.000,9999.000,9999.000,9999.000,9999.000,9999.000
202607251354,   0.844,   1.489,9999.000,9999.000,9999.000,9999.000,9999.000,9999.000,9999.000
202607251400,   0.843,   1.479,   0.600,   0.036,   1.479,   0.600,   1.479,   0.700,   1.579
202607251406,   0.842,   1.489,9999.000,9999.000,9999.000,9999.000,9999.000,9999.000,9999.000
202607251412,   0.842,   1.489,9999.000,9999.000,9999.000,9999.000,9999.000,9999.000,9999.000
202607251418,   0.842,   1.479,9999.000,9999.000,9999.000,9999.000,9999.000,9999.000,9999.000
202607251424,   0.843,   1.479,9999.000,9999.000,9999.000,9999.000,9999.000,9999.000,9999.000
202607251430,   0.844,   1.479,9999.000,9999.000,9999.000,9999.000,9999.000,9999.000,9999.000
202607251436,   0.846,   1.469,9999.000,9999.000,9999.000,9999.000,9999.000,9999.000,9999.000
202607251442,   0.848,   1.479,9999.000,9999.000,9999.000,9999.000,9999.000,9999.000,9999.000
202607251448,   0.850,   1.498,9999.000,9999.000,9999.000,9999.000,9999.000,9999.000,9999.000
202607251454,   0.853,   1.479,9999.000,9999.000,9999.000,9999.000,9999.000,9999.000,9999.000
202607251500,   0.857,   1.508,   0.600,   0.051,   1.508,   0.600,   1.508,   0.700,   1.608
202607251506,   0.860,   1.528,9999.000,9999.000,9999.000,9999.000,9999.000,9999.000,9999.000
202607251512,   0.864,   1.518,9999.000,9999.000,9999.000,9999.000,9999.000,9999.000,9999.000
202607251518,   0.869,   1.528,9999.000,9999.000,9999.000,9999.000,9999.000,9999.000,9999.000
202607251524,   0.873,   1.518,9999.000,9999.000,9999.000,9999.000,9999.000,9999.000,9999.000
202607251530,   0.878,   1.528,9999.000,9999.000,9999.000,9999.000,9999.000,9999.000,9999.000
202607251536,   0.884,   1.538,9999.000,9999.000,9999.000,9999.000,9999.000,9999.000,9999.000
202607251542,   0.889,   1.548,9999.000,9999.000,9999.000,9999.000,9999.000,9999.000,9999.000
202607251548,   0.895,   1.557,9999.000,9999.000,9999.000,9999.000,9999.000,9999.000,9999.000
202607251554,   0.901,   1.571,9999.000,9999.000,9999.000,9999.000,9999.000,9999.000,9999.000
202607251600,   0.907,   1.557,   0.600,   0.050,   1.557,   0.600,   1.557,   0.700,   1.657
202607251606,   0.914,   1.590,9999.000,9999.000,9999.000,9999.000,9999.000,9999.000,9999.000
202607251612,   0.921,   1.590,9999.000,9999.000,9999.000,9999.000,9999.000,9999.000,9999.000
202607251618,   0.928,   1.590,9999.000,9999.000,9999.000,9999.000,9999.000,9999.000,9999.000
202607251624,   0.935,   1.610,9999.000,9999.000,9999.000,9999.000,9999.000,9999.000,9999.000
202607251630,   0.942,   1.620,9999.000,9999.000,9999.000,9999.000,9999.000,9999.000,9999.000
202607251636,   0.950,   1.639,9999.000,9999.000,9999.000,9999.000,9999.000,9999.000,9999.000
202607251642,   0.957,   1.639,9999.000,9999.000,9999.000,9999.000,9999.000,9999.000,9999.000
202607251648,   0.965,   1.639,9999.000,9999.000,9999.000,9999.000,9999.000,9999.000,9999.000
202607251654,   0.972,   1.649,9999.000,9999.000,9999.000,9999.000,9999.000,9999.000,9999.000
202607251700,   0.980,   1.639,   0.600,   0.059,   1.639,   0.600,   1.639,   0.700,   1.739
202607251706,   0.988,   1.649,9999.000,9999.000,9999.000,9999.000,9999.000,9999.000,9999.000
202607251712,   0.995,   1.669,9999.000,9999.000,9999.000,9999.000,9999.000,9999.000,9999.000
202607251718,   1.002,   1.639,9999.000,9999.000,9999.000,9999.000,9999.000,9999.000,9999.000
202607251724,   1.009,   1.659,9999.000,9999.000,9999.000,9999.000,9999.000,9999.000,9999.000
202607251730,   1.016,   1.649,9999.000,9999.000,9999.000,9999.000,9999.000,9999.000,9999.000
202607251736,   1.022,   1.649,9999.000,9999.000,9999.000,9999.000,9999.000,9999.000,9999.000
202607251742,   1.028,   1.669,9999.000,9999.000,9999.000,9999.000,9999.000,9999.000,9999.000
202607251748,   1.034,   1.679,9999.000,9999.000,9999.000,9999.000,9999.000,9999.000,9999.000
202607251754,   1.039,   1.689,9999.000,9999.000,9999.000,9999.000,9999.000,9999.000,9999.000
202607251800,   1.043,   1.689,   0.600,   0.046,   1.689,   0.600,   1.689,   0.700,   1.789
202607251806,   1.047,   1.689,9999.000,9999.000,9999.000,9999.000,9999.000,9999.000,9999.000
202607251812,   1.049,   1.669,9999.000,9999.000,9999.000,9999.000,9999.000,9999.000,9999.000
202607251818,   1.052,   1.669,9999.000,9999.000,9999.000,9999.000,9999.000,9999.000,9999.000
202607251824,   1.053,   1.679,9999.000,9999.000,9999.000,9999.000,9999.000,9999.000,9999.000
202607251830,   1.054,   1.679,9999.000,9999.000,9999.000,9999.000,9999.000,9999.000,9999.000
202607251836,   1.053,   1.669,9999.000,9999.000,9999.000,9999.000,9999.000,9999.000,9999.000
202607251842,   1.052,   1.669,9999.000,9999.000,9999.000,9999.000,9999.000,9999.000,9999.000
202607251848,   1.050,   1.649,9999.000,9999.000,9999.000,9999.000,9999.000,9999.000,9999.000
202607251854,   1.048,   1.649,9999.000,9999.000,9999.000,9999.000,9999.000,9999.000,9999.000
202607251900,   1.044,   1.639,   0.600,  -0.005,   1.639,   0.600,   1.639,   0.700,   1.739
202607251906,   1.039,   1.630,9999.000,9999.000,9999.000,9999.000,9999.000,9999.000,9999.000
202607251912,   1.034,   1.600,9999.000,9999.000,9999.000,9999.000,9999.000,9999.000,9999.000
202607251918,   1.027,   1.590,9999.000,9999.000,9999.000,9999.000,9999.000,9999.000,9999.000
202607251924,   1.020,   1.590,9999.000,9999.000,9999.000,9999.000,9999.000,9999.000,9999.000
202607251930,   1.012,   1.600,9999.000,9999.000,9999.000,9999.000,9999.000,9999.000,9999.000
202607251936,   1.003,   1.571,9999.000,9999.000,9999.000,9999.000,9999.000,9999.000,9999.000
202607251942,   0.994,   1.580,9999.000,9999.000,9999.000,9999.000,9999.000,9999.000,9999.000
202607251948,   0.983,   1.571,9999.000,9999.000,9999.000,9999.000,9999.000,9999.000,9999.000
202607251954,   0.972,   1.548,9999.000,9999.000,9999.000,9999.000,9999.000,9999.000,9999.000
202607252000,   0.961,   1.528,   0.600,  -0.033,   1.528,   0.600,   1.528,   0.700,   1.628
202607252006,   0.949,   1.528,9999.000,9999.000,9999.000,9999.000,9999.000,9999.000,9999.000
202607252012,   0.936,   1.528,9999.000,9999.000,9999.000,9999.000,9999.000,9999.000,9999.000
202607252018,   0.923,   1.508,9999.000,9999.000,9999.000,9999.000,9999.000,9999.000,9999.000
202607252024,   0.910,   1.479,9999.000,9999.000,9999.000,9999.000,9999.000,9999.000,9999.000
202607252030,   0.896,   1.479,9999.000,9999.000,9999.000,9999.000,9999.000,9999.000,9999.000
202607252036,   0.882,   1.469,9999.000,9999.000,9999.000,9999.000,9999.000,9999.000,9999.000
202607252042,   0.868,   1.439,9999.000,9999.000,9999.000,9999.000,9999.000,9999.000,9999.000
202607252048,   0.854,   1.430,9999.000,9999.000,9999.000,9999.000,9999.000,9999.000,9999.000
202607252054,   0.839,   1.400,9999.000,9999.000,9999.000,9999.000,9999.000,9999.000,9999.000
202607252100,   0.824,   1.390,   0.700,  -0.134,   1.390,   0.600,   1.290,   0.700,   1.390
202607252106,   0.809,   1.371,9999.000,9999.000,9999.000,9999.000,9999.000,9999.000,9999.000
202607252112,   0.794,   1.361,9999.000,9999.000,9999.000,9999.000,9999.000,9999.000,9999.000
202607252118,   0.779,   1.348,9999.000,9999.000,9999.000,9999.000,9999.000,9999.000,9999.000
202607252124,   0.763,   1.328,9999.000,9999.000,9999.000,9999.000,9999.000,9999.000,9999.000
202607252130,   0.748,   1.308,9999.000,9999.000,9999.000,9999.000,9999.000,9999.000,9999.000
202607252136,   0.733,   1.298,9999.000,9999.000,9999.000,9999.000,9999.000,9999.000,9999.000
202607252142,   0.718,   1.308,9999.000,9999.000,9999.000,9999.000,9999.000,9999.000,9999.000
202607252148,   0.702,   1.269,9999.000,9999.000,9999.000,9999.000,9999.000,9999.000,9999.000
202607252154,   0.687,   1.269,9999.000,9999.000,9999.000,9999.000,9999.000,9999.000,9999.000
202607252200,   0.672,   1.249,   0.700,  -0.123,   1.249,   0.600,   1.149,   0.700,   1.249
202607252206,   0.657,   1.220,9999.000,9999.000,9999.000,9999.000,9999.000,9999.000,9999.000
202607252212,   0.642,   1.210,9999.000,9999.000,9999.000,9999.000,9999.000,9999.000,9999.000
202607252218,   0.627,   1.190,9999.000,9999.000,9999.000,9999.000,9999.000,9999.000,9999.000
202607252224,   0.612,   1.180,9999.000,9999.000,9999.000,9999.000,9999.000,9999.000,9999.000
202607252230,   0.597,   1.151,9999.000,9999.000,9999.000,9999.000,9999.000,9999.000,9999.000
202607252236,   0.582,   1.151,9999.000,9999.000,9999.000,9999.000,9999.000,9999.000,9999.000
202607252242,   0.568,   1.138,9999.000,9999.000,9999.000,9999.000,9999.000,9999.000,9999.000
202607252248,   0.554,   1.108,9999.000,9999.000,9999.000,9999.000,9999.000,9999.000,9999.000
202607252254,   0.540,   1.088,9999.000,9999.000,9999.000,9999.000,9999.000,9999.000,9999.000
202607252300,   0.526,   1.088,   0.700,  -0.138,   1.088,   0.600,   0.988,   0.700,   1.088
202607252306,   0.513,   1.079,9999.000,9999.000,9999.000,9999.000,9999.000,9999.000,9999.000
202607252312,   0.500,   1.079,9999.000,9999.000,9999.000,9999.000,9999.000,9999.000,9999.000
202607252318,   0.488,   1.059,9999.000,9999.000,9999.000,9999.000,9999.000,9999.000,9999.000
202607252324,   0.476,   1.039,9999.000,9999.000,9999.000,9999.000,9999.000,9999.000,9999.000
202607252330,   0.465,   1.020,9999.000,9999.000,9999.000,9999.000,9999.000,9999.000,9999.000
202607252336,   0.454,   1.010,9999.000,9999.000,9999.000,9999.000,9999.000,9999.000,9999.000
202607252342,   0.444,   1.010,9999.000,9999.000,9999.000,9999.000,9999.000,9999.000,9999.000
202607252348,   0.435,   0.990,9999.000,9999.000,9999.000,9999.000,9999.000,9999.000,9999.000
202607252354,   0.427,   0.970,9999.000,9999.000,9999.000,9999.000,9999.000,9999.000,9999.000
202607260000,   0.419,   0.961,   0.700,  -0.158,   0.961,   0.600,   0.861,   0.700,   0.961
202607260006,   0.413,   0.961,9999.000,9999.000,9999.000,9999.000,9999.000,9999.000,9999.000
202607260012,   0.408,   0.961,9999.000,9999.000,9999.000,9999.000,9999.000,9999.000,9999.000
202607260018,   0.403,   0.951,9999.000,9999.000,9999.000,9999.000,9999.000,9999.000,9999.000
202607260024,   0.400,   0.951,9999.000,9999.000,9999.000,9999.000,9999.000,9999.000,9999.000
202607260030,   0.398,   0.951,9999.000,9999.000,9999.000,9999.000,9999.000,9999.000,9999.000
202607260036,   0.398,   0.941,9999.000,9999.000,9999.000,9999.000,9999.000,9999.000,9999.000
202607260042,   0.398,   0.951,9999.000,9999.000,9999.000,9999.000,9999.000,9999.000,9999.000
202607260048,   0.400,   0.941,9999.000,9999.000,9999.000,9999.000,9999.000,9999.000,9999.000
202607260054,   0.403,   0.961,9999.000,9999.000,9999.000,9999.000,9999.000,9999.000,9999.000
202607260100,   0.408,   0.961,   0.700,  -0.147,   0.961,   0.700,   0.961,   0.700,   0.961
202607260106,   0.413,   0.970,9999.000,9999.000,9999.000,9999.000,9999.000,9999.000,9999.000
202607260112,   0.420,   0.990,9999.000,9999.000,9999.000,9999.000,9999.000,9999.000,9999.000
202607260118,   0.429,   0.990,9999.000,9999.000,9999.000,9999.000,9999.000,9999.000,9999.000
202607260124,   0.439,   1.000,9999.000,9999.000,9999.000,9999.000,9999.000,9999.000,9999.000
202607260130,   0.450,   1.010,9999.000,9999.000,9999.000,9999.000,9999.000,9999.000,9999.000
202607260136,   0.462,   1.020,9999.000,9999.000,9999.000,9999.000,9999.000,9999.000,9999.000
202607260142,   0.475,   1.039,9999.000,9999.000,9999.000,9999.000,9999.000,9999.000,9999.000
202607260148,   0.490,   1.059,9999.000,9999.000,9999.000,9999.000,9999.000,9999.000,9999.000
202607260154,   0.506,   1.059,9999.000,9999.000,9999.000,9999.000,9999.000,9999.000,9999.000
202607260200,   0.523,   1.079,   0.700,  -0.144,   1.079,   0.700,   1.079,   0.700,   1.079
202607260206,   0.540,   1.098,9999.000,9999.000,9999.000,9999.000,9999.000,9999.000,9999.000
202607260212,   0.559,   1.138,9999.000,9999.000,9999.000,9999.000,9999.000,9999.000,9999.000
202607260218,   0.579,   1.161,9999.000,9999.000,9999.000,9999.000,9999.000,9999.000,9999.000
202607260224,   0.599,   1.180,9999.000,9999.000,9999.000,9999.000,9999.000,9999.000,9999.000
202607260230,   0.620,   1.200,9999.000,9999.000,9999.000,9999.000,9999.000,9999.000,9999.000
202607260236,   0.642,   1.220,9999.000,9999.000,9999.000,9999.000,9999.000,9999.000,9999.000
202607260242,   0.665,   1.249,9999.000,9999.000,9999.000,9999.000,9999.000,9999.000,9999.000
202607260248,   0.688,   1.279,9999.000,9999.000,9999.000,9999.000,9999.000,9999.000,9999.000
202607260254,   0.711,   1.298,9999.000,9999.000,9999.000,9999.000,9999.000,9999.000,9999.000
202607260300,   0.735,   1.328,   0.700,  -0.107,   1.328,   0.700,   1.328,   0.700,   1.328
202607260306,   0.759,   1.361,9999.000,9999.000,9999.000,9999.000,9999.000,9999.000,9999.000
202607260312,   0.784,   1.380,9999.000,9999.000,9999.000,9999.000,9999.000,9999.000,9999.000
202607260318,   0.809,   1.390,9999.000,9999.000,9999.000,9999.000,9999.000,9999.000,9999.000
202607260324,   0.834,   1.430,9999.000,9999.000,9999.000,9999.000,9999.000,9999.000,9999.000
202607260330,   0.860,   1.469,9999.000,9999.000,9999.000,9999.000,9999.000,9999.000,9999.000
202607260336,   0.885,   1.489,9999.000,9999.000,9999.000,9999.000,9999.000,9999.000,9999.000
202607260342,   0.911,   1.518,9999.000,9999.000,9999.000,9999.000,9999.000,9999.000,9999.000
202607260348,   0.937,   1.538,9999.000,9999.000,9999.000,9999.000,9999.000,9999.000,9999.000
202607260354,   0.963,   1.571,9999.000,9999.000,9999.000,9999.000,9999.000,9999.000,9999.000
202607260400,   0.988,   1.590,   0.700,  -0.098,   1.590,   0.700,   1.590,   0.700,   1.590
202607260406,   1.014,   1.610,9999.000,9999.000,9999.000,9999.000,9999.000,9999.000,9999.000
202607260412,   1.040,   1.639,9999.000,9999.000,9999.000,9999.000,9999.000,9999.000,9999.000
202607260418,   1.066,   1.669,9999.000,9999.000,9999.000,9999.000,9999.000,9999.000,9999.000
202607260424,   1.092,   1.699,9999.000,9999.000,9999.000,9999.000,9999.000,9999.000,9999.000
202607260430,   1.118,   1.728,9999.000,9999.000,9999.000,9999.000,9999.000,9999.000,9999.000
202607260436,   1.144,   1.748,9999.000,9999.000,9999.000,9999.000,9999.000,9999.000,9999.000
202607260442,   1.169,   1.758,9999.000,9999.000,9999.000,9999.000,9999.000,9999.000,9999.000
202607260448,   1.195,   1.790,9999.000,9999.000,9999.000,9999.000,9999.000,9999.000,9999.000
202607260454,   1.220,   1.820,9999.000,9999.000,9999.000,9999.000,9999.000,9999.000,9999.000
202607260500,   1.245,   1.859,   0.700,  -0.086,   1.859,   0.700,   1.859,   0.700,   1.859
202607260506,   1.270,   1.879,9999.000,9999.000,9999.000,9999.000,9999.000,9999.000,9999.000
202607260512,   1.295,   1.889,9999.000,9999.000,9999.000,9999.000,9999.000,9999.000,9999.000
202607260518,   1.319,   1.908,9999.000,9999.000,9999.000,9999.000,9999.000,9999.000,9999.000
202607260524,   1.343,   1.928,9999.000,9999.000,9999.000,9999.000,9999.000,9999.000,9999.000
202607260530,   1.366,   1.958,9999.000,9999.000,9999.000,9999.000,9999.000,9999.000,9999.000
202607260536,   1.389,   2.000,9999.000,9999.000,9999.000,9999.000,9999.000,9999.000,9999.000
202607260542,   1.412,   2.030,9999.000,9999.000,9999.000,9999.000,9999.000,9999.000,9999.000
202607260548,   1.434,   2.069,9999.000,9999.000,9999.000,9999.000,9999.000,9999.000,9999.000
202607260554,   1.455,   2.079,9999.000,9999.000,9999.000,9999.000,9999.000,9999.000,9999.000
202607260600,   1.476,   2.079,   0.700,  -0.097,   2.079,   0.700,   2.079,   0.700,   2.079
202607260606,   1.495,   2.089,9999.000,9999.000,9999.000,9999.000,9999.000,9999.000,9999.000
202607260612,   1.515,   2.109,9999.000,9999.000,9999.000,9999.000,9999.000,9999.000,9999.000
202607260618,   1.533,   2.148,9999.000,9999.000,9999.000,9999.000,9999.000,9999.000,9999.000
202607260624,   1.550,   2.158,9999.000,9999.000,9999.000,9999.000,9999.000,9999.000,9999.000
202607260630,   1.567,   2.168,9999.000,9999.000,9999.000,9999.000,9999.000,9999.000,9999.000
202607260636,   1.582,   2.191,9999.000,9999.000,9999.000,9999.000,9999.000,9999.000,9999.000
202607260642,   1.596,   2.200,9999.000,9999.000,9999.000,9999.000,9999.000,9999.000,9999.000
202607260648,   1.610,   2.210,9999.000,9999.000,9999.000,9999.000,9999.000,9999.000,9999.000
202607260654,   1.622,   2.230,9999.000,9999.000,9999.000,9999.000,9999.000,9999.000,9999.000
202607260700,   1.633,   2.250,   0.700,  -0.083,   2.250,   0.700,   2.250,   0.700,   2.250
202607260706,   1.643,   2.269,9999.000,9999.000,9999.000,9999.000,9999.000,9999.000,9999.000
202607260712,   1.652,   2.269,9999.000,9999.000,9999.000,9999.000,9999.000,9999.000,9999.000
202607260718,   1.660,   2.279,9999.000,9999.000,9999.000,9999.000,9999.000,9999.000,9999.000
202607260724,   1.667,   2.279,9999.000,9999.000,9999.000,9999.000,9999.000,9999.000,9999.000
202607260730,   1.672,   2.279,9999.000,9999.000,9999.000,9999.000,9999.000,9999.000,9999.000
202607260736,   1.676,   2.299,9999.000,9999.000,9999.000,9999.000,9999.000,9999.000,9999.000
202607260742,   1.679,   2.309,9999.000,9999.000,9999.000,9999.000,9999.000,9999.000,9999.000
202607260748,   1.682,   2.318,9999.000,9999.000,9999.000,9999.000,9999.000,9999.000,9999.000
202607260754,   1.683,   2.318,9999.000,9999.000,9999.000,9999.000,9999.000,9999.000,9999.000
202607260800,   1.683,   2.309,   0.700,  -0.074,   2.309,   0.700,   2.309,   0.700,   2.309
202607260806,   1.682,   2.299,9999.000,9999.000,9999.000,9999.000,9999.000,9999.000,9999.000
202607260812,   1.680,   2.289,9999.000,9999.000,9999.000,9999.000,9999.000,9999.000,9999.000
202607260818,   1.677,   2.299,9999.000,9999.000,9999.000,9999.000,9999.000,9999.000,9999.000
202607260824,   1.673,   2.289,9999.000,9999.000,9999.000,9999.000,9999.000,9999.000,9999.000
202607260830,   1.668,   2.299,9999.000,9999.000,9999.000,9999.000,9999.000,9999.000,9999.000
202607260836,   1.663,   2.289,9999.000,9999.000,9999.000,9999.000,9999.000,9999.000,9999.000
202607260842,   1.657,   2.299,9999.000,9999.000,9999.000,9999.000,9999.000,9999.000,9999.000
202607260848,   1.650,   2.279,9999.000,9999.000,9999.000,9999.000,9999.000,9999.000,9999.000
202607260854,   1.642,   2.279,9999.000,9999.000,9999.000,9999.000,9999.000,9999.000,9999.000
202607260900,   1.634,   2.279,   0.700,  -0.055,   2.279,   0.700,   2.279,   0.700,   2.279
202607260906,   1.625,   2.269,9999.000,9999.000,9999.000,9999.000,9999.000,9999.000,9999.000
202607260912,   1.616,   2.259,9999.000,9999.000,9999.000,9999.000,9999.000,9999.000,9999.000
202607260918,   1.606,   2.250,9999.000,9999.000,9999.000,9999.000,9999.000,9999.000,9999.000
202607260924,   1.595,   2.240,9999.000,9999.000,9999.000,9999.000,9999.000,9999.000,9999.000
202607260930,   1.584,   2.230,9999.000,9999.000,9999.000,9999.000,9999.000,9999.000,9999.000
202607260936,   1.573,   2.220,9999.000,9999.000,9999.000,9999.000,9999.000,9999.000,9999.000
202607260942,   1.561,   2.210,9999.000,9999.000,9999.000,9999.000,9999.000,9999.000,9999.000
202607260948,   1.548,   2.210,9999.000,9999.000,9999.000,9999.000,9999.000,9999.000,9999.000
202607260954,   1.535,   2.191,9999.000,9999.000,9999.000,9999.000,9999.000,9999.000,9999.000
202607261000,   1.521,   2.168,   0.700,  -0.053,   2.168,   0.700,   2.168,   0.700,   2.168
202607261006,   1.507,   2.158,9999.000,9999.000,9999.000,9999.000,9999.000,9999.000,9999.000
202607261012,   1.493,   2.148,9999.000,9999.000,9999.000,9999.000,9999.000,9999.000,9999.000
202607261018,   1.478,   2.138,9999.000,9999.000,9999.000,9999.000,9999.000,9999.000,9999.000
202607261024,   1.462,   2.128,9999.000,9999.000,9999.000,9999.000,9999.000,9999.000,9999.000
202607261030,   1.446,   2.118,9999.000,9999.000,9999.000,9999.000,9999.000,9999.000,9999.000
202607261036,   1.430,   2.109,9999.000,9999.000,9999.000,9999.000,9999.000,9999.000,9999.000
202607261042,   1.413,   2.079,9999.000,9999.000,9999.000,9999.000,9999.000,9999.000,9999.000
202607261048,   1.395,   2.059,9999.000,9999.000,9999.000,9999.000,9999.000,9999.000,9999.000
202607261054,   1.377,   2.059,9999.000,9999.000,9999.000,9999.000,9999.000,9999.000,9999.000
202607261100,   1.359,   2.040,   0.700,  -0.019,   2.040,   0.700,   2.040,   0.700,   2.040
202607261106,   1.340,   2.020,9999.000,9999.000,9999.000,9999.000,9999.000,9999.000,9999.000
202607261112,   1.321,   2.010,9999.000,9999.000,9999.000,9999.000,9999.000,9999.000,9999.000
202607261118,   1.301,   2.000,9999.000,9999.000,9999.000,9999.000,9999.000,9999.000,9999.000
202607261124,   1.281,   1.967,9999.000,9999.000,9999.000,9999.000,9999.000,9999.000,9999.000
202607261130,   1.261,   1.948,9999.000,9999.000,9999.000,9999.000,9999.000,9999.000,9999.000
202607261136,   1.241,   1.948,9999.000,9999.000,9999.000,9999.000,9999.000,9999.000,9999.000
202607261142,   1.220,   1.908,9999.000,9999.000,9999.000,9999.000,9999.000,9999.000,9999.000
202607261148,   1.199,   1.908,9999.000,9999.000,9999.000,9999.000,9999.000,9999.000,9999.000
202607261154,   1.178,   1.879,9999.000,9999.000,9999.000,9999.000,9999.000,9999.000,9999.000
202607261200,   1.157,   1.849,   0.700,  -0.008,   1.849,   0.700,   1.849,   0.700,   1.849
202607261206,   1.137,   1.840,9999.000,9999.000,9999.000,9999.000,9999.000,9999.000,9999.000
202607261212,   1.116,   1.820,9999.000,9999.000,9999.000,9999.000,9999.000,9999.000,9999.000
202607261218,   1.095,   1.810,9999.000,9999.000,9999.000,9999.000,9999.000,9999.000,9999.000
202607261224,   1.075,   1.790,9999.000,9999.000,9999.000,9999.000,9999.000,9999.000,9999.000
202607261230,   1.055,   1.781,9999.000,9999.000,9999.000,9999.000,9999.000,9999.000,9999.000
202607261236,   1.036,   1.758,9999.000,9999.000,9999.000,9999.000,9999.000,9999.000,9999.000
202607261242,   1.017,   1.738,9999.000,9999.000,9999.000,9999.000,9999.000,9999.000,9999.000
202607261248,   0.998,   1.728,9999.000,9999.000,9999.000,9999.000,9999.000,9999.000,9999.000
202607261254,   0.981,   1.708,9999.000,9999.000,9999.000,9999.000,9999.000,9999.000,9999.000
202607261300,   0.963,   1.689,   0.700,   0.026,   1.689,   0.700,   1.689,   0.700,   1.689
202607261306,   0.947,   1.689,9999.000,9999.000,9999.000,9999.000,9999.000,9999.000,9999.000
202607261312,   0.931,   1.669,9999.000,9999.000,9999.000,9999.000,9999.000,9999.000,9999.000
202607261318,   0.917,   1.659,9999.000,9999.000,9999.000,9999.000,9999.000,9999.000,9999.000
202607261324,   0.903,   1.649,9999.000,9999.000,9999.000,9999.000,9999.000,9999.000,9999.000
202607261330,   0.890,   1.639,9999.000,9999.000,9999.000,9999.000,9999.000,9999.000,9999.000
202607261336,   0.878,   1.639,9999.000,9999.000,9999.000,9999.000,9999.000,9999.000,9999.000
202607261342,   0.866,   1.639,9999.000,9999.000,9999.000,9999.000,9999.000,9999.000,9999.000
202607261348,   0.856,   1.630,9999.000,9999.000,9999.000,9999.000,9999.000,9999.000,9999.000
202607261354,   0.847,   1.610,9999.000,9999.000,9999.000,9999.000,9999.000,9999.000,9999.000
202607261400,   0.839,   1.620,   0.700,   0.081,   1.620,   0.700,   1.620,   0.700,   1.620
202607261406,   0.831,   1.590,9999.000,9999.000,9999.000,9999.000,9999.000,9999.000,9999.000
202607261412,   0.825,   1.590,9999.000,9999.000,9999.000,9999.000,9999.000,9999.000,9999.000
202607261418,   0.819,   1.580,9999.000,9999.000,9999.000,9999.000,9999.000,9999.000,9999.000
202607261424,   0.814,   1.600,9999.000,9999.000,9999.000,9999.000,9999.000,9999.000,9999.000
202607261430,   0.810,   1.580,9999.000,9999.000,9999.000,9999.000,9999.000,9999.000,9999.000
202607261436,   0.807,   1.580,9999.000,9999.000,9999.000,9999.000,9999.000,9999.000,9999.000
202607261442,   0.805,   1.580,9999.000,9999.000,9999.000,9999.000,9999.000,9999.000,9999.000
202607261448,   0.803,   1.580,9999.000,9999.000,9999.000,9999.000,9999.000,9999.000,9999.000
202607261454,   0.802,   1.580,9999.000,9999.000,9999.000,9999.000,9999.000,9999.000,9999.000
202607261500,   0.802,   1.557,   0.700,   0.055,   1.557,   0.700,   1.557,   0.800,   1.657
202607261506,   0.803,   1.590,9999.000,9999.000,9999.000,9999.000,9999.000,9999.000,9999.000
202607261512,   0.804,   1.590,9999.000,9999.000,9999.000,9999.000,9999.000,9999.000,9999.000
202607261518,   0.805,   1.590,9999.000,9999.000,9999.000,9999.000,9999.000,9999.000,9999.000
202607261524,   0.807,   1.600,9999.000,9999.000,9999.000,9999.000,9999.000,9999.000,9999.000
202607261530,   0.810,   1.580,9999.000,9999.000,9999.000,9999.000,9999.000,9999.000,9999.000
202607261536,   0.813,   1.620,9999.000,9999.000,9999.000,9999.000,9999.000,9999.000,9999.000
202607261542,   0.816,   1.620,9999.000,9999.000,9999.000,9999.000,9999.000,9999.000,9999.000
202607261548,   0.820,   1.620,9999.000,9999.000,9999.000,9999.000,9999.000,9999.000,9999.000
202607261554,   0.825,   1.630,9999.000,9999.000,9999.000,9999.000,9999.000,9999.000,9999.000
202607261600,   0.829,   1.630,   0.700,   0.101,   1.630,   0.700,   1.630,   0.800,   1.730
202607261606,   0.834,   1.649,9999.000,9999.000,9999.000,9999.000,9999.000,9999.000,9999.000
202607261612,   0.840,   1.659,9999.000,9999.000,9999.000,9999.000,9999.000,9999.000,9999.000
202607261618,   0.846,   1.649,9999.000,9999.000,9999.000,9999.000,9999.000,9999.000,9999.000
202607261624,   0.852,   1.669,9999.000,9999.000,9999.000,9999.000,9999.000,9999.000,9999.000
202607261630,   0.858,   1.689,9999.000,9999.000,9999.000,9999.000,9999.000,9999.000,9999.000
202607261636,   0.865,   1.708,9999.000,9999.000,9999.000,9999.000,9999.000,9999.000,9999.000
202607261642,   0.872,   1.708,9999.000,9999.000,9999.000,9999.000,9999.000,9999.000,9999.000
202607261648,   0.879,   1.718,9999.000,9999.000,9999.000,9999.000,9999.000,9999.000,9999.000
202607261654,   0.887,   1.738,9999.000,9999.000,9999.000,9999.000,9999.000,9999.000,9999.000
202607261700,   0.894,   1.748,   0.700,   0.154,   1.748,   0.700,   1.748,   0.800,   1.848
202607261706,   0.902,   1.758,9999.000,9999.000,9999.000,9999.000,9999.000,9999.000,9999.000
202607261712,   0.911,   1.758,9999.000,9999.000,9999.000,9999.000,9999.000,9999.000,9999.000
202607261718,   0.919,   1.758,9999.000,9999.000,9999.000,9999.000,9999.000,9999.000,9999.000
202607261724,   0.928,   1.781,9999.000,9999.000,9999.000,9999.000,9999.000,9999.000,9999.000
202607261730,   0.936,   1.767,9999.000,9999.000,9999.000,9999.000,9999.000,9999.000,9999.000
202607261736,   0.945,   1.781,9999.000,9999.000,9999.000,9999.000,9999.000,9999.000,9999.000
202607261742,   0.954,   1.800,9999.000,9999.000,9999.000,9999.000,9999.000,9999.000,9999.000
202607261748,   0.963,   1.820,9999.000,9999.000,9999.000,9999.000,9999.000,9999.000,9999.000
202607261754,   0.971,   1.820,9999.000,9999.000,9999.000,9999.000,9999.000,9999.000,9999.000
202607261800,   0.980,   1.820,   0.700,   0.140,   1.820,   0.700,   1.820,   0.800,   1.920
202607261806,   0.989,   1.830,9999.000,9999.000,9999.000,9999.000,9999.000,9999.000,9999.000
202607261812,   0.997,   1.830,9999.000,9999.000,9999.000,9999.000,9999.000,9999.000,9999.000
202607261818,   1.005,   1.849,9999.000,9999.000,9999.000,9999.000,9999.000,9999.000,9999.000
202607261824,   1.012,   1.840,9999.000,9999.000,9999.000,9999.000,9999.000,9999.000,9999.000
202607261830,   1.020,   1.869,9999.000,9999.000,9999.000,9999.000,9999.000,9999.000,9999.000
202607261836,   1.026,   1.859,9999.000,9999.000,9999.000,9999.000,9999.000,9999.000,9999.000
202607261842,   1.033,   1.869,9999.000,9999.000,9999.000,9999.000,9999.000,9999.000,9999.000
202607261848,   1.038,   1.869,9999.000,9999.000,9999.000,9999.000,9999.000,9999.000,9999.000
202607261854,   1.043,   1.879,9999.000,9999.000,9999.000,9999.000,9999.000,9999.000,9999.000
202607261900,   1.047,   1.879,   0.800,   0.032,   1.879,   0.700,   1.779,   0.800,   1.879
202607261906,   1.051,   1.869,9999.000,9999.000,9999.000,9999.000,9999.000,9999.000,9999.000
202607261912,   1.054,   1.879,9999.000,9999.000,9999.000,9999.000,9999.000,9999.000,9999.000
202607261918,   1.056,   1.879,9999.000,9999.000,9999.000,9999.000,9999.000,9999.000,9999.000
202607261924,   1.057,   1.899,9999.000,9999.000,9999.000,9999.000,9999.000,9999.000,9999.000
202607261930,   1.057,   1.889,9999.000,9999.000,9999.000,9999.000,9999.000,9999.000,9999.000
202607261936,   1.056,   1.889,9999.000,9999.000,9999.000,9999.000,9999.000,9999.000,9999.000
202607261942,   1.055,   1.889,9999.000,9999.000,9999.000,9999.000,9999.000,9999.000,9999.000
202607261948,   1.052,   1.879,9999.000,9999.000,9999.000,9999.000,9999.000,9999.000,9999.000
202607261954,   1.049,   1.879,9999.000,9999.000,9999.000,9999.000,9999.000,9999.000,9999.000
202607262000,   1.044,   1.879,   0.800,   0.035,   1.879,   0.700,   1.779,   0.800,   1.879
202607262006,   1.039,   1.879,9999.000,9999.000,9999.000,9999.000,9999.000,9999.000,9999.000
202607262012,   1.033,   1.859,9999.000,9999.000,9999.000,9999.000,9999.000,9999.000,9999.000
202607262018,   1.026,   1.849,9999.000,9999.000,9999.000,9999.000,9999.000,9999.000,9999.000
202607262024,   1.018,   1.840,9999.000,9999.000,9999.000,9999.000,9999.000,9999.000,9999.000
202607262030,   1.010,   1.840,9999.000,9999.000,9999.000,9999.000,9999.000,9999.000,9999.000
202607262036,   1.001,   1.830,9999.000,9999.000,9999.000,9999.000,9999.000,9999.000,9999.000
202607262042,   0.991,   1.810,9999.000,9999.000,9999.000,9999.000,9999.000,9999.000,9999.000
202607262048,   0.980,   1.800,9999.000,9999.000,9999.000,9999.000,9999.000,9999.000,9999.000
202607262054,   0.969,   1.781,9999.000,9999.000,9999.000,9999.000,9999.000,9999.000,9999.000
202607262100,   0.957,   1.790,   0.800,   0.033,   1.790,   0.700,   1.690,   0.800,   1.790
202607262106,   0.945,   1.781,9999.000,9999.000,9999.000,9999.000,9999.000,9999.000,9999.000
202607262112,   0.932,   1.758,9999.000,9999.000,9999.000,9999.000,9999.000,9999.000,9999.000
202607262118,   0.919,   1.748,9999.000,9999.000,9999.000,9999.000,9999.000,9999.000,9999.000
202607262124,   0.906,   1.728,9999.000,9999.000,9999.000,9999.000,9999.000,9999.000,9999.000
202607262130,   0.892,   1.708,9999.000,9999.000,9999.000,9999.000,9999.000,9999.000,9999.000
202607262136,   0.878,   1.708,9999.000,9999.000,9999.000,9999.000,9999.000,9999.000,9999.000
202607262142,   0.864,   1.679,9999.000,9999.000,9999.000,9999.000,9999.000,9999.000,9999.000
202607262148,   0.849,   1.649,9999.000,9999.000,9999.000,9999.000,9999.000,9999.000,9999.000
202607262154,   0.835,   1.639,9999.000,9999.000,9999.000,9999.000,9999.000,9999.000,9999.000
202607262200,   0.820,   1.630,   0.800,   0.010,   1.630,   0.700,   1.530,   0.800,   1.630
202607262206,   0.805,   1.620,9999.000,9999.000,9999.000,9999.000,9999.000,9999.000,9999.000
202607262212,   0.790,   1.600,9999.000,9999.000,9999.000,9999.000,9999.000,9999.000,9999.000
202607262218,   0.775,   1.580,9999.000,9999.000,9999.000,9999.000,9999.000,9999.000,9999.000
202607262224,   0.760,   1.557,9999.000,9999.000,9999.000,9999.000,9999.000,9999.000,9999.000
202607262230,   0.745,   1.548,9999.000,9999.000,9999.000,9999.000,9999.000,9999.000,9999.000
202607262236,   0.730,   1.528,9999.000,9999.000,9999.000,9999.000,9999.000,9999.000,9999.000
202607262242,   0.714,   1.498,9999.000,9999.000,9999.000,9999.000,9999.000,9999.000,9999.000
202607262248,   0.699,   1.479,9999.000,9999.000,9999.000,9999.000,9999.000,9999.000,9999.000
202607262254,   0.684,   1.459,9999.000,9999.000,9999.000,9999.000,9999.000,9999.000,9999.000
202607262300,   0.669,   1.449,   0.800,  -0.020,   1.449,   0.800,   1.449,   0.800,   1.449
202607262306,   0.654,   1.449,9999.000,9999.000,9999.000,9999.000,9999.000,9999.000,9999.000
202607262312,   0.639,   1.420,9999.000,9999.000,9999.000,9999.000,9999.000,9999.000,9999.000
202607262318,   0.624,   1.420,9999.000,9999.000,9999.000,9999.000,9999.000,9999.000,9999.000
202607262324,   0.609,   1.400,9999.000,9999.000,9999.000,9999.000,9999.000,9999.000,9999.000
202607262330,   0.595,   1.390,9999.000,9999.000,9999.000,9999.000,9999.000,9999.000,9999.000
202607262336,   0.580,   1.380,9999.000,9999.000,9999.000,9999.000,9999.000,9999.000,9999.000
202607262342,   0.566,   1.361,9999.000,9999.000,9999.000,9999.000,9999.000,9999.000,9999.000
202607262348,   0.552,   1.318,9999.000,9999.000,9999.000,9999.000,9999.000,9999.000,9999.000
202607262354,   0.539,   1.318,9999.000,9999.000,9999.000,9999.000,9999.000,9999.000,9999.000
202607270000,   0.526,   1.308,   0.800,  -0.018,   1.308,   0.800,   1.308,   0.800,   1.308
202607270006,   0.513,   1.308,9999.000,9999.000,9999.000,9999.000,9999.000,9999.000,9999.000
202607270012,   0.501,   1.289,9999.000,9999.000,9999.000,9999.000,9999.000,9999.000,9999.000
202607270018,   0.489,   1.279,9999.000,9999.000,9999.000,9999.000,9999.000,9999.000,9999.000
202607270024,   0.478,   1.279,9999.000,9999.000,9999.000,9999.000,9999.000,9999.000,9999.000
202607270030,   0.468,   1.269,9999.000,9999.000,9999.000,9999.000,9999.000,9999.000,9999.000
202607270036,   0.458,   1.259,9999.000,9999.000,9999.000,9999.000,9999.000,9999.000,9999.000
202607270042,   0.450,   1.239,9999.000,9999.000,9999.000,9999.000,9999.000,9999.000,9999.000
202607270048,   0.442,   1.229,9999.000,9999.000,9999.000,9999.000,9999.000,9999.000,9999.000
202607270054,   0.435,   1.239,9999.000,9999.000,9999.000,9999.000,9999.000,9999.000,9999.000
202607270100,   0.429,   1.220,   0.800,  -0.009,   1.220,   0.800,   1.220,   0.900,   1.320
202607270106,   0.424,   1.220,9999.000,9999.000,9999.000,9999.000,9999.000,9999.000,9999.000
202607270112,   0.421,   1.210,9999.000,9999.000,9999.000,9999.000,9999.000,9999.000,9999.000
202607270118,   0.418,   1.220,9999.000,9999.000,9999.000,9999.000,9999.000,9999.000,9999.000
202607270124,   0.417,   1.210,9999.000,9999.000,9999.000,9999.000,9999.000,9999.000,9999.000
202607270130,   0.417,   1.210,9999.000,9999.000,9999.000,9999.000,9999.000,9999.000,9999.000
202607270136,   0.418,   1.210,9999.000,9999.000,9999.000,9999.000,9999.000,9999.000,9999.000
202607270142,   0.421,   1.220,9999.000,9999.000,9999.000,9999.000,9999.000,9999.000,9999.000
202607270148,   0.425,   1.229,9999.000,9999.000,9999.000,9999.000,9999.000,9999.000,9999.000
202607270154,   0.430,   1.229,9999.000,9999.000,9999.000,9999.000,9999.000,9999.000,9999.000
202607270200,   0.437,   1.239,   0.800,   0.002,   1.239,   0.800,   1.239,   0.900,   1.339
202607270206,   0.445,   1.249,9999.000,9999.000,9999.000,9999.000,9999.000,9999.000,9999.000
202607270212,   0.455,   1.279,9999.000,9999.000,9999.000,9999.000,9999.000,9999.000,9999.000
202607270218,   0.465,   1.289,9999.000,9999.000,9999.000,9999.000,9999.000,9999.000,9999.000
202607270224,   0.477,   1.298,9999.000,9999.000,9999.000,9999.000,9999.000,9999.000,9999.000
202607270230,   0.491,   1.298,9999.000,9999.000,9999.000,9999.000,9999.000,9999.000,9999.000
202607270236,   0.505,   1.318,9999.000,9999.000,9999.000,9999.000,9999.000,9999.000,9999.000
202607270242,   0.521,   1.328,9999.000,9999.000,9999.000,9999.000,9999.000,9999.000,9999.000
202607270248,   0.538,   1.371,9999.000,9999.000,9999.000,9999.000,9999.000,9999.000,9999.000
202607270254,   0.555,   1.400,9999.000,9999.000,9999.000,9999.000,9999.000,9999.000,9999.000
202607270300,   0.574,   1.420,   0.900,  -0.054,   1.420,   0.800,   1.320,   0.900,   1.420
202607270306,   0.594,   1.439,9999.000,9999.000,9999.000,9999.000,9999.000,9999.000,9999.000
202607270312,   0.614,   1.459,9999.000,9999.000,9999.000,9999.000,9999.000,9999.000,9999.000
202607270318,   0.636,   1.489,9999.000,9999.000,9999.000,9999.000,9999.000,9999.000,9999.000
202607270324,   0.658,   1.528,9999.000,9999.000,9999.000,9999.000,9999.000,9999.000,9999.000
202607270330,   0.680,   1.557,9999.000,9999.000,9999.000,9999.000,9999.000,9999.000,9999.000
202607270336,   0.703,   1.600,9999.000,9999.000,9999.000,9999.000,9999.000,9999.000,9999.000
202607270342,   0.727,   1.649,9999.000,9999.000,9999.000,9999.000,9999.000,9999.000,9999.000
202607270348,   0.751,   1.699,9999.000,9999.000,9999.000,9999.000,9999.000,9999.000,9999.000
202607270354,   0.776,   1.728,9999.000,9999.000,9999.000,9999.000,9999.000,9999.000,9999.000
202607270400,   0.801,   1.758,   0.900,   0.057,   1.758,   0.800,   1.658,   0.900,   1.758
202607270406,   0.826,   1.800,9999.000,9999.000,9999.000,9999.000,9999.000,9999.000,9999.000
202607270412,   0.852,   1.830,9999.000,9999.000,9999.000,9999.000,9999.000,9999.000,9999.000
202607270418,   0.878,   1.840,9999.000,9999.000,9999.000,9999.000,9999.000,9999.000,9999.000
202607270424,   0.904,   1.869,9999.000,9999.000,9999.000,9999.000,9999.000,9999.000,9999.000
202607270430,   0.930,   1.899,9999.000,9999.000,9999.000,9999.000,9999.000,9999.000,9999.000
202607270436,   0.956,   1.948,9999.000,9999.000,9999.000,9999.000,9999.000,9999.000,9999.000
202607270442,   0.982,   1.990,9999.000,9999.000,9999.000,9999.000,9999.000,9999.000,9999.000
202607270448,   1.008,   2.010,9999.000,9999.000,9999.000,9999.000,9999.000,9999.000,9999.000
202607270454,   1.034,   2.049,9999.000,9999.000,9999.000,9999.000,9999.000,9999.000,9999.000
202607270500,   1.061,   2.079,   0.900,   0.118,   2.079,   0.800,   1.979,   0.900,   2.079
202607270506,   1.087,   2.099,9999.000,9999.000,9999.000,9999.000,9999.000,9999.000,9999.000
202607270512,   1.113,   2.118,9999.000,9999.000,9999.000,9999.000,9999.000,9999.000,9999.000
202607270518,   1.139,   2.138,9999.000,9999.000,9999.000,9999.000,9999.000,9999.000,9999.000
202607270524,   1.165,   2.168,9999.000,9999.000,9999.000,9999.000,9999.000,9999.000,9999.000
202607270530,   1.191,   2.191,9999.000,9999.000,9999.000,9999.000,9999.000,9999.000,9999.000
202607270536,   1.216,   2.230,9999.000,9999.000,9999.000,9999.000,9999.000,9999.000,9999.000
202607270542,   1.242,   2.250,9999.000,9999.000,9999.000,9999.000,9999.000,9999.000,9999.000
202607270548,   1.267,   2.279,9999.000,9999.000,9999.000,9999.000,9999.000,9999.000,9999.000
202607270554,   1.292,   2.309,9999.000,9999.000,9999.000,9999.000,9999.000,9999.000,9999.000
202607270600,   1.316,   2.318,   0.900,   0.102,   2.318,   0.800,   2.218,   0.900,   2.318
202607270606,   1.340,   2.338,9999.000,9999.000,9999.000,9999.000,9999.000,9999.000,9999.000
202607270612,   1.364,   2.368,9999.000,9999.000,9999.000,9999.000,9999.000,9999.000,9999.000
202607270618,   1.388,   2.400,9999.000,9999.000,9999.000,9999.000,9999.000,9999.000,9999.000
202607270624,   1.411,   2.430,9999.000,9999.000,9999.000,9999.000,9999.000,9999.000,9999.000
202607270630,   1.433,   2.459,9999.000,9999.000,9999.000,9999.000,9999.000,9999.000,9999.000
202607270636,   1.455,   2.479,9999.000,9999.000,9999.000,9999.000,9999.000,9999.000,9999.000
202607270642,   1.476,   2.509,9999.000,9999.000,9999.000,9999.000,9999.000,9999.000,9999.000
202607270648,   1.497,   2.538,9999.000,9999.000,9999.000,9999.000,9999.000,9999.000,9999.000
202607270654,   1.516,   2.568,9999.000,9999.000,9999.000,9999.000,9999.000,9999.000,9999.000
202607270700,   1.535,   2.578,   0.900,   0.143,   2.578,   0.900,   2.578,   0.900,   2.578
202607270706,   1.553,   2.578,9999.000,9999.000,9999.000,9999.000,9999.000,9999.000,9999.000
202607270712,   1.570,   2.548,9999.000,9999.000,9999.000,9999.000,9999.000,9999.000,9999.000
202607270718,   1.586,   2.558,9999.000,9999.000,9999.000,9999.000,9999.000,9999.000,9999.000
202607270724,   1.602,   2.568,9999.000,9999.000,9999.000,9999.000,9999.000,9999.000,9999.000
202607270730,   1.616,   2.578,9999.000,9999.000,9999.000,9999.000,9999.000,9999.000,9999.000
202607270736,   1.629,   2.620,9999.000,9999.000,9999.000,9999.000,9999.000,9999.000,9999.000
202607270742,   1.641,   2.630,9999.000,9999.000,9999.000,9999.000,9999.000,9999.000,9999.000
202607270748,   1.651,   2.650,9999.000,9999.000,9999.000,9999.000,9999.000,9999.000,9999.000
202607270754,   1.661,   2.699,9999.000,9999.000,9999.000,9999.000,9999.000,9999.000,9999.000
202607270800,   1.669,   2.719,   0.900,   0.150,   2.719,   0.900,   2.719,   1.000,   2.819
202607270806,   1.677,   2.728,9999.000,9999.000,9999.000,9999.000,9999.000,9999.000,9999.000
202607270812,   1.683,   2.728,9999.000,9999.000,9999.000,9999.000,9999.000,9999.000,9999.000
202607270818,   1.688,   2.748,9999.000,9999.000,9999.000,9999.000,9999.000,9999.000,9999.000
202607270824,   1.691,   2.748,9999.000,9999.000,9999.000,9999.000,9999.000,9999.000,9999.000
202607270830,   1.694,   2.748,9999.000,9999.000,9999.000,9999.000,9999.000,9999.000,9999.000
202607270836,   1.695,   2.758,9999.000,9999.000,9999.000,9999.000,9999.000,9999.000,9999.000
202607270842,   1.695,   2.778,9999.000,9999.000,9999.000,9999.000,9999.000,9999.000,9999.000
202607270848,   1.695,   2.797,9999.000,9999.000,9999.000,9999.000,9999.000,9999.000,9999.000
202607270854,   1.693,   2.787,9999.000,9999.000,9999.000,9999.000,9999.000,9999.000,9999.000
202607270900,   1.690,   2.797,   0.900,   0.207,   2.797,   0.900,   2.797,   1.000,   2.897
202607270906,   1.686,   2.787,9999.000,9999.000,9999.000,9999.000,9999.000,9999.000,9999.000
202607270912,   1.681,   2.787,9999.000,9999.000,9999.000,9999.000,9999.000,9999.000,9999.000
202607270918,   1.676,   2.768,9999.000,9999.000,9999.000,9999.000,9999.000,9999.000,9999.000
202607270924,   1.669,   2.758,9999.000,9999.000,9999.000,9999.000,9999.000,9999.000,9999.000
202607270930,   1.662,   2.758,9999.000,9999.000,9999.000,9999.000,9999.000,9999.000,9999.000
202607270936,   1.654,   2.748,9999.000,9999.000,9999.000,9999.000,9999.000,9999.000,9999.000
202607270942,   1.645,   2.758,9999.000,9999.000,9999.000,9999.000,9999.000,9999.000,9999.000
202607270948,   1.636,   2.748,9999.000,9999.000,9999.000,9999.000,9999.000,9999.000,9999.000
202607270954,   1.626,   2.719,9999.000,9999.000,9999.000,9999.000,9999.000,9999.000,9999.000
202607271000,   1.615,   2.719,   0.900,   0.204,   2.719,   0.900,   2.719,   1.000,   2.819
202607271006,   1.604,   2.709,9999.000,9999.000,9999.000,9999.000,9999.000,9999.000,9999.000
202607271012,   1.592,   2.689,9999.000,9999.000,9999.000,9999.000,9999.000,9999.000,9999.000
202607271018,   1.579,   2.669,9999.000,9999.000,9999.000,9999.000,9999.000,9999.000,9999.000
202607271024,   1.566,   2.640,9999.000,9999.000,9999.000,9999.000,9999.000,9999.000,9999.000
202607271030,   1.553,   2.630,9999.000,9999.000,9999.000,9999.000,9999.000,9999.000,9999.000
202607271036,   1.539,   2.630,9999.000,9999.000,9999.000,9999.000,9999.000,9999.000,9999.000
202607271042,   1.525,   2.620,9999.000,9999.000,9999.000,9999.000,9999.000,9999.000,9999.000
202607271048,   1.510,   2.587,9999.000,9999.000,9999.000,9999.000,9999.000,9999.000,9999.000
202607271054,   1.494,   2.597,9999.000,9999.000,9999.000,9999.000,9999.000,9999.000,9999.000
202607271100,   1.478,   2.578,   1.000,   0.100,   2.578,   0.900,   2.478,   1.000,   2.578
202607271106,   1.462,   2.558,9999.000,9999.000,9999.000,9999.000,9999.000,9999.000,9999.000
202607271112,   1.445,   2.528,9999.000,9999.000,9999.000,9999.000,9999.000,9999.000,9999.000
202607271118,   1.428,   2.509,9999.000,9999.000,9999.000,9999.000,9999.000,9999.000,9999.000
202607271124,   1.410,   2.499,9999.000,9999.000,9999.000,9999.000,9999.000,9999.000,9999.000
202607271130,   1.391,   2.489,9999.000,9999.000,9999.000,9999.000,9999.000,9999.000,9999.000
202607271136,   1.373,   2.479,9999.000,9999.000,9999.000,9999.000,9999.000,9999.000,9999.000
202607271142,   1.353,   2.459,9999.000,9999.000,9999.000,9999.000,9999.000,9999.000,9999.000
202607271148,   1.334,   2.440,9999.000,9999.000,9999.000,9999.000,9999.000,9999.000,9999.000
202607271154,   1.314,   2.440,9999.000,9999.000,9999.000,9999.000,9999.000,9999.000,9999.000
202607271200,   1.293,   2.420,   0.900,   0.227,   2.420,   0.900,   2.420,   1.000,   2.520
202607271206,   1.273,   2.400,9999.000,9999.000,9999.000,9999.000,9999.000,9999.000,9999.000
202607271212,   1.251,   2.377,9999.000,9999.000,9999.000,9999.000,9999.000,9999.000,9999.000
202607271218,   1.230,   2.358,9999.000,9999.000,9999.000,9999.000,9999.000,9999.000,9999.000
202607271224,   1.209,   2.348,9999.000,9999.000,9999.000,9999.000,9999.000,9999.000,9999.000
202607271230,   1.187,   2.318,9999.000,9999.000,9999.000,9999.000,9999.000,9999.000,9999.000
202607271236,   1.165,   2.299,9999.000,9999.000,9999.000,9999.000,9999.000,9999.000,9999.000
202607271242,   1.143,   2.289,9999.000,9999.000,9999.000,9999.000,9999.000,9999.000,9999.000
202607271248,   1.121,   2.269,9999.000,9999.000,9999.000,9999.000,9999.000,9999.000,9999.000
202607271254,   1.100,   2.250,9999.000,9999.000,9999.000,9999.000,9999.000,9999.000,9999.000
202607271300,   1.078,   2.230,   0.900,   0.252,   2.230,   0.900,   2.230,   1.000,   2.330
202607271306,   1.057,   2.210,9999.000,9999.000,9999.000,9999.000,9999.000,9999.000,9999.000
202607271312,   1.036,   2.200,9999.000,9999.000,9999.000,9999.000,9999.000,9999.000,9999.000
202607271318,   1.015,   2.168,9999.000,9999.000,9999.000,9999.000,9999.000,9999.000,9999.000
202607271324,   0.995,   2.158,9999.000,9999.000,9999.000,9999.000,9999.000,9999.000,9999.000
202607271330,   0.975,   2.138,9999.000,9999.000,9999.000,9999.000,9999.000,9999.000,9999.000
202607271336,   0.956,   2.109,9999.000,9999.000,9999.000,9999.000,9999.000,9999.000,9999.000
202607271342,   0.938,   2.109,9999.000,9999.000,9999.000,9999.000,9999.000,9999.000,9999.000
202607271348,   0.920,   2.079,9999.000,9999.000,9999.000,9999.000,9999.000,9999.000,9999.000
202607271354,   0.904,   2.059,9999.000,9999.000,9999.000,9999.000,9999.000,9999.000,9999.000
202607271400,   0.888,   2.049,   0.900,   0.261,   2.049,   0.900,   2.049,   1.000,   2.149
202607271406,   0.873,   2.040,9999.000,9999.000,9999.000,9999.000,9999.000,9999.000,9999.000
202607271412,   0.859,   2.030,9999.000,9999.000,9999.000,9999.000,9999.000,9999.000,9999.000
202607271418,   0.846,   2.020,9999.000,9999.000,9999.000,9999.000,9999.000,9999.000,9999.000
202607271424,   0.833,   1.990,9999.000,9999.000,9999.000,9999.000,9999.000,9999.000,9999.000
202607271430,   0.822,   1.981,9999.000,9999.000,9999.000,9999.000,9999.000,9999.000,9999.000
202607271436,   0.812,   1.990,9999.000,9999.000,9999.000,9999.000,9999.000,9999.000,9999.000
202607271442,   0.803,   1.981,9999.000,9999.000,9999.000,9999.000,9999.000,9999.000,9999.000
202607271448,   0.795,   1.981,9999.000,9999.000,9999.000,9999.000,9999.000,9999.000,9999.000
202607271454,   0.788,   1.948,9999.000,9999.000,9999.000,9999.000,9999.000,9999.000,9999.000
202607271500,   0.782,   1.938,   0.900,   0.256,   1.938,   0.900,   1.938,   1.000,   2.038
202607271506,   0.777,   1.928,9999.000,9999.000,9999.000,9999.000,9999.000,9999.000,9999.000
202607271512,   0.773,   1.918,9999.000,9999.000,9999.000,9999.000,9999.000,9999.000,9999.000
202607271518,   0.770,   1.899,9999.000,9999.000,9999.000,9999.000,9999.000,9999.000,9999.000
202607271524,   0.768,   1.908,9999.000,9999.000,9999.000,9999.000,9999.000,9999.000,9999.000
202607271530,   0.766,   1.889,9999.000,9999.000,9999.000,9999.000,9999.000,9999.000,9999.000
202607271536,   0.766,   1.908,9999.000,9999.000,9999.000,9999.000,9999.000,9999.000,9999.000
202607271542,   0.766,   1.899,9999.000,9999.000,9999.000,9999.000,9999.000,9999.000,9999.000
202607271548,   0.767,   1.899,9999.000,9999.000,9999.000,9999.000,9999.000,9999.000,9999.000
202607271554,   0.768,   1.908,9999.000,9999.000,9999.000,9999.000,9999.000,9999.000,9999.000
202607271600,   0.770,   1.908,   0.900,   0.238,   1.908,   0.900,   1.908,   1.000,   2.008
202607271606,   0.773,   1.908,9999.000,9999.000,9999.000,9999.000,9999.000,9999.000,9999.000
202607271612,   0.777,   1.908,9999.000,9999.000,9999.000,9999.000,9999.000,9999.000,9999.000
202607271618,   0.781,   1.908,9999.000,9999.000,9999.000,9999.000,9999.000,9999.000,9999.000
202607271624,   0.785,   1.908,9999.000,9999.000,9999.000,9999.000,9999.000,9999.000,9999.000
202607271630,   0.790,   1.918,9999.000,9999.000,9999.000,9999.000,9999.000,9999.000,9999.000
202607271636,   0.795,   1.918,9999.000,9999.000,9999.000,9999.000,9999.000,9999.000,9999.000
202607271642,   0.801,   1.928,9999.000,9999.000,9999.000,9999.000,9999.000,9999.000,9999.000
202607271648,   0.807,   1.938,9999.000,9999.000,9999.000,9999.000,9999.000,9999.000,9999.000
202607271654,   0.814,   1.958,9999.000,9999.000,9999.000,9999.000,9999.000,9999.000,9999.000
202607271700,   0.821,   1.958,   0.900,   0.237,   1.958,   0.900,   1.958,   1.000,   2.058
202607271706,   0.828,   1.958,9999.000,9999.000,9999.000,9999.000,9999.000,9999.000,9999.000
202607271712,   0.836,   1.967,9999.000,9999.000,9999.000,9999.000,9999.000,9999.000,9999.000
202607271718,   0.844,   1.967,9999.000,9999.000,9999.000,9999.000,9999.000,9999.000,9999.000
202607271724,   0.852,   1.990,9999.000,9999.000,9999.000,9999.000,9999.000,9999.000,9999.000
202607271730,   0.860,   2.000,9999.000,9999.000,9999.000,9999.000,9999.000,9999.000,9999.000
202607271736,   0.869,   1.990,9999.000,9999.000,9999.000,9999.000,9999.000,9999.000,9999.000
202607271742,   0.878,   2.000,9999.000,9999.000,9999.000,9999.000,9999.000,9999.000,9999.000
202607271748,   0.887,   2.010,9999.000,9999.000,9999.000,9999.000,9999.000,9999.000,9999.000
202607271754,   0.897,   2.000,9999.000,9999.000,9999.000,9999.000,9999.000,9999.000,9999.000
202607271800,   0.906,   2.010,   0.900,   0.204,   2.010,   0.900,   2.010,   0.900,   2.010
202607271806,   0.916,   2.020,9999.000,9999.000,9999.000,9999.000,9999.000,9999.000,9999.000
202607271812,   0.926,   2.020,9999.000,9999.000,9999.000,9999.000,9999.000,9999.000,9999.000
202607271818,   0.936,   2.010,9999.000,9999.000,9999.000,9999.000,9999.000,9999.000,9999.000
202607271824,   0.946,   2.020,9999.000,9999.000,9999.000,9999.000,9999.000,9999.000,9999.000
202607271830,   0.956,   2.030,9999.000,9999.000,9999.000,9999.000,9999.000,9999.000,9999.000
202607271836,   0.966,   2.030,9999.000,9999.000,9999.000,9999.000,9999.000,9999.000,9999.000
202607271842,   0.976,   2.030,9999.000,9999.000,9999.000,9999.000,9999.000,9999.000,9999.000
202607271848,   0.986,   2.040,9999.000,9999.000,9999.000,9999.000,9999.000,9999.000,9999.000
202607271854,   0.996,   2.049,9999.000,9999.000,9999.000,9999.000,9999.000,9999.000,9999.000
202607271900,   1.005,   2.040,   0.900,   0.135,   2.040,   0.900,   2.040,   0.900,   2.040
202607271906,   1.014,   2.049,9999.000,9999.000,9999.000,9999.000,9999.000,9999.000,9999.000
202607271912,   1.023,   2.049,9999.000,9999.000,9999.000,9999.000,9999.000,9999.000,9999.000
202607271918,   1.031,   2.049,9999.000,9999.000,9999.000,9999.000,9999.000,9999.000,9999.000
202607271924,   1.039,   2.049,9999.000,9999.000,9999.000,9999.000,9999.000,9999.000,9999.000
202607271930,   1.047,   2.049,9999.000,9999.000,9999.000,9999.000,9999.000,9999.000,9999.000
202607271936,   1.053,   2.059,9999.000,9999.000,9999.000,9999.000,9999.000,9999.000,9999.000
202607271942,   1.059,   2.040,9999.000,9999.000,9999.000,9999.000,9999.000,9999.000,9999.000
202607271948,   1.065,   2.040,9999.000,9999.000,9999.000,9999.000,9999.000,9999.000,9999.000
202607271954,   1.069,   2.040,9999.000,9999.000,9999.000,9999.000,9999.000,9999.000,9999.000
202607272000,   1.073,   2.030,   0.900,   0.057,   2.030,   0.900,   2.030,   1.000,   2.130
202607272006,   1.076,   2.020,9999.000,9999.000,9999.000,9999.000,9999.000,9999.000,9999.000
202607272012,   1.078,   2.020,9999.000,9999.000,9999.000,9999.000,9999.000,9999.000,9999.000
202607272018,   1.079,   2.020,9999.000,9999.000,9999.000,9999.000,9999.000,9999.000,9999.000
202607272024,   1.079,   2.020,9999.000,9999.000,9999.000,9999.000,9999.000,9999.000,9999.000
202607272030,   1.078,   2.010,9999.000,9999.000,9999.000,9999.000,9999.000,9999.000,9999.000
202607272036,   1.076,   2.000,9999.000,9999.000,9999.000,9999.000,9999.000,9999.000,9999.000
202607272042,   1.074,   1.990,9999.000,9999.000,9999.000,9999.000,9999.000,9999.000,9999.000
202607272048,   1.070,   1.990,9999.000,9999.000,9999.000,9999.000,9999.000,9999.000,9999.000
202607272054,   1.066,   1.990,9999.000,9999.000,9999.000,9999.000,9999.000,9999.000,9999.000
202607272100,   1.060,   1.967,   0.900,   0.007,   1.967,   0.900,   1.967,   1.000,   2.067
202607272106,   1.054,   1.948,9999.000,9999.000,9999.000,9999.000,9999.000,9999.000,9999.000
202607272112,   1.046,   1.938,9999.000,9999.000,9999.000,9999.000,9999.000,9999.000,9999.000
202607272118,   1.038,   1.928,9999.000,9999.000,9999.000,9999.000,9999.000,9999.000,9999.000
202607272124,   1.030,   1.918,9999.000,9999.000,9999.000,9999.000,9999.000,9999.000,9999.000
202607272130,   1.020,   1.899,9999.000,9999.000,9999.000,9999.000,9999.000,9999.000,9999.000
202607272136,   1.010,   1.879,9999.000,9999.000,9999.000,9999.000,9999.000,9999.000,9999.000
202607272142,   0.999,   1.859,9999.000,9999.000,9999.000,9999.000,9999.000,9999.000,9999.000
202607272148,   0.987,   1.840,9999.000,9999.000,9999.000,9999.000,9999.000,9999.000,9999.000
202607272154,   0.975,   1.820,9999.000,9999.000,9999.000,9999.000,9999.000,9999.000,9999.000
202607272200,   0.963,   1.820,   0.900,  -0.043,   1.820,   0.900,   1.820,   1.000,   1.920
202607272206,   0.950,   1.781,9999.000,9999.000,9999.000,9999.000,9999.000,9999.000,9999.000
202607272212,   0.936,   1.767,9999.000,9999.000,9999.000,9999.000,9999.000,9999.000,9999.000
202607272218,   0.922,   1.748,9999.000,9999.000,9999.000,9999.000,9999.000,9999.000,9999.000
202607272224,   0.908,   1.728,9999.000,9999.000,9999.000,9999.000,9999.000,9999.000,9999.000
202607272230,   0.894,   1.708,9999.000,9999.000,9999.000,9999.000,9999.000,9999.000,9999.000
202607272236,   0.879,   1.689,9999.000,9999.000,9999.000,9999.000,9999.000,9999.000,9999.000
202607272242,   0.864,   1.679,9999.000,9999.000,9999.000,9999.000,9999.000,9999.000,9999.000
202607272248,   0.849,   1.669,9999.000,9999.000,9999.000,9999.000,9999.000,9999.000,9999.000
202607272254,   0.834,   1.669,9999.000,9999.000,9999.000,9999.000,9999.000,9999.000,9999.000
202607272300,   0.819,   1.630,   0.900,  -0.089,   1.630,   0.900,   1.630,   1.000,   1.730
202607272306,   0.803,   1.620,9999.000,9999.000,9999.000,9999.000,9999.000,9999.000,9999.000
202607272312,   0.788,   1.600,9999.000,9999.000,9999.000,9999.000,9999.000,9999.000,9999.000
202607272318,   0.772,   1.580,9999.000,9999.000,9999.000,9999.000,9999.000,9999.000,9999.000
202607272324,   0.757,   1.548,9999.000,9999.000,9999.000,9999.000,9999.000,9999.000,9999.000
202607272330,   0.741,   1.528,9999.000,9999.000,9999.000,9999.000,9999.000,9999.000,9999.000
202607272336,   0.726,   1.508,9999.000,9999.000,9999.000,9999.000,9999.000,9999.000,9999.000
202607272342,   0.710,   1.508,9999.000,9999.000,9999.000,9999.000,9999.000,9999.000,9999.000
202607272348,   0.695,   1.508,9999.000,9999.000,9999.000,9999.000,9999.000,9999.000,9999.000
202607272354,   0.679,   1.479,9999.000,9999.000,9999.000,9999.000,9999.000,9999.000,9999.000
202607280000,   0.664,   1.459,   0.900,  -0.105,   1.459,   0.900,   1.459,   0.900,   1.459
202607280006,   0.648,   1.449,9999.000,9999.000,9999.000,9999.000,9999.000,9999.000,9999.000
202607280012,   0.633,   1.439,9999.000,9999.000,9999.000,9999.000,9999.000,9999.000,9999.000
202607280018,   0.618,   1.430,9999.000,9999.000,9999.000,9999.000,9999.000,9999.000,9999.000
202607280024,   0.603,   1.410,9999.000,9999.000,9999.000,9999.000,9999.000,9999.000,9999.000
202607280030,   0.589,   1.410,9999.000,9999.000,9999.000,9999.000,9999.000,9999.000,9999.000
202607280036,   0.574,   1.400,9999.000,9999.000,9999.000,9999.000,9999.000,9999.000,9999.000
202607280042,   0.560,   1.390,9999.000,9999.000,9999.000,9999.000,9999.000,9999.000,9999.000
202607280048,   0.547,   1.371,9999.000,9999.000,9999.000,9999.000,9999.000,9999.000,9999.000
202607280054,   0.533,   1.348,9999.000,9999.000,9999.000,9999.000,9999.000,9999.000,9999.000
202607280100,   0.521,   1.338,   0.900,  -0.083,   1.338,   0.900,   1.338,   0.900,   1.338
202607280106,   0.509,   1.338,9999.000,9999.000,9999.000,9999.000,9999.000,9999.000,9999.000
202607280112,   0.497,   1.298,9999.000,9999.000,9999.000,9999.000,9999.000,9999.000,9999.000
202607280118,   0.486,   1.269,9999.000,9999.000,9999.000,9999.000,9999.000,9999.000,9999.000
202607280124,   0.476,   1.259,9999.000,9999.000,9999.000,9999.000,9999.000,9999.000,9999.000
202607280130,   0.467,   1.259,9999.000,9999.000,9999.000,9999.000,9999.000,9999.000,9999.000
202607280136,   0.459,   1.249,9999.000,9999.000,9999.000,9999.000,9999.000,9999.000,9999.000
202607280142,   0.451,   1.249,9999.000,9999.000,9999.000,9999.000,9999.000,9999.000,9999.000
202607280148,   0.445,   1.229,9999.000,9999.000,9999.000,9999.000,9999.000,9999.000,9999.000
202607280154,   0.440,   1.229,9999.000,9999.000,9999.000,9999.000,9999.000,9999.000,9999.000
202607280200,   0.436,   1.239,   0.900,  -0.097,   1.239,   0.900,   1.239,   0.900,   1.239
202607280206,   0.433,   1.239,9999.000,9999.000,9999.000,9999.000,9999.000,9999.000,9999.000
202607280212,   0.432,   1.229,9999.000,9999.000,9999.000,9999.000,9999.000,9999.000,9999.000
202607280218,   0.431,   1.229,9999.000,9999.000,9999.000,9999.000,9999.000,9999.000,9999.000
202607280224,   0.432,   1.239,9999.000,9999.000,9999.000,9999.000,9999.000,9999.000,9999.000
202607280230,   0.435,   1.229,9999.000,9999.000,9999.000,9999.000,9999.000,9999.000,9999.000
202607280236,   0.439,   1.220,9999.000,9999.000,9999.000,9999.000,9999.000,9999.000,9999.000
202607280242,   0.444,   1.229,9999.000,9999.000,9999.000,9999.000,9999.000,9999.000,9999.000
202607280248,   0.451,   1.239,9999.000,9999.000,9999.000,9999.000,9999.000,9999.000,9999.000
202607280254,   0.459,   1.229,9999.000,9999.000,9999.000,9999.000,9999.000,9999.000,9999.000
202607280300,   0.468,   1.239,   0.900,  -0.129,   1.239,   0.900,   1.239,   1.000,   1.339
202607280306,   0.479,   1.249,9999.000,9999.000,9999.000,9999.000,9999.000,9999.000,9999.000
202607280312,   0.491,   1.269,9999.000,9999.000,9999.000,9999.000,9999.000,9999.000,9999.000
202607280318,   0.504,   1.289,9999.000,9999.000,9999.000,9999.000,9999.000,9999.000,9999.000
202607280324,   0.519,   1.298,9999.000,9999.000,9999.000,9999.000,9999.000,9999.000,9999.000
202607280330,   0.535,   1.289,9999.000,9999.000,9999.000,9999.000,9999.000,9999.000,9999.000
202607280336,   0.552,   1.298,9999.000,9999.000,9999.000,9999.000,9999.000,9999.000,9999.000
202607280342,   0.570,   1.328,9999.000,9999.000,9999.000,9999.000,9999.000,9999.000,9999.000
202607280348,   0.589,   1.348,9999.000,9999.000,9999.000,9999.000,9999.000,9999.000,9999.000
202607280354,   0.609,   1.371,9999.000,9999.000,9999.000,9999.000,9999.000,9999.000,9999.000
202607280400,   0.630,   1.390,   0.900,  -0.140,   1.390,   0.900,   1.390,   1.000,   1.490
202607280406,   0.652,   1.400,9999.000,9999.000,9999.000,9999.000,9999.000,9999.000,9999.000
202607280412,   0.674,   1.439,9999.000,9999.000,9999.000,9999.000,9999.000,9999.000,9999.000
202607280418,   0.698,   1.469,9999.000,9999.000,9999.000,9999.000,9999.000,9999.000,9999.000
202607280424,   0.721,   1.508,9999.000,9999.000,9999.000,9999.000,9999.000,9999.000,9999.000
202607280430,   0.746,   1.528,9999.000,9999.000,9999.000,9999.000,9999.000,9999.000,9999.000
202607280436,   0.771,   1.548,9999.000,9999.000,9999.000,9999.000,9999.000,9999.000,9999.000
202607280442,   0.796,   1.571,9999.000,9999.000,9999.000,9999.000,9999.000,9999.000,9999.000
202607280448,   0.821,   1.610,9999.000,9999.000,9999.000,9999.000,9999.000,9999.000,9999.000
202607280454,   0.847,   1.630,9999.000,9999.000,9999.000,9999.000,9999.000,9999.000,9999.000
202607280500,   0.873,   1.659,   0.900,  -0.114,   1.659,   0.900,   1.659,   1.000,   1.759
202607280506,   0.900,   1.679,9999.000,9999.000,9999.000,9999.000,9999.000,9999.000,9999.000
202607280512,   0.926,   1.708,9999.000,9999.000,9999.000,9999.000,9999.000,9999.000,9999.000
202607280518,   0.953,   1.728,9999.000,9999.000,9999.000,9999.000,9999.000,9999.000,9999.000
202607280524,   0.979,   1.748,9999.000,9999.000,9999.000,9999.000,9999.000,9999.000,9999.000
202607280530,   1.006,   1.767,9999.000,9999.000,9999.000,9999.000,9999.000,9999.000,9999.000
202607280536,   1.033,   1.790,9999.000,9999.000,9999.000,9999.000,9999.000,9999.000,9999.000
202607280542,   1.059,   1.810,9999.000,9999.000,9999.000,9999.000,9999.000,9999.000,9999.000
202607280548,   1.086,   1.840,9999.000,9999.000,9999.000,9999.000,9999.000,9999.000,9999.000
202607280554,   1.112,   1.859,9999.000,9999.000,9999.000,9999.000,9999.000,9999.000,9999.000
202607280600,   1.139,   1.899,   0.900,  -0.140,   1.899,   0.900,   1.899,   0.900,   1.899
202607280606,   1.165,   1.938,9999.000,9999.000,9999.000,9999.000,9999.000,9999.000,9999.000
202607280612,   1.191,   1.967,9999.000,9999.000,9999.000,9999.000,9999.000,9999.000,9999.000
202607280618,   1.217,   2.000,9999.000,9999.000,9999.000,9999.000,9999.000,9999.000,9999.000
202607280624,   1.243,   2.030,9999.000,9999.000,9999.000,9999.000,9999.000,9999.000,9999.000
202607280630,   1.268,   2.040,9999.000,9999.000,9999.000,9999.000,9999.000,9999.000,9999.000
202607280636,   1.293,   2.069,9999.000,9999.000,9999.000,9999.000,9999.000,9999.000,9999.000
202607280642,   1.318,   2.089,9999.000,9999.000,9999.000,9999.000,9999.000,9999.000,9999.000
202607280648,   1.342,   2.109,9999.000,9999.000,9999.000,9999.000,9999.000,9999.000,9999.000
202607280654,   1.367,   2.118,9999.000,9999.000,9999.000,9999.000,9999.000,9999.000,9999.000
202607280700,   1.390,   2.138,   0.900,  -0.152,   2.138,   0.900,   2.138,   0.900,   2.138
202607280706,   1.413,   2.168,9999.000,9999.000,9999.000,9999.000,9999.000,9999.000,9999.000
202607280712,   1.436,   2.191,9999.000,9999.000,9999.000,9999.000,9999.000,9999.000,9999.000
202607280718,   1.458,   2.210,9999.000,9999.000,9999.000,9999.000,9999.000,9999.000,9999.000
202607280724,   1.479,   2.240,9999.000,9999.000,9999.000,9999.000,9999.000,9999.000,9999.000
202607280730,   1.500,   2.259,9999.000,9999.000,9999.000,9999.000,9999.000,9999.000,9999.000
202607280736,   1.520,   2.289,9999.000,9999.000,9999.000,9999.000,9999.000,9999.000,9999.000
202607280742,   1.539,   2.299,9999.000,9999.000,9999.000,9999.000,9999.000,9999.000,9999.000
202607280748,   1.557,   2.318,9999.000,9999.000,9999.000,9999.000,9999.000,9999.000,9999.000
202607280754,   1.575,   2.338,9999.000,9999.000,9999.000,9999.000,9999.000,9999.000,9999.000
202607280800,   1.591,   2.358,   0.900,  -0.133,   2.358,   0.900,   2.358,   0.900,   2.358
202607280806,   1.607,   2.368,9999.000,9999.000,9999.000,9999.000,9999.000,9999.000,9999.000
202607280812,   1.621,   2.377,9999.000,9999.000,9999.000,9999.000,9999.000,9999.000,9999.000
202607280818,   1.634,   2.410,9999.000,9999.000,9999.000,9999.000,9999.000,9999.000,9999.000
202607280824,   1.647,   2.420,9999.000,9999.000,9999.000,9999.000,9999.000,9999.000,9999.000
202607280830,   1.658,   2.440,9999.000,9999.000,9999.000,9999.000,9999.000,9999.000,9999.000
202607280836,   1.667,   2.450,9999.000,9999.000,9999.000,9999.000,9999.000,9999.000,9999.000
202607280842,   1.676,   2.450,9999.000,9999.000,9999.000,9999.000,9999.000,9999.000,9999.000
202607280848,   1.683,   2.450,9999.000,9999.000,9999.000,9999.000,9999.000,9999.000,9999.000
202607280854,   1.690,   2.459,9999.000,9999.000,9999.000,9999.000,9999.000,9999.000,9999.000
202607280900,   1.695,   2.469,   0.900,  -0.126,   2.469,   0.900,   2.469,   0.900,   2.469
202607280906,   1.698,   2.469,9999.000,9999.000,9999.000,9999.000,9999.000,9999.000,9999.000
202607280912,   1.701,   2.469,9999.000,9999.000,9999.000,9999.000,9999.000,9999.000,9999.000
202607280918,   1.702,   2.469,9999.000,9999.000,9999.000,9999.000,9999.000,9999.000,9999.000
202607280924,   1.702,   2.469,9999.000,9999.000,9999.000,9999.000,9999.000,9999.000,9999.000
202607280930,   1.701,   2.469,9999.000,9999.000,9999.000,9999.000,9999.000,9999.000,9999.000
202607280936,   1.699,   2.469,9999.000,9999.000,9999.000,9999.000,9999.000,9999.000,9999.000
202607280942,   1.695,   2.459,9999.000,9999.000,9999.000,9999.000,9999.000,9999.000,9999.000
202607280948,   1.691,   2.459,9999.000,9999.000,9999.000,9999.000,9999.000,9999.000,9999.000
202607280954,   1.686,   2.469,9999.000,9999.000,9999.000,9999.000,9999.000,9999.000,9999.000
202607281000,   1.679,   2.440,   0.900,  -0.139,   2.440,   0.900,   2.440,   0.900,   2.440
202607281006,   1.672,   2.440,9999.000,9999.000,9999.000,9999.000,9999.000,9999.000,9999.000
202607281012,   1.664,   2.440,9999.000,9999.000,9999.000,9999.000,9999.000,9999.000,9999.000
202607281018,   1.655,   2.430,9999.000,9999.000,9999.000,9999.000,9999.000,9999.000,9999.000
202607281024,   1.645,   2.410,9999.000,9999.000,9999.000,9999.000,9999.000,9999.000,9999.000
202607281030,   1.635,   2.387,9999.000,9999.000,9999.000,9999.000,9999.000,9999.000,9999.000
202607281036,   1.623,   2.377,9999.000,9999.000,9999.000,9999.000,9999.000,9999.000,9999.000
202607281042,   1.611,   2.368,9999.000,9999.000,9999.000,9999.000,9999.000,9999.000,9999.000
202607281048,   1.599,   2.358,9999.000,9999.000,9999.000,9999.000,9999.000,9999.000,9999.000
202607281054,   1.586,   2.348,9999.000,9999.000,9999.000,9999.000,9999.000,9999.000,9999.000
202607281100,   1.572,   2.338,   0.900,  -0.134,   2.338,   0.900,   2.338,   0.900,   2.338
202607281106,   1.558,   2.338,9999.000,9999.000,9999.000,9999.000,9999.000,9999.000,9999.000
202607281112,   1.543,   2.309,9999.000,9999.000,9999.000,9999.000,9999.000,9999.000,9999.000
202607281118,   1.528,   2.299,9999.000,9999.000,9999.000,9999.000,9999.000,9999.000,9999.000
202607281124,   1.512,   2.299,9999.000,9999.000,9999.000,9999.000,9999.000,9999.000,9999.000
202607281130,   1.496,   2.289,9999.000,9999.000,9999.000,9999.000,9999.000,9999.000,9999.000
202607281136,   1.479,   2.299,9999.000,9999.000,9999.000,9999.000,9999.000,9999.000,9999.000
202607281142,   1.462,   2.259,9999.000,9999.000,9999.000,9999.000,9999.000,9999.000,9999.000
202607281148,   1.444,   2.240,9999.000,9999.000,9999.000,9999.000,9999.000,9999.000,9999.000
202607281154,   1.426,   2.220,9999.000,9999.000,9999.000,9999.000,9999.000,9999.000,9999.000
202607281200,   1.407,   2.220,   0.800,   0.013,   2.220,   0.800,   2.220,   0.800,   2.220
202607281206,   1.388,   2.200,9999.000,9999.000,9999.000,9999.000,9999.000,9999.000,9999.000
202607281212,   1.369,   2.177,9999.000,9999.000,9999.000,9999.000,9999.000,9999.000,9999.000
202607281218,   1.349,   2.148,9999.000,9999.000,9999.000,9999.000,9999.000,9999.000,9999.000
202607281224,   1.329,   2.128,9999.000,9999.000,9999.000,9999.000,9999.000,9999.000,9999.000
202607281230,   1.308,   2.118,9999.000,9999.000,9999.000,9999.000,9999.000,9999.000,9999.000
202607281236,   1.287,   2.099,9999.000,9999.000,9999.000,9999.000,9999.000,9999.000,9999.000
202607281242,   1.266,   2.079,9999.000,9999.000,9999.000,9999.000,9999.000,9999.000,9999.000
202607281248,   1.244,   2.069,9999.000,9999.000,9999.000,9999.000,9999.000,9999.000,9999.000
202607281254,   1.222,   2.049,9999.000,9999.000,9999.000,9999.000,9999.000,9999.000,9999.000
202607281300,   1.200,   2.059,   0.800,   0.059,   2.059,   0.800,   2.059,   0.800,   2.059
202607281306,   1.178,   2.040,9999.000,9999.000,9999.000,9999.000,9999.000,9999.000,9999.000
202607281312,   1.155,   2.000,9999.000,9999.000,9999.000,9999.000,9999.000,9999.000,9999.000
202607281318,   1.133,   1.967,9999.000,9999.000,9999.000,9999.000,9999.000,9999.000,9999.000
202607281324,   1.110,   1.938,9999.000,9999.000,9999.000,9999.000,9999.000,9999.000,9999.000
202607281330,   1.088,   1.908,9999.000,9999.000,9999.000,9999.000,9999.000,9999.000,9999.000
202607281336,   1.066,   1.908,9999.000,9999.000,9999.000,9999.000,9999.000,9999.000,9999.000
202607281342,   1.043,   1.889,9999.000,9999.000,9999.000,9999.000,9999.000,9999.000,9999.000
202607281348,   1.021,   1.899,9999.000,9999.000,9999.000,9999.000,9999.000,9999.000,9999.000
202607281354,   1.000,   1.859,9999.000,9999.000,9999.000,9999.000,9999.000,9999.000,9999.000
202607281400,   0.979,   1.849,   0.800,   0.070,   1.849,   0.800,   1.849,   0.800,   1.849
202607281406,   0.958,   1.820,9999.000,9999.000,9999.000,9999.000,9999.000,9999.000,9999.000
202607281412,   0.938,   1.790,9999.000,9999.000,9999.000,9999.000,9999.000,9999.000,9999.000
202607281418,   0.918,   1.758,9999.000,9999.000,9999.000,9999.000,9999.000,9999.000,9999.000
202607281424,   0.899,   1.758,9999.000,9999.000,9999.000,9999.000,9999.000,9999.000,9999.000
202607281430,   0.881,   1.738,9999.000,9999.000,9999.000,9999.000,9999.000,9999.000,9999.000
202607281436,   0.864,   1.718,9999.000,9999.000,9999.000,9999.000,9999.000,9999.000,9999.000
202607281442,   0.848,   1.689,9999.000,9999.000,9999.000,9999.000,9999.000,9999.000,9999.000
202607281448,   0.832,   1.689,9999.000,9999.000,9999.000,9999.000,9999.000,9999.000,9999.000
202607281454,   0.818,   1.689,9999.000,9999.000,9999.000,9999.000,9999.000,9999.000,9999.000
202607281500,   0.805,   1.689,   0.800,   0.084,   1.689,   0.800,   1.689,   0.900,   1.789
202607281506,   0.793,   1.669,9999.000,9999.000,9999.000,9999.000,9999.000,9999.000,9999.000
202607281512,   0.781,   1.649,9999.000,9999.000,9999.000,9999.000,9999.000,9999.000,9999.000
202607281518,   0.771,   1.639,9999.000,9999.000,9999.000,9999.000,9999.000,9999.000,9999.000
202607281524,   0.762,   1.630,9999.000,9999.000,9999.000,9999.000,9999.000,9999.000,9999.000
202607281530,   0.755,   1.639,9999.000,9999.000,9999.000,9999.000,9999.000,9999.000,9999.000
202607281536,   0.748,   1.630,9999.000,9999.000,9999.000,9999.000,9999.000,9999.000,9999.000
202607281542,   0.742,   1.649,9999.000,9999.000,9999.000,9999.000,9999.000,9999.000,9999.000
202607281548,   0.738,   1.639,9999.000,9999.000,9999.000,9999.000,9999.000,9999.000,9999.000
202607281554,   0.735,   1.630,9999.000,9999.000,9999.000,9999.000,9999.000,9999.000,9999.000
202607281600,   0.732,   1.639,   0.800,   0.107,   1.639,   0.800,   1.639,   0.900,   1.739
202607281606,   0.731,   1.630,9999.000,9999.000,9999.000,9999.000,9999.000,9999.000,9999.000
202607281612,   0.730,   1.649,9999.000,9999.000,9999.000,9999.000,9999.000,9999.000,9999.000
202607281618,   0.731,   1.639,9999.000,9999.000,9999.000,9999.000,9999.000,9999.000,9999.000
202607281624,   0.732,   1.649,9999.000,9999.000,9999.000,9999.000,9999.000,9999.000,9999.000
202607281630,   0.734,   1.669,9999.000,9999.000,9999.000,9999.000,9999.000,9999.000,9999.000
202607281636,   0.737,   1.689,9999.000,9999.000,9999.000,9999.000,9999.000,9999.000,9999.000
202607281642,   0.741,   1.708,9999.000,9999.000,9999.000,9999.000,9999.000,9999.000,9999.000
202607281648,   0.745,   1.718,9999.000,9999.000,9999.000,9999.000,9999.000,9999.000,9999.000
202607281654,   0.751,   1.738,9999.000,9999.000,9999.000,9999.000,9999.000,9999.000,9999.000
202607281700,   0.756,   1.748,   0.900,   0.092,   1.748,   0.800,   1.648,   0.900,   1.748
202607281706,   0.762,   1.767,9999.000,9999.000,9999.000,9999.000,9999.000,9999.000,9999.000
202607281712,   0.769,   1.800,9999.000,9999.000,9999.000,9999.000,9999.000,9999.000,9999.000
202607281718,   0.776,   1.840,9999.000,9999.000,9999.000,9999.000,9999.000,9999.000,9999.000
202607281724,   0.784,   1.830,9999.000,9999.000,9999.000,9999.000,9999.000,9999.000,9999.000
202607281730,   0.792,   1.820,9999.000,9999.000,9999.000,9999.000,9999.000,9999.000,9999.000
202607281736,   0.800,   1.849,9999.000,9999.000,9999.000,9999.000,9999.000,9999.000,9999.000
202607281742,   0.809,   1.889,9999.000,9999.000,9999.000,9999.000,9999.000,9999.000,9999.000
202607281748,   0.818,   1.869,9999.000,9999.000,9999.000,9999.000,9999.000,9999.000,9999.000
202607281754,   0.827,   1.889,9999.000,9999.000,9999.000,9999.000,9999.000,9999.000,9999.000
202607281800,   0.837,   1.918,   0.900,   0.181,   1.918,   0.900,   1.918,   0.900,   1.918
202607281806,   0.847,   1.918,9999.000,9999.000,9999.000,9999.000,9999.000,9999.000,9999.000
202607281812,   0.857,   1.948,9999.000,9999.000,9999.000,9999.000,9999.000,9999.000,9999.000
202607281818,   0.867,   1.948,9999.000,9999.000,9999.000,9999.000,9999.000,9999.000,9999.000
202607281824,   0.878,   1.981,9999.000,9999.000,9999.000,9999.000,9999.000,9999.000,9999.000
202607281830,   0.888,   1.981,9999.000,9999.000,9999.000,9999.000,9999.000,9999.000,9999.000
202607281836,   0.899,   2.000,9999.000,9999.000,9999.000,9999.000,9999.000,9999.000,9999.000
202607281842,   0.910,   2.010,9999.000,9999.000,9999.000,9999.000,9999.000,9999.000,9999.000
202607281848,   0.921,   2.020,9999.000,9999.000,9999.000,9999.000,9999.000,9999.000,9999.000
202607281854,   0.933,   2.049,9999.000,9999.000,9999.000,9999.000,9999.000,9999.000,9999.000
202607281900,   0.944,   2.069,   0.900,   0.225,   2.069,   0.900,   2.069,   1.000,   2.169
202607281906,   0.955,   2.089,9999.000,9999.000,9999.000,9999.000,9999.000,9999.000,9999.000
202607281912,   0.967,   2.109,9999.000,9999.000,9999.000,9999.000,9999.000,9999.000,9999.000
202607281918,   0.978,   2.099,9999.000,9999.000,9999.000,9999.000,9999.000,9999.000,9999.000
202607281924,   0.989,   2.118,9999.000,9999.000,9999.000,9999.000,9999.000,9999.000,9999.000
202607281930,   1.000,   2.109,9999.000,9999.000,9999.000,9999.000,9999.000,9999.000,9999.000
202607281936,   1.011,   2.109,9999.000,9999.000,9999.000,9999.000,9999.000,9999.000,9999.000
202607281942,   1.022,   2.118,9999.000,9999.000,9999.000,9999.000,9999.000,9999.000,9999.000
202607281948,   1.032,   2.138,9999.000,9999.000,9999.000,9999.000,9999.000,9999.000,9999.000
202607281954,   1.042,   2.138,9999.000,9999.000,9999.000,9999.000,9999.000,9999.000,9999.000
202607282000,   1.052,   2.177,   0.900,   0.225,   2.177,   0.900,   2.177,   1.000,   2.277
202607282006,   1.061,   2.200,9999.000,9999.000,9999.000,9999.000,9999.000,9999.000,9999.000
202607282012,   1.069,   2.250,9999.000,9999.000,9999.000,9999.000,9999.000,9999.000,9999.000
202607282018,   1.077,   2.240,9999.000,9999.000,9999.000,9999.000,9999.000,9999.000,9999.000
202607282024,   1.085,   2.309,9999.000,9999.000,9999.000,9999.000,9999.000,9999.000,9999.000
202607282030,   1.091,   2.309,9999.000,9999.000,9999.000,9999.000,9999.000,9999.000,9999.000
202607282036,   1.097,   2.318,9999.000,9999.000,9999.000,9999.000,9999.000,9999.000,9999.000
202607282042,   1.102,   2.368,9999.000,9999.000,9999.000,9999.000,9999.000,9999.000,9999.000
202607282048,   1.106,   2.318,9999.000,9999.000,9999.000,9999.000,9999.000,9999.000,9999.000
202607282054,   1.110,   2.299,9999.000,9999.000,9999.000,9999.000,9999.000,9999.000,9999.000
202607282100,   1.112,   2.358,   0.900,   0.346,   2.358,   0.900,   2.358,   1.000,   2.458
202607282106,   1.114,   2.377,9999.000,9999.000,9999.000,9999.000,9999.000,9999.000,9999.000
202607282112,   1.114,   2.358,9999.000,9999.000,9999.000,9999.000,9999.000,9999.000,9999.000
202607282118,   1.113,   2.358,9999.000,9999.000,9999.000,9999.000,9999.000,9999.000,9999.000
202607282124,   1.112,   2.400,9999.000,9999.000,9999.000,9999.000,9999.000,9999.000,9999.000
202607282130,   1.109,   2.400,9999.000,9999.000,9999.000,9999.000,9999.000,9999.000,9999.000
202607282136,   1.106,   2.377,9999.000,9999.000,9999.000,9999.000,9999.000,9999.000,9999.000
202607282142,   1.101,   2.377,9999.000,9999.000,9999.000,9999.000,9999.000,9999.000,9999.000
202607282148,   1.096,   2.377,9999.000,9999.000,9999.000,9999.000,9999.000,9999.000,9999.000
202607282154,   1.090,   2.420,9999.000,9999.000,9999.000,9999.000,9999.000,9999.000,9999.000
202607282200,   1.082,   2.410,   1.000,   0.328,   2.410,   0.900,   2.310,   1.000,   2.410
202607282206,   1.074,   2.410,9999.000,9999.000,9999.000,9999.000,9999.000,9999.000,9999.000
202607282212,   1.065,   2.420,9999.000,9999.000,9999.000,9999.000,9999.000,9999.000,9999.000
202607282218,   1.055,   2.430,9999.000,9999.000,9999.000,9999.000,9999.000,9999.000,9999.000
202607282224,   1.045,   2.400,9999.000,9999.000,9999.000,9999.000,9999.000,9999.000,9999.000
202607282230,   1.034,   2.410,9999.000,9999.000,9999.000,9999.000,9999.000,9999.000,9999.000
202607282236,   1.022,   2.410,9999.000,9999.000,9999.000,9999.000,9999.000,9999.000,9999.000
202607282242,   1.009,   2.377,9999.000,9999.000,9999.000,9999.000,9999.000,9999.000,9999.000
202607282248,   0.996,   2.279,9999.000,9999.000,9999.000,9999.000,9999.000,9999.000,9999.000
202607282254,   0.983,   2.289,9999.000,9999.000,9999.000,9999.000,9999.000,9999.000,9999.000
202607282300,   0.969,   2.459,   1.000,   0.490,   2.459,   0.900,   2.359,   1.000,   2.459
202607282306,   0.955,   2.528,9999.000,9999.000,9999.000,9999.000,9999.000,9999.000,9999.000
202607282312,   0.940,   2.620,9999.000,9999.000,9999.000,9999.000,9999.000,9999.000,9999.000
202607282318,   0.925,   2.519,9999.000,9999.000,9999.000,9999.000,9999.000,9999.000,9999.000
202607282324,   0.910,   2.338,9999.000,9999.000,9999.000,9999.000,9999.000,9999.000,9999.000
202607282330,   0.894,   2.309,9999.000,9999.000,9999.000,9999.000,9999.000,9999.000,9999.000
202607282336,   0.879,   2.289,9999.000,9999.000,9999.000,9999.000,9999.000,9999.000,9999.000
202607282342,   0.863,   2.299,9999.000,9999.000,9999.000,9999.000,9999.000,9999.000,9999.000
202607282348,   0.847,   2.309,9999.000,9999.000,9999.000,9999.000,9999.000,9999.000,9999.000
202607282354,   0.831,   2.210,9999.000,9999.000,9999.000,9999.000,9999.000,9999.000,9999.000
202607290000,   0.815,   2.177,   0.900,   0.462,   2.177,   0.900,   2.177,   1.000,   2.277
202607290006,   0.799,   2.099,9999.000,9999.000,9999.000,9999.000,9999.000,9999.000,9999.000
202607290012,   0.782,   2.059,9999.000,9999.000,9999.000,9999.000,9999.000,9999.000,9999.000
202607290018,   0.766,   2.109,9999.000,9999.000,9999.000,9999.000,9999.000,9999.000,9999.000
202607290024,   0.750,   2.089,9999.000,9999.000,9999.000,9999.000,9999.000,9999.000,9999.000
202607290030,   0.734,   2.069,9999.000,9999.000,9999.000,9999.000,9999.000,9999.000,9999.000
202607290036,   0.718,   2.049,9999.000,9999.000,9999.000,9999.000,9999.000,9999.000,9999.000
202607290042,   0.702,   1.958,9999.000,9999.000,9999.000,9999.000,9999.000,9999.000,9999.000
202607290048,   0.686,   1.928,9999.000,9999.000,9999.000,9999.000,9999.000,9999.000,9999.000
202607290054,   0.670,   1.938,9999.000,9999.000,9999.000,9999.000,9999.000,9999.000,9999.000
202607290100,   0.654,   1.908,   0.900,   0.354,   1.908,   0.900,   1.908,   1.000,   2.008
202607290106,   0.638,   1.928,9999.000,9999.000,9999.000,9999.000,9999.000,9999.000,9999.000
202607290112,   0.623,   1.938,9999.000,9999.000,9999.000,9999.000,9999.000,9999.000,9999.000
202607290118,   0.608,   1.948,9999.000,9999.000,9999.000,9999.000,9999.000,9999.000,9999.000
202607290124,   0.593,   1.918,9999.000,9999.000,9999.000,9999.000,9999.000,9999.000,9999.000
202607290130,   0.579,   1.849,9999.000,9999.000,9999.000,9999.000,9999.000,9999.000,9999.000
202607290136,   0.565,   1.879,9999.000,9999.000,9999.000,9999.000,9999.000,9999.000,9999.000
202607290142,   0.551,   1.889,9999.000,9999.000,9999.000,9999.000,9999.000,9999.000,9999.000
202607290148,   0.538,   1.918,9999.000,9999.000,9999.000,9999.000,9999.000,9999.000,9999.000
202607290154,   0.526,   1.899,9999.000,9999.000,9999.000,9999.000,9999.000,9999.000,9999.000
202607290200,   0.514,   1.800,   0.900,   0.386,   1.800,   0.800,   1.700,   1.000,   1.900
202607290206,   0.503,   1.728,9999.000,9999.000,9999.000,9999.000,9999.000,9999.000,9999.000
202607290212,   0.493,   1.679,9999.000,9999.000,9999.000,9999.000,9999.000,9999.000,9999.000
202607290218,   0.483,   1.649,9999.000,9999.000,9999.000,9999.000,9999.000,9999.000,9999.000
202607290224,   0.475,   1.659,9999.000,9999.000,9999.000,9999.000,9999.000,9999.000,9999.000
202607290230,   0.467,   1.649,9999.000,9999.000,9999.000,9999.000,9999.000,9999.000,9999.000
202607290236,   0.461,   1.659,9999.000,9999.000,9999.000,9999.000,9999.000,9999.000,9999.000
202607290242,   0.456,   1.649,9999.000,9999.000,9999.000,9999.000,9999.000,9999.000,9999.000
202607290248,   0.452,   1.649,9999.000,9999.000,9999.000,9999.000,9999.000,9999.000,9999.000
202607290254,   0.449,   1.639,9999.000,9999.000,9999.000,9999.000,9999.000,9999.000,9999.000
202607290300,   0.447,   1.620,   0.900,   0.273,   1.620,   0.800,   1.520,   1.000,   1.720
202607290306,   0.447,   1.649,9999.000,9999.000,9999.000,9999.000,9999.000,9999.000,9999.000
202607290312,   0.448,   1.669,9999.000,9999.000,9999.000,9999.000,9999.000,9999.000,9999.000
202607290318,   0.451,   1.659,9999.000,9999.000,9999.000,9999.000,9999.000,9999.000,9999.000
202607290324,   0.455,   1.639,9999.000,9999.000,9999.000,9999.000,9999.000,9999.000,9999.000
202607290330,   0.460,   1.630,9999.000,9999.000,9999.000,9999.000,9999.000,9999.000,9999.000
202607290336,   0.467,   1.620,9999.000,9999.000,9999.000,9999.000,9999.000,9999.000,9999.000
202607290342,   0.476,   1.620,9999.000,9999.000,9999.000,9999.000,9999.000,9999.000,9999.000
202607290348,   0.486,   1.620,9999.000,9999.000,9999.000,9999.000,9999.000,9999.000,9999.000
202607290354,   0.497,   1.620,9999.000,9999.000,9999.000,9999.000,9999.000,9999.000,9999.000
202607290400,   0.509,   1.610,   0.900,   0.201,   1.610,   0.800,   1.510,   1.000,   1.710
202607290406,   0.523,   1.610,9999.000,9999.000,9999.000,9999.000,9999.000,9999.000,9999.000
202607290412,   0.538,   1.600,9999.000,9999.000,9999.000,9999.000,9999.000,9999.000,9999.000
202607290418,   0.555,   1.600,9999.000,9999.000,9999.000,9999.000,9999.000,9999.000,9999.000
202607290424,   0.573,   1.600,9999.000,9999.000,9999.000,9999.000,9999.000,9999.000,9999.000
202607290430,   0.591,   1.630,9999.000,9999.000,9999.000,9999.000,9999.000,9999.000,9999.000
202607290436,   0.611,   1.639,9999.000,9999.000,9999.000,9999.000,9999.000,9999.000,9999.000
202607290442,   0.632,   1.659,9999.000,9999.000,9999.000,9999.000,9999.000,9999.000,9999.000
202607290448,   0.654,   1.649,9999.000,9999.000,9999.000,9999.000,9999.000,9999.000,9999.000
202607290454,   0.676,   1.649,9999.000,9999.000,9999.000,9999.000,9999.000,9999.000,9999.000
202607290500,   0.699,   1.669,   0.900,   0.070,   1.669,   0.800,   1.569,   1.000,   1.769
202607290506,   0.723,   1.679,9999.000,9999.000,9999.000,9999.000,9999.000,9999.000,9999.000
202607290512,   0.748,   1.679,9999.000,9999.000,9999.000,9999.000,9999.000,9999.000,9999.000
202607290518,   0.773,   1.689,9999.000,9999.000,9999.000,9999.000,9999.000,9999.000,9999.000
202607290524,   0.799,   1.679,9999.000,9999.000,9999.000,9999.000,9999.000,9999.000,9999.000
202607290530,   0.825,   1.718,9999.000,9999.000,9999.000,9999.000,9999.000,9999.000,9999.000
202607290536,   0.851,   1.748,9999.000,9999.000,9999.000,9999.000,9999.000,9999.000,9999.000
202607290542,   0.877,   1.767,9999.000,9999.000,9999.000,9999.000,9999.000,9999.000,9999.000
202607290548,   0.904,   1.810,9999.000,9999.000,9999.000,9999.000,9999.000,9999.000,9999.000
202607290554,   0.931,   1.840,9999.000,9999.000,9999.000,9999.000,9999.000,9999.000,9999.000
202607290600,   0.958,   1.840,   0.900,  -0.018,   1.840,   0.900,   1.840,   1.000,   1.940
202607290606,   0.985,   1.859,9999.000,9999.000,9999.000,9999.000,9999.000,9999.000,9999.000
202607290612,   1.012,   1.879,9999.000,9999.000,9999.000,9999.000,9999.000,9999.000,9999.000
202607290618,   1.039,   1.918,9999.000,9999.000,9999.000,9999.000,9999.000,9999.000,9999.000
202607290624,   1.066,   1.938,9999.000,9999.000,9999.000,9999.000,9999.000,9999.000,9999.000
202607290630,   1.093,   1.967,9999.000,9999.000,9999.000,9999.000,9999.000,9999.000,9999.000
202607290636,   1.120,   1.990,9999.000,9999.000,9999.000,9999.000,9999.000,9999.000,9999.000
202607290642,   1.147,   2.010,9999.000,9999.000,9999.000,9999.000,9999.000,9999.000,9999.000
202607290648,   1.173,   2.020,9999.000,9999.000,9999.000,9999.000,9999.000,9999.000,9999.000
202607290654,   1.199,   2.040,9999.000,9999.000,9999.000,9999.000,9999.000,9999.000,9999.000
202607290700,   1.225,   2.069,   0.900,  -0.056,   2.069,   0.900,   2.069,   1.000,   2.169
202607290706,   1.251,   2.099,9999.000,9999.000,9999.000,9999.000,9999.000,9999.000,9999.000
202607290712,   1.276,   2.128,9999.000,9999.000,9999.000,9999.000,9999.000,9999.000,9999.000
202607290718,   1.301,   2.128,9999.000,9999.000,9999.000,9999.000,9999.000,9999.000,9999.000
202607290724,   1.326,   2.128,9999.000,9999.000,9999.000,9999.000,9999.000,9999.000,9999.000
202607290730,   1.351,   2.168,9999.000,9999.000,9999.000,9999.000,9999.000,9999.000,9999.000
202607290736,   1.374,   2.200,9999.000,9999.000,9999.000,9999.000,9999.000,9999.000,9999.000
202607290742,   1.398,   2.240,9999.000,9999.000,9999.000,9999.000,9999.000,9999.000,9999.000
202607290748,   1.421,   2.269,9999.000,9999.000,9999.000,9999.000,9999.000,9999.000,9999.000
202607290754,   1.443,   2.279,9999.000,9999.000,9999.000,9999.000,9999.000,9999.000,9999.000
202607290800,   1.465,   2.309,   0.900,  -0.056,   2.309,   0.900,   2.309,   1.000,   2.409
202607290806,   1.486,   2.318,9999.000,9999.000,9999.000,9999.000,9999.000,9999.000,9999.000
202607290812,   1.506,   2.338,9999.000,9999.000,9999.000,9999.000,9999.000,9999.000,9999.000
202607290818,   1.526,   2.358,9999.000,9999.000,9999.000,9999.000,9999.000,9999.000,9999.000
202607290824,   1.545,   2.387,9999.000,9999.000,9999.000,9999.000,9999.000,9999.000,9999.000
202607290830,   1.563,   2.400,9999.000,9999.000,9999.000,9999.000,9999.000,9999.000,9999.000
202607290836,   1.580,   2.410,9999.000,9999.000,9999.000,9999.000,9999.000,9999.000,9999.000
202607290842,   1.596,   2.400,9999.000,9999.000,9999.000,9999.000,9999.000,9999.000,9999.000
202607290848,   1.611,   2.400,9999.000,9999.000,9999.000,9999.000,9999.000,9999.000,9999.000
202607290854,   1.625,   2.400,9999.000,9999.000,9999.000,9999.000,9999.000,9999.000,9999.000
202607290900,   1.638,   2.410,   0.900,  -0.128,   2.410,   0.900,   2.410,   0.900,   2.410
202607290906,   1.650,   2.420,9999.000,9999.000,9999.000,9999.000,9999.000,9999.000,9999.000
202607290912,   1.661,   2.430,9999.000,9999.000,9999.000,9999.000,9999.000,9999.000,9999.000
202607290918,   1.670,   2.430,9999.000,9999.000,9999.000,9999.000,9999.000,9999.000,9999.000
202607290924,   1.678,   2.440,9999.000,9999.000,9999.000,9999.000,9999.000,9999.000,9999.000
202607290930,   1.685,   2.420,9999.000,9999.000,9999.000,9999.000,9999.000,9999.000,9999.000
202607290936,   1.691,   2.430,9999.000,9999.000,9999.000,9999.000,9999.000,9999.000,9999.000
202607290942,   1.695,   2.440,9999.000,9999.000,9999.000,9999.000,9999.000,9999.000,9999.000
202607290948,   1.698,   2.450,9999.000,9999.000,9999.000,9999.000,9999.000,9999.000,9999.000
202607290954,   1.700,   2.459,9999.000,9999.000,9999.000,9999.000,9999.000,9999.000,9999.000
202607291000,   1.701,   2.440,   0.900,  -0.161,   2.440,   0.800,   2.340,   0.900,   2.440
202607291006,   1.700,   2.430,9999.000,9999.000,9999.000,9999.000,9999.000,9999.000,9999.000
202607291012,   1.698,   2.440,9999.000,9999.000,9999.000,9999.000,9999.000,9999.000,9999.000
202607291018,   1.695,   2.420,9999.000,9999.000,9999.000,9999.000,9999.000,9999.000,9999.000
202607291024,   1.691,   2.400,9999.000,9999.000,9999.000,9999.000,9999.000,9999.000,9999.000
202607291030,   1.685,   2.377,9999.000,9999.000,9999.000,9999.000,9999.000,9999.000,9999.000
202607291036,   1.679,   2.368,9999.000,9999.000,9999.000,9999.000,9999.000,9999.000,9999.000
202607291042,   1.671,   2.368,9999.000,9999.000,9999.000,9999.000,9999.000,9999.000,9999.000
202607291048,   1.662,   2.358,9999.000,9999.000,9999.000,9999.000,9999.000,9999.000,9999.000
202607291054,   1.653,   2.338,9999.000,9999.000,9999.000,9999.000,9999.000,9999.000,9999.000
202607291100,   1.642,   2.328,   0.900,  -0.214,   2.328,   0.800,   2.228,   0.900,   2.328
202607291106,   1.631,   2.318,9999.000,9999.000,9999.000,9999.000,9999.000,9999.000,9999.000
202607291112,   1.619,   2.318,9999.000,9999.000,9999.000,9999.000,9999.000,9999.000,9999.000
202607291118,   1.606,   2.289,9999.000,9999.000,9999.000,9999.000,9999.000,9999.000,9999.000
202607291124,   1.592,   2.279,9999.000,9999.000,9999.000,9999.000,9999.000,9999.000,9999.000
202607291130,   1.578,   2.259,9999.000,9999.000,9999.000,9999.000,9999.000,9999.000,9999.000
202607291136,   1.563,   2.240,9999.000,9999.000,9999.000,9999.000,9999.000,9999.000,9999.000
202607291142,   1.548,   2.220,9999.000,9999.000,9999.000,9999.000,9999.000,9999.000,9999.000
202607291148,   1.532,   2.210,9999.000,9999.000,9999.000,9999.000,9999.000,9999.000,9999.000
202607291154,   1.515,   2.177,9999.000,9999.000,9999.000,9999.000,9999.000,9999.000,9999.000
202607291200,   1.498,   2.148,   0.800,  -0.150,   2.148,   0.800,   2.148,   0.900,   2.248
202607291206,   1.480,   2.138,9999.000,9999.000,9999.000,9999.000,9999.000,9999.000,9999.000
202607291212,   1.462,   2.109,9999.000,9999.000,9999.000,9999.000,9999.000,9999.000,9999.000
202607291218,   1.444,   2.079,9999.000,9999.000,9999.000,9999.000,9999.000,9999.000,9999.000
202607291224,   1.425,   2.079,9999.000,9999.000,9999.000,9999.000,9999.000,9999.000,9999.000
202607291230,   1.406,   2.040,9999.000,9999.000,9999.000,9999.000,9999.000,9999.000,9999.000
202607291236,   1.386,   2.020,9999.000,9999.000,9999.000,9999.000,9999.000,9999.000,9999.000
202607291242,   1.366,   1.990,9999.000,9999.000,9999.000,9999.000,9999.000,9999.000,9999.000
202607291248,   1.346,   1.958,9999.000,9999.000,9999.000,9999.000,9999.000,9999.000,9999.000
202607291254,   1.325,   1.908,9999.000,9999.000,9999.000,9999.000,9999.000,9999.000,9999.000
202607291300,   1.304,   1.899,   0.800,  -0.205,   1.899,   0.700,   1.799,   0.800,   1.899
202607291306,   1.283,   1.859,9999.000,9999.000,9999.000,9999.000,9999.000,9999.000,9999.000
202607291312,   1.261,   1.840,9999.000,9999.000,9999.000,9999.000,9999.000,9999.000,9999.000
202607291318,   1.239,   1.810,9999.000,9999.000,9999.000,9999.000,9999.000,9999.000,9999.000
202607291324,   1.217,   1.767,9999.000,9999.000,9999.000,9999.000,9999.000,9999.000,9999.000
202607291330,   1.194,   1.748,9999.000,9999.000,9999.000,9999.000,9999.000,9999.000,9999.000
202607291336,   1.172,   1.708,9999.000,9999.000,9999.000,9999.000,9999.000,9999.000,9999.000
202607291342,   1.149,   1.679,9999.000,9999.000,9999.000,9999.000,9999.000,9999.000,9999.000
202607291348,   1.126,   1.639,9999.000,9999.000,9999.000,9999.000,9999.000,9999.000,9999.000
202607291354,   1.103,   1.630,9999.000,9999.000,9999.000,9999.000,9999.000,9999.000,9999.000
202607291400,   1.080,   1.590,   0.800,  -0.290,   1.590,   0.700,   1.490,   0.800,   1.590
202607291406,   1.057,   1.557,9999.000,9999.000,9999.000,9999.000,9999.000,9999.000,9999.000
202607291412,   1.035,   1.538,9999.000,9999.000,9999.000,9999.000,9999.000,9999.000,9999.000
202607291418,   1.012,   1.508,9999.000,9999.000,9999.000,9999.000,9999.000,9999.000,9999.000
202607291424,   0.990,   1.489,9999.000,9999.000,9999.000,9999.000,9999.000,9999.000,9999.000
202607291430,   0.968,   1.469,9999.000,9999.000,9999.000,9999.000,9999.000,9999.000,9999.000
202607291436,   0.946,   1.430,9999.000,9999.000,9999.000,9999.000,9999.000,9999.000,9999.000
202607291442,   0.925,   1.420,9999.000,9999.000,9999.000,9999.000,9999.000,9999.000,9999.000
202607291448,   0.904,   1.390,9999.000,9999.000,9999.000,9999.000,9999.000,9999.000,9999.000
202607291454,   0.884,   1.361,9999.000,9999.000,9999.000,9999.000,9999.000,9999.000,9999.000
202607291500,   0.864,   1.348,   0.700,  -0.216,   1.348,   0.700,   1.348,   0.800,   1.448
202607291506,   0.846,   1.308,9999.000,9999.000,9999.000,9999.000,9999.000,9999.000,9999.000
202607291512,   0.828,   1.279,9999.000,9999.000,9999.000,9999.000,9999.000,9999.000,9999.000
202607291518,   0.811,   1.249,9999.000,9999.000,9999.000,9999.000,9999.000,9999.000,9999.000
202607291524,   0.795,   1.220,9999.000,9999.000,9999.000,9999.000,9999.000,9999.000,9999.000
202607291530,   0.780,   1.190,9999.000,9999.000,9999.000,9999.000,9999.000,9999.000,9999.000
202607291536,   0.766,   1.170,9999.000,9999.000,9999.000,9999.000,9999.000,9999.000,9999.000
202607291542,   0.754,   1.161,9999.000,9999.000,9999.000,9999.000,9999.000,9999.000,9999.000
202607291548,   0.742,   1.128,9999.000,9999.000,9999.000,9999.000,9999.000,9999.000,9999.000
202607291554,   0.732,   1.098,9999.000,9999.000,9999.000,9999.000,9999.000,9999.000,9999.000
202607291600,   0.722,   1.088,   0.700,  -0.334,   1.088,   0.700,   1.088,   0.700,   1.088
202607291606,   0.714,   1.098,9999.000,9999.000,9999.000,9999.000,9999.000,9999.000,9999.000
202607291612,   0.708,   1.069,9999.000,9999.000,9999.000,9999.000,9999.000,9999.000,9999.000
202607291618,   0.702,   1.069,9999.000,9999.000,9999.000,9999.000,9999.000,9999.000,9999.000
202607291624,   0.698,   1.049,9999.000,9999.000,9999.000,9999.000,9999.000,9999.000,9999.000
202607291630,   0.695,   1.049,9999.000,9999.000,9999.000,9999.000,9999.000,9999.000,9999.000
202607291636,   0.693,   1.029,9999.000,9999.000,9999.000,9999.000,9999.000,9999.000,9999.000
202607291642,   0.692,   1.039,9999.000,9999.000,9999.000,9999.000,9999.000,9999.000,9999.000
202607291648,   0.692,   1.020,9999.000,9999.000,9999.000,9999.000,9999.000,9999.000,9999.000
202607291654,   0.694,   1.010,9999.000,9999.000,9999.000,9999.000,9999.000,9999.000,9999.000
202607291700,   0.696,   0.990,   0.700,  -0.406,   0.990,   0.600,   0.890,   0.700,   0.990
202607291706,   0.699,   0.980,9999.000,9999.000,9999.000,9999.000,9999.000,9999.000,9999.000
202607291712,   0.704,   0.970,9999.000,9999.000,9999.000,9999.000,9999.000,9999.000,9999.000
202607291718,   0.709,   0.961,9999.000,9999.000,9999.000,9999.000,9999.000,9999.000,9999.000
202607291724,   0.715,   0.961,9999.000,9999.000,9999.000,9999.000,9999.000,9999.000,9999.000
202607291730,   0.721,   0.951,9999.000,9999.000,9999.000,9999.000,9999.000,9999.000,9999.000
202607291736,   0.729,   0.941,9999.000,9999.000,9999.000,9999.000,9999.000,9999.000,9999.000
202607291742,   0.737,   0.928,9999.000,9999.000,9999.000,9999.000,9999.000,9999.000,9999.000
202607291748,   0.745,   0.928,9999.000,9999.000,9999.000,9999.000,9999.000,9999.000,9999.000
202607291754,   0.754,9999.000,9999.000,9999.000,9999.000,9999.000,9999.000,9999.000,9999.000
202607291800,   0.764,9999.000,   0.700,  -0.372,   1.092,   0.600,   0.992,   0.700,   1.092
202607291806,   0.774,9999.000,9999.000,9999.000,9999.000,9999.000,9999.000,9999.000,9999.000
202607291812,   0.784,9999.000,9999.000,9999.000,9999.000,9999.000,9999.000,9999.000,9999.000
202607291818,   0.795,9999.000,9999.000,9999.000,9999.000,9999.000,9999.000,9999.000,9999.000
202607291824,   0.806,9999.000,9999.000,9999.000,9999.000,9999.000,9999.000,9999.000,9999.000
202607291830,   0.817,9999.000,9999.000,9999.000,9999.000,9999.000,9999.000,9999.000,9999.000
202607291836,   0.829,9999.000,9999.000,9999.000,9999.000,9999.000,9999.000,9999.000,9999.000
202607291842,   0.841,9999.000,9999.000,9999.000,9999.000,9999.000,9999.000,9999.000,9999.000
202607291848,   0.853,9999.000,9999.000,9999.000,9999.000,9999.000,9999.000,9999.000,9999.000
202607291854,   0.865,9999.000,9999.000,9999.000,9999.000,9999.000,9999.000,9999.000,9999.000
202607291900,   0.877,9999.000,   0.700,  -0.338,   1.239,   0.600,   1.139,   0.700,   1.239
202607291906,   0.890,9999.000,9999.000,9999.000,9999.000,9999.000,9999.000,9999.000,9999.000
202607291912,   0.902,9999.000,9999.000,9999.000,9999.000,9999.000,9999.000,9999.000,9999.000
202607291918,   0.915,9999.000,9999.000,9999.000,9999.000,9999.000,9999.000,9999.000,9999.000
202607291924,   0.927,9999.000,9999.000,9999.000,9999.000,9999.000,9999.000,9999.000,9999.000
202607291930,   0.940,9999.000,9999.000,9999.000,9999.000,9999.000,9999.000,9999.000,9999.000
202607291936,   0.953,9999.000,9999.000,9999.000,9999.000,9999.000,9999.000,9999.000,9999.000
202607291942,   0.965,9999.000,9999.000,9999.000,9999.000,9999.000,9999.000,9999.000,9999.000
202607291948,   0.978,9999.000,9999.000,9999.000,9999.000,9999.000,9999.000,9999.000,9999.000
202607291954,   0.991,9999.000,9999.000,9999.000,9999.000,9999.000,9999.000,9999.000,9999.000
202607292000,   1.003,9999.000,   0.700,  -0.303,   1.400,   0.600,   1.300,   0.700,   1.400
202607292006,   1.016,9999.000,9999.000,9999.000,9999.000,9999.000,9999.000,9999.000,9999.000
202607292012,   1.028,9999.000,9999.000,9999.000,9999.000,9999.000,9999.000,9999.000,9999.000
202607292018,   1.040,9999.000,9999.000,9999.000,9999.000,9999.000,9999.000,9999.000,9999.000
202607292024,   1.051,9999.000,9999.000,9999.000,9999.000,9999.000,9999.000,9999.000,9999.000
202607292030,   1.063,9999.000,9999.000,9999.000,9999.000,9999.000,9999.000,9999.000,9999.000
202607292036,   1.074,9999.000,9999.000,9999.000,9999.000,9999.000,9999.000,9999.000,9999.000
202607292042,   1.084,9999.000,9999.000,9999.000,9999.000,9999.000,9999.000,9999.000,9999.000
202607292048,   1.094,9999.000,9999.000,9999.000,9999.000,9999.000,9999.000,9999.000,9999.000
202607292054,   1.104,9999.000,9999.000,9999.000,9999.000,9999.000,9999.000,9999.000,9999.000
202607292100,   1.113,9999.000,   0.700,  -0.269,   1.544,   0.600,   1.444,   0.700,   1.544
202607292106,   1.121,9999.000,9999.000,9999.000,9999.000,9999.000,9999.000,9999.000,9999.000
202607292112,   1.129,9999.000,9999.000,9999.000,9999.000,9999.000,9999.000,9999.000,9999.000
202607292118,   1.135,9999.000,9999.000,9999.000,9999.000,9999.000,9999.000,9999.000,9999.000
202607292124,   1.141,9999.000,9999.000,9999.000,9999.000,9999.000,9999.000,9999.000,9999.000
202607292130,   1.146,9999.000,9999.000,9999.000,9999.000,9999.000,9999.000,9999.000,9999.000
202607292136,   1.151,9999.000,9999.000,9999.000,9999.000,9999.000,9999.000,9999.000,9999.000
202607292142,   1.154,9999.000,9999.000,9999.000,9999.000,9999.000,9999.000,9999.000,9999.000
202607292148,   1.156,9999.000,9999.000,9999.000,9999.000,9999.000,9999.000,9999.000,9999.000
202607292154,   1.158,9999.000,9999.000,9999.000,9999.000,9999.000,9999.000,9999.000,9999.000
202607292200,   1.158,9999.000,   0.700,  -0.235,   1.623,   0.600,   1.523,   0.700,   1.623
202607292206,   1.157,9999.000,9999.000,9999.000,9999.000,9999.000,9999.000,9999.000,9999.000
202607292212,   1.155,9999.000,9999.000,9999.000,9999.000,9999.000,9999.000,9999.000,9999.000
202607292218,   1.153,9999.000,9999.000,9999.000,9999.000,9999.000,9999.000,9999.000,9999.000
202607292224,   1.149,9999.000,9999.000,9999.000,9999.000,9999.000,9999.000,9999.000,9999.000
202607292230,   1.144,9999.000,9999.000,9999.000,9999.000,9999.000,9999.000,9999.000,9999.000
202607292236,   1.138,9999.000,9999.000,9999.000,9999.000,9999.000,9999.000,9999.000,9999.000
202607292242,   1.131,9999.000,9999.000,9999.000,9999.000,9999.000,9999.000,9999.000,9999.000
202607292248,   1.123,9999.000,9999.000,9999.000,9999.000,9999.000,9999.000,9999.000,9999.000
202607292254,   1.115,9999.000,9999.000,9999.000,9999.000,9999.000,9999.000,9999.000,9999.000
202607292300,   1.105,9999.000,   0.700,  -0.201,   1.604,   0.600,   1.504,   0.700,   1.604
202607292306,   1.095,9999.000,9999.000,9999.000,9999.000,9999.000,9999.000,9999.000,9999.000
202607292312,   1.084,9999.000,9999.000,9999.000,9999.000,9999.000,9999.000,9999.000,9999.000
202607292318,   1.072,9999.000,9999.000,9999.000,9999.000,9999.000,9999.000,9999.000,9999.000
202607292324,   1.059,9999.000,9999.000,9999.000,9999.000,9999.000,9999.000,9999.000,9999.000
202607292330,   1.046,9999.000,9999.000,9999.000,9999.000,9999.000,9999.000,9999.000,9999.000
202607292336,   1.033,9999.000,9999.000,9999.000,9999.000,9999.000,9999.000,9999.000,9999.000
202607292342,   1.018,9999.000,9999.000,9999.000,9999.000,9999.000,9999.000,9999.000,9999.000
202607292348,   1.004,9999.000,9999.000,9999.000,9999.000,9999.000,9999.000,9999.000,9999.000
202607292354,   0.989,9999.000,9999.000,9999.000,9999.000,9999.000,9999.000,9999.000,9999.000
202607300000,   0.973,9999.000,   0.700,  -0.167,   1.506,   0.600,   1.406,   0.700,   1.506
202607300006,   0.957,9999.000,9999.000,9999.000,9999.000,9999.000,9999.000,9999.000,9999.000
202607300012,   0.941,9999.000,9999.000,9999.000,9999.000,9999.000,9999.000,9999.000,9999.000
202607300018,   0.925,9999.000,9999.000,9999.000,9999.000,9999.000,9999.000,9999.000,9999.000
202607300024,   0.909,9999.000,9999.000,9999.000,9999.000,9999.000,9999.000,9999.000,9999.000
202607300030,   0.892,9999.000,9999.000,9999.000,9999.000,9999.000,9999.000,9999.000,9999.000
202607300036,   0.876,9999.000,9999.000,9999.000,9999.000,9999.000,9999.000,9999.000,9999.000
202607300042,   0.859,9999.000,9999.000,9999.000,9999.000,9999.000,9999.000,9999.000,9999.000
202607300048,   0.842,9999.000,9999.000,9999.000,9999.000,9999.000,9999.000,9999.000,9999.000
202607300054,   0.825,9999.000,9999.000,9999.000,9999.000,9999.000,9999.000,9999.000,9999.000
202607300100,   0.808,9999.000,   0.700,  -0.132,   1.376,   0.600,   1.276,   0.700,   1.376
202607300106,   0.791,9999.000,9999.000,9999.000,9999.000,9999.000,9999.000,9999.000,9999.000
202607300112,   0.775,9999.000,9999.000,9999.000,9999.000,9999.000,9999.000,9999.000,9999.000
202607300118,   0.758,9999.000,9999.000,9999.000,9999.000,9999.000,9999.000,9999.000,9999.000
202607300124,   0.741,9999.000,9999.000,9999.000,9999.000,9999.000,9999.000,9999.000,9999.000
202607300130,   0.725,9999.000,9999.000,9999.000,9999.000,9999.000,9999.000,9999.000,9999.000
202607300136,   0.708,9999.000,9999.000,9999.000,9999.000,9999.000,9999.000,9999.000,9999.000
202607300142,   0.692,9999.000,9999.000,9999.000,9999.000,9999.000,9999.000,9999.000,9999.000
202607300148,   0.676,9999.000,9999.000,9999.000,9999.000,9999.000,9999.000,9999.000,9999.000
202607300154,   0.660,9999.000,9999.000,9999.000,9999.000,9999.000,9999.000,9999.000,9999.000
202607300200,   0.644,9999.000,   0.700,  -0.098,   1.246,   0.600,   1.146,   0.700,   1.246
202607300206,   0.629,9999.000,9999.000,9999.000,9999.000,9999.000,9999.000,9999.000,9999.000
202607300212,   0.614,9999.000,9999.000,9999.000,9999.000,9999.000,9999.000,9999.000,9999.000
202607300218,   0.600,9999.000,9999.000,9999.000,9999.000,9999.000,9999.000,9999.000,9999.000
202607300224,   0.586,9999.000,9999.000,9999.000,9999.000,9999.000,9999.000,9999.000,9999.000
202607300230,   0.572,9999.000,9999.000,9999.000,9999.000,9999.000,9999.000,9999.000,9999.000
202607300236,   0.559,9999.000,9999.000,9999.000,9999.000,9999.000,9999.000,9999.000,9999.000
202607300242,   0.547,9999.000,9999.000,9999.000,9999.000,9999.000,9999.000,9999.000,9999.000
202607300248,   0.535,9999.000,9999.000,9999.000,9999.000,9999.000,9999.000,9999.000,9999.000
202607300254,   0.524,9999.000,9999.000,9999.000,9999.000,9999.000,9999.000,9999.000,9999.000
202607300300,   0.514,9999.000,   0.700,  -0.064,   1.150,   0.600,   1.050,   0.700,   1.150
202607300306,   0.505,9999.000,9999.000,9999.000,9999.000,9999.000,9999.000,9999.000,9999.000
202607300312,   0.497,9999.000,9999.000,9999.000,9999.000,9999.000,9999.000,9999.000,9999.000
202607300318,   0.489,9999.000,9999.000,9999.000,9999.000,9999.000,9999.000,9999.000,9999.000
202607300324,   0.483,9999.000,9999.000,9999.000,9999.000,9999.000,9999.000,9999.000,9999.000
202607300330,   0.478,9999.000,9999.000,9999.000,9999.000,9999.000,9999.000,9999.000,9999.000
202607300336,   0.475,9999.000,9999.000,9999.000,9999.000,9999.000,9999.000,9999.000,9999.000
202607300342,   0.472,9999.000,9999.000,9999.000,9999.000,9999.000,9999.000,9999.000,9999.000
202607300348,   0.471,9999.000,9999.000,9999.000,9999.000,9999.000,9999.000,9999.000,9999.000
202607300354,   0.472,9999.000,9999.000,9999.000,9999.000,9999.000,9999.000,9999.000,9999.000
202607300400,   0.473,9999.000,   0.700,  -0.030,   1.143,   0.600,   1.043,   0.700,   1.143
202607300406,   0.477,9999.000,9999.000,9999.000,9999.000,9999.000,9999.000,9999.000,9999.000
202607300412,   0.481,9999.000,9999.000,9999.000,9999.000,9999.000,9999.000,9999.000,9999.000
202607300418,   0.487,9999.000,9999.000,9999.000,9999.000,9999.000,9999.000,9999.000,9999.000
202607300424,   0.495,9999.000,9999.000,9999.000,9999.000,9999.000,9999.000,9999.000,9999.000
202607300430,   0.504,9999.000,9999.000,9999.000,9999.000,9999.000,9999.000,9999.000,9999.000
202607300436,   0.515,9999.000,9999.000,9999.000,9999.000,9999.000,9999.000,9999.000,9999.000
202607300442,   0.526,9999.000,9999.000,9999.000,9999.000,9999.000,9999.000,9999.000,9999.000
202607300448,   0.540,9999.000,9999.000,9999.000,9999.000,9999.000,9999.000,9999.000,9999.000
202607300454,   0.554,9999.000,9999.000,9999.000,9999.000,9999.000,9999.000,9999.000,9999.000
202607300500,   0.570,9999.000,   0.700,   0.004,   1.274,   0.600,   1.174,   0.800,   1.374
202607300506,   0.588,9999.000,9999.000,9999.000,9999.000,9999.000,9999.000,9999.000,9999.000
202607300512,   0.606,9999.000,9999.000,9999.000,9999.000,9999.000,9999.000,9999.000,9999.000
202607300518,   0.626,9999.000,9999.000,9999.000,9999.000,9999.000,9999.000,9999.000,9999.000
202607300524,   0.646,9999.000,9999.000,9999.000,9999.000,9999.000,9999.000,9999.000,9999.000
202607300530,   0.668,9999.000,9999.000,9999.000,9999.000,9999.000,9999.000,9999.000,9999.000
202607300536,   0.690,9999.000,9999.000,9999.000,9999.000,9999.000,9999.000,9999.000,9999.000
202607300542,   0.714,9999.000,9999.000,9999.000,9999.000,9999.000,9999.000,9999.000,9999.000
202607300548,   0.738,9999.000,9999.000,9999.000,9999.000,9999.000,9999.000,9999.000,9999.000
202607300554,   0.763,9999.000,9999.000,9999.000,9999.000,9999.000,9999.000,9999.000,9999.000
202607300600,   0.788,9999.000,   0.700,   0.004,   1.492,   0.600,   1.392,   0.800,   1.592
202607300606,   0.814,9999.000,9999.000,9999.000,9999.000,9999.000,9999.000,9999.000,9999.000
202607300612,   0.840,9999.000,9999.000,9999.000,9999.000,9999.000,9999.000,9999.000,9999.000
202607300618,   0.867,9999.000,9999.000,9999.000,9999.000,9999.000,9999.000,9999.000,9999.000
202607300624,   0.893,9999.000,9999.000,9999.000,9999.000,9999.000,9999.000,9999.000,9999.000
202607300630,   0.920,9999.000,9999.000,9999.000,9999.000,9999.000,9999.000,9999.000,9999.000
202607300636,   0.948,9999.000,9999.000,9999.000,9999.000,9999.000,9999.000,9999.000,9999.000
202607300642,   0.975,9999.000,9999.000,9999.000,9999.000,9999.000,9999.000,9999.000,9999.000
202607300648,   1.002,9999.000,9999.000,9999.000,9999.000,9999.000,9999.000,9999.000,9999.000
202607300654,   1.029,9999.000,9999.000,9999.000,9999.000,9999.000,9999.000,9999.000,9999.000
202607300700,   1.057,9999.000,   0.700,   0.004,   1.761,   0.600,   1.661,   0.800,   1.861
202607300706,   1.084,9999.000,9999.000,9999.000,9999.000,9999.000,9999.000,9999.000,9999.000
202607300712,   1.111,9999.000,9999.000,9999.000,9999.000,9999.000,9999.000,9999.000,9999.000
202607300718,   1.137,9999.000,9999.000,9999.000,9999.000,9999.000,9999.000,9999.000,9999.000
202607300724,   1.164,9999.000,9999.000,9999.000,9999.000,9999.000,9999.000,9999.000,9999.000
202607300730,   1.190,9999.000,9999.000,9999.000,9999.000,9999.000,9999.000,9999.000,9999.000
202607300736,   1.216,9999.000,9999.000,9999.000,9999.000,9999.000,9999.000,9999.000,9999.000
202607300742,   1.242,9999.000,9999.000,9999.000,9999.000,9999.000,9999.000,9999.000,9999.000
202607300748,   1.267,9999.000,9999.000,9999.000,9999.000,9999.000,9999.000,9999.000,9999.000
202607300754,   1.292,9999.000,9999.000,9999.000,9999.000,9999.000,9999.000,9999.000,9999.000
202607300800,   1.317,9999.000,   0.700,   0.004,   2.021,   0.600,   1.921,   0.800,   2.121
202607300806,   1.341,9999.000,9999.000,9999.000,9999.000,9999.000,9999.000,9999.000,9999.000
202607300812,   1.364,9999.000,9999.000,9999.000,9999.000,9999.000,9999.000,9999.000,9999.000
202607300818,   1.387,9999.000,9999.000,9999.000,9999.000,9999.000,9999.000,9999.000,9999.000
202607300824,   1.410,9999.000,9999.000,9999.000,9999.000,9999.000,9999.000,9999.000,9999.000
202607300830,   1.432,9999.000,9999.000,9999.000,9999.000,9999.000,9999.000,9999.000,9999.000
202607300836,   1.454,9999.000,9999.000,9999.000,9999.000,9999.000,9999.000,9999.000,9999.000
202607300842,   1.474,9999.000,9999.000,9999.000,9999.000,9999.000,9999.000,9999.000,9999.000
202607300848,   1.495,9999.000,9999.000,9999.000,9999.000,9999.000,9999.000,9999.000,9999.000
202607300854,   1.514,9999.000,9999.000,9999.000,9999.000,9999.000,9999.000,9999.000,9999.000
202607300900,   1.533,9999.000,   0.700,   0.004,   2.237,   0.600,   2.137,   0.800,   2.337
202607300906,   1.550,9999.000,9999.000,9999.000,9999.000,9999.000,9999.000,9999.000,9999.000
202607300912,   1.567,9999.000,9999.000,9999.000,9999.000,9999.000,9999.000,9999.000,9999.000
202607300918,   1.583,9999.000,9999.000,9999.000,9999.000,9999.000,9999.000,9999.000,9999.000
202607300924,   1.599,9999.000,9999.000,9999.000,9999.000,9999.000,9999.000,9999.000,9999.000
202607300930,   1.613,9999.000,9999.000,9999.000,9999.000,9999.000,9999.000,9999.000,9999.000
202607300936,   1.626,9999.000,9999.000,9999.000,9999.000,9999.000,9999.000,9999.000,9999.000
202607300942,   1.637,9999.000,9999.000,9999.000,9999.000,9999.000,9999.000,9999.000,9999.000
202607300948,   1.648,9999.000,9999.000,9999.000,9999.000,9999.000,9999.000,9999.000,9999.000
202607300954,   1.658,9999.000,9999.000,9999.000,9999.000,9999.000,9999.000,9999.000,9999.000
202607301000,   1.666,9999.000,   0.700,   0.004,   2.370,   0.600,   2.270,   0.700,   2.370
202607301006,   1.673,9999.000,9999.000,9999.000,9999.000,9999.000,9999.000,9999.000,9999.000
202607301012,   1.679,9999.000,9999.000,9999.000,9999.000,9999.000,9999.000,9999.000,9999.000
202607301018,   1.683,9999.000,9999.000,9999.000,9999.000,9999.000,9999.000,9999.000,9999.000
202607301024,   1.687,9999.000,9999.000,9999.000,9999.000,9999.000,9999.000,9999.000,9999.000
202607301030,   1.688,9999.000,9999.000,9999.000,9999.000,9999.000,9999.000,9999.000,9999.000
202607301036,   1.689,9999.000,9999.000,9999.000,9999.000,9999.000,9999.000,9999.000,9999.000
202607301042,   1.688,9999.000,9999.000,9999.000,9999.000,9999.000,9999.000,9999.000,9999.000
202607301048,   1.686,9999.000,9999.000,9999.000,9999.000,9999.000,9999.000,9999.000,9999.000
202607301054,   1.683,9999.000,9999.000,9999.000,9999.000,9999.000,9999.000,9999.000,9999.000
202607301100,   1.678,9999.000,   0.700,   0.004,   2.382,   0.600,   2.282,   0.700,   2.382
202607301106,   1.672,9999.000,9999.000,9999.000,9999.000,9999.000,9999.000,9999.000,9999.000
202607301112,   1.665,9999.000,9999.000,9999.000,9999.000,9999.000,9999.000,9999.000,9999.000
202607301118,   1.657,9999.000,9999.000,9999.000,9999.000,9999.000,9999.000,9999.000,9999.000
202607301124,   1.648,9999.000,9999.000,9999.000,9999.000,9999.000,9999.000,9999.000,9999.000
202607301130,   1.637,9999.000,9999.000,9999.000,9999.000,9999.000,9999.000,9999.000,9999.000
202607301136,   1.626,9999.000,9999.000,9999.000,9999.000,9999.000,9999.000,9999.000,9999.000
202607301142,   1.613,9999.000,9999.000,9999.000,9999.000,9999.000,9999.000,9999.000,9999.000
202607301148,   1.600,9999.000,9999.000,9999.000,9999.000,9999.000,9999.000,9999.000,9999.000
202607301154,   1.586,9999.000,9999.000,9999.000,9999.000,9999.000,9999.000,9999.000,9999.000
202607301200,   1.571,9999.000,   0.700,   0.004,   2.275,   0.600,   2.175,   0.700,   2.275
202607301206,   1.555,9999.000,9999.000,9999.000,9999.000,9999.000,9999.000,9999.000,9999.000
202607301212,   1.539,9999.000,9999.000,9999.000,9999.000,9999.000,9999.000,9999.000,9999.000
202607301218,   1.522,9999.000,9999.000,9999.000,9999.000,9999.000,9999.000,9999.000,9999.000
202607301224,   1.504,9999.000,9999.000,9999.000,9999.000,9999.000,9999.000,9999.000,9999.000
202607301230,   1.486,9999.000,9999.000,9999.000,9999.000,9999.000,9999.000,9999.000,9999.000
202607301236,   1.467,9999.000,9999.000,9999.000,9999.000,9999.000,9999.000,9999.000,9999.000
202607301242,   1.448,9999.000,9999.000,9999.000,9999.000,9999.000,9999.000,9999.000,9999.000
202607301248,   1.428,9999.000,9999.000,9999.000,9999.000,9999.000,9999.000,9999.000,9999.000
202607301254,   1.408,9999.000,9999.000,9999.000,9999.000,9999.000,9999.000,9999.000,9999.000
202607301300,   1.388,9999.000,   0.700,   0.004,   2.092,   0.600,   1.992,   0.700,   2.092
202607301306,   1.367,9999.000,9999.000,9999.000,9999.000,9999.000,9999.000,9999.000,9999.000
202607301312,   1.346,9999.000,9999.000,9999.000,9999.000,9999.000,9999.000,9999.000,9999.000
202607301318,   1.325,9999.000,9999.000,9999.000,9999.000,9999.000,9999.000,9999.000,9999.000
202607301324,   1.303,9999.000,9999.000,9999.000,9999.000,9999.000,9999.000,9999.000,9999.000
202607301330,   1.281,9999.000,9999.000,9999.000,9999.000,9999.000,9999.000,9999.000,9999.000
202607301336,   1.259,9999.000,9999.000,9999.000,9999.000,9999.000,9999.000,9999.000,9999.000
202607301342,   1.237,9999.000,9999.000,9999.000,9999.000,9999.000,9999.000,9999.000,9999.000
202607301348,   1.214,9999.000,9999.000,9999.000,9999.000,9999.000,9999.000,9999.000,9999.000
202607301354,   1.191,9999.000,9999.000,9999.000,9999.000,9999.000,9999.000,9999.000,9999.000
202607301400,   1.169,9999.000,   0.600,   0.004,   1.773,   0.600,   1.773,   0.700,   1.873
202607301406,   1.146,9999.000,9999.000,9999.000,9999.000,9999.000,9999.000,9999.000,9999.000
202607301412,   1.122,9999.000,9999.000,9999.000,9999.000,9999.000,9999.000,9999.000,9999.000
202607301418,   1.099,9999.000,9999.000,9999.000,9999.000,9999.000,9999.000,9999.000,9999.000
202607301424,   1.076,9999.000,9999.000,9999.000,9999.000,9999.000,9999.000,9999.000,9999.000
202607301430,   1.053,9999.000,9999.000,9999.000,9999.000,9999.000,9999.000,9999.000,9999.000
202607301436,   1.030,9999.000,9999.000,9999.000,9999.000,9999.000,9999.000,9999.000,9999.000
202607301442,   1.007,9999.000,9999.000,9999.000,9999.000,9999.000,9999.000,9999.000,9999.000
202607301448,   0.984,9999.000,9999.000,9999.000,9999.000,9999.000,9999.000,9999.000,9999.000
202607301454,   0.961,9999.000,9999.000,9999.000,9999.000,9999.000,9999.000,9999.000,9999.000
202607301500,   0.938,9999.000,   0.600,   0.004,   1.542,   0.600,   1.542,   0.700,   1.642
202607301506,   0.916,9999.000,9999.000,9999.000,9999.000,9999.000,9999.000,9999.000,9999.000
202607301512,   0.895,9999.000,9999.000,9999.000,9999.000,9999.000,9999.000,9999.000,9999.000
202607301518,   0.873,9999.000,9999.000,9999.000,9999.000,9999.000,9999.000,9999.000,9999.000
202607301524,   0.853,9999.000,9999.000,9999.000,9999.000,9999.000,9999.000,9999.000,9999.000
202607301530,   0.832,9999.000,9999.000,9999.000,9999.000,9999.000,9999.000,9999.000,9999.000
202607301536,   0.813,9999.000,9999.000,9999.000,9999.000,9999.000,9999.000,9999.000,9999.000
202607301542,   0.794,9999.000,9999.000,9999.000,9999.000,9999.000,9999.000,9999.000,9999.000
202607301548,   0.777,9999.000,9999.000,9999.000,9999.000,9999.000,9999.000,9999.000,9999.000
202607301554,   0.760,9999.000,9999.000,9999.000,9999.000,9999.000,9999.000,9999.000,9999.000
202607301600,   0.744,9999.000,   0.600,   0.004,   1.348,   0.500,   1.248,   0.700,   1.448
202607301606,   0.729,9999.000,9999.000,9999.000,9999.000,9999.000,9999.000,9999.000,9999.000
202607301612,   0.715,9999.000,9999.000,9999.000,9999.000,9999.000,9999.000,9999.000,9999.000
202607301618,   0.702,9999.000,9999.000,9999.000,9999.000,9999.000,9999.000,9999.000,9999.000
202607301624,   0.691,9999.000,9999.000,9999.000,9999.000,9999.000,9999.000,9999.000,9999.000
202607301630,   0.681,9999.000,9999.000,9999.000,9999.000,9999.000,9999.000,9999.000,9999.000
202607301636,   0.672,9999.000,9999.000,9999.000,9999.000,9999.000,9999.000,9999.000,9999.000
202607301642,   0.664,9999.000,9999.000,9999.000,9999.000,9999.000,9999.000,9999.000,9999.000
202607301648,   0.658,9999.000,9999.000,9999.000,9999.000,9999.000,9999.000,9999.000,9999.000
202607301654,   0.653,9999.000,9999.000,9999.000,9999.000,9999.000,9999.000,9999.000,9999.000
202607301700,   0.649,9999.000,   0.600,   0.004,   1.253,   0.500,   1.153,   0.700,   1.353
202607301706,   0.647,9999.000,9999.000,9999.000,9999.000,9999.000,9999.000,9999.000,9999.000
202607301712,   0.646,9999.000,9999.000,9999.000,9999.000,9999.000,9999.000,9999.000,9999.000
202607301718,   0.646,9999.000,9999.000,9999.000,9999.000,9999.000,9999.000,9999.000,9999.000
202607301724,   0.647,9999.000,9999.000,9999.000,9999.000,9999.000,9999.000,9999.000,9999.000
202607301730,   0.650,9999.000,9999.000,9999.000,9999.000,9999.000,9999.000,9999.000,9999.000
202607301736,   0.654,9999.000,9999.000,9999.000,9999.000,9999.000,9999.000,9999.000,9999.000
202607301742,   0.659,9999.000,9999.000,9999.000,9999.000,9999.000,9999.000,9999.000,9999.000
202607301748,   0.665,9999.000,9999.000,9999.000,9999.000,9999.000,9999.000,9999.000,9999.000
202607301754,   0.672,9999.000,9999.000,9999.000,9999.000,9999.000,9999.000,9999.000,9999.000
202607301800,   0.680,9999.000,   0.600,   0.004,   1.284,   0.500,   1.184,   0.700,   1.384
202607301806,   0.688,9999.000,9999.000,9999.000,9999.000,9999.000,9999.000,9999.000,9999.000
202607301812,   0.698,9999.000,9999.000,9999.000,9999.000,9999.000,9999.000,9999.000,9999.000
202607301818,   0.708,9999.000,9999.000,9999.000,9999.000,9999.000,9999.000,9999.000,9999.000
202607301824,   0.720,9999.000,9999.000,9999.000,9999.000,9999.000,9999.000,9999.000,9999.000
202607301830,   0.731,9999.000,9999.000,9999.000,9999.000,9999.000,9999.000,9999.000,9999.000
202607301836,   0.743,9999.000,9999.000,9999.000,9999.000,9999.000,9999.000,9999.000,9999.000
202607301842,   0.755,9999.000,9999.000,9999.000,9999.000,9999.000,9999.000,9999.000,9999.000
202607301848,   0.768,9999.000,9999.000,9999.000,9999.000,9999.000,9999.000,9999.000,9999.000
202607301854,   0.782,9999.000,9999.000,9999.000,9999.000,9999.000,9999.000,9999.000,9999.000
202607301900,   0.795,9999.000,   0.600,   0.004,   1.399,   0.500,   1.299,   0.700,   1.499
202607301906,   0.809,9999.000,9999.000,9999.000,9999.000,9999.000,9999.000,9999.000,9999.000
202607301912,   0.823,9999.000,9999.000,9999.000,9999.000,9999.000,9999.000,9999.000,9999.000
202607301918,   0.838,9999.000,9999.000,9999.000,9999.000,9999.000,9999.000,9999.000,9999.000
202607301924,   0.852,9999.000,9999.000,9999.000,9999.000,9999.000,9999.000,9999.000,9999.000
202607301930,   0.867,9999.000,9999.000,9999.000,9999.000,9999.000,9999.000,9999.000,9999.000
202607301936,   0.881,9999.000,9999.000,9999.000,9999.000,9999.000,9999.000,9999.000,9999.000
202607301942,   0.896,9999.000,9999.000,9999.000,9999.000,9999.000,9999.000,9999.000,9999.000
202607301948,   0.911,9999.000,9999.000,9999.000,9999.000,9999.000,9999.000,9999.000,9999.000
202607301954,   0.925,9999.000,9999.000,9999.000,9999.000,9999.000,9999.000,9999.000,9999.000
202607302000,   0.940,9999.000,   0.600,   0.004,   1.544,   0.500,   1.444,   0.700,   1.644
202607302006,   0.954,9999.000,9999.000,9999.000,9999.000,9999.000,9999.000,9999.000,9999.000
202607302012,   0.969,9999.000,9999.000,9999.000,9999.000,9999.000,9999.000,9999.000,9999.000
202607302018,   0.983,9999.000,9999.000,9999.000,9999.000,9999.000,9999.000,9999.000,9999.000
202607302024,   0.998,9999.000,9999.000,9999.000,9999.000,9999.000,9999.000,9999.000,9999.000
202607302030,   1.012,9999.000,9999.000,9999.000,9999.000,9999.000,9999.000,9999.000,9999.000
202607302036,   1.026,9999.000,9999.000,9999.000,9999.000,9999.000,9999.000,9999.000,9999.000
202607302042,   1.039,9999.000,9999.000,9999.000,9999.000,9999.000,9999.000,9999.000,9999.000
202607302048,   1.053,9999.000,9999.000,9999.000,9999.000,9999.000,9999.000,9999.000,9999.000
202607302054,   1.066,9999.000,9999.000,9999.000,9999.000,9999.000,9999.000,9999.000,9999.000
202607302100,   1.079,9999.000,   0.600,   0.004,   1.683,   0.500,   1.583,   0.700,   1.783
202607302106,   1.092,9999.000,9999.000,9999.000,9999.000,9999.000,9999.000,9999.000,9999.000
202607302112,   1.104,9999.000,9999.000,9999.000,9999.000,9999.000,9999.000,9999.000,9999.000
202607302118,   1.116,9999.000,9999.000,9999.000,9999.000,9999.000,9999.000,9999.000,9999.000
202607302124,   1.127,9999.000,9999.000,9999.000,9999.000,9999.000,9999.000,9999.000,9999.000
202607302130,   1.138,9999.000,9999.000,9999.000,9999.000,9999.000,9999.000,9999.000,9999.000
202607302136,   1.148,9999.000,9999.000,9999.000,9999.000,9999.000,9999.000,9999.000,9999.000
202607302142,   1.158,9999.000,9999.000,9999.000,9999.000,9999.000,9999.000,9999.000,9999.000
202607302148,   1.167,9999.000,9999.000,9999.000,9999.000,9999.000,9999.000,9999.000,9999.000
202607302154,   1.175,9999.000,9999.000,9999.000,9999.000,9999.000,9999.000,9999.000,9999.000
202607302200,   1.183,9999.000,   0.600,   0.004,   1.787,   0.500,   1.687,   0.700,   1.887
202607302206,   1.189,9999.000,9999.000,9999.000,9999.000,9999.000,9999.000,9999.000,9999.000
202607302212,   1.195,9999.000,9999.000,9999.000,9999.000,9999.000,9999.000,9999.000,9999.000
202607302218,   1.200,9999.000,9999.000,9999.000,9999.000,9999.000,9999.000,9999.000,9999.000
202607302224,   1.204,9999.000,9999.000,9999.000,9999.000,9999.000,9999.000,9999.000,9999.000
202607302230,   1.207,9999.000,9999.000,9999.000,9999.000,9999.000,9999.000,9999.000,9999.000
202607302236,   1.209,9999.000,9999.000,9999.000,9999.000,9999.000,9999.000,9999.000,9999.000
202607302242,   1.210,9999.000,9999.000,9999.000,9999.000,9999.000,9999.000,9999.000,9999.000
202607302248,   1.210,9999.000,9999.000,9999.000,9999.000,9999.000,9999.000,9999.000,9999.000
202607302254,   1.208,9999.000,9999.000,9999.000,9999.000,9999.000,9999.000,9999.000,9999.000
202607302300,   1.206,9999.000,   0.600,   0.004,   1.810,   0.500,   1.710,   0.700,   1.910
202607302306,   1.203,9999.000,9999.000,9999.000,9999.000,9999.000,9999.000,9999.000,9999.000
202607302312,   1.198,9999.000,9999.000,9999.000,9999.000,9999.000,9999.000,9999.000,9999.000
202607302318,   1.193,9999.000,9999.000,9999.000,9999.000,9999.000,9999.000,9999.000,9999.000
202607302324,   1.186,9999.000,9999.000,9999.000,9999.000,9999.000,9999.000,9999.000,9999.000
202607302330,   1.179,9999.000,9999.000,9999.000,9999.000,9999.000,9999.000,9999.000,9999.000
202607302336,   1.170,9999.000,9999.000,9999.000,9999.000,9999.000,9999.000,9999.000,9999.000
202607302342,   1.161,9999.000,9999.000,9999.000,9999.000,9999.000,9999.000,9999.000,9999.000
202607302348,   1.150,9999.000,9999.000,9999.000,9999.000,9999.000,9999.000,9999.000,9999.000
202607302354,   1.139,9999.000,9999.000,9999.000,9999.000,9999.000,9999.000,9999.000,9999.000
202607310000,   1.127,9999.000,   0.600,   0.004,   1.731,   0.500,   1.631,   0.700,   1.831
202607310006,   1.115,9999.000,9999.000,9999.000,9999.000,9999.000,9999.000,9999.000,9999.000
202607310012,   1.101,9999.000,9999.000,9999.000,9999.000,9999.000,9999.000,9999.000,9999.000
202607310018,   1.087,9999.000,9999.000,9999.000,9999.000,9999.000,9999.000,9999.000,9999.000
202607310024,   1.073,9999.000,9999.000,9999.000,9999.000,9999.000,9999.000,9999.000,9999.000
202607310030,   1.058,9999.000,9999.000,9999.000,9999.000,9999.000,9999.000,9999.000,9999.000
202607310036,   1.042,9999.000,9999.000,9999.000,9999.000,9999.000,9999.000,9999.000,9999.000
202607310042,   1.027,9999.000,9999.000,9999.000,9999.000,9999.000,9999.000,9999.000,9999.000
202607310048,   1.010,9999.000,9999.000,9999.000,9999.000,9999.000,9999.000,9999.000,9999.000
202607310054,   0.994,9999.000,9999.000,9999.000,9999.000,9999.000,9999.000,9999.000,9999.000
202607310100,   0.977,9999.000,   0.600,   0.004,   1.581,   0.500,   1.481,   0.700,   1.681
202607310106,   0.960,9999.000,9999.000,9999.000,9999.000,9999.000,9999.000,9999.000,9999.000
202607310112,   0.943,9999.000,9999.000,9999.000,9999.000,9999.000,9999.000,9999.000,9999.000
202607310118,   0.926,9999.000,9999.000,9999.000,9999.000,9999.000,9999.000,9999.000,9999.000
202607310124,   0.908,9999.000,9999.000,9999.000,9999.000,9999.000,9999.000,9999.000,9999.000
202607310130,   0.891,9999.000,9999.000,9999.000,9999.000,9999.000,9999.000,9999.000,9999.000
202607310136,   0.874,9999.000,9999.000,9999.000,9999.000,9999.000,9999.000,9999.000,9999.000
202607310142,   0.856,9999.000,9999.000,9999.000,9999.000,9999.000,9999.000,9999.000,9999.000
202607310148,   0.839,9999.000,9999.000,9999.000,9999.000,9999.000,9999.000,9999.000,9999.000
202607310154,   0.822,9999.000,9999.000,9999.000,9999.000,9999.000,9999.000,9999.000,9999.000
202607310200,   0.805,9999.000,   0.600,   0.004,   1.409,   0.500,   1.309,   0.700,   1.509
202607310206,   0.788,9999.000,9999.000,9999.000,9999.000,9999.000,9999.000,9999.000,9999.000
202607310212,   0.771,9999.000,9999.000,9999.000,9999.000,9999.000,9999.000,9999.000,9999.000
202607310218,   0.754,9999.000,9999.000,9999.000,9999.000,9999.000,9999.000,9999.000,9999.000
202607310224,   0.737,9999.000,9999.000,9999.000,9999.000,9999.000,9999.000,9999.000,9999.000
202607310230,   0.721,9999.000,9999.000,9999.000,9999.000,9999.000,9999.000,9999.000,9999.000
202607310236,   0.705,9999.000,9999.000,9999.000,9999.000,9999.000,9999.000,9999.000,9999.000
202607310242,   0.689,9999.000,9999.000,9999.000,9999.000,9999.000,9999.000,9999.000,9999.000
202607310248,   0.674,9999.000,9999.000,9999.000,9999.000,9999.000,9999.000,9999.000,9999.000
202607310254,   0.658,9999.000,9999.000,9999.000,9999.000,9999.000,9999.000,9999.000,9999.000
202607310300,   0.644,9999.000,   0.600,   0.004,   1.248,   0.500,   1.148,   0.700,   1.348
202607310306,   0.629,9999.000,9999.000,9999.000,9999.000,9999.000,9999.000,9999.000,9999.000
202607310312,   0.616,9999.000,9999.000,9999.000,9999.000,9999.000,9999.000,9999.000,9999.000
202607310318,   0.602,9999.000,9999.000,9999.000,9999.000,9999.000,9999.000,9999.000,9999.000
202607310324,   0.590,9999.000,9999.000,9999.000,9999.000,9999.000,9999.000,9999.000,9999.000
202607310330,   0.578,9999.000,9999.000,9999.000,9999.000,9999.000,9999.000,9999.000,9999.000
202607310336,   0.567,9999.000,9999.000,9999.000,9999.000,9999.000,9999.000,9999.000,9999.000
202607310342,   0.556,9999.000,9999.000,9999.000,9999.000,9999.000,9999.000,9999.000,9999.000
202607310348,   0.547,9999.000,9999.000,9999.000,9999.000,9999.000,9999.000,9999.000,9999.000
202607310354,   0.538,9999.000,9999.000,9999.000,9999.000,9999.000,9999.000,9999.000,9999.000
202607310400,   0.531,9999.000,   0.600,   0.004,   1.135,   0.500,   1.035,   0.700,   1.235
202607310406,   0.524,9999.000,9999.000,9999.000,9999.000,9999.000,9999.000,9999.000,9999.000
202607310412,   0.519,9999.000,9999.000,9999.000,9999.000,9999.000,9999.000,9999.000,9999.000
202607310418,   0.514,9999.000,9999.000,9999.000,9999.000,9999.000,9999.000,9999.000,9999.000
202607310424,   0.511,9999.000,9999.000,9999.000,9999.000,9999.000,9999.000,9999.000,9999.000
202607310430,   0.510,9999.000,9999.000,9999.000,9999.000,9999.000,9999.000,9999.000,9999.000
202607310436,   0.510,9999.000,9999.000,9999.000,9999.000,9999.000,9999.000,9999.000,9999.000
202607310442,   0.511,9999.000,9999.000,9999.000,9999.000,9999.000,9999.000,9999.000,9999.000
202607310448,   0.513,9999.000,9999.000,9999.000,9999.000,9999.000,9999.000,9999.000,9999.000
202607310454,   0.517,9999.000,9999.000,9999.000,9999.000,9999.000,9999.000,9999.000,9999.000
202607310500,   0.522,9999.000,   0.600,   0.004,   1.126,   0.500,   1.026,   0.700,   1.226
202607310506,   0.529,9999.000,9999.000,9999.000,9999.000,9999.000,9999.000,9999.000,9999.000
202607310512,   0.538,9999.000,9999.000,9999.000,9999.000,9999.000,9999.000,9999.000,9999.000
202607310518,   0.548,9999.000,9999.000,9999.000,9999.000,9999.000,9999.000,9999.000,9999.000
202607310524,   0.559,9999.000,9999.000,9999.000,9999.000,9999.000,9999.000,9999.000,9999.000
202607310530,   0.572,9999.000,9999.000,9999.000,9999.000,9999.000,9999.000,9999.000,9999.000
202607310536,   0.586,9999.000,9999.000,9999.000,9999.000,9999.000,9999.000,9999.000,9999.000
202607310542,   0.601,9999.000,9999.000,9999.000,9999.000,9999.000,9999.000,9999.000,9999.000
202607310548,   0.618,9999.000,9999.000,9999.000,9999.000,9999.000,9999.000,9999.000,9999.000
202607310554,   0.636,9999.000,9999.000,9999.000,9999.000,9999.000,9999.000,9999.000,9999.000
202607310600,   0.655,9999.000,   0.600,   0.004,   1.259,   0.600,   1.259,   0.700,   1.359
202607310606,   0.675,9999.000,9999.000,9999.000,9999.000,9999.000,9999.000,9999.000,9999.000
202607310612,   0.697,9999.000,9999.000,9999.000,9999.000,9999.000,9999.000,9999.000,9999.000
202607310618,   0.720,9999.000,9999.000,9999.000,9999.000,9999.000,9999.000,9999.000,9999.000
202607310624,   0.742,9999.000,9999.000,9999.000,9999.000,9999.000,9999.000,9999.000,9999.000
202607310630,   0.766,9999.000,9999.000,9999.000,9999.000,9999.000,9999.000,9999.000,9999.000
202607310636,   0.790,9999.000,9999.000,9999.000,9999.000,9999.000,9999.000,9999.000,9999.000
202607310642,   0.815,9999.000,9999.000,9999.000,9999.000,9999.000,9999.000,9999.000,9999.000
202607310648,   0.841,9999.000,9999.000,9999.000,9999.000,9999.000,9999.000,9999.000,9999.000
202607310654,   0.867,9999.000,9999.000,9999.000,9999.000,9999.000,9999.000,9999.000,9999.000
202607310700,   0.894,9999.000,   0.600,   0.004,   1.498,   0.600,   1.498,   0.700,   1.598
202607310706,   0.920,9999.000,9999.000,9999.000,9999.000,9999.000,9999.000,9999.000,9999.000
202607310712,   0.947,9999.000,9999.000,9999.000,9999.000,9999.000,9999.000,9999.000,9999.000
202607310718,   0.974,9999.000,9999.000,9999.000,9999.000,9999.000,9999.000,9999.000,9999.000
202607310724,   1.001,9999.000,9999.000,9999.000,9999.000,9999.000,9999.000,9999.000,9999.000
202607310730,   1.028,9999.000,9999.000,9999.000,9999.000,9999.000,9999.000,9999.000,9999.000
202607310736,   1.055,9999.000,9999.000,9999.000,9999.000,9999.000,9999.000,9999.000,9999.000
202607310742,   1.082,9999.000,9999.000,9999.000,9999.000,9999.000,9999.000,9999.000,9999.000
202607310748,   1.109,9999.000,9999.000,9999.000,9999.000,9999.000,9999.000,9999.000,9999.000
202607310754,   1.135,9999.000,9999.000,9999.000,9999.000,9999.000,9999.000,9999.000,9999.000
202607310800,   1.162,9999.000,   0.600,   0.004,   1.766,   0.600,   1.766,   0.700,   1.866
202607310806,   1.188,9999.000,9999.000,9999.000,9999.000,9999.000,9999.000,9999.000,9999.000
202607310812,   1.213,9999.000,9999.000,9999.000,9999.000,9999.000,9999.000,9999.000,9999.000
202607310818,   1.238,9999.000,9999.000,9999.000,9999.000,9999.000,9999.000,9999.000,9999.000
202607310824,   1.263,9999.000,9999.000,9999.000,9999.000,9999.000,9999.000,9999.000,9999.000
202607310830,   1.287,9999.000,9999.000,9999.000,9999.000,9999.000,9999.000,9999.000,9999.000
202607310836,   1.311,9999.000,9999.000,9999.000,9999.000,9999.000,9999.000,9999.000,9999.000
202607310842,   1.335,9999.000,9999.000,9999.000,9999.000,9999.000,9999.000,9999.000,9999.000
202607310848,   1.358,9999.000,9999.000,9999.000,9999.000,9999.000,9999.000,9999.000,9999.000
202607310854,   1.380,9999.000,9999.000,9999.000,9999.000,9999.000,9999.000,9999.000,9999.000
202607310900,   1.402,9999.000,   0.600,   0.004,   2.006,   0.600,   2.006,   0.700,   2.106
202607310906,   1.423,9999.000,9999.000,9999.000,9999.000,9999.000,9999.000,9999.000,9999.000
202607310912,   1.443,9999.000,9999.000,9999.000,9999.000,9999.000,9999.000,9999.000,9999.000
202607310918,   1.463,9999.000,9999.000,9999.000,9999.000,9999.000,9999.000,9999.000,9999.000
202607310924,   1.483,9999.000,9999.000,9999.000,9999.000,9999.000,9999.000,9999.000,9999.000
202607310930,   1.501,9999.000,9999.000,9999.000,9999.000,9999.000,9999.000,9999.000,9999.000
202607310936,   1.519,9999.000,9999.000,9999.000,9999.000,9999.000,9999.000,9999.000,9999.000
202607310942,   1.536,9999.000,9999.000,9999.000,9999.000,9999.000,9999.000,9999.000,9999.000
202607310948,   1.552,9999.000,9999.000,9999.000,9999.000,9999.000,9999.000,9999.000,9999.000
202607310954,   1.567,9999.000,9999.000,9999.000,9999.000,9999.000,9999.000,9999.000,9999.000
202607311000,   1.581,9999.000,   0.600,   0.004,   2.185,   0.600,   2.185,   0.700,   2.285
202607311006,   1.595,9999.000,9999.000,9999.000,9999.000,9999.000,9999.000,9999.000,9999.000
202607311012,   1.607,9999.000,9999.000,9999.000,9999.000,9999.000,9999.000,9999.000,9999.000
202607311018,   1.618,9999.000,9999.000,9999.000,9999.000,9999.000,9999.000,9999.000,9999.000
202607311024,   1.628,9999.000,9999.000,9999.000,9999.000,9999.000,9999.000,9999.000,9999.000
202607311030,   1.637,9999.000,9999.000,9999.000,9999.000,9999.000,9999.000,9999.000,9999.000
202607311036,   1.645,9999.000,9999.000,9999.000,9999.000,9999.000,9999.000,9999.000,9999.000
202607311042,   1.652,9999.000,9999.000,9999.000,9999.000,9999.000,9999.000,9999.000,9999.000
202607311048,   1.657,9999.000,9999.000,9999.000,9999.000,9999.000,9999.000,9999.000,9999.000
202607311054,   1.661,9999.000,9999.000,9999.000,9999.000,9999.000,9999.000,9999.000,9999.000
202607311100,   1.664,9999.000,   0.600,   0.004,   2.268,   0.600,   2.268,   0.700,   2.368
202607311106,   1.665,9999.000,9999.000,9999.000,9999.000,9999.000,9999.000,9999.000,9999.000
202607311112,   1.665,9999.000,9999.000,9999.000,9999.000,9999.000,9999.000,9999.000,9999.000
202607311118,   1.664,9999.000,9999.000,9999.000,9999.000,9999.000,9999.000,9999.000,9999.000
202607311124,   1.661,9999.000,9999.000,9999.000,9999.000,9999.000,9999.000,9999.000,9999.000
202607311130,   1.657,9999.000,9999.000,9999.000,9999.000,9999.000,9999.000,9999.000,9999.000
202607311136,   1.652,9999.000,9999.000,9999.000,9999.000,9999.000,9999.000,9999.000,9999.000
202607311142,   1.645,9999.000,9999.000,9999.000,9999.000,9999.000,9999.000,9999.000,9999.000
202607311148,   1.637,9999.000,9999.000,9999.000,9999.000,9999.000,9999.000,9999.000,9999.000
202607311154,   1.628,9999.000,9999.000,9999.000,9999.000,9999.000,9999.000,9999.000,9999.000
202607311200,   1.618,9999.000,   0.600,   0.004,   2.222,   0.600,   2.222,   0.700,   2.322
202607311206,   1.607,9999.000,9999.000,9999.000,9999.000,9999.000,9999.000,9999.000,9999.000
202607311212,   1.594,9999.000,9999.000,9999.000,9999.000,9999.000,9999.000,9999.000,9999.000
202607311218,   1.580,9999.000,9999.000,9999.000,9999.000,9999.000,9999.000,9999.000,9999.000
202607311224,   1.566,9999.000,9999.000,9999.000,9999.000,9999.000,9999.000,9999.000,9999.000
202607311230,   1.550,9999.000,9999.000,9999.000,9999.000,9999.000,9999.000,9999.000,9999.000
202607311236,   1.534,9999.000,9999.000,9999.000,9999.000,9999.000,9999.000,9999.000,9999.000
202607311242,   1.516,9999.000,9999.000,9999.000,9999.000,9999.000,9999.000,9999.000,9999.000
202607311248,   1.498,9999.000,9999.000,9999.000,9999.000,9999.000,9999.000,9999.000,9999.000
202607311254,   1.480,9999.000,9999.000,9999.000,9999.000,9999.000,9999.000,9999.000,9999.000
202607311300,   1.460,9999.000,   0.600,   0.004,   2.064,   0.600,   2.064,   0.700,   2.164
202607311306,   1.440,9999.000,9999.000,9999.000,9999.000,9999.000,9999.000,9999.000,9999.000
202607311312,   1.420,9999.000,9999.000,9999.000,9999.000,9999.000,9999.000,9999.000,9999.000
202607311318,   1.399,9999.000,9999.000,9999.000,9999.000,9999.000,9999.000,9999.000,9999.000
202607311324,   1.377,9999.000,9999.000,9999.000,9999.000,9999.000,9999.000,9999.000,9999.000
202607311330,   1.356,9999.000,9999.000,9999.000,9999.000,9999.000,9999.000,9999.000,9999.000
202607311336,   1.333,9999.000,9999.000,9999.000,9999.000,9999.000,9999.000,9999.000,9999.000
202607311342,   1.311,9999.000,9999.000,9999.000,9999.000,9999.000,9999.000,9999.000,9999.000
202607311348,   1.288,9999.000,9999.000,9999.000,9999.000,9999.000,9999.000,9999.000,9999.000
202607311354,   1.265,9999.000,9999.000,9999.000,9999.000,9999.000,9999.000,9999.000,9999.000
202607311400,   1.242,9999.000,   0.600,   0.004,   1.846,   0.600,   1.846,   0.700,   1.946
202607311406,   1.219,9999.000,9999.000,9999.000,9999.000,9999.000,9999.000,9999.000,9999.000
202607311412,   1.196,9999.000,9999.000,9999.000,9999.000,9999.000,9999.000,9999.000,9999.000
202607311418,   1.172,9999.000,9999.000,9999.000,9999.000,9999.000,9999.000,9999.000,9999.000
202607311424,   1.148,9999.000,9999.000,9999.000,9999.000,9999.000,9999.000,9999.000,9999.000
202607311430,   1.125,9999.000,9999.000,9999.000,9999.000,9999.000,9999.000,9999.000,9999.000
202607311436,   1.101,9999.000,9999.000,9999.000,9999.000,9999.000,9999.000,9999.000,9999.000
202607311442,   1.077,9999.000,9999.000,9999.000,9999.000,9999.000,9999.000,9999.000,9999.000
202607311448,   1.054,9999.000,9999.000,9999.000,9999.000,9999.000,9999.000,9999.000,9999.000
202607311454,   1.030,9999.000,9999.000,9999.000,9999.000,9999.000,9999.000,9999.000,9999.000
202607311500,   1.007,9999.000,   0.600,   0.004,   1.611,   0.500,   1.511,   0.700,   1.711
202607311506,   0.983,9999.000,9999.000,9999.000,9999.000,9999.000,9999.000,9999.000,9999.000
202607311512,   0.960,9999.000,9999.000,9999.000,9999.000,9999.000,9999.000,9999.000,9999.000
202607311518,   0.937,9999.000,9999.000,9999.000,9999.000,9999.000,9999.000,9999.000,9999.000
202607311524,   0.914,9999.000,9999.000,9999.000,9999.000,9999.000,9999.000,9999.000,9999.000
202607311530,   0.891,9999.000,9999.000,9999.000,9999.000,9999.000,9999.000,9999.000,9999.000
202607311536,   0.869,9999.000,9999.000,9999.000,9999.000,9999.000,9999.000,9999.000,9999.000
202607311542,   0.847,9999.000,9999.000,9999.000,9999.000,9999.000,9999.000,9999.000,9999.000
202607311548,   0.826,9999.000,9999.000,9999.000,9999.000,9999.000,9999.000,9999.000,9999.000
202607311554,   0.805,9999.000,9999.000,9999.000,9999.000,9999.000,9999.000,9999.000,9999.000
202607311600,   0.784,9999.000,   0.600,   0.004,   1.388,   0.500,   1.288,   0.700,   1.488
202607311606,   0.765,9999.000,9999.000,9999.000,9999.000,9999.000,9999.000,9999.000,9999.000
202607311612,   0.746,9999.000,9999.000,9999.000,9999.000,9999.000,9999.000,9999.000,9999.000
202607311618,   0.727,9999.000,9999.000,9999.000,9999.000,9999.000,9999.000,9999.000,9999.000
202607311624,   0.710,9999.000,9999.000,9999.000,9999.000,9999.000,9999.000,9999.000,9999.000
202607311630,   0.694,9999.000,9999.000,9999.000,9999.000,9999.000,9999.000,9999.000,9999.000
202607311636,   0.678,9999.000,9999.000,9999.000,9999.000,9999.000,9999.000,9999.000,9999.000
202607311642,   0.664,9999.000,9999.000,9999.000,9999.000,9999.000,9999.000,9999.000,9999.000
202607311648,   0.651,9999.000,9999.000,9999.000,9999.000,9999.000,9999.000,9999.000,9999.000
202607311654,   0.638,9999.000,9999.000,9999.000,9999.000,9999.000,9999.000,9999.000,9999.000
202607311700,   0.628,9999.000,   0.600,   0.004,   1.232,   0.600,   1.232,   0.700,   1.332
202607311706,   0.618,9999.000,9999.000,9999.000,9999.000,9999.000,9999.000,9999.000,9999.000
202607311712,   0.610,9999.000,9999.000,9999.000,9999.000,9999.000,9999.000,9999.000,9999.000
202607311718,   0.603,9999.000,9999.000,9999.000,9999.000,9999.000,9999.000,9999.000,9999.000
202607311724,   0.597,9999.000,9999.000,9999.000,9999.000,9999.000,9999.000,9999.000,9999.000
202607311730,   0.593,9999.000,9999.000,9999.000,9999.000,9999.000,9999.000,9999.000,9999.000
202607311736,   0.591,9999.000,9999.000,9999.000,9999.000,9999.000,9999.000,9999.000,9999.000
202607311742,   0.589,9999.000,9999.000,9999.000,9999.000,9999.000,9999.000,9999.000,9999.000
202607311748,   0.589,9999.000,9999.000,9999.000,9999.000,9999.000,9999.000,9999.000,9999.000
202607311754,   0.591,9999.000,9999.000,9999.000,9999.000,9999.000,9999.000,9999.000,9999.000
202607311800,   0.594,9999.000,   0.600,   0.004,   1.198,   0.600,   1.198,   0.700,   1.298
202607311806,   0.598,9999.000,9999.000,9999.000,9999.000,9999.000,9999.000,9999.000,9999.000
202607311812,   0.604,9999.000,9999.000,9999.000,9999.000,9999.000,9999.000,9999.000,9999.000
202607311818,   0.610,9999.000,9999.000,9999.000,9999.000,9999.000,9999.000,9999.000,9999.000
202607311824,   0.618,9999.000,9999.000,9999.000,9999.000,9999.000,9999.000,9999.000,9999.000
202607311830,   0.627,9999.000,9999.000,9999.000,9999.000,9999.000,9999.000,9999.000,9999.000
202607311836,   0.637,9999.000,9999.000,9999.000,9999.000,9999.000,9999.000,9999.000,9999.000
202607311842,   0.649,9999.000,9999.000,9999.000,9999.000,9999.000,9999.000,9999.000,9999.000
202607311848,   0.661,9999.000,9999.000,9999.000,9999.000,9999.000,9999.000,9999.000,9999.000
202607311854,   0.674,9999.000,9999.000,9999.000,9999.000,9999.000,9999.000,9999.000,9999.000
202607311900,   0.687,9999.000,   0.600,   0.004,   1.291,   0.600,   1.291,   0.700,   1.391
202607311906,   0.702,9999.000,9999.000,9999.000,9999.000,9999.000,9999.000,9999.000,9999.000
202607311912,   0.717,9999.000,9999.000,9999.000,9999.000,9999.000,9999.000,9999.000,9999.000
202607311918,   0.732,9999.000,9999.000,9999.000,9999.000,9999.000,9999.000,9999.000,9999.000
202607311924,   0.748,9999.000,9999.000,9999.000,9999.000,9999.000,9999.000,9999.000,9999.000
202607311930,   0.765,9999.000,9999.000,9999.000,9999.000,9999.000,9999.000,9999.000,9999.000
202607311936,   0.781,9999.000,9999.000,9999.000,9999.000,9999.000,9999.000,9999.000,9999.000
202607311942,   0.798,9999.000,9999.000,9999.000,9999.000,9999.000,9999.000,9999.000,9999.000
202607311948,   0.815,9999.000,9999.000,9999.000,9999.000,9999.000,9999.000,9999.000,9999.000
202607311954,   0.833,9999.000,9999.000,9999.000,9999.000,9999.000,9999.000,9999.000,9999.000
202607312000,   0.850,9999.000,   0.600,   0.004,   1.454,   0.600,   1.454,   0.700,   1.554
202607312006,   0.868,9999.000,9999.000,9999.000,9999.000,9999.000,9999.000,9999.000,9999.000
202607312012,   0.885,9999.000,9999.000,9999.000,9999.000,9999.000,9999.000,9999.000,9999.000
202607312018,   0.903,9999.000,9999.000,9999.000,9999.000,9999.000,9999.000,9999.000,9999.000
202607312024,   0.920,9999.000,9999.000,9999.000,9999.000,9999.000,9999.000,9999.000,9999.000
202607312030,   0.937,9999.000,9999.000,9999.000,9999.000,9999.000,9999.000,9999.000,9999.000
202607312036,   0.955,9999.000,9999.000,9999.000,9999.000,9999.000,9999.000,9999.000,9999.000
202607312042,   0.971,9999.000,9999.000,9999.000,9999.000,9999.000,9999.000,9999.000,9999.000
202607312048,   0.988,9999.000,9999.000,9999.000,9999.000,9999.000,9999.000,9999.000,9999.000
202607312054,   1.005,9999.000,9999.000,9999.000,9999.000,9999.000,9999.000,9999.000,9999.000
202607312100,   1.021,9999.000,   0.600,   0.004,   1.625,   0.600,   1.625,   0.700,   1.725
202607312106,   1.037,9999.000,9999.000,9999.000,9999.000,9999.000,9999.000,9999.000,9999.000
202607312112,   1.053,9999.000,9999.000,9999.000,9999.000,9999.000,9999.000,9999.000,9999.000
202607312118,   1.069,9999.000,9999.000,9999.000,9999.000,9999.000,9999.000,9999.000,9999.000
202607312124,   1.084,9999.000,9999.000,9999.000,9999.000,9999.000,9999.000,9999.000,9999.000
202607312130,   1.099,9999.000,9999.000,9999.000,9999.000,9999.000,9999.000,9999.000,9999.000
202607312136,   1.113,9999.000,9999.000,9999.000,9999.000,9999.000,9999.000,9999.000,9999.000
202607312142,   1.128,9999.000,9999.000,9999.000,9999.000,9999.000,9999.000,9999.000,9999.000
202607312148,   1.141,9999.000,9999.000,9999.000,9999.000,9999.000,9999.000,9999.000,9999.000
202607312154,   1.155,9999.000,9999.000,9999.000,9999.000,9999.000,9999.000,9999.000,9999.000
202607312200,   1.167,9999.000,   0.600,   0.004,   1.771,   0.600,   1.771,   0.700,   1.871
202607312206,   1.180,9999.000,9999.000,9999.000,9999.000,9999.000,9999.000,9999.000,9999.000
202607312212,   1.191,9999.000,9999.000,9999.000,9999.000,9999.000,9999.000,9999.000,9999.000
202607312218,   1.202,9999.000,9999.000,9999.000,9999.000,9999.000,9999.000,9999.000,9999.000
202607312224,   1.213,9999.000,9999.000,9999.000,9999.000,9999.000,9999.000,9999.000,9999.000
202607312230,   1.222,9999.000,9999.000,9999.000,9999.000,9999.000,9999.000,9999.000,9999.000
202607312236,   1.231,9999.000,9999.000,9999.000,9999.000,9999.000,9999.000,9999.000,9999.000
202607312242,   1.239,9999.000,9999.000,9999.000,9999.000,9999.000,9999.000,9999.000,9999.000
202607312248,   1.246,9999.000,9999.000,9999.000,9999.000,9999.000,9999.000,9999.000,9999.000
202607312254,   1.253,9999.000,9999.000,9999.000,9999.000,9999.000,9999.000,9999.000,9999.000
202607312300,   1.258,9999.000,   0.600,   0.004,   1.862,   0.600,   1.862,   0.700,   1.962
202607312306,   1.263,9999.000,9999.000,9999.000,9999.000,9999.000,9999.000,9999.000,9999.000
202607312312,   1.266,9999.000,9999.000,9999.000,9999.000,9999.000,9999.000,9999.000,9999.000
202607312318,   1.269,9999.000,9999.000,9999.000,9999.000,9999.000,9999.000,9999.000,9999.000
202607312324,   1.270,9999.000,9999.000,9999.000,9999.000,9999.000,9999.000,9999.000,9999.000
202607312330,   1.270,9999.000,9999.000,9999.000,9999.000,9999.000,9999.000,9999.000,9999.000
202607312336,   1.270,9999.000,9999.000,9999.000,9999.000,9999.000,9999.000,9999.000,9999.000
202607312342,   1.268,9999.000,9999.000,9999.000,9999.000,9999.000,9999.000,9999.000,9999.000
202607312348,   1.265,9999.000,9999.000,9999.000,9999.000,9999.000,9999.000,9999.000,9999.000
202607312354,   1.261,9999.000,9999.000,9999.000,9999.000,9999.000,9999.000,9999.000,9999.000
202608010000,   1.256,9999.000,   0.600,   0.004,   1.860,   0.600,   1.860,   0.700,   1.960
202608010006,   1.249,9999.000,9999.000,9999.000,9999.000,9999.000,9999.000,9999.000,9999.000
202608010012,   1.242,9999.000,9999.000,9999.000,9999.000,9999.000,9999.000,9999.000,9999.000
202608010018,   1.234,9999.000,9999.000,9999.000,9999.000,9999.000,9999.000,9999.000,9999.000
202608010024,   1.225,9999.000,9999.000,9999.000,9999.000,9999.000,9999.000,9999.000,9999.000
202608010030,   1.214,9999.000,9999.000,9999.000,9999.000,9999.000,9999.000,9999.000,9999.000
202608010036,   1.203,9999.000,9999.000,9999.000,9999.000,9999.000,9999.000,9999.000,9999.000
202608010042,   1.192,9999.000,9999.000,9999.000,9999.000,9999.000,9999.000,9999.000,9999.000
202608010048,   1.179,9999.000,9999.000,9999.000,9999.000,9999.000,9999.000,9999.000,9999.000
202608010054,   1.165,9999.000,9999.000,9999.000,9999.000,9999.000,9999.000,9999.000,9999.000
202608010100,   1.151,9999.000,   0.700,   0.004,   1.855,   0.600,   1.755,   0.700,   1.855
202608010106,   1.137,9999.000,9999.000,9999.000,9999.000,9999.000,9999.000,9999.000,9999.000
202608010112,   1.121,9999.000,9999.000,9999.000,9999.000,9999.000,9999.000,9999.000,9999.000
202608010118,   1.106,9999.000,9999.000,9999.000,9999.000,9999.000,9999.000,9999.000,9999.000
202608010124,   1.089,9999.000,9999.000,9999.000,9999.000,9999.000,9999.000,9999.000,9999.000
202608010130,   1.073,9999.000,9999.000,9999.000,9999.000,9999.000,9999.000,9999.000,9999.000
202608010136,   1.056,9999.000,9999.000,9999.000,9999.000,9999.000,9999.000,9999.000,9999.000
202608010142,   1.039,9999.000,9999.000,9999.000,9999.000,9999.000,9999.000,9999.000,9999.000
202608010148,   1.022,9999.000,9999.000,9999.000,9999.000,9999.000,9999.000,9999.000,9999.000
202608010154,   1.004,9999.000,9999.000,9999.000,9999.000,9999.000,9999.000,9999.000,9999.000
202608010200,   0.986,9999.000,   0.700,   0.004,   1.690,   0.600,   1.590,   0.800,   1.790
202608010206,   0.969,9999.000,9999.000,9999.000,9999.000,9999.000,9999.000,9999.000,9999.000
202608010212,   0.951,9999.000,9999.000,9999.000,9999.000,9999.000,9999.000,9999.000,9999.000
202608010218,   0.933,9999.000,9999.000,9999.000,9999.000,9999.000,9999.000,9999.000,9999.000
202608010224,   0.916,9999.000,9999.000,9999.000,9999.000,9999.000,9999.000,9999.000,9999.000
202608010230,   0.898,9999.000,9999.000,9999.000,9999.000,9999.000,9999.000,9999.000,9999.000
202608010236,   0.880,9999.000,9999.000,9999.000,9999.000,9999.000,9999.000,9999.000,9999.000
202608010242,   0.863,9999.000,9999.000,9999.000,9999.000,9999.000,9999.000,9999.000,9999.000
202608010248,   0.846,9999.000,9999.000,9999.000,9999.000,9999.000,9999.000,9999.000,9999.000
202608010254,   0.829,9999.000,9999.000,9999.000,9999.000,9999.000,9999.000,9999.000,9999.000
202608010300,   0.812,9999.000,   0.700,   0.004,   1.516,   0.600,   1.416,   0.800,   1.616
202608010306,   0.795,9999.000,9999.000,9999.000,9999.000,9999.000,9999.000,9999.000,9999.000
202608010312,   0.779,9999.000,9999.000,9999.000,9999.000,9999.000,9999.000,9999.000,9999.000
202608010318,   0.763,9999.000,9999.000,9999.000,9999.000,9999.000,9999.000,9999.000,9999.000
202608010324,   0.747,9999.000,9999.000,9999.000,9999.000,9999.000,9999.000,9999.000,9999.000
202608010330,   0.731,9999.000,9999.000,9999.000,9999.000,9999.000,9999.000,9999.000,9999.000
202608010336,   0.716,9999.000,9999.000,9999.000,9999.000,9999.000,9999.000,9999.000,9999.000
202608010342,   0.701,9999.000,9999.000,9999.000,9999.000,9999.000,9999.000,9999.000,9999.000
202608010348,   0.687,9999.000,9999.000,9999.000,9999.000,9999.000,9999.000,9999.000,9999.000
202608010354,   0.673,9999.000,9999.000,9999.000,9999.000,9999.000,9999.000,9999.000,9999.000
202608010400,   0.660,9999.000,   0.700,   0.004,   1.364,   0.600,   1.264,   0.800,   1.464
202608010406,   0.648,9999.000,9999.000,9999.000,9999.000,9999.000,9999.000,9999.000,9999.000
202608010412,   0.636,9999.000,9999.000,9999.000,9999.000,9999.000,9999.000,9999.000,9999.000
202608010418,   0.624,9999.000,9999.000,9999.000,9999.000,9999.000,9999.000,9999.000,9999.000
202608010424,   0.614,9999.000,9999.000,9999.000,9999.000,9999.000,9999.000,9999.000,9999.000
202608010430,   0.604,9999.000,9999.000,9999.000,9999.000,9999.000,9999.000,9999.000,9999.000
202608010436,   0.595,9999.000,9999.000,9999.000,9999.000,9999.000,9999.000,9999.000,9999.000
202608010442,   0.587,9999.000,9999.000,9999.000,9999.000,9999.000,9999.000,9999.000,9999.000
202608010448,   0.581,9999.000,9999.000,9999.000,9999.000,9999.000,9999.000,9999.000,9999.000
202608010454,   0.575,9999.000,9999.000,9999.000,9999.000,9999.000,9999.000,9999.000,9999.000
202608010500,   0.570,9999.000,   0.700,   0.004,   1.274,   0.600,   1.174,   0.800,   1.374
202608010506,   0.567,9999.000,9999.000,9999.000,9999.000,9999.000,9999.000,9999.000,9999.000
202608010512,   0.564,9999.000,9999.000,9999.000,9999.000,9999.000,9999.000,9999.000,9999.000
202608010518,   0.563,9999.000,9999.000,9999.000,9999.000,9999.000,9999.000,9999.000,9999.000
202608010524,   0.564,9999.000,9999.000,9999.000,9999.000,9999.000,9999.000,9999.000,9999.000
202608010530,   0.566,9999.000,9999.000,9999.000,9999.000,9999.000,9999.000,9999.000,9999.000
202608010536,   0.569,9999.000,9999.000,9999.000,9999.000,9999.000,9999.000,9999.000,9999.000
202608010542,   0.573,9999.000,9999.000,9999.000,9999.000,9999.000,9999.000,9999.000,9999.000
202608010548,   0.579,9999.000,9999.000,9999.000,9999.000,9999.000,9999.000,9999.000,9999.000
202608010554,   0.587,9999.000,9999.000,9999.000,9999.000,9999.000,9999.000,9999.000,9999.000
202608010600,   0.596,9999.000,   0.700,   0.004,   1.300,   0.600,   1.200,   0.800,   1.400
202608010606,   0.606,9999.000,9999.000,9999.000,9999.000,9999.000,9999.000,9999.000,9999.000
202608010612,   0.618,9999.000,9999.000,9999.000,9999.000,9999.000,9999.000,9999.000,9999.000
202608010618,   0.631,9999.000,9999.000,9999.000,9999.000,9999.000,9999.000,9999.000,9999.000
202608010624,   0.646,9999.000,9999.000,9999.000,9999.000,9999.000,9999.000,9999.000,9999.000
202608010630,   0.661,9999.000,9999.000,9999.000,9999.000,9999.000,9999.000,9999.000,9999.000
202608010636,   0.678,9999.000,9999.000,9999.000,9999.000,9999.000,9999.000,9999.000,9999.000
202608010642,   0.697,9999.000,9999.000,9999.000,9999.000,9999.000,9999.000,9999.000,9999.000
202608010648,   0.716,9999.000,9999.000,9999.000,9999.000,9999.000,9999.000,9999.000,9999.000
202608010654,   0.736,9999.000,9999.000,9999.000,9999.000,9999.000,9999.000,9999.000,9999.000
202608010700,   0.758,9999.000,   0.700,   0.004,   1.462,   0.600,   1.362,   0.800,   1.562
202608010706,   0.780,9999.000,9999.000,9999.000,9999.000,9999.000,9999.000,9999.000,9999.000
202608010712,   0.803,9999.000,9999.000,9999.000,9999.000,9999.000,9999.000,9999.000,9999.000
202608010718,   0.827,9999.000,9999.000,9999.000,9999.000,9999.000,9999.000,9999.000,9999.000
202608010724,   0.851,9999.000,9999.000,9999.000,9999.000,9999.000,9999.000,9999.000,9999.000
202608010730,   0.876,9999.000,9999.000,9999.000,9999.000,9999.000,9999.000,9999.000,9999.000
202608010736,   0.902,9999.000,9999.000,9999.000,9999.000,9999.000,9999.000,9999.000,9999.000
202608010742,   0.927,9999.000,9999.000,9999.000,9999.000,9999.000,9999.000,9999.000,9999.000
202608010748,   0.953,9999.000,9999.000,9999.000,9999.000,9999.000,9999.000,9999.000,9999.000
202608010754,   0.979,9999.000,9999.000,9999.000,9999.000,9999.000,9999.000,9999.000,9999.000
202608010800,   1.006,9999.000,   0.700,   0.004,   1.710,   0.600,   1.610,   0.800,   1.810
202608010806,   1.032,9999.000,9999.000,9999.000,9999.000,9999.000,9999.000,9999.000,9999.000
202608010812,   1.058,9999.000,9999.000,9999.000,9999.000,9999.000,9999.000,9999.000,9999.000
202608010818,   1.084,9999.000,9999.000,9999.000,9999.000,9999.000,9999.000,9999.000,9999.000
202608010824,   1.110,9999.000,9999.000,9999.000,9999.000,9999.000,9999.000,9999.000,9999.000
202608010830,   1.136,9999.000,9999.000,9999.000,9999.000,9999.000,9999.000,9999.000,9999.000
202608010836,   1.161,9999.000,9999.000,9999.000,9999.000,9999.000,9999.000,9999.000,9999.000
202608010842,   1.186,9999.000,9999.000,9999.000,9999.000,9999.000,9999.000,9999.000,9999.000
202608010848,   1.211,9999.000,9999.000,9999.000,9999.000,9999.000,9999.000,9999.000,9999.000
202608010854,   1.235,9999.000,9999.000,9999.000,9999.000,9999.000,9999.000,9999.000,9999.000
202608010900,   1.259,9999.000,   0.700,   0.004,   1.963,   0.600,   1.863,   0.900,   2.163
202608010906,   1.282,9999.000,9999.000,9999.000,9999.000,9999.000,9999.000,9999.000,9999.000
202608010912,   1.305,9999.000,9999.000,9999.000,9999.000,9999.000,9999.000,9999.000,9999.000
202608010918,   1.327,9999.000,9999.000,9999.000,9999.000,9999.000,9999.000,9999.000,9999.000
202608010924,   1.349,9999.000,9999.000,9999.000,9999.000,9999.000,9999.000,9999.000,9999.000
202608010930,   1.370,9999.000,9999.000,9999.000,9999.000,9999.000,9999.000,9999.000,9999.000
202608010936,   1.390,9999.000,9999.000,9999.000,9999.000,9999.000,9999.000,9999.000,9999.000
202608010942,   1.410,9999.000,9999.000,9999.000,9999.000,9999.000,9999.000,9999.000,9999.000
202608010948,   1.429,9999.000,9999.000,9999.000,9999.000,9999.000,9999.000,9999.000,9999.000
202608010954,   1.448,9999.000,9999.000,9999.000,9999.000,9999.000,9999.000,9999.000,9999.000
202608011000,   1.466,9999.000,   0.800,   0.004,   2.270,   0.600,   2.070,   0.900,   2.370
202608011006,   1.483,9999.000,9999.000,9999.000,9999.000,9999.000,9999.000,9999.000,9999.000
202608011012,   1.499,9999.000,9999.000,9999.000,9999.000,9999.000,9999.000,9999.000,9999.000
202608011018,   1.514,9999.000,9999.000,9999.000,9999.000,9999.000,9999.000,9999.000,9999.000
202608011024,   1.529,9999.000,9999.000,9999.000,9999.000,9999.000,9999.000,9999.000,9999.000
202608011030,   1.543,9999.000,9999.000,9999.000,9999.000,9999.000,9999.000,9999.000,9999.000
202608011036,   1.556,9999.000,9999.000,9999.000,9999.000,9999.000,9999.000,9999.000,9999.000
202608011042,   1.568,9999.000,9999.000,9999.000,9999.000,9999.000,9999.000,9999.000,9999.000
202608011048,   1.579,9999.000,9999.000,9999.000,9999.000,9999.000,9999.000,9999.000,9999.000
202608011054,   1.589,9999.000,9999.000,9999.000,9999.000,9999.000,9999.000,9999.000,9999.000
202608011100,   1.598,9999.000,   0.800,   0.004,   2.402,   0.600,   2.202,   0.900,   2.502
202608011106,   1.606,9999.000,9999.000,9999.000,9999.000,9999.000,9999.000,9999.000,9999.000
202608011112,   1.612,9999.000,9999.000,9999.000,9999.000,9999.000,9999.000,9999.000,9999.000
202608011118,   1.618,9999.000,9999.000,9999.000,9999.000,9999.000,9999.000,9999.000,9999.000
202608011124,   1.622,9999.000,9999.000,9999.000,9999.000,9999.000,9999.000,9999.000,9999.000
202608011130,   1.625,9999.000,9999.000,9999.000,9999.000,9999.000,9999.000,9999.000,9999.000
202608011136,   1.627,9999.000,9999.000,9999.000,9999.000,9999.000,9999.000,9999.000,9999.000
202608011142,   1.628,9999.000,9999.000,9999.000,9999.000,9999.000,9999.000,9999.000,9999.000
202608011148,   1.627,9999.000,9999.000,9999.000,9999.000,9999.000,9999.000,9999.000,9999.000
202608011154,   1.625,9999.000,9999.000,9999.000,9999.000,9999.000,9999.000,9999.000,9999.000
202608011200,   1.621,9999.000,   0.700,   0.004,   2.325,   0.600,   2.225,   0.900,   2.525
202608011206,   1.617,9999.000,9999.000,9999.000,9999.000,9999.000,9999.000,9999.000,9999.000
202608011212,   1.611,9999.000,9999.000,9999.000,9999.000,9999.000,9999.000,9999.000,9999.000
202608011218,   1.603,9999.000,9999.000,9999.000,9999.000,9999.000,9999.000,9999.000,9999.000
202608011224,   1.595,9999.000,9999.000,9999.000,9999.000,9999.000,9999.000,9999.000,9999.000
202608011230,   1.585,9999.000,9999.000,9999.000,9999.000,9999.000,9999.000,9999.000,9999.000
202608011236,   1.573,9999.000,9999.000,9999.000,9999.000,9999.000,9999.000,9999.000,9999.000
202608011242,   1.561,9999.000,9999.000,9999.000,9999.000,9999.000,9999.000,9999.000,9999.000
202608011248,   1.547,9999.000,9999.000,9999.000,9999.000,9999.000,9999.000,9999.000,9999.000
202608011254,   1.533,9999.000,9999.000,9999.000,9999.000,9999.000,9999.000,9999.000,9999.000
202608011300,   1.517,9999.000,   0.700,   0.004,   2.221,   0.600,   2.121,   0.800,   2.321
202608011306,   1.500,9999.000,9999.000,9999.000,9999.000,9999.000,9999.000,9999.000,9999.000
202608011312,   1.482,9999.000,9999.000,9999.000,9999.000,9999.000,9999.000,9999.000,9999.000
202608011318,   1.463,9999.000,9999.000,9999.000,9999.000,9999.000,9999.000,9999.000,9999.000
202608011324,   1.444,9999.000,9999.000,9999.000,9999.000,9999.000,9999.000,9999.000,9999.000
202608011330,   1.424,9999.000,9999.000,9999.000,9999.000,9999.000,9999.000,9999.000,9999.000
202608011336,   1.403,9999.000,9999.000,9999.000,9999.000,9999.000,9999.000,9999.000,9999.000
202608011342,   1.381,9999.000,9999.000,9999.000,9999.000,9999.000,9999.000,9999.000,9999.000
202608011348,   1.359,9999.000,9999.000,9999.000,9999.000,9999.000,9999.000,9999.000,9999.000
202608011354,   1.336,9999.000,9999.000,9999.000,9999.000,9999.000,9999.000,9999.000,9999.000
202608011400,   1.313,9999.000,   0.700,   0.004,   2.017,   0.600,   1.917,   0.800,   2.117
202608011406,   1.290,9999.000,9999.000,9999.000,9999.000,9999.000,9999.000,9999.000,9999.000
202608011412,   1.266,9999.000,9999.000,9999.000,9999.000,9999.000,9999.000,9999.000,9999.000
202608011418,   1.242,9999.000,9999.000,9999.000,9999.000,9999.000,9999.000,9999.000,9999.000
202608011424,   1.217,9999.000,9999.000,9999.000,9999.000,9999.000,9999.000,9999.000,9999.000
202608011430,   1.193,9999.000,9999.000,9999.000,9999.000,9999.000,9999.000,9999.000,9999.000
202608011436,   1.168,9999.000,9999.000,9999.000,9999.000,9999.000,9999.000,9999.000,9999.000
202608011442,   1.144,9999.000,9999.000,9999.000,9999.000,9999.000,9999.000,9999.000,9999.000
202608011448,   1.119,9999.000,9999.000,9999.000,9999.000,9999.000,9999.000,9999.000,9999.000
202608011454,   1.094,9999.000,9999.000,9999.000,9999.000,9999.000,9999.000,9999.000,9999.000
202608011500,   1.069,9999.000,   0.700,   0.004,   1.773,   0.600,   1.673,   0.800,   1.873
202608011506,   1.045,9999.000,9999.000,9999.000,9999.000,9999.000,9999.000,9999.000,9999.000
202608011512,   1.020,9999.000,9999.000,9999.000,9999.000,9999.000,9999.000,9999.000,9999.000
202608011518,   0.996,9999.000,9999.000,9999.000,9999.000,9999.000,9999.000,9999.000,9999.000
202608011524,   0.972,9999.000,9999.000,9999.000,9999.000,9999.000,9999.000,9999.000,9999.000
202608011530,   0.948,9999.000,9999.000,9999.000,9999.000,9999.000,9999.000,9999.000,9999.000
202608011536,   0.924,9999.000,9999.000,9999.000,9999.000,9999.000,9999.000,9999.000,9999.000
202608011542,   0.900,9999.000,9999.000,9999.000,9999.000,9999.000,9999.000,9999.000,9999.000
202608011548,   0.877,9999.000,9999.000,9999.000,9999.000,9999.000,9999.000,9999.000,9999.000
202608011554,   0.853,9999.000,9999.000,9999.000,9999.000,9999.000,9999.000,9999.000,9999.000
202608011600,   0.831,9999.000,   0.700,   0.004,   1.535,   0.600,   1.435,   0.800,   1.635
202608011606,   0.808,9999.000,9999.000,9999.000,9999.000,9999.000,9999.000,9999.000,9999.000
202608011612,   0.786,9999.000,9999.000,9999.000,9999.000,9999.000,9999.000,9999.000,9999.000
202608011618,   0.765,9999.000,9999.000,9999.000,9999.000,9999.000,9999.000,9999.000,9999.000
202608011624,   0.744,9999.000,9999.000,9999.000,9999.000,9999.000,9999.000,9999.000,9999.000
202608011630,   0.724,9999.000,9999.000,9999.000,9999.000,9999.000,9999.000,9999.000,9999.000
202608011636,   0.704,9999.000,9999.000,9999.000,9999.000,9999.000,9999.000,9999.000,9999.000
202608011642,   0.685,9999.000,9999.000,9999.000,9999.000,9999.000,9999.000,9999.000,9999.000
202608011648,   0.667,9999.000,9999.000,9999.000,9999.000,9999.000,9999.000,9999.000,9999.000
202608011654,   0.649,9999.000,9999.000,9999.000,9999.000,9999.000,9999.000,9999.000,9999.000
202608011700,   0.632,9999.000,   0.700,   0.004,   1.336,   0.600,   1.236,   0.800,   1.436
202608011706,   0.617,9999.000,9999.000,9999.000,9999.000,9999.000,9999.000,9999.000,9999.000
202608011712,   0.602,9999.000,9999.000,9999.000,9999.000,9999.000,9999.000,9999.000,9999.000
202608011718,   0.589,9999.000,9999.000,9999.000,9999.000,9999.000,9999.000,9999.000,9999.000
202608011724,   0.576,9999.000,9999.000,9999.000,9999.000,9999.000,9999.000,9999.000,9999.000
202608011730,   0.565,9999.000,9999.000,9999.000,9999.000,9999.000,9999.000,9999.000,9999.000
202608011736,   0.555,9999.000,9999.000,9999.000,9999.000,9999.000,9999.000,9999.000,9999.000
202608011742,   0.546,9999.000,9999.000,9999.000,9999.000,9999.000,9999.000,9999.000,9999.000
202608011748,   0.539,9999.000,9999.000,9999.000,9999.000,9999.000,9999.000,9999.000,9999.000
202608011754,   0.533,9999.000,9999.000,9999.000,9999.000,9999.000,9999.000,9999.000,9999.000
202608011800,   0.528,9999.000,   0.700,   0.004,   1.232,   0.600,   1.132,   0.800,   1.332
202608011806,   0.525,9999.000,9999.000,9999.000,9999.000,9999.000,9999.000,9999.000,9999.000
202608011812,   0.524,9999.000,9999.000,9999.000,9999.000,9999.000,9999.000,9999.000,9999.000
202608011818,   0.524,9999.000,9999.000,9999.000,9999.000,9999.000,9999.000,9999.000,9999.000
202608011824,   0.525,9999.000,9999.000,9999.000,9999.000,9999.000,9999.000,9999.000,9999.000
202608011830,   0.528,9999.000,9999.000,9999.000,9999.000,9999.000,9999.000,9999.000,9999.000
202608011836,   0.532,9999.000,9999.000,9999.000,9999.000,9999.000,9999.000,9999.000,9999.000
202608011842,   0.538,9999.000,9999.000,9999.000,9999.000,9999.000,9999.000,9999.000,9999.000
202608011848,   0.545,9999.000,9999.000,9999.000,9999.000,9999.000,9999.000,9999.000,9999.000
202608011854,   0.554,9999.000,9999.000,9999.000,9999.000,9999.000,9999.000,9999.000,9999.000
202608011900,   0.564,9999.000,   0.700,   0.004,   1.268,   0.600,   1.168,   0.800,   1.368
202608011906,   0.575,9999.000,9999.000,9999.000,9999.000,9999.000,9999.000,9999.000,9999.000
202608011912,   0.587,9999.000,9999.000,9999.000,9999.000,9999.000,9999.000,9999.000,9999.000
202608011918,   0.601,9999.000,9999.000,9999.000,9999.000,9999.000,9999.000,9999.000,9999.000
202608011924,   0.615,9999.000,9999.000,9999.000,9999.000,9999.000,9999.000,9999.000,9999.000
202608011930,   0.631,9999.000,9999.000,9999.000,9999.000,9999.000,9999.000,9999.000,9999.000
202608011936,   0.648,9999.000,9999.000,9999.000,9999.000,9999.000,9999.000,9999.000,9999.000
202608011942,   0.665,9999.000,9999.000,9999.000,9999.000,9999.000,9999.000,9999.000,9999.000
202608011948,   0.683,9999.000,9999.000,9999.000,9999.000,9999.000,9999.000,9999.000,9999.000
202608011954,   0.701,9999.000,9999.000,9999.000,9999.000,9999.000,9999.000,9999.000,9999.000
202608012000,   0.721,9999.000,   0.700,   0.004,   1.425,   0.600,   1.325,   0.900,   1.625
202608012006,   0.740,9999.000,9999.000,9999.000,9999.000,9999.000,9999.000,9999.000,9999.000
202608012012,   0.760,9999.000,9999.000,9999.000,9999.000,9999.000,9999.000,9999.000,9999.000
202608012018,   0.781,9999.000,9999.000,9999.000,9999.000,9999.000,9999.000,9999.000,9999.000
202608012024,   0.801,9999.000,9999.000,9999.000,9999.000,9999.000,9999.000,9999.000,9999.000
202608012030,   0.822,9999.000,9999.000,9999.000,9999.000,9999.000,9999.000,9999.000,9999.000
202608012036,   0.843,9999.000,9999.000,9999.000,9999.000,9999.000,9999.000,9999.000,9999.000
202608012042,   0.864,9999.000,9999.000,9999.000,9999.000,9999.000,9999.000,9999.000,9999.000
202608012048,   0.885,9999.000,9999.000,9999.000,9999.000,9999.000,9999.000,9999.000,9999.000
202608012054,   0.906,9999.000,9999.000,9999.000,9999.000,9999.000,9999.000,9999.000,9999.000
202608012100,   0.926,9999.000,   0.800,   0.004,   1.730,   0.600,   1.530,   0.900,   1.830
202608012106,   0.947,9999.000,9999.000,9999.000,9999.000,9999.000,9999.000,9999.000,9999.000
202608012112,   0.967,9999.000,9999.000,9999.000,9999.000,9999.000,9999.000,9999.000,9999.000
202608012118,   0.987,9999.000,9999.000,9999.000,9999.000,9999.000,9999.000,9999.000,9999.000
202608012124,   1.006,9999.000,9999.000,9999.000,9999.000,9999.000,9999.000,9999.000,9999.000
202608012130,   1.026,9999.000,9999.000,9999.000,9999.000,9999.000,9999.000,9999.000,9999.000
202608012136,   1.045,9999.000,9999.000,9999.000,9999.000,9999.000,9999.000,9999.000,9999.000
202608012142,   1.063,9999.000,9999.000,9999.000,9999.000,9999.000,9999.000,9999.000,9999.000
202608012148,   1.082,9999.000,9999.000,9999.000,9999.000,9999.000,9999.000,9999.000,9999.000
202608012154,   1.100,9999.000,9999.000,9999.000,9999.000,9999.000,9999.000,9999.000,9999.000
202608012200,   1.117,9999.000,   0.800,   0.004,   1.921,   0.700,   1.821,   0.900,   2.021
202608012206,   1.134,9999.000,9999.000,9999.000,9999.000,9999.000,9999.000,9999.000,9999.000
202608012212,   1.151,9999.000,9999.000,9999.000,9999.000,9999.000,9999.000,9999.000,9999.000
202608012218,   1.167,9999.000,9999.000,9999.000,9999.000,9999.000,9999.000,9999.000,9999.000
202608012224,   1.182,9999.000,9999.000,9999.000,9999.000,9999.000,9999.000,9999.000,9999.000
202608012230,   1.197,9999.000,9999.000,9999.000,9999.000,9999.000,9999.000,9999.000,9999.000
202608012236,   1.212,9999.000,9999.000,9999.000,9999.000,9999.000,9999.000,9999.000,9999.000
202608012242,   1.226,9999.000,9999.000,9999.000,9999.000,9999.000,9999.000,9999.000,9999.000
202608012248,   1.239,9999.000,9999.000,9999.000,9999.000,9999.000,9999.000,9999.000,9999.000
202608012254,   1.252,9999.000,9999.000,9999.000,9999.000,9999.000,9999.000,9999.000,9999.000
202608012300,   1.264,9999.000,   0.800,   0.004,   2.068,   0.700,   1.968,   0.900,   2.168
202608012306,   1.275,9999.000,9999.000,9999.000,9999.000,9999.000,9999.000,9999.000,9999.000
202608012312,   1.285,9999.000,9999.000,9999.000,9999.000,9999.000,9999.000,9999.000,9999.000
202608012318,   1.295,9999.000,9999.000,9999.000,9999.000,9999.000,9999.000,9999.000,9999.000
202608012324,   1.304,9999.000,9999.000,9999.000,9999.000,9999.000,9999.000,9999.000,9999.000
202608012330,   1.312,9999.000,9999.000,9999.000,9999.000,9999.000,9999.000,9999.000,9999.000
202608012336,   1.319,9999.000,9999.000,9999.000,9999.000,9999.000,9999.000,9999.000,9999.000
202608012342,   1.325,9999.000,9999.000,9999.000,9999.000,9999.000,9999.000,9999.000,9999.000
202608012348,   1.330,9999.000,9999.000,9999.000,9999.000,9999.000,9999.000,9999.000,9999.000
202608012354,   1.335,9999.000,9999.000,9999.000,9999.000,9999.000,9999.000,9999.000,9999.000
202608020000,   1.338,9999.000,   0.800,   0.004,   2.142,   0.700,   2.042,   0.900,   2.242
202608020006,   1.340,9999.000,9999.000,9999.000,9999.000,9999.000,9999.000,9999.000,9999.000
202608020012,   1.341,9999.000,9999.000,9999.000,9999.000,9999.000,9999.000,9999.000,9999.000
202608020018,   1.341,9999.000,9999.000,9999.000,9999.000,9999.000,9999.000,9999.000,9999.000
202608020024,   1.339,9999.000,9999.000,9999.000,9999.000,9999.000,9999.000,9999.000,9999.000
202608020030,   1.337,9999.000,9999.000,9999.000,9999.000,9999.000,9999.000,9999.000,9999.000
202608020036,   1.334,9999.000,9999.000,9999.000,9999.000,9999.000,9999.000,9999.000,9999.000
202608020042,   1.329,9999.000,9999.000,9999.000,9999.000,9999.000,9999.000,9999.000,9999.000
202608020048,   1.323,9999.000,9999.000,9999.000,9999.000,9999.000,9999.000,9999.000,9999.000
202608020054,   1.317,9999.000,9999.000,9999.000,9999.000,9999.000,9999.000,9999.000,9999.000
202608020100,   1.309,9999.000,   0.800,   0.004,   2.113,   0.700,   2.013,   1.000,   2.313
202608020106,   1.300,9999.000,9999.000,9999.000,9999.000,9999.000,9999.000,9999.000,9999.000
202608020112,   1.290,9999.000,9999.000,9999.000,9999.000,9999.000,9999.000,9999.000,9999.000
202608020118,   1.279,9999.000,9999.000,9999.000,9999.000,9999.000,9999.000,9999.000,9999.000
202608020124,   1.268,9999.000,9999.000,9999.000,9999.000,9999.000,9999.000,9999.000,9999.000
202608020130,   1.255,9999.000,9999.000,9999.000,9999.000,9999.000,9999.000,9999.000,9999.000
202608020136,   1.242,9999.000,9999.000,9999.000,9999.000,9999.000,9999.000,9999.000,9999.000
202608020142,   1.228,9999.000,9999.000,9999.000,9999.000,9999.000,9999.000,9999.000,9999.000
202608020148,   1.213,9999.000,9999.000,9999.000,9999.000,9999.000,9999.000,9999.000,9999.000
202608020154,   1.198,9999.000,9999.000,9999.000,9999.000,9999.000,9999.000,9999.000,9999.000
202608020200,   1.182,9999.000,   0.800,   0.004,   1.986,   0.700,   1.886,   1.000,   2.186
202608020206,   1.166,9999.000,9999.000,9999.000,9999.000,9999.000,9999.000,9999.000,9999.000
202608020212,   1.149,9999.000,9999.000,9999.000,9999.000,9999.000,9999.000,9999.000,9999.000
202608020218,   1.132,9999.000,9999.000,9999.000,9999.000,9999.000,9999.000,9999.000,9999.000
202608020224,   1.115,9999.000,9999.000,9999.000,9999.000,9999.000,9999.000,9999.000,9999.000
202608020230,   1.097,9999.000,9999.000,9999.000,9999.000,9999.000,9999.000,9999.000,9999.000
202608020236,   1.080,9999.000,9999.000,9999.000,9999.000,9999.000,9999.000,9999.000,9999.000
202608020242,   1.062,9999.000,9999.000,9999.000,9999.000,9999.000,9999.000,9999.000,9999.000
202608020248,   1.044,9999.000,9999.000,9999.000,9999.000,9999.000,9999.000,9999.000,9999.000
202608020254,   1.026,9999.000,9999.000,9999.000,9999.000,9999.000,9999.000,9999.000,9999.000
202608020300,   1.008,9999.000,   0.900,   0.004,   1.912,   0.800,   1.812,   1.000,   2.012
202608020306,   0.990,9999.000,9999.000,9999.000,9999.000,9999.000,9999.000,9999.000,9999.000
202608020312,   0.973,9999.000,9999.000,9999.000,9999.000,9999.000,9999.000,9999.000,9999.000
202608020318,   0.955,9999.000,9999.000,9999.000,9999.000,9999.000,9999.000,9999.000,9999.000
202608020324,   0.937,9999.000,9999.000,9999.000,9999.000,9999.000,9999.000,9999.000,9999.000
202608020330,   0.920,9999.000,9999.000,9999.000,9999.000,9999.000,9999.000,9999.000,9999.000
202608020336,   0.903,9999.000,9999.000,9999.000,9999.000,9999.000,9999.000,9999.000,9999.000
202608020342,   0.886,9999.000,9999.000,9999.000,9999.000,9999.000,9999.000,9999.000,9999.000
202608020348,   0.869,9999.000,9999.000,9999.000,9999.000,9999.000,9999.000,9999.000,9999.000
202608020354,   0.853,9999.000,9999.000,9999.000,9999.000,9999.000,9999.000,9999.000,9999.000
202608020400,   0.837,9999.000,   0.900,   0.004,   1.741,   0.800,   1.641,   1.000,   1.841
202608020406,   0.821,9999.000,9999.000,9999.000,9999.000,9999.000,9999.000,9999.000,9999.000
202608020412,   0.806,9999.000,9999.000,9999.000,9999.000,9999.000,9999.000,9999.000,9999.000
202608020418,   0.791,9999.000,9999.000,9999.000,9999.000,9999.000,9999.000,9999.000,9999.000
202608020424,   0.776,9999.000,9999.000,9999.000,9999.000,9999.000,9999.000,9999.000,9999.000
202608020430,   0.762,9999.000,9999.000,9999.000,9999.000,9999.000,9999.000,9999.000,9999.000
202608020436,   0.748,9999.000,9999.000,9999.000,9999.000,9999.000,9999.000,9999.000,9999.000
202608020442,   0.735,9999.000,9999.000,9999.000,9999.000,9999.000,9999.000,9999.000,9999.000
202608020448,   0.722,9999.000,9999.000,9999.000,9999.000,9999.000,9999.000,9999.000,9999.000
202608020454,   0.710,9999.000,9999.000,9999.000,9999.000,9999.000,9999.000,9999.000,9999.000
202608020500,   0.698,9999.000,   0.900,   0.004,   1.602,   0.800,   1.502,   1.000,   1.702
202608020506,   0.688,9999.000,9999.000,9999.000,9999.000,9999.000,9999.000,9999.000,9999.000
202608020512,   0.678,9999.000,9999.000,9999.000,9999.000,9999.000,9999.000,9999.000,9999.000
202608020518,   0.669,9999.000,9999.000,9999.000,9999.000,9999.000,9999.000,9999.000,9999.000
202608020524,   0.660,9999.000,9999.000,9999.000,9999.000,9999.000,9999.000,9999.000,9999.000
202608020530,   0.653,9999.000,9999.000,9999.000,9999.000,9999.000,9999.000,9999.000,9999.000
202608020536,   0.647,9999.000,9999.000,9999.000,9999.000,9999.000,9999.000,9999.000,9999.000
202608020542,   0.641,9999.000,9999.000,9999.000,9999.000,9999.000,9999.000,9999.000,9999.000
202608020548,   0.637,9999.000,9999.000,9999.000,9999.000,9999.000,9999.000,9999.000,9999.000
202608020554,   0.634,9999.000,9999.000,9999.000,9999.000,9999.000,9999.000,9999.000,9999.000
202608020600,   0.632,9999.000,   0.900,   0.004,   1.536,   0.800,   1.436,   1.000,   1.636
202608020606,   0.632,9999.000,9999.000,9999.000,9999.000,9999.000,9999.000,9999.000,9999.000
202608020612,   0.632,9999.000,9999.000,9999.000,9999.000,9999.000,9999.000,9999.000,9999.000
202608020618,   0.634,9999.000,9999.000,9999.000,9999.000,9999.000,9999.000,9999.000,9999.000
202608020624,   0.638,9999.000,9999.000,9999.000,9999.000,9999.000,9999.000,9999.000,9999.000
202608020630,   0.642,9999.000,9999.000,9999.000,9999.000,9999.000,9999.000,9999.000,9999.000
202608020636,   0.648,9999.000,9999.000,9999.000,9999.000,9999.000,9999.000,9999.000,9999.000
202608020642,   0.656,9999.000,9999.000,9999.000,9999.000,9999.000,9999.000,9999.000,9999.000
202608020648,   0.665,9999.000,9999.000,9999.000,9999.000,9999.000,9999.000,9999.000,9999.000
202608020654,   0.675,9999.000,9999.000,9999.000,9999.000,9999.000,9999.000,9999.000,9999.000
202608020700,   0.686,9999.000,   0.900,   0.004,   1.590,   0.800,   1.490,   1.000,   1.690
202608020706,   0.699,9999.000,9999.000,9999.000,9999.000,9999.000,9999.000,9999.000,9999.000
202608020712,   0.714,9999.000,9999.000,9999.000,9999.000,9999.000,9999.000,9999.000,9999.000
202608020718,   0.729,9999.000,9999.000,9999.000,9999.000,9999.000,9999.000,9999.000,9999.000
202608020724,   0.746,9999.000,9999.000,9999.000,9999.000,9999.000,9999.000,9999.000,9999.000
202608020730,   0.763,9999.000,9999.000,9999.000,9999.000,9999.000,9999.000,9999.000,9999.000
202608020736,   0.782,9999.000,9999.000,9999.000,9999.000,9999.000,9999.000,9999.000,9999.000
202608020742,   0.802,9999.000,9999.000,9999.000,9999.000,9999.000,9999.000,9999.000,9999.000
202608020748,   0.822,9999.000,9999.000,9999.000,9999.000,9999.000,9999.000,9999.000,9999.000
202608020754,   0.844,9999.000,9999.000,9999.000,9999.000,9999.000,9999.000,9999.000,9999.000
202608020800,   0.866,9999.000,   0.900,   0.004,   1.770,   0.800,   1.670,   1.000,   1.870
202608020806,   0.889,9999.000,9999.000,9999.000,9999.000,9999.000,9999.000,9999.000,9999.000
202608020812,   0.912,9999.000,9999.000,9999.000,9999.000,9999.000,9999.000,9999.000,9999.000
202608020818,   0.936,9999.000,9999.000,9999.000,9999.000,9999.000,9999.000,9999.000,9999.000
202608020824,   0.960,9999.000,9999.000,9999.000,9999.000,9999.000,9999.000,9999.000,9999.000
202608020830,   0.984,9999.000,9999.000,9999.000,9999.000,9999.000,9999.000,9999.000,9999.000
202608020836,   1.009,9999.000,9999.000,9999.000,9999.000,9999.000,9999.000,9999.000,9999.000
202608020842,   1.033,9999.000,9999.000,9999.000,9999.000,9999.000,9999.000,9999.000,9999.000
202608020848,   1.058,9999.000,9999.000,9999.000,9999.000,9999.000,9999.000,9999.000,9999.000
202608020854,   1.082,9999.000,9999.000,9999.000,9999.000,9999.000,9999.000,9999.000,9999.000
202608020900,   1.107,9999.000,   0.900,   0.004,   2.011,   0.800,   1.911,   1.000,   2.111
202608020906,   1.131,9999.000,9999.000,9999.000,9999.000,9999.000,9999.000,9999.000,9999.000
202608020912,   1.155,9999.000,9999.000,9999.000,9999.000,9999.000,9999.000,9999.000,9999.000
202608020918,   1.179,9999.000,9999.000,9999.000,9999.000,9999.000,9999.000,9999.000,9999.000
202608020924,   1.202,9999.000,9999.000,9999.000,9999.000,9999.000,9999.000,9999.000,9999.000
202608020930,   1.225,9999.000,9999.000,9999.000,9999.000,9999.000,9999.000,9999.000,9999.000
202608020936,   1.247,9999.000,9999.000,9999.000,9999.000,9999.000,9999.000,9999.000,9999.000
202608020942,   1.269,9999.000,9999.000,9999.000,9999.000,9999.000,9999.000,9999.000,9999.000
202608020948,   1.290,9999.000,9999.000,9999.000,9999.000,9999.000,9999.000,9999.000,9999.000
202608020954,   1.310,9999.000,9999.000,9999.000,9999.000,9999.000,9999.000,9999.000,9999.000
202608021000,   1.331,9999.000,   0.900,   0.004,   2.235,   0.800,   2.135,   1.000,   2.335
202608021006,   1.350,9999.000,9999.000,9999.000,9999.000,9999.000,9999.000,9999.000,9999.000
202608021012,   1.369,9999.000,9999.000,9999.000,9999.000,9999.000,9999.000,9999.000,9999.000
202608021018,   1.387,9999.000,9999.000,9999.000,9999.000,9999.000,9999.000,9999.000,9999.000
202608021024,   1.404,9999.000,9999.000,9999.000,9999.000,9999.000,9999.000,9999.000,9999.000
202608021030,   1.421,9999.000,9999.000,9999.000,9999.000,9999.000,9999.000,9999.000,9999.000
202608021036,   1.437,9999.000,9999.000,9999.000,9999.000,9999.000,9999.000,9999.000,9999.000
202608021042,   1.452,9999.000,9999.000,9999.000,9999.000,9999.000,9999.000,9999.000,9999.000
202608021048,   1.467,9999.000,9999.000,9999.000,9999.000,9999.000,9999.000,9999.000,9999.000
202608021054,   1.481,9999.000,9999.000,9999.000,9999.000,9999.000,9999.000,9999.000,9999.000
202608021100,   1.494,9999.000,   0.900,   0.004,   2.398,   0.800,   2.298,   1.000,   2.498
202608021106,   1.506,9999.000,9999.000,9999.000,9999.000,9999.000,9999.000,9999.000,9999.000
202608021112,   1.517,9999.000,9999.000,9999.000,9999.000,9999.000,9999.000,9999.000,9999.000
202608021118,   1.527,9999.000,9999.000,9999.000,9999.000,9999.000,9999.000,9999.000,9999.000
202608021124,   1.537,9999.000,9999.000,9999.000,9999.000,9999.000,9999.000,9999.000,9999.000
202608021130,   1.545,9999.000,9999.000,9999.000,9999.000,9999.000,9999.000,9999.000,9999.000
202608021136,   1.553,9999.000,9999.000,9999.000,9999.000,9999.000,9999.000,9999.000,9999.000
202608021142,   1.559,9999.000,9999.000,9999.000,9999.000,9999.000,9999.000,9999.000,9999.000
202608021148,   1.565,9999.000,9999.000,9999.000,9999.000,9999.000,9999.000,9999.000,9999.000
202608021154,   1.569,9999.000,9999.000,9999.000,9999.000,9999.000,9999.000,9999.000,9999.000
202608021200,   1.572,9999.000,   0.900,   0.004,   2.476,   0.800,   2.376,   1.000,   2.576
202608021206,   1.574,9999.000,9999.000,9999.000,9999.000,9999.000,9999.000,9999.000,9999.000
202608021212,   1.575,9999.000,9999.000,9999.000,9999.000,9999.000,9999.000,9999.000,9999.000
202608021218,   1.575,9999.000,9999.000,9999.000,9999.000,9999.000,9999.000,9999.000,9999.000
202608021224,   1.573,9999.000,9999.000,9999.000,9999.000,9999.000,9999.000,9999.000,9999.000
202608021230,   1.570,9999.000,9999.000,9999.000,9999.000,9999.000,9999.000,9999.000,9999.000
202608021236,   1.566,9999.000,9999.000,9999.000,9999.000,9999.000,9999.000,9999.000,9999.000
202608021242,   1.561,9999.000,9999.000,9999.000,9999.000,9999.000,9999.000,9999.000,9999.000
202608021248,   1.554,9999.000,9999.000,9999.000,9999.000,9999.000,9999.000,9999.000,9999.000
202608021254,   1.546,9999.000,9999.000,9999.000,9999.000,9999.000,9999.000,9999.000,9999.000
202608021300,   1.537,9999.000,   0.900,   0.004,   2.441,   0.700,   2.241,   1.000,   2.541
202608021306,   1.526,9999.000,9999.000,9999.000,9999.000,9999.000,9999.000,9999.000,9999.000
202608021312,   1.514,9999.000,9999.000,9999.000,9999.000,9999.000,9999.000,9999.000,9999.000
202608021318,   1.501,9999.000,9999.000,9999.000,9999.000,9999.000,9999.000,9999.000,9999.000
202608021324,   1.487,9999.000,9999.000,9999.000,9999.000,9999.000,9999.000,9999.000,9999.000
202608021330,   1.472,9999.000,9999.000,9999.000,9999.000,9999.000,9999.000,9999.000,9999.000
202608021336,   1.455,9999.000,9999.000,9999.000,9999.000,9999.000,9999.000,9999.000,9999.000
202608021342,   1.437,9999.000,9999.000,9999.000,9999.000,9999.000,9999.000,9999.000,9999.000
202608021348,   1.419,9999.000,9999.000,9999.000,9999.000,9999.000,9999.000,9999.000,9999.000
202608021354,   1.399,9999.000,9999.000,9999.000,9999.000,9999.000,9999.000,9999.000,9999.000
202608021400,   1.379,9999.000,   0.900,   0.004,   2.283,   0.700,   2.083,   1.000,   2.383
202608021406,   1.357,9999.000,9999.000,9999.000,9999.000,9999.000,9999.000,9999.000,9999.000
202608021412,   1.335,9999.000,9999.000,9999.000,9999.000,9999.000,9999.000,9999.000,9999.000
202608021418,   1.312,9999.000,9999.000,9999.000,9999.000,9999.000,9999.000,9999.000,9999.000
202608021424,   1.289,9999.000,9999.000,9999.000,9999.000,9999.000,9999.000,9999.000,9999.000
202608021430,   1.265,9999.000,9999.000,9999.000,9999.000,9999.000,9999.000,9999.000,9999.000
202608021436,   1.241,9999.000,9999.000,9999.000,9999.000,9999.000,9999.000,9999.000,9999.000
202608021442,   1.216,9999.000,9999.000,9999.000,9999.000,9999.000,9999.000,9999.000,9999.000
202608021448,   1.191,9999.000,9999.000,9999.000,9999.000,9999.000,9999.000,9999.000,9999.000
202608021454,   1.165,9999.000,9999.000,9999.000,9999.000,9999.000,9999.000,9999.000,9999.000
202608021500,   1.140,9999.000,   0.800,   0.004,   1.944,   0.700,   1.844,   1.000,   2.144
202608021506,   1.114,9999.000,9999.000,9999.000,9999.000,9999.000,9999.000,9999.000,9999.000
202608021512,   1.088,9999.000,9999.000,9999.000,9999.000,9999.000,9999.000,9999.000,9999.000
202608021518,   1.063,9999.000,9999.000,9999.000,9999.000,9999.000,9999.000,9999.000,9999.000
202608021524,   1.037,9999.000,9999.000,9999.000,9999.000,9999.000,9999.000,9999.000,9999.000
202608021530,   1.011,9999.000,9999.000,9999.000,9999.000,9999.000,9999.000,9999.000,9999.000
202608021536,   0.985,9999.000,9999.000,9999.000,9999.000,9999.000,9999.000,9999.000,9999.000
202608021542,   0.960,9999.000,9999.000,9999.000,9999.000,9999.000,9999.000,9999.000,9999.000
202608021548,   0.935,9999.000,9999.000,9999.000,9999.000,9999.000,9999.000,9999.000,9999.000
202608021554,   0.909,9999.000,9999.000,9999.000,9999.000,9999.000,9999.000,9999.000,9999.000
202608021600,   0.885,9999.000,   0.800,   0.004,   1.689,   0.700,   1.589,   1.000,   1.889
202608021606,   0.860,9999.000,9999.000,9999.000,9999.000,9999.000,9999.000,9999.000,9999.000
202608021612,   0.836,9999.000,9999.000,9999.000,9999.000,9999.000,9999.000,9999.000,9999.000
202608021618,   0.812,9999.000,9999.000,9999.000,9999.000,9999.000,9999.000,9999.000,9999.000
202608021624,   0.789,9999.000,9999.000,9999.000,9999.000,9999.000,9999.000,9999.000,9999.000
202608021630,   0.766,9999.000,9999.000,9999.000,9999.000,9999.000,9999.000,9999.000,9999.000
202608021636,   0.743,9999.000,9999.000,9999.000,9999.000,9999.000,9999.000,9999.000,9999.000
202608021642,   0.721,9999.000,9999.000,9999.000,9999.000,9999.000,9999.000,9999.000,9999.000
202608021648,   0.700,9999.000,9999.000,9999.000,9999.000,9999.000,9999.000,9999.000,9999.000
202608021654,   0.679,9999.000,9999.000,9999.000,9999.000,9999.000,9999.000,9999.000,9999.000
202608021700,   0.658,9999.000,   0.800,   0.004,   1.462,   0.700,   1.362,   1.000,   1.662
202608021706,   0.638,9999.000,9999.000,9999.000,9999.000,9999.000,9999.000,9999.000,9999.000
202608021712,   0.619,9999.000,9999.000,9999.000,9999.000,9999.000,9999.000,9999.000,9999.000
202608021718,   0.601,9999.000,9999.000,9999.000,9999.000,9999.000,9999.000,9999.000,9999.000
202608021724,   0.583,9999.000,9999.000,9999.000,9999.000,9999.000,9999.000,9999.000,9999.000
202608021730,   0.567,9999.000,9999.000,9999.000,9999.000,9999.000,9999.000,9999.000,9999.000
202608021736,   0.551,9999.000,9999.000,9999.000,9999.000,9999.000,9999.000,9999.000,9999.000
202608021742,   0.536,9999.000,9999.000,9999.000,9999.000,9999.000,9999.000,9999.000,9999.000
202608021748,   0.522,9999.000,9999.000,9999.000,9999.000,9999.000,9999.000,9999.000,9999.000
202608021754,   0.510,9999.000,9999.000,9999.000,9999.000,9999.000,9999.000,9999.000,9999.000
202608021800,   0.498,9999.000,   0.800,   0.004,   1.302,   0.700,   1.202,   1.000,   1.502
