        TIME,    TIDE,      OB,   SURGE,    BIAS,     TWL,SURGE90p,  TWL90p,SURGE10p,   TWL10p
202606210000,   5.226,   5.877,   0.500,   0.151,   5.877,   0.500,   5.877,   0.500,   5.877
202606210006,   5.223,9999.000,9999.000,9999.000,9999.000,9999.000,9999.000,9999.000,9999.000
202606210012,   5.215,   5.749,9999.000,9999.000,9999.000,9999.000,9999.000,9999.000,9999.000
202606210018,   5.203,9999.000,9999.000,9999.000,9999.000,9999.000,9999.000,9999.000,9999.000
202606210024,   5.186,   5.707,9999.000,9999.000,9999.000,9999.000,9999.000,9999.000,9999.000
202606210030,   5.164,9999.000,9999.000,9999.000,9999.000,9999.000,9999.000,9999.000,9999.000
202606210036,   5.138,   5.739,9999.000,9999.000,9999.000,9999.000,9999.000,9999.000,9999.000
202606210042,   5.108,9999.000,9999.000,9999.000,9999.000,9999.000,9999.000,9999.000,9999.000
202606210048,   5.073,   5.598,9999.000,9999.000,9999.000,9999.000,9999.000,9999.000,9999.000
202606210054,   5.035,9999.000,9999.000,9999.000,9999.000,9999.000,9999.000,9999.000,9999.000
202606210100,   4.992,   5.628,   0.500,   0.136,   5.628,   0.400,   5.528,   0.500,   5.628
202606210106,   4.946,   5.569,9999.000,9999.000,9999.000,9999.000,9999.000,9999.000,9999.000
202606210112,   4.897,   5.598,9999.000,9999.000,9999.000,9999.000,9999.000,9999.000,9999.000
202606210118,   4.844,   5.507,9999.000,9999.000,9999.000,9999.000,9999.000,9999.000,9999.000
202606210124,   4.787,   5.497,9999.000,9999.000,9999.000,9999.000,9999.000,9999.000,9999.000
202606210130,   4.728,   5.359,9999.000,9999.000,9999.000,9999.000,9999.000,9999.000,9999.000
202606210136,   4.666,   5.287,9999.000,9999.000,9999.000,9999.000,9999.000,9999.000,9999.000
202606210142,   4.601,   5.198,9999.000,9999.000,9999.000,9999.000,9999.000,9999.000,9999.000
202606210148,   4.534,   5.120,9999.000,9999.000,9999.000,9999.000,9999.000,9999.000,9999.000
202606210154,   4.465,   5.018,9999.000,9999.000,9999.000,9999.000,9999.000,9999.000,9999.000
202606210200,   4.394,   4.998,   0.500,   0.104,   4.998,   0.500,   4.998,   0.500,   4.998
202606210206,   4.321,   4.949,9999.000,9999.000,9999.000,9999.000,9999.000,9999.000,9999.000
202606210212,   4.246,   4.857,9999.000,9999.000,9999.000,9999.000,9999.000,9999.000,9999.000
202606210218,   4.171,   4.710,9999.000,9999.000,9999.000,9999.000,9999.000,9999.000,9999.000
202606210224,   4.094,   4.578,9999.000,9999.000,9999.000,9999.000,9999.000,9999.000,9999.000
202606210230,   4.016,   4.588,9999.000,9999.000,9999.000,9999.000,9999.000,9999.000,9999.000
202606210236,   3.938,   4.549,9999.000,9999.000,9999.000,9999.000,9999.000,9999.000,9999.000
202606210242,   3.859,   4.457,9999.000,9999.000,9999.000,9999.000,9999.000,9999.000,9999.000
202606210248,   3.781,   4.388,9999.000,9999.000,9999.000,9999.000,9999.000,9999.000,9999.000
202606210254,   3.702,   4.300,9999.000,9999.000,9999.000,9999.000,9999.000,9999.000,9999.000
202606210300,   3.623,   4.247,   0.600,   0.024,   4.247,   0.500,   4.147,   0.600,   4.247
202606210306,   3.545,   4.139,9999.000,9999.000,9999.000,9999.000,9999.000,9999.000,9999.000
202606210312,   3.468,   4.057,9999.000,9999.000,9999.000,9999.000,9999.000,9999.000,9999.000
202606210318,   3.392,   3.968,9999.000,9999.000,9999.000,9999.000,9999.000,9999.000,9999.000
202606210324,   3.317,   3.968,9999.000,9999.000,9999.000,9999.000,9999.000,9999.000,9999.000
202606210330,   3.243,   3.909,9999.000,9999.000,9999.000,9999.000,9999.000,9999.000,9999.000
202606210336,   3.170,   3.837,9999.000,9999.000,9999.000,9999.000,9999.000,9999.000,9999.000
202606210342,   3.100,   3.650,9999.000,9999.000,9999.000,9999.000,9999.000,9999.000,9999.000
202606210348,   3.030,   3.529,9999.000,9999.000,9999.000,9999.000,9999.000,9999.000,9999.000
202606210354,   2.963,   3.539,9999.000,9999.000,9999.000,9999.000,9999.000,9999.000,9999.000
202606210400,   2.898,   3.519,   0.500,   0.121,   3.519,   0.500,   3.519,   0.500,   3.519
202606210406,   2.836,   3.509,9999.000,9999.000,9999.000,9999.000,9999.000,9999.000,9999.000
202606210412,   2.776,   3.427,9999.000,9999.000,9999.000,9999.000,9999.000,9999.000,9999.000
202606210418,   2.718,   3.289,9999.000,9999.000,9999.000,9999.000,9999.000,9999.000,9999.000
202606210424,   2.663,   3.217,9999.000,9999.000,9999.000,9999.000,9999.000,9999.000,9999.000
202606210430,   2.611,   3.138,9999.000,9999.000,9999.000,9999.000,9999.000,9999.000,9999.000
202606210436,   2.562,   3.119,9999.000,9999.000,9999.000,9999.000,9999.000,9999.000,9999.000
202606210442,   2.516,   3.109,9999.000,9999.000,9999.000,9999.000,9999.000,9999.000,9999.000
202606210448,   2.474,   3.099,9999.000,9999.000,9999.000,9999.000,9999.000,9999.000,9999.000
202606210454,   2.434,   3.099,9999.000,9999.000,9999.000,9999.000,9999.000,9999.000,9999.000
202606210500,   2.398,   3.050,   0.500,   0.152,   3.050,   0.400,   2.950,   0.500,   3.050
202606210506,   2.366,   3.040,9999.000,9999.000,9999.000,9999.000,9999.000,9999.000,9999.000
202606210512,   2.337,   2.997,9999.000,9999.000,9999.000,9999.000,9999.000,9999.000,9999.000
202606210518,   2.312,   2.968,9999.000,9999.000,9999.000,9999.000,9999.000,9999.000,9999.000
202606210524,   2.290,   2.909,9999.000,9999.000,9999.000,9999.000,9999.000,9999.000,9999.000
202606210530,   2.272,   2.850,9999.000,9999.000,9999.000,9999.000,9999.000,9999.000,9999.000
202606210536,   2.257,   2.807,9999.000,9999.000,9999.000,9999.000,9999.000,9999.000,9999.000
202606210542,   2.247,   2.787,9999.000,9999.000,9999.000,9999.000,9999.000,9999.000,9999.000
202606210548,   2.240,   2.738,9999.000,9999.000,9999.000,9999.000,9999.000,9999.000,9999.000
202606210554,   2.237,   2.719,9999.000,9999.000,9999.000,9999.000,9999.000,9999.000,9999.000
202606210600,   2.238,   2.689,   0.500,  -0.049,   2.689,   0.500,   2.689,   0.600,   2.789
202606210606,   2.242,   2.768,9999.000,9999.000,9999.000,9999.000,9999.000,9999.000,9999.000
202606210612,   2.251,   2.748,9999.000,9999.000,9999.000,9999.000,9999.000,9999.000,9999.000
202606210618,   2.263,   2.778,9999.000,9999.000,9999.000,9999.000,9999.000,9999.000,9999.000
202606210624,   2.278,   2.840,9999.000,9999.000,9999.000,9999.000,9999.000,9999.000,9999.000
202606210630,   2.297,   2.778,9999.000,9999.000,9999.000,9999.000,9999.000,9999.000,9999.000
202606210636,   2.320,   2.840,9999.000,9999.000,9999.000,9999.000,9999.000,9999.000,9999.000
202606210642,   2.346,   2.899,9999.000,9999.000,9999.000,9999.000,9999.000,9999.000,9999.000
202606210648,   2.375,   2.938,9999.000,9999.000,9999.000,9999.000,9999.000,9999.000,9999.000
202606210654,   2.408,   2.978,9999.000,9999.000,9999.000,9999.000,9999.000,9999.000,9999.000
202606210700,   2.443,   2.948,   0.600,  -0.095,   2.948,   0.500,   2.848,   0.600,   2.948
202606210706,   2.482,   2.978,9999.000,9999.000,9999.000,9999.000,9999.000,9999.000,9999.000
202606210712,   2.523,   3.030,9999.000,9999.000,9999.000,9999.000,9999.000,9999.000,9999.000
202606210718,   2.567,   3.109,9999.000,9999.000,9999.000,9999.000,9999.000,9999.000,9999.000
202606210724,   2.614,   3.148,9999.000,9999.000,9999.000,9999.000,9999.000,9999.000,9999.000
202606210730,   2.662,   3.158,9999.000,9999.000,9999.000,9999.000,9999.000,9999.000,9999.000
202606210736,   2.713,   3.197,9999.000,9999.000,9999.000,9999.000,9999.000,9999.000,9999.000
202606210742,   2.766,   3.250,9999.000,9999.000,9999.000,9999.000,9999.000,9999.000,9999.000
202606210748,   2.821,   3.260,9999.000,9999.000,9999.000,9999.000,9999.000,9999.000,9999.000
202606210754,   2.877,   3.270,9999.000,9999.000,9999.000,9999.000,9999.000,9999.000,9999.000
202606210800,   2.935,   3.329,   0.600,  -0.206,   3.329,   0.500,   3.229,   0.600,   3.329
202606210806,   2.994,   3.398,9999.000,9999.000,9999.000,9999.000,9999.000,9999.000,9999.000
202606210812,   3.053,   3.519,9999.000,9999.000,9999.000,9999.000,9999.000,9999.000,9999.000
202606210818,   3.114,   3.680,9999.000,9999.000,9999.000,9999.000,9999.000,9999.000,9999.000
202606210824,   3.175,   3.709,9999.000,9999.000,9999.000,9999.000,9999.000,9999.000,9999.000
202606210830,   3.236,   3.719,9999.000,9999.000,9999.000,9999.000,9999.000,9999.000,9999.000
202606210836,   3.298,   3.808,9999.000,9999.000,9999.000,9999.000,9999.000,9999.000,9999.000
202606210842,   3.359,   3.788,9999.000,9999.000,9999.000,9999.000,9999.000,9999.000,9999.000
202606210848,   3.420,   3.880,9999.000,9999.000,9999.000,9999.000,9999.000,9999.000,9999.000
202606210854,   3.481,   4.027,9999.000,9999.000,9999.000,9999.000,9999.000,9999.000,9999.000
202606210900,   3.541,   4.099,   0.600,  -0.042,   4.099,   0.500,   3.999,   0.600,   4.099
202606210906,   3.600,   4.129,9999.000,9999.000,9999.000,9999.000,9999.000,9999.000,9999.000
202606210912,   3.658,   4.149,9999.000,9999.000,9999.000,9999.000,9999.000,9999.000,9999.000
202606210918,   3.714,   4.188,9999.000,9999.000,9999.000,9999.000,9999.000,9999.000,9999.000
202606210924,   3.769,   4.319,9999.000,9999.000,9999.000,9999.000,9999.000,9999.000,9999.000
202606210930,   3.823,   4.388,9999.000,9999.000,9999.000,9999.000,9999.000,9999.000,9999.000
202606210936,   3.874,   4.418,9999.000,9999.000,9999.000,9999.000,9999.000,9999.000,9999.000
202606210942,   3.924,   4.408,9999.000,9999.000,9999.000,9999.000,9999.000,9999.000,9999.000
202606210948,   3.971,   4.457,9999.000,9999.000,9999.000,9999.000,9999.000,9999.000,9999.000
202606210954,   4.016,   4.519,9999.000,9999.000,9999.000,9999.000,9999.000,9999.000,9999.000
202606211000,   4.059,   4.559,   0.600,  -0.100,   4.559,   0.500,   4.459,   0.600,   4.559
202606211006,   4.099,   4.578,9999.000,9999.000,9999.000,9999.000,9999.000,9999.000,9999.000
202606211012,   4.136,   4.657,9999.000,9999.000,9999.000,9999.000,9999.000,9999.000,9999.000
202606211018,   4.170,   4.667,9999.000,9999.000,9999.000,9999.000,9999.000,9999.000,9999.000
202606211024,   4.201,   4.759,9999.000,9999.000,9999.000,9999.000,9999.000,9999.000,9999.000
202606211030,   4.229,   4.837,9999.000,9999.000,9999.000,9999.000,9999.000,9999.000,9999.000
202606211036,   4.253,   4.847,9999.000,9999.000,9999.000,9999.000,9999.000,9999.000,9999.000
202606211042,   4.274,   4.837,9999.000,9999.000,9999.000,9999.000,9999.000,9999.000,9999.000
202606211048,   4.292,   4.867,9999.000,9999.000,9999.000,9999.000,9999.000,9999.000,9999.000
202606211054,   4.306,   4.867,9999.000,9999.000,9999.000,9999.000,9999.000,9999.000,9999.000
202606211100,   4.317,   4.847,   0.600,  -0.070,   4.847,   0.600,   4.847,   0.700,   4.947
202606211106,   4.323,   4.808,9999.000,9999.000,9999.000,9999.000,9999.000,9999.000,9999.000
202606211112,   4.326,   4.788,9999.000,9999.000,9999.000,9999.000,9999.000,9999.000,9999.000
202606211118,   4.325,   4.847,9999.000,9999.000,9999.000,9999.000,9999.000,9999.000,9999.000
202606211124,   4.320,   4.857,9999.000,9999.000,9999.000,9999.000,9999.000,9999.000,9999.000
202606211130,   4.311,   4.900,9999.000,9999.000,9999.000,9999.000,9999.000,9999.000,9999.000
202606211136,   4.298,   4.959,9999.000,9999.000,9999.000,9999.000,9999.000,9999.000,9999.000
202606211142,   4.281,   4.798,9999.000,9999.000,9999.000,9999.000,9999.000,9999.000,9999.000
202606211148,   4.260,   4.798,9999.000,9999.000,9999.000,9999.000,9999.000,9999.000,9999.000
202606211154,   4.235,   4.808,9999.000,9999.000,9999.000,9999.000,9999.000,9999.000,9999.000
202606211200,   4.206,   4.769,   0.500,   0.063,   4.769,   0.500,   4.769,   0.500,   4.769
202606211206,   4.174,   4.729,9999.000,9999.000,9999.000,9999.000,9999.000,9999.000,9999.000
202606211212,   4.137,   4.769,9999.000,9999.000,9999.000,9999.000,9999.000,9999.000,9999.000
202606211218,   4.096,   4.598,9999.000,9999.000,9999.000,9999.000,9999.000,9999.000,9999.000
202606211224,   4.052,   4.667,9999.000,9999.000,9999.000,9999.000,9999.000,9999.000,9999.000
202606211230,   4.004,   4.657,9999.000,9999.000,9999.000,9999.000,9999.000,9999.000,9999.000
202606211236,   3.952,   4.569,9999.000,9999.000,9999.000,9999.000,9999.000,9999.000,9999.000
202606211242,   3.896,   4.578,9999.000,9999.000,9999.000,9999.000,9999.000,9999.000,9999.000
202606211248,   3.837,   4.509,9999.000,9999.000,9999.000,9999.000,9999.000,9999.000,9999.000
202606211254,   3.775,   4.437,9999.000,9999.000,9999.000,9999.000,9999.000,9999.000,9999.000
202606211300,   3.710,   4.329,   0.500,   0.119,   4.329,   0.400,   4.229,   0.500,   4.329
202606211306,   3.641,   4.247,9999.000,9999.000,9999.000,9999.000,9999.000,9999.000,9999.000
202606211312,   3.570,   4.149,9999.000,9999.000,9999.000,9999.000,9999.000,9999.000,9999.000
202606211318,   3.496,   4.047,9999.000,9999.000,9999.000,9999.000,9999.000,9999.000,9999.000
202606211324,   3.419,   3.978,9999.000,9999.000,9999.000,9999.000,9999.000,9999.000,9999.000
202606211330,   3.340,   3.919,9999.000,9999.000,9999.000,9999.000,9999.000,9999.000,9999.000
202606211336,   3.259,   3.939,9999.000,9999.000,9999.000,9999.000,9999.000,9999.000,9999.000
202606211342,   3.176,   3.880,9999.000,9999.000,9999.000,9999.000,9999.000,9999.000,9999.000
202606211348,   3.091,   3.749,9999.000,9999.000,9999.000,9999.000,9999.000,9999.000,9999.000
202606211354,   3.004,   3.578,9999.000,9999.000,9999.000,9999.000,9999.000,9999.000,9999.000
202606211400,   2.916,   3.529,   0.500,   0.113,   3.529,   0.500,   3.529,   0.500,   3.529
202606211406,   2.826,   3.499,9999.000,9999.000,9999.000,9999.000,9999.000,9999.000,9999.000
202606211412,   2.736,   3.427,9999.000,9999.000,9999.000,9999.000,9999.000,9999.000,9999.000
202606211418,   2.645,   3.289,9999.000,9999.000,9999.000,9999.000,9999.000,9999.000,9999.000
202606211424,   2.553,   3.138,9999.000,9999.000,9999.000,9999.000,9999.000,9999.000,9999.000
202606211430,   2.461,   3.138,9999.000,9999.000,9999.000,9999.000,9999.000,9999.000,9999.000
202606211436,   2.369,   3.007,9999.000,9999.000,9999.000,9999.000,9999.000,9999.000,9999.000
202606211442,   2.276,   2.919,9999.000,9999.000,9999.000,9999.000,9999.000,9999.000,9999.000
202606211448,   2.185,   2.869,9999.000,9999.000,9999.000,9999.000,9999.000,9999.000,9999.000
202606211454,   2.093,   2.869,9999.000,9999.000,9999.000,9999.000,9999.000,9999.000,9999.000
202606211500,   2.003,   2.709,   0.500,   0.206,   2.709,   0.400,   2.609,   0.500,   2.709
202606211506,   1.913,   2.620,9999.000,9999.000,9999.000,9999.000,9999.000,9999.000,9999.000
202606211512,   1.825,   2.479,9999.000,9999.000,9999.000,9999.000,9999.000,9999.000,9999.000
202606211518,   1.738,   2.387,9999.000,9999.000,9999.000,9999.000,9999.000,9999.000,9999.000
202606211524,   1.652,   2.338,9999.000,9999.000,9999.000,9999.000,9999.000,9999.000,9999.000
202606211530,   1.568,   2.250,9999.000,9999.000,9999.000,9999.000,9999.000,9999.000,9999.000
202606211536,   1.487,   2.118,9999.000,9999.000,9999.000,9999.000,9999.000,9999.000,9999.000
202606211542,   1.407,   2.099,9999.000,9999.000,9999.000,9999.000,9999.000,9999.000,9999.000
202606211548,   1.330,   2.020,9999.000,9999.000,9999.000,9999.000,9999.000,9999.000,9999.000
202606211554,   1.255,   1.830,9999.000,9999.000,9999.000,9999.000,9999.000,9999.000,9999.000
202606211600,   1.183,   1.800,   0.500,   0.117,   1.800,   0.500,   1.800,   0.500,   1.800
202606211606,   1.113,   1.728,9999.000,9999.000,9999.000,9999.000,9999.000,9999.000,9999.000
202606211612,   1.047,   1.689,9999.000,9999.000,9999.000,9999.000,9999.000,9999.000,9999.000
202606211618,   0.984,   1.728,9999.000,9999.000,9999.000,9999.000,9999.000,9999.000,9999.000
202606211624,   0.924,   1.689,9999.000,9999.000,9999.000,9999.000,9999.000,9999.000,9999.000
202606211630,   0.868,   1.538,9999.000,9999.000,9999.000,9999.000,9999.000,9999.000,9999.000
202606211636,   0.816,   1.518,9999.000,9999.000,9999.000,9999.000,9999.000,9999.000,9999.000
202606211642,   0.767,   1.469,9999.000,9999.000,9999.000,9999.000,9999.000,9999.000,9999.000
202606211648,   0.722,   1.410,9999.000,9999.000,9999.000,9999.000,9999.000,9999.000,9999.000
202606211654,   0.681,   1.338,9999.000,9999.000,9999.000,9999.000,9999.000,9999.000,9999.000
202606211700,   0.644,   1.328,   0.400,   0.284,   1.328,   0.400,   1.328,   0.500,   1.428
202606211706,   0.612,   1.259,9999.000,9999.000,9999.000,9999.000,9999.000,9999.000,9999.000
202606211712,   0.583,   1.210,9999.000,9999.000,9999.000,9999.000,9999.000,9999.000,9999.000
202606211718,   0.560,   1.229,9999.000,9999.000,9999.000,9999.000,9999.000,9999.000,9999.000
202606211724,   0.541,   1.239,9999.000,9999.000,9999.000,9999.000,9999.000,9999.000,9999.000
202606211730,   0.526,   1.249,9999.000,9999.000,9999.000,9999.000,9999.000,9999.000,9999.000
202606211736,   0.516,   1.279,9999.000,9999.000,9999.000,9999.000,9999.000,9999.000,9999.000
202606211742,   0.511,   1.229,9999.000,9999.000,9999.000,9999.000,9999.000,9999.000,9999.000
202606211748,   0.511,   1.220,9999.000,9999.000,9999.000,9999.000,9999.000,9999.000,9999.000
202606211754,   0.515,   1.239,9999.000,9999.000,9999.000,9999.000,9999.000,9999.000,9999.000
202606211800,   0.524,   1.220,   0.400,   0.296,   1.220,   0.400,   1.220,   0.500,   1.320
202606211806,   0.538,   1.249,9999.000,9999.000,9999.000,9999.000,9999.000,9999.000,9999.000
202606211812,   0.557,   1.298,9999.000,9999.000,9999.000,9999.000,9999.000,9999.000,9999.000
202606211818,   0.581,   1.390,9999.000,9999.000,9999.000,9999.000,9999.000,9999.000,9999.000
202606211824,   0.610,   1.371,9999.000,9999.000,9999.000,9999.000,9999.000,9999.000,9999.000
202606211830,   0.644,   1.361,9999.000,9999.000,9999.000,9999.000,9999.000,9999.000,9999.000
202606211836,   0.682,   1.410,9999.000,9999.000,9999.000,9999.000,9999.000,9999.000,9999.000
202606211842,   0.725,   1.508,9999.000,9999.000,9999.000,9999.000,9999.000,9999.000,9999.000
202606211848,   0.772,   1.548,9999.000,9999.000,9999.000,9999.000,9999.000,9999.000,9999.000
202606211854,   0.825,   1.580,9999.000,9999.000,9999.000,9999.000,9999.000,9999.000,9999.000
202606211900,   0.881,   1.571,   0.500,   0.190,   1.571,   0.400,   1.471,   0.500,   1.571
202606211906,   0.942,   1.580,9999.000,9999.000,9999.000,9999.000,9999.000,9999.000,9999.000
202606211912,   1.008,   1.590,9999.000,9999.000,9999.000,9999.000,9999.000,9999.000,9999.000
202606211918,   1.077,   1.718,9999.000,9999.000,9999.000,9999.000,9999.000,9999.000,9999.000
202606211924,   1.150,   1.790,9999.000,9999.000,9999.000,9999.000,9999.000,9999.000,9999.000
202606211930,   1.227,   1.879,9999.000,9999.000,9999.000,9999.000,9999.000,9999.000,9999.000
202606211936,   1.308,   2.000,9999.000,9999.000,9999.000,9999.000,9999.000,9999.000,9999.000
202606211942,   1.392,   2.069,9999.000,9999.000,9999.000,9999.000,9999.000,9999.000,9999.000
202606211948,   1.480,   2.210,9999.000,9999.000,9999.000,9999.000,9999.000,9999.000,9999.000
202606211954,   1.571,   2.269,9999.000,9999.000,9999.000,9999.000,9999.000,9999.000,9999.000
202606212000,   1.664,   2.368,   0.500,   0.204,   2.368,   0.400,   2.268,   0.500,   2.368
202606212006,   1.760,   2.459,9999.000,9999.000,9999.000,9999.000,9999.000,9999.000,9999.000
202606212012,   1.859,   2.610,9999.000,9999.000,9999.000,9999.000,9999.000,9999.000,9999.000
202606212018,   1.960,   2.650,9999.000,9999.000,9999.000,9999.000,9999.000,9999.000,9999.000
202606212024,   2.064,   2.748,9999.000,9999.000,9999.000,9999.000,9999.000,9999.000,9999.000
202606212030,   2.169,   2.860,9999.000,9999.000,9999.000,9999.000,9999.000,9999.000,9999.000
202606212036,   2.275,   2.968,9999.000,9999.000,9999.000,9999.000,9999.000,9999.000,9999.000
202606212042,   2.384,   3.040,9999.000,9999.000,9999.000,9999.000,9999.000,9999.000,9999.000
202606212048,   2.493,   3.168,9999.000,9999.000,9999.000,9999.000,9999.000,9999.000,9999.000
202606212054,   2.603,   3.309,9999.000,9999.000,9999.000,9999.000,9999.000,9999.000,9999.000
202606212100,   2.714,   3.407,   0.400,   0.293,   3.407,   0.400,   3.407,   0.500,   3.507
202606212106,   2.825,   3.427,9999.000,9999.000,9999.000,9999.000,9999.000,9999.000,9999.000
202606212112,   2.937,   3.489,9999.000,9999.000,9999.000,9999.000,9999.000,9999.000,9999.000
202606212118,   3.049,   3.588,9999.000,9999.000,9999.000,9999.000,9999.000,9999.000,9999.000
202606212124,   3.160,   3.749,9999.000,9999.000,9999.000,9999.000,9999.000,9999.000,9999.000
202606212130,   3.271,   3.909,9999.000,9999.000,9999.000,9999.000,9999.000,9999.000,9999.000
202606212136,   3.382,   4.017,9999.000,9999.000,9999.000,9999.000,9999.000,9999.000,9999.000
202606212142,   3.491,   4.149,9999.000,9999.000,9999.000,9999.000,9999.000,9999.000,9999.000
202606212148,   3.600,   4.300,9999.000,9999.000,9999.000,9999.000,9999.000,9999.000,9999.000
202606212154,   3.707,   4.418,9999.000,9999.000,9999.000,9999.000,9999.000,9999.000,9999.000
202606212200,   3.812,   4.509,   0.400,   0.297,   4.509,   0.400,   4.509,   0.500,   4.609
202606212206,   3.916,   4.578,9999.000,9999.000,9999.000,9999.000,9999.000,9999.000,9999.000
202606212212,   4.018,   4.700,9999.000,9999.000,9999.000,9999.000,9999.000,9999.000,9999.000
202606212218,   4.117,   4.749,9999.000,9999.000,9999.000,9999.000,9999.000,9999.000,9999.000
202606212224,   4.215,   4.778,9999.000,9999.000,9999.000,9999.000,9999.000,9999.000,9999.000
202606212230,   4.309,   4.877,9999.000,9999.000,9999.000,9999.000,9999.000,9999.000,9999.000
202606212236,   4.401,   4.867,9999.000,9999.000,9999.000,9999.000,9999.000,9999.000,9999.000
202606212242,   4.490,   4.949,9999.000,9999.000,9999.000,9999.000,9999.000,9999.000,9999.000
202606212248,   4.576,   5.097,9999.000,9999.000,9999.000,9999.000,9999.000,9999.000,9999.000
202606212254,   4.658,   5.267,9999.000,9999.000,9999.000,9999.000,9999.000,9999.000,9999.000
202606212300,   4.738,   5.307,   0.500,   0.069,   5.307,   0.400,   5.207,   0.500,   5.307
202606212306,   4.813,   5.369,9999.000,9999.000,9999.000,9999.000,9999.000,9999.000,9999.000
202606212312,   4.885,   5.389,9999.000,9999.000,9999.000,9999.000,9999.000,9999.000,9999.000
202606212318,   4.952,   5.487,9999.000,9999.000,9999.000,9999.000,9999.000,9999.000,9999.000
202606212324,   5.016,   5.559,9999.000,9999.000,9999.000,9999.000,9999.000,9999.000,9999.000
202606212330,   5.076,   5.598,9999.000,9999.000,9999.000,9999.000,9999.000,9999.000,9999.000
202606212336,   5.131,   5.638,9999.000,9999.000,9999.000,9999.000,9999.000,9999.000,9999.000
202606212342,   5.182,   5.717,9999.000,9999.000,9999.000,9999.000,9999.000,9999.000,9999.000
202606212348,   5.228,   5.730,9999.000,9999.000,9999.000,9999.000,9999.000,9999.000,9999.000
202606212354,   5.270,   5.717,9999.000,9999.000,9999.000,9999.000,9999.000,9999.000,9999.000
202606220000,   5.307,   5.828,   0.500,   0.021,   5.828,   0.500,   5.828,   0.500,   5.828
202606220006,   5.339,   5.818,9999.000,9999.000,9999.000,9999.000,9999.000,9999.000,9999.000
202606220012,   5.366,   5.926,9999.000,9999.000,9999.000,9999.000,9999.000,9999.000,9999.000
202606220018,   5.389,   5.940,9999.000,9999.000,9999.000,9999.000,9999.000,9999.000,9999.000
202606220024,   5.407,   5.989,9999.000,9999.000,9999.000,9999.000,9999.000,9999.000,9999.000
202606220030,   5.420,   5.969,9999.000,9999.000,9999.000,9999.000,9999.000,9999.000,9999.000
202606220036,   5.428,   5.940,9999.000,9999.000,9999.000,9999.000,9999.000,9999.000,9999.000
202606220042,   5.431,   5.897,9999.000,9999.000,9999.000,9999.000,9999.000,9999.000,9999.000
202606220048,   5.430,   5.917,9999.000,9999.000,9999.000,9999.000,9999.000,9999.000,9999.000
202606220054,   5.423,   5.949,9999.000,9999.000,9999.000,9999.000,9999.000,9999.000,9999.000
202606220100,   5.412,   5.887,   0.500,  -0.025,   5.887,   0.400,   5.787,   0.500,   5.887
202606220106,   5.396,   5.926,9999.000,9999.000,9999.000,9999.000,9999.000,9999.000,9999.000
202606220112,   5.376,   5.926,9999.000,9999.000,9999.000,9999.000,9999.000,9999.000,9999.000
202606220118,   5.351,   5.907,9999.000,9999.000,9999.000,9999.000,9999.000,9999.000,9999.000
202606220124,   5.321,   5.828,9999.000,9999.000,9999.000,9999.000,9999.000,9999.000,9999.000
202606220130,   5.287,   5.779,9999.000,9999.000,9999.000,9999.000,9999.000,9999.000,9999.000
202606220136,   5.249,   5.858,9999.000,9999.000,9999.000,9999.000,9999.000,9999.000,9999.000
202606220142,   5.207,   5.779,9999.000,9999.000,9999.000,9999.000,9999.000,9999.000,9999.000
202606220148,   5.161,   5.697,9999.000,9999.000,9999.000,9999.000,9999.000,9999.000,9999.000
202606220154,   5.111,   5.648,9999.000,9999.000,9999.000,9999.000,9999.000,9999.000,9999.000
202606220200,   5.058,   5.598,   0.500,   0.040,   5.598,   0.400,   5.498,   0.500,   5.598
202606220206,   5.001,   5.569,9999.000,9999.000,9999.000,9999.000,9999.000,9999.000,9999.000
202606220212,   4.940,   5.448,9999.000,9999.000,9999.000,9999.000,9999.000,9999.000,9999.000
202606220218,   4.877,   5.379,9999.000,9999.000,9999.000,9999.000,9999.000,9999.000,9999.000
202606220224,   4.810,   5.267,9999.000,9999.000,9999.000,9999.000,9999.000,9999.000,9999.000
202606220230,   4.741,   5.267,9999.000,9999.000,9999.000,9999.000,9999.000,9999.000,9999.000
202606220236,   4.669,   5.218,9999.000,9999.000,9999.000,9999.000,9999.000,9999.000,9999.000
202606220242,   4.595,   5.120,9999.000,9999.000,9999.000,9999.000,9999.000,9999.000,9999.000
202606220248,   4.518,   5.057,9999.000,9999.000,9999.000,9999.000,9999.000,9999.000,9999.000
202606220254,   4.439,   5.047,9999.000,9999.000,9999.000,9999.000,9999.000,9999.000,9999.000
202606220300,   4.359,   4.949,   0.500,   0.090,   4.949,   0.500,   4.949,   0.500,   4.949
202606220306,   4.277,   4.828,9999.000,9999.000,9999.000,9999.000,9999.000,9999.000,9999.000
202606220312,   4.193,   4.749,9999.000,9999.000,9999.000,9999.000,9999.000,9999.000,9999.000
202606220318,   4.108,   4.677,9999.000,9999.000,9999.000,9999.000,9999.000,9999.000,9999.000
202606220324,   4.022,   4.588,9999.000,9999.000,9999.000,9999.000,9999.000,9999.000,9999.000
202606220330,   3.935,   4.480,9999.000,9999.000,9999.000,9999.000,9999.000,9999.000,9999.000
202606220336,   3.848,   4.368,9999.000,9999.000,9999.000,9999.000,9999.000,9999.000,9999.000
202606220342,   3.760,   4.290,9999.000,9999.000,9999.000,9999.000,9999.000,9999.000,9999.000
202606220348,   3.672,   4.188,9999.000,9999.000,9999.000,9999.000,9999.000,9999.000,9999.000
202606220354,   3.583,   4.139,9999.000,9999.000,9999.000,9999.000,9999.000,9999.000,9999.000
202606220400,   3.495,   4.080,   0.500,   0.085,   4.080,   0.500,   4.080,   0.500,   4.080
202606220406,   3.407,   3.978,9999.000,9999.000,9999.000,9999.000,9999.000,9999.000,9999.000
202606220412,   3.320,   3.939,9999.000,9999.000,9999.000,9999.000,9999.000,9999.000,9999.000
202606220418,   3.233,   3.817,9999.000,9999.000,9999.000,9999.000,9999.000,9999.000,9999.000
202606220424,   3.147,   3.680,9999.000,9999.000,9999.000,9999.000,9999.000,9999.000,9999.000
202606220430,   3.063,   3.588,9999.000,9999.000,9999.000,9999.000,9999.000,9999.000,9999.000
202606220436,   2.979,   3.480,9999.000,9999.000,9999.000,9999.000,9999.000,9999.000,9999.000
202606220442,   2.897,   3.388,9999.000,9999.000,9999.000,9999.000,9999.000,9999.000,9999.000
202606220448,   2.817,   3.309,9999.000,9999.000,9999.000,9999.000,9999.000,9999.000,9999.000
202606220454,   2.738,   3.250,9999.000,9999.000,9999.000,9999.000,9999.000,9999.000,9999.000
202606220500,   2.661,   3.217,   0.400,   0.156,   3.217,   0.400,   3.217,   0.500,   3.317
202606220506,   2.587,   3.207,9999.000,9999.000,9999.000,9999.000,9999.000,9999.000,9999.000
202606220512,   2.515,   3.089,9999.000,9999.000,9999.000,9999.000,9999.000,9999.000,9999.000
202606220518,   2.445,   3.050,9999.000,9999.000,9999.000,9999.000,9999.000,9999.000,9999.000
202606220524,   2.378,   2.958,9999.000,9999.000,9999.000,9999.000,9999.000,9999.000,9999.000
202606220530,   2.313,   2.860,9999.000,9999.000,9999.000,9999.000,9999.000,9999.000,9999.000
202606220536,   2.252,   2.879,9999.000,9999.000,9999.000,9999.000,9999.000,9999.000,9999.000
202606220542,   2.193,   2.807,9999.000,9999.000,9999.000,9999.000,9999.000,9999.000,9999.000
202606220548,   2.138,   2.689,9999.000,9999.000,9999.000,9999.000,9999.000,9999.000,9999.000
202606220554,   2.086,   2.630,9999.000,9999.000,9999.000,9999.000,9999.000,9999.000,9999.000
202606220600,   2.038,   2.558,   0.500,   0.020,   2.558,   0.400,   2.458,   0.600,   2.658
202606220606,   1.992,   2.568,9999.000,9999.000,9999.000,9999.000,9999.000,9999.000,9999.000
202606220612,   1.951,   2.558,9999.000,9999.000,9999.000,9999.000,9999.000,9999.000,9999.000
202606220618,   1.913,   2.440,9999.000,9999.000,9999.000,9999.000,9999.000,9999.000,9999.000
202606220624,   1.879,   2.387,9999.000,9999.000,9999.000,9999.000,9999.000,9999.000,9999.000
202606220630,   1.848,   2.338,9999.000,9999.000,9999.000,9999.000,9999.000,9999.000,9999.000
202606220636,   1.822,   2.299,9999.000,9999.000,9999.000,9999.000,9999.000,9999.000,9999.000
202606220642,   1.799,   2.269,9999.000,9999.000,9999.000,9999.000,9999.000,9999.000,9999.000
202606220648,   1.780,   2.309,9999.000,9999.000,9999.000,9999.000,9999.000,9999.000,9999.000
202606220654,   1.765,   2.309,9999.000,9999.000,9999.000,9999.000,9999.000,9999.000,9999.000
202606220700,   1.754,   2.269,   0.500,   0.015,   2.269,   0.500,   2.269,   0.600,   2.369
202606220706,   1.747,   2.269,9999.000,9999.000,9999.000,9999.000,9999.000,9999.000,9999.000
202606220712,   1.743,   2.348,9999.000,9999.000,9999.000,9999.000,9999.000,9999.000,9999.000
202606220718,   1.744,   2.377,9999.000,9999.000,9999.000,9999.000,9999.000,9999.000,9999.000
202606220724,   1.748,   2.309,9999.000,9999.000,9999.000,9999.000,9999.000,9999.000,9999.000
202606220730,   1.755,   2.279,9999.000,9999.000,9999.000,9999.000,9999.000,9999.000,9999.000
202606220736,   1.767,   2.289,9999.000,9999.000,9999.000,9999.000,9999.000,9999.000,9999.000
202606220742,   1.782,   2.289,9999.000,9999.000,9999.000,9999.000,9999.000,9999.000,9999.000
202606220748,   1.800,   2.299,9999.000,9999.000,9999.000,9999.000,9999.000,9999.000,9999.000
202606220754,   1.822,   2.289,9999.000,9999.000,9999.000,9999.000,9999.000,9999.000,9999.000
202606220800,   1.847,   2.279,   0.500,  -0.068,   2.279,   0.500,   2.279,   0.600,   2.379
202606220806,   1.875,   2.410,9999.000,9999.000,9999.000,9999.000,9999.000,9999.000,9999.000
202606220812,   1.906,   2.489,9999.000,9999.000,9999.000,9999.000,9999.000,9999.000,9999.000
202606220818,   1.939,   2.558,9999.000,9999.000,9999.000,9999.000,9999.000,9999.000,9999.000
202606220824,   1.976,   2.578,9999.000,9999.000,9999.000,9999.000,9999.000,9999.000,9999.000
202606220830,   2.015,   2.548,9999.000,9999.000,9999.000,9999.000,9999.000,9999.000,9999.000
202606220836,   2.057,   2.499,9999.000,9999.000,9999.000,9999.000,9999.000,9999.000,9999.000
202606220842,   2.100,   2.558,9999.000,9999.000,9999.000,9999.000,9999.000,9999.000,9999.000
202606220848,   2.146,   2.640,9999.000,9999.000,9999.000,9999.000,9999.000,9999.000,9999.000
202606220854,   2.194,   2.669,9999.000,9999.000,9999.000,9999.000,9999.000,9999.000,9999.000
202606220900,   2.243,   2.669,   0.500,  -0.074,   2.669,   0.500,   2.669,   0.600,   2.769
202606220906,   2.294,   2.787,9999.000,9999.000,9999.000,9999.000,9999.000,9999.000,9999.000
202606220912,   2.347,   2.889,9999.000,9999.000,9999.000,9999.000,9999.000,9999.000,9999.000
202606220918,   2.401,   2.948,9999.000,9999.000,9999.000,9999.000,9999.000,9999.000,9999.000
202606220924,   2.455,   3.050,9999.000,9999.000,9999.000,9999.000,9999.000,9999.000,9999.000
202606220930,   2.511,   3.109,9999.000,9999.000,9999.000,9999.000,9999.000,9999.000,9999.000
202606220936,   2.567,   3.158,9999.000,9999.000,9999.000,9999.000,9999.000,9999.000,9999.000
202606220942,   2.624,   3.230,9999.000,9999.000,9999.000,9999.000,9999.000,9999.000,9999.000
202606220948,   2.681,   3.240,9999.000,9999.000,9999.000,9999.000,9999.000,9999.000,9999.000
202606220954,   2.739,   3.188,9999.000,9999.000,9999.000,9999.000,9999.000,9999.000,9999.000
202606221000,   2.796,   3.230,   0.500,  -0.066,   3.230,   0.500,   3.230,   0.600,   3.330
202606221006,   2.853,   3.250,9999.000,9999.000,9999.000,9999.000,9999.000,9999.000,9999.000
202606221012,   2.910,   3.358,9999.000,9999.000,9999.000,9999.000,9999.000,9999.000,9999.000
202606221018,   2.966,   3.460,9999.000,9999.000,9999.000,9999.000,9999.000,9999.000,9999.000
202606221024,   3.022,   3.539,9999.000,9999.000,9999.000,9999.000,9999.000,9999.000,9999.000
202606221030,   3.076,   3.568,9999.000,9999.000,9999.000,9999.000,9999.000,9999.000,9999.000
202606221036,   3.129,   3.680,9999.000,9999.000,9999.000,9999.000,9999.000,9999.000,9999.000
202606221042,   3.182,   3.680,9999.000,9999.000,9999.000,9999.000,9999.000,9999.000,9999.000
202606221048,   3.232,   3.699,9999.000,9999.000,9999.000,9999.000,9999.000,9999.000,9999.000
202606221054,   3.281,   3.758,9999.000,9999.000,9999.000,9999.000,9999.000,9999.000,9999.000
202606221100,   3.329,   3.798,   0.600,  -0.131,   3.798,   0.600,   3.798,   0.600,   3.798
202606221106,   3.374,   3.880,9999.000,9999.000,9999.000,9999.000,9999.000,9999.000,9999.000
202606221112,   3.418,   3.929,9999.000,9999.000,9999.000,9999.000,9999.000,9999.000,9999.000
202606221118,   3.459,   3.939,9999.000,9999.000,9999.000,9999.000,9999.000,9999.000,9999.000
202606221124,   3.497,   4.008,9999.000,9999.000,9999.000,9999.000,9999.000,9999.000,9999.000
202606221130,   3.534,   4.080,9999.000,9999.000,9999.000,9999.000,9999.000,9999.000,9999.000
202606221136,   3.567,   4.099,9999.000,9999.000,9999.000,9999.000,9999.000,9999.000,9999.000
202606221142,   3.598,   4.208,9999.000,9999.000,9999.000,9999.000,9999.000,9999.000,9999.000
202606221148,   3.626,   4.198,9999.000,9999.000,9999.000,9999.000,9999.000,9999.000,9999.000
202606221154,   3.651,   4.159,9999.000,9999.000,9999.000,9999.000,9999.000,9999.000,9999.000
202606221200,   3.673,   4.168,   0.500,  -0.005,   4.168,   0.400,   4.068,   0.500,   4.168
202606221206,   3.692,   4.188,9999.000,9999.000,9999.000,9999.000,9999.000,9999.000,9999.000
202606221212,   3.708,   4.208,9999.000,9999.000,9999.000,9999.000,9999.000,9999.000,9999.000
202606221218,   3.720,   4.198,9999.000,9999.000,9999.000,9999.000,9999.000,9999.000,9999.000
202606221224,   3.730,   4.218,9999.000,9999.000,9999.000,9999.000,9999.000,9999.000,9999.000
202606221230,   3.735,   4.309,9999.000,9999.000,9999.000,9999.000,9999.000,9999.000,9999.000
202606221236,   3.738,   4.257,9999.000,9999.000,9999.000,9999.000,9999.000,9999.000,9999.000
202606221242,   3.737,   4.227,9999.000,9999.000,9999.000,9999.000,9999.000,9999.000,9999.000
202606221248,   3.732,   4.280,9999.000,9999.000,9999.000,9999.000,9999.000,9999.000,9999.000
202606221254,   3.724,   4.319,9999.000,9999.000,9999.000,9999.000,9999.000,9999.000,9999.000
202606221300,   3.713,   4.280,   0.400,   0.167,   4.280,   0.400,   4.280,   0.500,   4.380
202606221306,   3.698,   4.159,9999.000,9999.000,9999.000,9999.000,9999.000,9999.000,9999.000
202606221312,   3.680,   4.139,9999.000,9999.000,9999.000,9999.000,9999.000,9999.000,9999.000
202606221318,   3.659,   4.168,9999.000,9999.000,9999.000,9999.000,9999.000,9999.000,9999.000
202606221324,   3.634,   4.149,9999.000,9999.000,9999.000,9999.000,9999.000,9999.000,9999.000
202606221330,   3.606,   4.159,9999.000,9999.000,9999.000,9999.000,9999.000,9999.000,9999.000
202606221336,   3.575,   4.159,9999.000,9999.000,9999.000,9999.000,9999.000,9999.000,9999.000
202606221342,   3.542,   4.090,9999.000,9999.000,9999.000,9999.000,9999.000,9999.000,9999.000
202606221348,   3.505,   4.090,9999.000,9999.000,9999.000,9999.000,9999.000,9999.000,9999.000
202606221354,   3.465,   3.988,9999.000,9999.000,9999.000,9999.000,9999.000,9999.000,9999.000
202606221400,   3.423,   3.929,   0.400,   0.106,   3.929,   0.400,   3.929,   0.500,   4.029
202606221406,   3.378,   3.880,9999.000,9999.000,9999.000,9999.000,9999.000,9999.000,9999.000
202606221412,   3.331,   3.880,9999.000,9999.000,9999.000,9999.000,9999.000,9999.000,9999.000
202606221418,   3.282,   3.798,9999.000,9999.000,9999.000,9999.000,9999.000,9999.000,9999.000
202606221424,   3.230,   3.847,9999.000,9999.000,9999.000,9999.000,9999.000,9999.000,9999.000
202606221430,   3.176,   3.778,9999.000,9999.000,9999.000,9999.000,9999.000,9999.000,9999.000
202606221436,   3.121,   3.670,9999.000,9999.000,9999.000,9999.000,9999.000,9999.000,9999.000
202606221442,   3.064,   3.637,9999.000,9999.000,9999.000,9999.000,9999.000,9999.000,9999.000
202606221448,   3.005,   3.627,9999.000,9999.000,9999.000,9999.000,9999.000,9999.000,9999.000
202606221454,   2.944,   3.598,9999.000,9999.000,9999.000,9999.000,9999.000,9999.000,9999.000
202606221500,   2.883,   3.578,   0.400,   0.295,   3.578,   0.400,   3.578,   0.500,   3.678
202606221506,   2.820,   3.427,9999.000,9999.000,9999.000,9999.000,9999.000,9999.000,9999.000
202606221512,   2.757,   3.309,9999.000,9999.000,9999.000,9999.000,9999.000,9999.000,9999.000
202606221518,   2.693,   3.240,9999.000,9999.000,9999.000,9999.000,9999.000,9999.000,9999.000
202606221524,   2.628,   3.168,9999.000,9999.000,9999.000,9999.000,9999.000,9999.000,9999.000
202606221530,   2.562,   3.109,9999.000,9999.000,9999.000,9999.000,9999.000,9999.000,9999.000
202606221536,   2.497,   3.070,9999.000,9999.000,9999.000,9999.000,9999.000,9999.000,9999.000
202606221542,   2.431,   3.079,9999.000,9999.000,9999.000,9999.000,9999.000,9999.000,9999.000
202606221548,   2.365,   2.948,9999.000,9999.000,9999.000,9999.000,9999.000,9999.000,9999.000
202606221554,   2.300,   2.830,9999.000,9999.000,9999.000,9999.000,9999.000,9999.000,9999.000
202606221600,   2.235,   2.778,   0.500,   0.043,   2.778,   0.400,   2.678,   0.500,   2.778
202606221606,   2.171,   2.768,9999.000,9999.000,9999.000,9999.000,9999.000,9999.000,9999.000
202606221612,   2.107,   2.738,9999.000,9999.000,9999.000,9999.000,9999.000,9999.000,9999.000
202606221618,   2.044,   2.719,9999.000,9999.000,9999.000,9999.000,9999.000,9999.000,9999.000
202606221624,   1.983,   2.630,9999.000,9999.000,9999.000,9999.000,9999.000,9999.000,9999.000
202606221630,   1.923,   2.578,9999.000,9999.000,9999.000,9999.000,9999.000,9999.000,9999.000
202606221636,   1.864,   2.528,9999.000,9999.000,9999.000,9999.000,9999.000,9999.000,9999.000
202606221642,   1.807,   2.450,9999.000,9999.000,9999.000,9999.000,9999.000,9999.000,9999.000
202606221648,   1.751,   2.400,9999.000,9999.000,9999.000,9999.000,9999.000,9999.000,9999.000
202606221654,   1.698,   2.338,9999.000,9999.000,9999.000,9999.000,9999.000,9999.000,9999.000
202606221700,   1.646,   2.259,   0.400,   0.213,   2.259,   0.400,   2.259,   0.400,   2.259
202606221706,   1.597,   2.210,9999.000,9999.000,9999.000,9999.000,9999.000,9999.000,9999.000
202606221712,   1.550,   2.128,9999.000,9999.000,9999.000,9999.000,9999.000,9999.000,9999.000
202606221718,   1.506,   2.079,9999.000,9999.000,9999.000,9999.000,9999.000,9999.000,9999.000
202606221724,   1.465,   2.010,9999.000,9999.000,9999.000,9999.000,9999.000,9999.000,9999.000
202606221730,   1.426,   1.958,9999.000,9999.000,9999.000,9999.000,9999.000,9999.000,9999.000
202606221736,   1.391,   1.948,9999.000,9999.000,9999.000,9999.000,9999.000,9999.000,9999.000
202606221742,   1.359,   1.967,9999.000,9999.000,9999.000,9999.000,9999.000,9999.000,9999.000
202606221748,   1.330,   1.948,9999.000,9999.000,9999.000,9999.000,9999.000,9999.000,9999.000
202606221754,   1.304,   1.958,9999.000,9999.000,9999.000,9999.000,9999.000,9999.000,9999.000
202606221800,   1.282,   1.938,   0.400,   0.256,   1.938,   0.400,   1.938,   0.500,   2.038
202606221806,   1.263,   1.859,9999.000,9999.000,9999.000,9999.000,9999.000,9999.000,9999.000
202606221812,   1.249,   1.859,9999.000,9999.000,9999.000,9999.000,9999.000,9999.000,9999.000
202606221818,   1.238,   1.859,9999.000,9999.000,9999.000,9999.000,9999.000,9999.000,9999.000
202606221824,   1.231,   1.830,9999.000,9999.000,9999.000,9999.000,9999.000,9999.000,9999.000
202606221830,   1.228,   1.859,9999.000,9999.000,9999.000,9999.000,9999.000,9999.000,9999.000
202606221836,   1.229,   1.859,9999.000,9999.000,9999.000,9999.000,9999.000,9999.000,9999.000
202606221842,   1.234,   1.859,9999.000,9999.000,9999.000,9999.000,9999.000,9999.000,9999.000
202606221848,   1.243,   1.908,9999.000,9999.000,9999.000,9999.000,9999.000,9999.000,9999.000
202606221854,   1.257,   1.928,9999.000,9999.000,9999.000,9999.000,9999.000,9999.000,9999.000
202606221900,   1.274,   1.889,   0.400,   0.215,   1.889,   0.400,   1.889,   0.400,   1.889
202606221906,   1.296,   1.908,9999.000,9999.000,9999.000,9999.000,9999.000,9999.000,9999.000
202606221912,   1.322,   1.908,9999.000,9999.000,9999.000,9999.000,9999.000,9999.000,9999.000
202606221918,   1.352,   1.889,9999.000,9999.000,9999.000,9999.000,9999.000,9999.000,9999.000
202606221924,   1.386,   1.958,9999.000,9999.000,9999.000,9999.000,9999.000,9999.000,9999.000
202606221930,   1.424,   2.049,9999.000,9999.000,9999.000,9999.000,9999.000,9999.000,9999.000
202606221936,   1.466,   2.030,9999.000,9999.000,9999.000,9999.000,9999.000,9999.000,9999.000
202606221942,   1.512,   2.099,9999.000,9999.000,9999.000,9999.000,9999.000,9999.000,9999.000
202606221948,   1.562,   2.200,9999.000,9999.000,9999.000,9999.000,9999.000,9999.000,9999.000
202606221954,   1.616,   2.289,9999.000,9999.000,9999.000,9999.000,9999.000,9999.000,9999.000
202606222000,   1.673,   2.387,   0.400,   0.314,   2.387,   0.400,   2.387,   0.500,   2.487
202606222006,   1.735,   2.377,9999.000,9999.000,9999.000,9999.000,9999.000,9999.000,9999.000
202606222012,   1.799,   2.410,9999.000,9999.000,9999.000,9999.000,9999.000,9999.000,9999.000
202606222018,   1.867,   2.450,9999.000,9999.000,9999.000,9999.000,9999.000,9999.000,9999.000
202606222024,   1.938,   2.519,9999.000,9999.000,9999.000,9999.000,9999.000,9999.000,9999.000
202606222030,   2.012,   2.558,9999.000,9999.000,9999.000,9999.000,9999.000,9999.000,9999.000
202606222036,   2.089,   2.578,9999.000,9999.000,9999.000,9999.000,9999.000,9999.000,9999.000
202606222042,   2.169,   2.650,9999.000,9999.000,9999.000,9999.000,9999.000,9999.000,9999.000
202606222048,   2.252,   2.748,9999.000,9999.000,9999.000,9999.000,9999.000,9999.000,9999.000
202606222054,   2.337,   2.889,9999.000,9999.000,9999.000,9999.000,9999.000,9999.000,9999.000
202606222100,   2.424,   2.978,   0.400,   0.154,   2.978,   0.300,   2.878,   0.400,   2.978
202606222106,   2.513,   3.109,9999.000,9999.000,9999.000,9999.000,9999.000,9999.000,9999.000
202606222112,   2.605,   3.197,9999.000,9999.000,9999.000,9999.000,9999.000,9999.000,9999.000
202606222118,   2.698,   3.260,9999.000,9999.000,9999.000,9999.000,9999.000,9999.000,9999.000
202606222124,   2.793,   3.348,9999.000,9999.000,9999.000,9999.000,9999.000,9999.000,9999.000
202606222130,   2.889,   3.460,9999.000,9999.000,9999.000,9999.000,9999.000,9999.000,9999.000
202606222136,   2.986,   3.568,9999.000,9999.000,9999.000,9999.000,9999.000,9999.000,9999.000
202606222142,   3.085,   3.670,9999.000,9999.000,9999.000,9999.000,9999.000,9999.000,9999.000
202606222148,   3.184,   3.729,9999.000,9999.000,9999.000,9999.000,9999.000,9999.000,9999.000
202606222154,   3.284,   3.808,9999.000,9999.000,9999.000,9999.000,9999.000,9999.000,9999.000
202606222200,   3.384,   3.909,   0.400,   0.125,   3.909,   0.300,   3.809,   0.400,   3.909
202606222206,   3.484,   4.047,9999.000,9999.000,9999.000,9999.000,9999.000,9999.000,9999.000
202606222212,   3.585,   4.139,9999.000,9999.000,9999.000,9999.000,9999.000,9999.000,9999.000
202606222218,   3.685,   4.247,9999.000,9999.000,9999.000,9999.000,9999.000,9999.000,9999.000
202606222224,   3.784,   4.319,9999.000,9999.000,9999.000,9999.000,9999.000,9999.000,9999.000
202606222230,   3.883,   4.359,9999.000,9999.000,9999.000,9999.000,9999.000,9999.000,9999.000
202606222236,   3.982,   4.427,9999.000,9999.000,9999.000,9999.000,9999.000,9999.000,9999.000
202606222242,   4.079,   4.500,9999.000,9999.000,9999.000,9999.000,9999.000,9999.000,9999.000
202606222248,   4.174,   4.598,9999.000,9999.000,9999.000,9999.000,9999.000,9999.000,9999.000
202606222254,   4.269,   4.729,9999.000,9999.000,9999.000,9999.000,9999.000,9999.000,9999.000
202606222300,   4.361,   4.847,   0.400,   0.086,   4.847,   0.400,   4.847,   0.400,   4.847
202606222306,   4.452,   4.877,9999.000,9999.000,9999.000,9999.000,9999.000,9999.000,9999.000
202606222312,   4.540,   5.018,9999.000,9999.000,9999.000,9999.000,9999.000,9999.000,9999.000
202606222318,   4.626,   5.129,9999.000,9999.000,9999.000,9999.000,9999.000,9999.000,9999.000
202606222324,   4.710,   5.247,9999.000,9999.000,9999.000,9999.000,9999.000,9999.000,9999.000
202606222330,   4.791,   5.339,9999.000,9999.000,9999.000,9999.000,9999.000,9999.000,9999.000
202606222336,   4.868,   5.448,9999.000,9999.000,9999.000,9999.000,9999.000,9999.000,9999.000
202606222342,   4.943,   5.448,9999.000,9999.000,9999.000,9999.000,9999.000,9999.000,9999.000
202606222348,   5.015,   5.487,9999.000,9999.000,9999.000,9999.000,9999.000,9999.000,9999.000
202606222354,   5.083,   5.477,9999.000,9999.000,9999.000,9999.000,9999.000,9999.000,9999.000
202606230000,   5.147,   5.549,   0.500,  -0.098,   5.549,   0.400,   5.449,   0.500,   5.549
202606230006,   5.208,   5.628,9999.000,9999.000,9999.000,9999.000,9999.000,9999.000,9999.000
202606230012,   5.264,   5.730,9999.000,9999.000,9999.000,9999.000,9999.000,9999.000,9999.000
202606230018,   5.317,   5.769,9999.000,9999.000,9999.000,9999.000,9999.000,9999.000,9999.000
202606230024,   5.366,   5.799,9999.000,9999.000,9999.000,9999.000,9999.000,9999.000,9999.000
202606230030,   5.410,   5.799,9999.000,9999.000,9999.000,9999.000,9999.000,9999.000,9999.000
202606230036,   5.450,   5.887,9999.000,9999.000,9999.000,9999.000,9999.000,9999.000,9999.000
202606230042,   5.485,   5.887,9999.000,9999.000,9999.000,9999.000,9999.000,9999.000,9999.000
202606230048,   5.516,   5.897,9999.000,9999.000,9999.000,9999.000,9999.000,9999.000,9999.000
202606230054,   5.542,   5.969,9999.000,9999.000,9999.000,9999.000,9999.000,9999.000,9999.000
202606230100,   5.564,   5.999,   0.400,   0.035,   5.999,   0.400,   5.999,   0.500,   6.099
202606230106,   5.581,   5.959,9999.000,9999.000,9999.000,9999.000,9999.000,9999.000,9999.000
202606230112,   5.593,   5.959,9999.000,9999.000,9999.000,9999.000,9999.000,9999.000,9999.000
202606230118,   5.600,   6.038,9999.000,9999.000,9999.000,9999.000,9999.000,9999.000,9999.000
202606230124,   5.603,   6.097,9999.000,9999.000,9999.000,9999.000,9999.000,9999.000,9999.000
202606230130,   5.601,   6.067,9999.000,9999.000,9999.000,9999.000,9999.000,9999.000,9999.000
202606230136,   5.594,   6.038,9999.000,9999.000,9999.000,9999.000,9999.000,9999.000,9999.000
202606230142,   5.583,   6.028,9999.000,9999.000,9999.000,9999.000,9999.000,9999.000,9999.000
202606230148,   5.566,   5.989,9999.000,9999.000,9999.000,9999.000,9999.000,9999.000,9999.000
202606230154,   5.546,   5.989,9999.000,9999.000,9999.000,9999.000,9999.000,9999.000,9999.000
202606230200,   5.520,   5.979,   0.400,   0.059,   5.979,   0.400,   5.979,   0.500,   6.079
202606230206,   5.491,   5.907,9999.000,9999.000,9999.000,9999.000,9999.000,9999.000,9999.000
202606230212,   5.457,   5.877,9999.000,9999.000,9999.000,9999.000,9999.000,9999.000,9999.000
202606230218,   5.418,   5.818,9999.000,9999.000,9999.000,9999.000,9999.000,9999.000,9999.000
202606230224,   5.375,   5.759,9999.000,9999.000,9999.000,9999.000,9999.000,9999.000,9999.000
202606230230,   5.329,   5.769,9999.000,9999.000,9999.000,9999.000,9999.000,9999.000,9999.000
202606230236,   5.278,   5.730,9999.000,9999.000,9999.000,9999.000,9999.000,9999.000,9999.000
202606230242,   5.223,   5.608,9999.000,9999.000,9999.000,9999.000,9999.000,9999.000,9999.000
202606230248,   5.165,   5.569,9999.000,9999.000,9999.000,9999.000,9999.000,9999.000,9999.000
202606230254,   5.103,   5.477,9999.000,9999.000,9999.000,9999.000,9999.000,9999.000,9999.000
202606230300,   5.037,   5.477,   0.500,  -0.060,   5.477,   0.400,   5.377,   0.500,   5.477
202606230306,   4.969,   5.379,9999.000,9999.000,9999.000,9999.000,9999.000,9999.000,9999.000
202606230312,   4.896,   5.359,9999.000,9999.000,9999.000,9999.000,9999.000,9999.000,9999.000
202606230318,   4.821,   5.359,9999.000,9999.000,9999.000,9999.000,9999.000,9999.000,9999.000
202606230324,   4.743,   5.238,9999.000,9999.000,9999.000,9999.000,9999.000,9999.000,9999.000
202606230330,   4.663,   5.149,9999.000,9999.000,9999.000,9999.000,9999.000,9999.000,9999.000
202606230336,   4.579,   5.047,9999.000,9999.000,9999.000,9999.000,9999.000,9999.000,9999.000
202606230342,   4.493,   4.988,9999.000,9999.000,9999.000,9999.000,9999.000,9999.000,9999.000
202606230348,   4.405,   4.949,9999.000,9999.000,9999.000,9999.000,9999.000,9999.000,9999.000
202606230354,   4.315,   4.818,9999.000,9999.000,9999.000,9999.000,9999.000,9999.000,9999.000
202606230400,   4.223,   4.657,   0.500,  -0.066,   4.657,   0.400,   4.557,   0.500,   4.657
202606230406,   4.130,   4.539,9999.000,9999.000,9999.000,9999.000,9999.000,9999.000,9999.000
202606230412,   4.034,   4.447,9999.000,9999.000,9999.000,9999.000,9999.000,9999.000,9999.000
202606230418,   3.938,   4.418,9999.000,9999.000,9999.000,9999.000,9999.000,9999.000,9999.000
202606230424,   3.840,   4.339,9999.000,9999.000,9999.000,9999.000,9999.000,9999.000,9999.000
202606230430,   3.742,   4.168,9999.000,9999.000,9999.000,9999.000,9999.000,9999.000,9999.000
202606230436,   3.643,   4.090,9999.000,9999.000,9999.000,9999.000,9999.000,9999.000,9999.000
202606230442,   3.543,   3.998,9999.000,9999.000,9999.000,9999.000,9999.000,9999.000,9999.000
202606230448,   3.443,   3.929,9999.000,9999.000,9999.000,9999.000,9999.000,9999.000,9999.000
202606230454,   3.342,   3.837,9999.000,9999.000,9999.000,9999.000,9999.000,9999.000,9999.000
202606230500,   3.242,   3.729,   0.400,   0.087,   3.729,   0.400,   3.729,   0.500,   3.829
202606230506,   3.142,   3.617,9999.000,9999.000,9999.000,9999.000,9999.000,9999.000,9999.000
202606230512,   3.043,   3.568,9999.000,9999.000,9999.000,9999.000,9999.000,9999.000,9999.000
202606230518,   2.945,   3.470,9999.000,9999.000,9999.000,9999.000,9999.000,9999.000,9999.000
202606230524,   2.847,   3.358,9999.000,9999.000,9999.000,9999.000,9999.000,9999.000,9999.000
202606230530,   2.750,   3.260,9999.000,9999.000,9999.000,9999.000,9999.000,9999.000,9999.000
202606230536,   2.655,   3.148,9999.000,9999.000,9999.000,9999.000,9999.000,9999.000,9999.000
202606230542,   2.562,   3.099,9999.000,9999.000,9999.000,9999.000,9999.000,9999.000,9999.000
202606230548,   2.470,   3.050,9999.000,9999.000,9999.000,9999.000,9999.000,9999.000,9999.000
202606230554,   2.380,   2.938,9999.000,9999.000,9999.000,9999.000,9999.000,9999.000,9999.000
202606230600,   2.292,   2.830,   0.400,   0.138,   2.830,   0.400,   2.830,   0.500,   2.930
202606230606,   2.206,   2.699,9999.000,9999.000,9999.000,9999.000,9999.000,9999.000,9999.000
202606230612,   2.123,   2.538,9999.000,9999.000,9999.000,9999.000,9999.000,9999.000,9999.000
202606230618,   2.043,   2.479,9999.000,9999.000,9999.000,9999.000,9999.000,9999.000,9999.000
202606230624,   1.965,   2.459,9999.000,9999.000,9999.000,9999.000,9999.000,9999.000,9999.000
202606230630,   1.891,   2.400,9999.000,9999.000,9999.000,9999.000,9999.000,9999.000,9999.000
202606230636,   1.819,   2.358,9999.000,9999.000,9999.000,9999.000,9999.000,9999.000,9999.000
202606230642,   1.751,   2.200,9999.000,9999.000,9999.000,9999.000,9999.000,9999.000,9999.000
202606230648,   1.686,   2.148,9999.000,9999.000,9999.000,9999.000,9999.000,9999.000,9999.000
202606230654,   1.625,   2.128,9999.000,9999.000,9999.000,9999.000,9999.000,9999.000,9999.000
202606230700,   1.567,   2.118,   0.500,   0.051,   2.118,   0.400,   2.018,   0.500,   2.118
202606230706,   1.513,   2.069,9999.000,9999.000,9999.000,9999.000,9999.000,9999.000,9999.000
202606230712,   1.462,   2.069,9999.000,9999.000,9999.000,9999.000,9999.000,9999.000,9999.000
202606230718,   1.416,   1.958,9999.000,9999.000,9999.000,9999.000,9999.000,9999.000,9999.000
202606230724,   1.373,   1.928,9999.000,9999.000,9999.000,9999.000,9999.000,9999.000,9999.000
202606230730,   1.334,   1.889,9999.000,9999.000,9999.000,9999.000,9999.000,9999.000,9999.000
202606230736,   1.300,   1.790,9999.000,9999.000,9999.000,9999.000,9999.000,9999.000,9999.000
202606230742,   1.269,   1.767,9999.000,9999.000,9999.000,9999.000,9999.000,9999.000,9999.000
202606230748,   1.242,   1.728,9999.000,9999.000,9999.000,9999.000,9999.000,9999.000,9999.000
202606230754,   1.220,   1.649,9999.000,9999.000,9999.000,9999.000,9999.000,9999.000,9999.000
202606230800,   1.201,   1.689,   0.500,  -0.012,   1.689,   0.400,   1.589,   0.500,   1.689
202606230806,   1.186,   1.708,9999.000,9999.000,9999.000,9999.000,9999.000,9999.000,9999.000
202606230812,   1.176,   1.659,9999.000,9999.000,9999.000,9999.000,9999.000,9999.000,9999.000
202606230818,   1.169,   1.580,9999.000,9999.000,9999.000,9999.000,9999.000,9999.000,9999.000
202606230824,   1.166,   1.590,9999.000,9999.000,9999.000,9999.000,9999.000,9999.000,9999.000
202606230830,   1.167,   1.649,9999.000,9999.000,9999.000,9999.000,9999.000,9999.000,9999.000
202606230836,   1.172,   1.718,9999.000,9999.000,9999.000,9999.000,9999.000,9999.000,9999.000
202606230842,   1.181,   1.748,9999.000,9999.000,9999.000,9999.000,9999.000,9999.000,9999.000
202606230848,   1.194,   1.718,9999.000,9999.000,9999.000,9999.000,9999.000,9999.000,9999.000
202606230854,   1.210,   1.728,9999.000,9999.000,9999.000,9999.000,9999.000,9999.000,9999.000
202606230900,   1.229,   1.738,   0.400,   0.109,   1.738,   0.400,   1.738,   0.500,   1.838
202606230906,   1.252,   1.790,9999.000,9999.000,9999.000,9999.000,9999.000,9999.000,9999.000
202606230912,   1.278,   1.767,9999.000,9999.000,9999.000,9999.000,9999.000,9999.000,9999.000
202606230918,   1.308,   1.830,9999.000,9999.000,9999.000,9999.000,9999.000,9999.000,9999.000
202606230924,   1.340,   1.908,9999.000,9999.000,9999.000,9999.000,9999.000,9999.000,9999.000
202606230930,   1.376,   1.840,9999.000,9999.000,9999.000,9999.000,9999.000,9999.000,9999.000
202606230936,   1.414,   1.899,9999.000,9999.000,9999.000,9999.000,9999.000,9999.000,9999.000
202606230942,   1.455,   1.908,9999.000,9999.000,9999.000,9999.000,9999.000,9999.000,9999.000
202606230948,   1.499,   1.948,9999.000,9999.000,9999.000,9999.000,9999.000,9999.000,9999.000
202606230954,   1.545,   2.148,9999.000,9999.000,9999.000,9999.000,9999.000,9999.000,9999.000
202606231000,   1.593,   2.118,   0.400,   0.125,   2.118,   0.400,   2.118,   0.500,   2.218
202606231006,   1.643,   2.210,9999.000,9999.000,9999.000,9999.000,9999.000,9999.000,9999.000
202606231012,   1.695,   2.210,9999.000,9999.000,9999.000,9999.000,9999.000,9999.000,9999.000
202606231018,   1.750,   2.210,9999.000,9999.000,9999.000,9999.000,9999.000,9999.000,9999.000
202606231024,   1.805,   2.289,9999.000,9999.000,9999.000,9999.000,9999.000,9999.000,9999.000
202606231030,   1.862,   2.387,9999.000,9999.000,9999.000,9999.000,9999.000,9999.000,9999.000
202606231036,   1.921,   2.420,9999.000,9999.000,9999.000,9999.000,9999.000,9999.000,9999.000
202606231042,   1.980,   2.538,9999.000,9999.000,9999.000,9999.000,9999.000,9999.000,9999.000
202606231048,   2.040,   2.640,9999.000,9999.000,9999.000,9999.000,9999.000,9999.000,9999.000
202606231054,   2.101,   2.699,9999.000,9999.000,9999.000,9999.000,9999.000,9999.000,9999.000
202606231100,   2.163,   2.689,   0.500,   0.026,   2.689,   0.500,   2.689,   0.500,   2.689
202606231106,   2.224,   2.728,9999.000,9999.000,9999.000,9999.000,9999.000,9999.000,9999.000
202606231112,   2.286,   2.797,9999.000,9999.000,9999.000,9999.000,9999.000,9999.000,9999.000
202606231118,   2.348,   2.889,9999.000,9999.000,9999.000,9999.000,9999.000,9999.000,9999.000
202606231124,   2.410,   2.909,9999.000,9999.000,9999.000,9999.000,9999.000,9999.000,9999.000
202606231130,   2.471,   3.017,9999.000,9999.000,9999.000,9999.000,9999.000,9999.000,9999.000
202606231136,   2.531,   3.060,9999.000,9999.000,9999.000,9999.000,9999.000,9999.000,9999.000
202606231142,   2.591,   3.030,9999.000,9999.000,9999.000,9999.000,9999.000,9999.000,9999.000
202606231148,   2.649,   3.168,9999.000,9999.000,9999.000,9999.000,9999.000,9999.000,9999.000
202606231154,   2.707,   3.250,9999.000,9999.000,9999.000,9999.000,9999.000,9999.000,9999.000
202606231200,   2.763,   3.329,   0.400,   0.166,   3.329,   0.400,   3.329,   0.400,   3.329
202606231206,   2.818,   3.368,9999.000,9999.000,9999.000,9999.000,9999.000,9999.000,9999.000
202606231212,   2.871,   3.378,9999.000,9999.000,9999.000,9999.000,9999.000,9999.000,9999.000
202606231218,   2.922,   3.398,9999.000,9999.000,9999.000,9999.000,9999.000,9999.000,9999.000
202606231224,   2.971,   3.529,9999.000,9999.000,9999.000,9999.000,9999.000,9999.000,9999.000
202606231230,   3.018,   3.568,9999.000,9999.000,9999.000,9999.000,9999.000,9999.000,9999.000
202606231236,   3.063,   3.568,9999.000,9999.000,9999.000,9999.000,9999.000,9999.000,9999.000
202606231242,   3.105,   3.627,9999.000,9999.000,9999.000,9999.000,9999.000,9999.000,9999.000
202606231248,   3.146,   3.670,9999.000,9999.000,9999.000,9999.000,9999.000,9999.000,9999.000
202606231254,   3.183,   3.739,9999.000,9999.000,9999.000,9999.000,9999.000,9999.000,9999.000
202606231300,   3.218,   3.778,   0.400,   0.160,   3.778,   0.300,   3.678,   0.400,   3.778
202606231306,   3.251,   3.788,9999.000,9999.000,9999.000,9999.000,9999.000,9999.000,9999.000
202606231312,   3.280,   3.827,9999.000,9999.000,9999.000,9999.000,9999.000,9999.000,9999.000
202606231318,   3.307,   3.837,9999.000,9999.000,9999.000,9999.000,9999.000,9999.000,9999.000
202606231324,   3.331,   3.778,9999.000,9999.000,9999.000,9999.000,9999.000,9999.000,9999.000
202606231330,   3.352,   3.808,9999.000,9999.000,9999.000,9999.000,9999.000,9999.000,9999.000
202606231336,   3.370,   3.788,9999.000,9999.000,9999.000,9999.000,9999.000,9999.000,9999.000
202606231342,   3.385,   3.880,9999.000,9999.000,9999.000,9999.000,9999.000,9999.000,9999.000
202606231348,   3.397,   3.909,9999.000,9999.000,9999.000,9999.000,9999.000,9999.000,9999.000
202606231354,   3.407,   3.909,9999.000,9999.000,9999.000,9999.000,9999.000,9999.000,9999.000
202606231400,   3.413,   3.890,   0.400,   0.077,   3.890,   0.300,   3.790,   0.400,   3.890
202606231406,   3.416,   3.929,9999.000,9999.000,9999.000,9999.000,9999.000,9999.000,9999.000
202606231412,   3.417,   3.949,9999.000,9999.000,9999.000,9999.000,9999.000,9999.000,9999.000
202606231418,   3.415,   3.958,9999.000,9999.000,9999.000,9999.000,9999.000,9999.000,9999.000
202606231424,   3.409,   3.939,9999.000,9999.000,9999.000,9999.000,9999.000,9999.000,9999.000
202606231430,   3.401,   3.860,9999.000,9999.000,9999.000,9999.000,9999.000,9999.000,9999.000
202606231436,   3.391,   3.860,9999.000,9999.000,9999.000,9999.000,9999.000,9999.000,9999.000
202606231442,   3.378,   3.827,9999.000,9999.000,9999.000,9999.000,9999.000,9999.000,9999.000
202606231448,   3.362,   3.847,9999.000,9999.000,9999.000,9999.000,9999.000,9999.000,9999.000
202606231454,   3.343,   3.860,9999.000,9999.000,9999.000,9999.000,9999.000,9999.000,9999.000
202606231500,   3.322,   3.870,   0.400,   0.148,   3.870,   0.300,   3.770,   0.400,   3.870
202606231506,   3.299,   3.817,9999.000,9999.000,9999.000,9999.000,9999.000,9999.000,9999.000
202606231512,   3.274,   3.719,9999.000,9999.000,9999.000,9999.000,9999.000,9999.000,9999.000
202606231518,   3.246,   3.709,9999.000,9999.000,9999.000,9999.000,9999.000,9999.000,9999.000
202606231524,   3.216,   3.739,9999.000,9999.000,9999.000,9999.000,9999.000,9999.000,9999.000
202606231530,   3.185,   3.670,9999.000,9999.000,9999.000,9999.000,9999.000,9999.000,9999.000
202606231536,   3.151,   3.637,9999.000,9999.000,9999.000,9999.000,9999.000,9999.000,9999.000
202606231542,   3.116,   3.617,9999.000,9999.000,9999.000,9999.000,9999.000,9999.000,9999.000
202606231548,   3.079,   3.627,9999.000,9999.000,9999.000,9999.000,9999.000,9999.000,9999.000
202606231554,   3.040,   3.558,9999.000,9999.000,9999.000,9999.000,9999.000,9999.000,9999.000
202606231600,   3.000,   3.509,   0.400,   0.109,   3.509,   0.400,   3.509,   0.400,   3.509
202606231606,   2.959,   3.509,9999.000,9999.000,9999.000,9999.000,9999.000,9999.000,9999.000
202606231612,   2.917,   3.480,9999.000,9999.000,9999.000,9999.000,9999.000,9999.000,9999.000
202606231618,   2.873,   3.398,9999.000,9999.000,9999.000,9999.000,9999.000,9999.000,9999.000
202606231624,   2.829,   3.319,9999.000,9999.000,9999.000,9999.000,9999.000,9999.000,9999.000
202606231630,   2.784,   3.299,9999.000,9999.000,9999.000,9999.000,9999.000,9999.000,9999.000
202606231636,   2.738,   3.207,9999.000,9999.000,9999.000,9999.000,9999.000,9999.000,9999.000
202606231642,   2.692,   3.129,9999.000,9999.000,9999.000,9999.000,9999.000,9999.000,9999.000
202606231648,   2.646,   3.138,9999.000,9999.000,9999.000,9999.000,9999.000,9999.000,9999.000
202606231654,   2.600,   3.148,9999.000,9999.000,9999.000,9999.000,9999.000,9999.000,9999.000
202606231700,   2.554,   3.129,   0.300,   0.275,   3.129,   0.300,   3.129,   0.400,   3.229
202606231706,   2.508,   3.030,9999.000,9999.000,9999.000,9999.000,9999.000,9999.000,9999.000
202606231712,   2.462,   2.968,9999.000,9999.000,9999.000,9999.000,9999.000,9999.000,9999.000
202606231718,   2.417,   2.978,9999.000,9999.000,9999.000,9999.000,9999.000,9999.000,9999.000
202606231724,   2.373,   2.919,9999.000,9999.000,9999.000,9999.000,9999.000,9999.000,9999.000
202606231730,   2.330,   2.909,9999.000,9999.000,9999.000,9999.000,9999.000,9999.000,9999.000
202606231736,   2.287,   2.768,9999.000,9999.000,9999.000,9999.000,9999.000,9999.000,9999.000
202606231742,   2.246,   2.679,9999.000,9999.000,9999.000,9999.000,9999.000,9999.000,9999.000
202606231748,   2.207,   2.640,9999.000,9999.000,9999.000,9999.000,9999.000,9999.000,9999.000
202606231754,   2.169,   2.699,9999.000,9999.000,9999.000,9999.000,9999.000,9999.000,9999.000
202606231800,   2.132,   2.709,   0.400,   0.177,   2.709,   0.300,   2.609,   0.400,   2.709
202606231806,   2.098,   2.719,9999.000,9999.000,9999.000,9999.000,9999.000,9999.000,9999.000
202606231812,   2.066,   2.679,9999.000,9999.000,9999.000,9999.000,9999.000,9999.000,9999.000
202606231818,   2.036,   2.597,9999.000,9999.000,9999.000,9999.000,9999.000,9999.000,9999.000
202606231824,   2.008,   2.597,9999.000,9999.000,9999.000,9999.000,9999.000,9999.000,9999.000
202606231830,   1.983,   2.597,9999.000,9999.000,9999.000,9999.000,9999.000,9999.000,9999.000
202606231836,   1.960,   2.597,9999.000,9999.000,9999.000,9999.000,9999.000,9999.000,9999.000
202606231842,   1.940,   2.558,9999.000,9999.000,9999.000,9999.000,9999.000,9999.000,9999.000
202606231848,   1.923,   2.450,9999.000,9999.000,9999.000,9999.000,9999.000,9999.000,9999.000
202606231854,   1.909,   2.377,9999.000,9999.000,9999.000,9999.000,9999.000,9999.000,9999.000
202606231900,   1.898,   2.420,   0.400,   0.122,   2.420,   0.400,   2.420,   0.400,   2.420
202606231906,   1.890,   2.377,9999.000,9999.000,9999.000,9999.000,9999.000,9999.000,9999.000
202606231912,   1.885,   2.440,9999.000,9999.000,9999.000,9999.000,9999.000,9999.000,9999.000
202606231918,   1.884,   2.430,9999.000,9999.000,9999.000,9999.000,9999.000,9999.000,9999.000
202606231924,   1.886,   2.410,9999.000,9999.000,9999.000,9999.000,9999.000,9999.000,9999.000
202606231930,   1.891,   2.400,9999.000,9999.000,9999.000,9999.000,9999.000,9999.000,9999.000
202606231936,   1.900,   2.450,9999.000,9999.000,9999.000,9999.000,9999.000,9999.000,9999.000
202606231942,   1.912,   2.459,9999.000,9999.000,9999.000,9999.000,9999.000,9999.000,9999.000
202606231948,   1.928,   2.469,9999.000,9999.000,9999.000,9999.000,9999.000,9999.000,9999.000
202606231954,   1.947,   2.450,9999.000,9999.000,9999.000,9999.000,9999.000,9999.000,9999.000
202606232000,   1.970,   2.469,   0.400,   0.099,   2.469,   0.400,   2.469,   0.400,   2.469
202606232006,   1.996,   2.528,9999.000,9999.000,9999.000,9999.000,9999.000,9999.000,9999.000
202606232012,   2.026,   2.578,9999.000,9999.000,9999.000,9999.000,9999.000,9999.000,9999.000
202606232018,   2.060,   2.578,9999.000,9999.000,9999.000,9999.000,9999.000,9999.000,9999.000
202606232024,   2.096,   2.578,9999.000,9999.000,9999.000,9999.000,9999.000,9999.000,9999.000
202606232030,   2.136,   2.669,9999.000,9999.000,9999.000,9999.000,9999.000,9999.000,9999.000
202606232036,   2.180,   2.768,9999.000,9999.000,9999.000,9999.000,9999.000,9999.000,9999.000
202606232042,   2.227,   2.840,9999.000,9999.000,9999.000,9999.000,9999.000,9999.000,9999.000
202606232048,   2.277,   2.860,9999.000,9999.000,9999.000,9999.000,9999.000,9999.000,9999.000
202606232054,   2.330,   2.850,9999.000,9999.000,9999.000,9999.000,9999.000,9999.000,9999.000
202606232100,   2.386,   2.899,   0.300,   0.213,   2.899,   0.300,   2.899,   0.400,   2.999
202606232106,   2.446,   2.997,9999.000,9999.000,9999.000,9999.000,9999.000,9999.000,9999.000
202606232112,   2.508,   3.050,9999.000,9999.000,9999.000,9999.000,9999.000,9999.000,9999.000
202606232118,   2.573,   3.119,9999.000,9999.000,9999.000,9999.000,9999.000,9999.000,9999.000
202606232124,   2.640,   3.178,9999.000,9999.000,9999.000,9999.000,9999.000,9999.000,9999.000
202606232130,   2.711,   3.148,9999.000,9999.000,9999.000,9999.000,9999.000,9999.000,9999.000
202606232136,   2.784,   3.250,9999.000,9999.000,9999.000,9999.000,9999.000,9999.000,9999.000
202606232142,   2.859,   3.339,9999.000,9999.000,9999.000,9999.000,9999.000,9999.000,9999.000
202606232148,   2.936,   3.417,9999.000,9999.000,9999.000,9999.000,9999.000,9999.000,9999.000
202606232154,   3.015,   3.519,9999.000,9999.000,9999.000,9999.000,9999.000,9999.000,9999.000
202606232200,   3.097,   3.588,   0.300,   0.191,   3.588,   0.300,   3.588,   0.400,   3.688
202606232206,   3.180,   3.670,9999.000,9999.000,9999.000,9999.000,9999.000,9999.000,9999.000
202606232212,   3.264,   3.778,9999.000,9999.000,9999.000,9999.000,9999.000,9999.000,9999.000
202606232218,   3.350,   3.929,9999.000,9999.000,9999.000,9999.000,9999.000,9999.000,9999.000
202606232224,   3.437,   3.949,9999.000,9999.000,9999.000,9999.000,9999.000,9999.000,9999.000
202606232230,   3.526,   4.047,9999.000,9999.000,9999.000,9999.000,9999.000,9999.000,9999.000
202606232236,   3.615,   4.090,9999.000,9999.000,9999.000,9999.000,9999.000,9999.000,9999.000
202606232242,   3.705,   4.149,9999.000,9999.000,9999.000,9999.000,9999.000,9999.000,9999.000
202606232248,   3.795,   4.300,9999.000,9999.000,9999.000,9999.000,9999.000,9999.000,9999.000
202606232254,   3.885,   4.359,9999.000,9999.000,9999.000,9999.000,9999.000,9999.000,9999.000
202606232300,   3.976,   4.467,   0.400,   0.091,   4.467,   0.300,   4.367,   0.400,   4.467
202606232306,   4.066,   4.467,9999.000,9999.000,9999.000,9999.000,9999.000,9999.000,9999.000
202606232312,   4.156,   4.549,9999.000,9999.000,9999.000,9999.000,9999.000,9999.000,9999.000
202606232318,   4.246,   4.647,9999.000,9999.000,9999.000,9999.000,9999.000,9999.000,9999.000
202606232324,   4.334,   4.818,9999.000,9999.000,9999.000,9999.000,9999.000,9999.000,9999.000
202606232330,   4.422,   4.910,9999.000,9999.000,9999.000,9999.000,9999.000,9999.000,9999.000
202606232336,   4.508,   4.959,9999.000,9999.000,9999.000,9999.000,9999.000,9999.000,9999.000
202606232342,   4.593,   5.038,9999.000,9999.000,9999.000,9999.000,9999.000,9999.000,9999.000
202606232348,   4.676,   5.179,9999.000,9999.000,9999.000,9999.000,9999.000,9999.000,9999.000
202606232354,   4.758,   5.179,9999.000,9999.000,9999.000,9999.000,9999.000,9999.000,9999.000
202606240000,   4.837,   5.198,   0.400,  -0.039,   5.198,   0.400,   5.198,   0.500,   5.298
202606240006,   4.914,   5.297,9999.000,9999.000,9999.000,9999.000,9999.000,9999.000,9999.000
202606240012,   4.989,   5.428,9999.000,9999.000,9999.000,9999.000,9999.000,9999.000,9999.000
202606240018,   5.060,   5.530,9999.000,9999.000,9999.000,9999.000,9999.000,9999.000,9999.000
202606240024,   5.129,   5.608,9999.000,9999.000,9999.000,9999.000,9999.000,9999.000,9999.000
202606240030,   5.195,   5.569,9999.000,9999.000,9999.000,9999.000,9999.000,9999.000,9999.000
202606240036,   5.258,   5.697,9999.000,9999.000,9999.000,9999.000,9999.000,9999.000,9999.000
202606240042,   5.318,   5.789,9999.000,9999.000,9999.000,9999.000,9999.000,9999.000,9999.000
202606240048,   5.374,   5.848,9999.000,9999.000,9999.000,9999.000,9999.000,9999.000,9999.000
202606240054,   5.426,   5.959,9999.000,9999.000,9999.000,9999.000,9999.000,9999.000,9999.000
202606240100,   5.474,   5.940,   0.400,   0.066,   5.940,   0.400,   5.940,   0.400,   5.940
202606240106,   5.519,   5.887,9999.000,9999.000,9999.000,9999.000,9999.000,9999.000,9999.000
202606240112,   5.559,   5.917,9999.000,9999.000,9999.000,9999.000,9999.000,9999.000,9999.000
202606240118,   5.596,   5.979,9999.000,9999.000,9999.000,9999.000,9999.000,9999.000,9999.000
202606240124,   5.628,   5.979,9999.000,9999.000,9999.000,9999.000,9999.000,9999.000,9999.000
202606240130,   5.656,   6.008,9999.000,9999.000,9999.000,9999.000,9999.000,9999.000,9999.000
202606240136,   5.680,   6.018,9999.000,9999.000,9999.000,9999.000,9999.000,9999.000,9999.000
202606240142,   5.699,   6.097,9999.000,9999.000,9999.000,9999.000,9999.000,9999.000,9999.000
202606240148,   5.713,   6.117,9999.000,9999.000,9999.000,9999.000,9999.000,9999.000,9999.000
202606240154,   5.723,   6.169,9999.000,9999.000,9999.000,9999.000,9999.000,9999.000,9999.000
202606240200,   5.729,   6.136,   0.400,   0.007,   6.136,   0.400,   6.136,   0.500,   6.236
202606240206,   5.730,   6.127,9999.000,9999.000,9999.000,9999.000,9999.000,9999.000,9999.000
202606240212,   5.726,   6.136,9999.000,9999.000,9999.000,9999.000,9999.000,9999.000,9999.000
202606240218,   5.718,   6.097,9999.000,9999.000,9999.000,9999.000,9999.000,9999.000,9999.000
202606240224,   5.705,   6.149,9999.000,9999.000,9999.000,9999.000,9999.000,9999.000,9999.000
202606240230,   5.688,   6.159,9999.000,9999.000,9999.000,9999.000,9999.000,9999.000,9999.000
202606240236,   5.666,   6.087,9999.000,9999.000,9999.000,9999.000,9999.000,9999.000,9999.000
202606240242,   5.639,   6.028,9999.000,9999.000,9999.000,9999.000,9999.000,9999.000,9999.000
202606240248,   5.608,   6.008,9999.000,9999.000,9999.000,9999.000,9999.000,9999.000,9999.000
202606240254,   5.572,   6.018,9999.000,9999.000,9999.000,9999.000,9999.000,9999.000,9999.000
202606240300,   5.532,   6.048,   0.500,   0.016,   6.048,   0.400,   5.948,   0.500,   6.048
202606240306,   5.488,   5.999,9999.000,9999.000,9999.000,9999.000,9999.000,9999.000,9999.000
202606240312,   5.439,   5.949,9999.000,9999.000,9999.000,9999.000,9999.000,9999.000,9999.000
202606240318,   5.387,   5.818,9999.000,9999.000,9999.000,9999.000,9999.000,9999.000,9999.000
202606240324,   5.330,   5.717,9999.000,9999.000,9999.000,9999.000,9999.000,9999.000,9999.000
202606240330,   5.269,   5.579,9999.000,9999.000,9999.000,9999.000,9999.000,9999.000,9999.000
202606240336,   5.204,   5.559,9999.000,9999.000,9999.000,9999.000,9999.000,9999.000,9999.000
202606240342,   5.135,   5.530,9999.000,9999.000,9999.000,9999.000,9999.000,9999.000,9999.000
202606240348,   5.063,   5.497,9999.000,9999.000,9999.000,9999.000,9999.000,9999.000,9999.000
202606240354,   4.987,   5.438,9999.000,9999.000,9999.000,9999.000,9999.000,9999.000,9999.000
202606240400,   4.907,   5.339,   0.400,   0.032,   5.339,   0.400,   5.339,   0.500,   5.439
202606240406,   4.824,   5.247,9999.000,9999.000,9999.000,9999.000,9999.000,9999.000,9999.000
202606240412,   4.738,   5.159,9999.000,9999.000,9999.000,9999.000,9999.000,9999.000,9999.000
202606240418,   4.649,   5.097,9999.000,9999.000,9999.000,9999.000,9999.000,9999.000,9999.000
202606240424,   4.557,   5.077,9999.000,9999.000,9999.000,9999.000,9999.000,9999.000,9999.000
202606240430,   4.463,   4.919,9999.000,9999.000,9999.000,9999.000,9999.000,9999.000,9999.000
202606240436,   4.365,   4.808,9999.000,9999.000,9999.000,9999.000,9999.000,9999.000,9999.000
202606240442,   4.266,   4.677,9999.000,9999.000,9999.000,9999.000,9999.000,9999.000,9999.000
202606240448,   4.164,   4.618,9999.000,9999.000,9999.000,9999.000,9999.000,9999.000,9999.000
202606240454,   4.061,   4.519,9999.000,9999.000,9999.000,9999.000,9999.000,9999.000,9999.000
202606240500,   3.955,   4.437,   0.400,   0.082,   4.437,   0.400,   4.437,   0.400,   4.437
202606240506,   3.848,   4.388,9999.000,9999.000,9999.000,9999.000,9999.000,9999.000,9999.000
202606240512,   3.740,   4.349,9999.000,9999.000,9999.000,9999.000,9999.000,9999.000,9999.000
202606240518,   3.630,   4.119,9999.000,9999.000,9999.000,9999.000,9999.000,9999.000,9999.000
202606240524,   3.520,   3.978,9999.000,9999.000,9999.000,9999.000,9999.000,9999.000,9999.000
202606240530,   3.409,   3.899,9999.000,9999.000,9999.000,9999.000,9999.000,9999.000,9999.000
202606240536,   3.297,   3.788,9999.000,9999.000,9999.000,9999.000,9999.000,9999.000,9999.000
202606240542,   3.185,   3.660,9999.000,9999.000,9999.000,9999.000,9999.000,9999.000,9999.000
202606240548,   3.074,   3.489,9999.000,9999.000,9999.000,9999.000,9999.000,9999.000,9999.000
202606240554,   2.962,   3.440,9999.000,9999.000,9999.000,9999.000,9999.000,9999.000,9999.000
202606240600,   2.851,   3.378,   0.400,   0.127,   3.378,   0.400,   3.378,   0.500,   3.478
202606240606,   2.740,   3.270,9999.000,9999.000,9999.000,9999.000,9999.000,9999.000,9999.000
202606240612,   2.630,   3.178,9999.000,9999.000,9999.000,9999.000,9999.000,9999.000,9999.000
202606240618,   2.522,   3.109,9999.000,9999.000,9999.000,9999.000,9999.000,9999.000,9999.000
202606240624,   2.415,   2.997,9999.000,9999.000,9999.000,9999.000,9999.000,9999.000,9999.000
202606240630,   2.309,   2.850,9999.000,9999.000,9999.000,9999.000,9999.000,9999.000,9999.000
202606240636,   2.205,   2.699,9999.000,9999.000,9999.000,9999.000,9999.000,9999.000,9999.000
202606240642,   2.103,   2.620,9999.000,9999.000,9999.000,9999.000,9999.000,9999.000,9999.000
202606240648,   2.003,   2.489,9999.000,9999.000,9999.000,9999.000,9999.000,9999.000,9999.000
202606240654,   1.905,   2.358,9999.000,9999.000,9999.000,9999.000,9999.000,9999.000,9999.000
202606240700,   1.810,   2.269,   0.500,  -0.041,   2.269,   0.500,   2.269,   0.500,   2.269
202606240706,   1.718,   2.200,9999.000,9999.000,9999.000,9999.000,9999.000,9999.000,9999.000
202606240712,   1.628,   2.079,9999.000,9999.000,9999.000,9999.000,9999.000,9999.000,9999.000
202606240718,   1.541,   2.059,9999.000,9999.000,9999.000,9999.000,9999.000,9999.000,9999.000
202606240724,   1.458,   2.030,9999.000,9999.000,9999.000,9999.000,9999.000,9999.000,9999.000
202606240730,   1.378,   1.948,9999.000,9999.000,9999.000,9999.000,9999.000,9999.000,9999.000
202606240736,   1.301,   1.869,9999.000,9999.000,9999.000,9999.000,9999.000,9999.000,9999.000
202606240742,   1.228,   1.767,9999.000,9999.000,9999.000,9999.000,9999.000,9999.000,9999.000
202606240748,   1.158,   1.699,9999.000,9999.000,9999.000,9999.000,9999.000,9999.000,9999.000
202606240754,   1.092,   1.659,9999.000,9999.000,9999.000,9999.000,9999.000,9999.000,9999.000
202606240800,   1.030,   1.630,   0.500,   0.100,   1.630,   0.500,   1.630,   0.500,   1.630
202606240806,   0.972,   1.557,9999.000,9999.000,9999.000,9999.000,9999.000,9999.000,9999.000
202606240812,   0.918,   1.518,9999.000,9999.000,9999.000,9999.000,9999.000,9999.000,9999.000
202606240818,   0.868,   1.439,9999.000,9999.000,9999.000,9999.000,9999.000,9999.000,9999.000
202606240824,   0.823,   1.348,9999.000,9999.000,9999.000,9999.000,9999.000,9999.000,9999.000
202606240830,   0.781,   1.318,9999.000,9999.000,9999.000,9999.000,9999.000,9999.000,9999.000
202606240836,   0.744,   1.318,9999.000,9999.000,9999.000,9999.000,9999.000,9999.000,9999.000
202606240842,   0.711,   1.259,9999.000,9999.000,9999.000,9999.000,9999.000,9999.000,9999.000
202606240848,   0.682,   1.200,9999.000,9999.000,9999.000,9999.000,9999.000,9999.000,9999.000
202606240854,   0.658,   1.151,9999.000,9999.000,9999.000,9999.000,9999.000,9999.000,9999.000
202606240900,   0.638,   1.138,   0.500,   0.000,   1.138,   0.400,   1.038,   0.600,   1.238
202606240906,   0.622,   1.128,9999.000,9999.000,9999.000,9999.000,9999.000,9999.000,9999.000
202606240912,   0.611,   1.088,9999.000,9999.000,9999.000,9999.000,9999.000,9999.000,9999.000
202606240918,   0.604,   1.108,9999.000,9999.000,9999.000,9999.000,9999.000,9999.000,9999.000
202606240924,   0.601,   1.079,9999.000,9999.000,9999.000,9999.000,9999.000,9999.000,9999.000
202606240930,   0.603,   1.170,9999.000,9999.000,9999.000,9999.000,9999.000,9999.000,9999.000
202606240936,   0.609,   1.190,9999.000,9999.000,9999.000,9999.000,9999.000,9999.000,9999.000
202606240942,   0.619,   1.220,9999.000,9999.000,9999.000,9999.000,9999.000,9999.000,9999.000
202606240948,   0.633,   1.239,9999.000,9999.000,9999.000,9999.000,9999.000,9999.000,9999.000
202606240954,   0.651,   1.318,9999.000,9999.000,9999.000,9999.000,9999.000,9999.000,9999.000
202606241000,   0.672,   1.308,   0.500,   0.136,   1.308,   0.400,   1.208,   0.500,   1.308
202606241006,   0.698,   1.259,9999.000,9999.000,9999.000,9999.000,9999.000,9999.000,9999.000
202606241012,   0.727,   1.298,9999.000,9999.000,9999.000,9999.000,9999.000,9999.000,9999.000
202606241018,   0.760,   1.390,9999.000,9999.000,9999.000,9999.000,9999.000,9999.000,9999.000
202606241024,   0.797,   1.420,9999.000,9999.000,9999.000,9999.000,9999.000,9999.000,9999.000
202606241030,   0.837,   1.430,9999.000,9999.000,9999.000,9999.000,9999.000,9999.000,9999.000
202606241036,   0.880,   1.430,9999.000,9999.000,9999.000,9999.000,9999.000,9999.000,9999.000
202606241042,   0.926,   1.498,9999.000,9999.000,9999.000,9999.000,9999.000,9999.000,9999.000
202606241048,   0.975,   1.538,9999.000,9999.000,9999.000,9999.000,9999.000,9999.000,9999.000
202606241054,   1.027,   1.548,9999.000,9999.000,9999.000,9999.000,9999.000,9999.000,9999.000
202606241100,   1.081,   1.571,   0.600,  -0.110,   1.571,   0.500,   1.471,   0.600,   1.571
202606241106,   1.138,   1.699,9999.000,9999.000,9999.000,9999.000,9999.000,9999.000,9999.000
202606241112,   1.197,   1.790,9999.000,9999.000,9999.000,9999.000,9999.000,9999.000,9999.000
202606241118,   1.258,   1.830,9999.000,9999.000,9999.000,9999.000,9999.000,9999.000,9999.000
202606241124,   1.321,   1.899,9999.000,9999.000,9999.000,9999.000,9999.000,9999.000,9999.000
202606241130,   1.386,   1.967,9999.000,9999.000,9999.000,9999.000,9999.000,9999.000,9999.000
202606241136,   1.452,   2.089,9999.000,9999.000,9999.000,9999.000,9999.000,9999.000,9999.000
202606241142,   1.520,   2.158,9999.000,9999.000,9999.000,9999.000,9999.000,9999.000,9999.000
202606241148,   1.588,   2.230,9999.000,9999.000,9999.000,9999.000,9999.000,9999.000,9999.000
202606241154,   1.657,   2.240,9999.000,9999.000,9999.000,9999.000,9999.000,9999.000,9999.000
202606241200,   1.727,   2.328,   0.500,   0.101,   2.328,   0.400,   2.228,   0.500,   2.328
202606241206,   1.798,   2.368,9999.000,9999.000,9999.000,9999.000,9999.000,9999.000,9999.000
202606241212,   1.869,   2.450,9999.000,9999.000,9999.000,9999.000,9999.000,9999.000,9999.000
202606241218,   1.939,   2.509,9999.000,9999.000,9999.000,9999.000,9999.000,9999.000,9999.000
202606241224,   2.010,   2.630,9999.000,9999.000,9999.000,9999.000,9999.000,9999.000,9999.000
202606241230,   2.080,   2.679,9999.000,9999.000,9999.000,9999.000,9999.000,9999.000,9999.000
202606241236,   2.150,   2.738,9999.000,9999.000,9999.000,9999.000,9999.000,9999.000,9999.000
202606241242,   2.220,   2.768,9999.000,9999.000,9999.000,9999.000,9999.000,9999.000,9999.000
202606241248,   2.288,   2.869,9999.000,9999.000,9999.000,9999.000,9999.000,9999.000,9999.000
202606241254,   2.356,   2.988,9999.000,9999.000,9999.000,9999.000,9999.000,9999.000,9999.000
202606241300,   2.422,   2.988,   0.400,   0.166,   2.988,   0.400,   2.988,   0.500,   3.088
202606241306,   2.487,   3.040,9999.000,9999.000,9999.000,9999.000,9999.000,9999.000,9999.000
202606241312,   2.550,   3.119,9999.000,9999.000,9999.000,9999.000,9999.000,9999.000,9999.000
202606241318,   2.612,   3.168,9999.000,9999.000,9999.000,9999.000,9999.000,9999.000,9999.000
202606241324,   2.673,   3.230,9999.000,9999.000,9999.000,9999.000,9999.000,9999.000,9999.000
202606241330,   2.731,   3.250,9999.000,9999.000,9999.000,9999.000,9999.000,9999.000,9999.000
202606241336,   2.788,   3.348,9999.000,9999.000,9999.000,9999.000,9999.000,9999.000,9999.000
202606241342,   2.842,   3.440,9999.000,9999.000,9999.000,9999.000,9999.000,9999.000,9999.000
202606241348,   2.894,   3.450,9999.000,9999.000,9999.000,9999.000,9999.000,9999.000,9999.000
202606241354,   2.944,   3.450,9999.000,9999.000,9999.000,9999.000,9999.000,9999.000,9999.000
202606241400,   2.992,   3.548,   0.400,   0.156,   3.548,   0.400,   3.548,   0.500,   3.648
202606241406,   3.037,   3.607,9999.000,9999.000,9999.000,9999.000,9999.000,9999.000,9999.000
202606241412,   3.080,   3.660,9999.000,9999.000,9999.000,9999.000,9999.000,9999.000,9999.000
202606241418,   3.120,   3.670,9999.000,9999.000,9999.000,9999.000,9999.000,9999.000,9999.000
202606241424,   3.158,   3.699,9999.000,9999.000,9999.000,9999.000,9999.000,9999.000,9999.000
202606241430,   3.193,   3.778,9999.000,9999.000,9999.000,9999.000,9999.000,9999.000,9999.000
202606241436,   3.226,   3.817,9999.000,9999.000,9999.000,9999.000,9999.000,9999.000,9999.000
202606241442,   3.255,   3.798,9999.000,9999.000,9999.000,9999.000,9999.000,9999.000,9999.000
202606241448,   3.282,   3.827,9999.000,9999.000,9999.000,9999.000,9999.000,9999.000,9999.000
202606241454,   3.307,   3.880,9999.000,9999.000,9999.000,9999.000,9999.000,9999.000,9999.000
202606241500,   3.328,   3.890,   0.400,   0.162,   3.890,   0.400,   3.890,   0.500,   3.990
202606241506,   3.347,   3.847,9999.000,9999.000,9999.000,9999.000,9999.000,9999.000,9999.000
202606241512,   3.363,   3.870,9999.000,9999.000,9999.000,9999.000,9999.000,9999.000,9999.000
202606241518,   3.376,   3.958,9999.000,9999.000,9999.000,9999.000,9999.000,9999.000,9999.000
202606241524,   3.386,   4.037,9999.000,9999.000,9999.000,9999.000,9999.000,9999.000,9999.000
202606241530,   3.393,   4.017,9999.000,9999.000,9999.000,9999.000,9999.000,9999.000,9999.000
202606241536,   3.398,   4.017,9999.000,9999.000,9999.000,9999.000,9999.000,9999.000,9999.000
202606241542,   3.400,   3.958,9999.000,9999.000,9999.000,9999.000,9999.000,9999.000,9999.000
202606241548,   3.400,   3.949,9999.000,9999.000,9999.000,9999.000,9999.000,9999.000,9999.000
202606241554,   3.397,   3.939,9999.000,9999.000,9999.000,9999.000,9999.000,9999.000,9999.000
202606241600,   3.391,   3.890,   0.500,  -0.001,   3.890,   0.400,   3.790,   0.500,   3.890
202606241606,   3.383,   3.890,9999.000,9999.000,9999.000,9999.000,9999.000,9999.000,9999.000
202606241612,   3.372,   3.968,9999.000,9999.000,9999.000,9999.000,9999.000,9999.000,9999.000
202606241618,   3.359,   3.998,9999.000,9999.000,9999.000,9999.000,9999.000,9999.000,9999.000
202606241624,   3.344,   3.998,9999.000,9999.000,9999.000,9999.000,9999.000,9999.000,9999.000
202606241630,   3.327,   3.949,9999.000,9999.000,9999.000,9999.000,9999.000,9999.000,9999.000
202606241636,   3.307,   3.968,9999.000,9999.000,9999.000,9999.000,9999.000,9999.000,9999.000
202606241642,   3.286,   3.847,9999.000,9999.000,9999.000,9999.000,9999.000,9999.000,9999.000
202606241648,   3.262,   3.827,9999.000,9999.000,9999.000,9999.000,9999.000,9999.000,9999.000
202606241654,   3.237,   3.808,9999.000,9999.000,9999.000,9999.000,9999.000,9999.000,9999.000
202606241700,   3.211,   3.798,   0.400,   0.187,   3.798,   0.400,   3.798,   0.500,   3.898
202606241706,   3.183,   3.749,9999.000,9999.000,9999.000,9999.000,9999.000,9999.000,9999.000
202606241712,   3.153,   3.689,9999.000,9999.000,9999.000,9999.000,9999.000,9999.000,9999.000
202606241718,   3.123,   3.650,9999.000,9999.000,9999.000,9999.000,9999.000,9999.000,9999.000
202606241724,   3.091,   3.627,9999.000,9999.000,9999.000,9999.000,9999.000,9999.000,9999.000
202606241730,   3.059,9999.000,9999.000,9999.000,9999.000,9999.000,9999.000,9999.000,9999.000
202606241736,   3.026,   3.627,9999.000,9999.000,9999.000,9999.000,9999.000,9999.000,9999.000
202606241742,   2.992,   3.578,9999.000,9999.000,9999.000,9999.000,9999.000,9999.000,9999.000
202606241748,   2.958,   3.539,9999.000,9999.000,9999.000,9999.000,9999.000,9999.000,9999.000
202606241754,   2.924,   3.539,9999.000,9999.000,9999.000,9999.000,9999.000,9999.000,9999.000
202606241800,   2.889,   3.539,   0.400,   0.250,   3.539,   0.300,   3.439,   0.400,   3.539
202606241806,   2.855,   3.460,9999.000,9999.000,9999.000,9999.000,9999.000,9999.000,9999.000
202606241812,   2.821,   3.348,9999.000,9999.000,9999.000,9999.000,9999.000,9999.000,9999.000
202606241818,   2.788,   3.378,9999.000,9999.000,9999.000,9999.000,9999.000,9999.000,9999.000
202606241824,   2.755,   3.398,9999.000,9999.000,9999.000,9999.000,9999.000,9999.000,9999.000
202606241830,   2.723,   3.358,9999.000,9999.000,9999.000,9999.000,9999.000,9999.000,9999.000
202606241836,   2.692,   3.329,9999.000,9999.000,9999.000,9999.000,9999.000,9999.000,9999.000
202606241842,   2.662,   3.289,9999.000,9999.000,9999.000,9999.000,9999.000,9999.000,9999.000
202606241848,   2.633,   3.279,9999.000,9999.000,9999.000,9999.000,9999.000,9999.000,9999.000
202606241854,   2.606,   3.230,9999.000,9999.000,9999.000,9999.000,9999.000,9999.000,9999.000
202606241900,   2.580,   3.129,   0.400,   0.149,   3.129,   0.400,   3.129,   0.400,   3.129
202606241906,   2.556,   3.099,9999.000,9999.000,9999.000,9999.000,9999.000,9999.000,9999.000
202606241912,   2.534,   3.138,9999.000,9999.000,9999.000,9999.000,9999.000,9999.000,9999.000
202606241918,   2.513,   3.079,9999.000,9999.000,9999.000,9999.000,9999.000,9999.000,9999.000
202606241924,   2.495,   3.070,9999.000,9999.000,9999.000,9999.000,9999.000,9999.000,9999.000
202606241930,   2.479,   3.017,9999.000,9999.000,9999.000,9999.000,9999.000,9999.000,9999.000
202606241936,   2.465,   3.060,9999.000,9999.000,9999.000,9999.000,9999.000,9999.000,9999.000
202606241942,   2.454,   3.060,9999.000,9999.000,9999.000,9999.000,9999.000,9999.000,9999.000
202606241948,   2.445,   3.070,9999.000,9999.000,9999.000,9999.000,9999.000,9999.000,9999.000
202606241954,   2.438,   2.988,9999.000,9999.000,9999.000,9999.000,9999.000,9999.000,9999.000
202606242000,   2.435,   3.060,   0.500,   0.125,   3.060,   0.400,   2.960,   0.500,   3.060
202606242006,   2.434,   3.017,9999.000,9999.000,9999.000,9999.000,9999.000,9999.000,9999.000
202606242012,   2.436,   2.978,9999.000,9999.000,9999.000,9999.000,9999.000,9999.000,9999.000
202606242018,   2.440,   3.007,9999.000,9999.000,9999.000,9999.000,9999.000,9999.000,9999.000
202606242024,   2.448,   3.040,9999.000,9999.000,9999.000,9999.000,9999.000,9999.000,9999.000
202606242030,   2.458,   3.070,9999.000,9999.000,9999.000,9999.000,9999.000,9999.000,9999.000
202606242036,   2.472,   3.079,9999.000,9999.000,9999.000,9999.000,9999.000,9999.000,9999.000
202606242042,   2.489,   3.099,9999.000,9999.000,9999.000,9999.000,9999.000,9999.000,9999.000
202606242048,   2.508,   3.079,9999.000,9999.000,9999.000,9999.000,9999.000,9999.000,9999.000
202606242054,   2.531,   3.138,9999.000,9999.000,9999.000,9999.000,9999.000,9999.000,9999.000
202606242100,   2.557,   3.158,   0.400,   0.201,   3.158,   0.300,   3.058,   0.400,   3.158
202606242106,   2.586,   3.158,9999.000,9999.000,9999.000,9999.000,9999.000,9999.000,9999.000
202606242112,   2.618,   3.148,9999.000,9999.000,9999.000,9999.000,9999.000,9999.000,9999.000
202606242118,   2.653,   3.270,9999.000,9999.000,9999.000,9999.000,9999.000,9999.000,9999.000
202606242124,   2.691,   3.289,9999.000,9999.000,9999.000,9999.000,9999.000,9999.000,9999.000
202606242130,   2.733,   3.250,9999.000,9999.000,9999.000,9999.000,9999.000,9999.000,9999.000
202606242136,   2.777,   3.260,9999.000,9999.000,9999.000,9999.000,9999.000,9999.000,9999.000
202606242142,   2.824,   3.388,9999.000,9999.000,9999.000,9999.000,9999.000,9999.000,9999.000
202606242148,   2.874,   3.450,9999.000,9999.000,9999.000,9999.000,9999.000,9999.000,9999.000
202606242154,   2.927,   3.427,9999.000,9999.000,9999.000,9999.000,9999.000,9999.000,9999.000
202606242200,   2.982,   3.489,   0.400,   0.107,   3.489,   0.400,   3.489,   0.400,   3.489
202606242206,   3.040,   3.607,9999.000,9999.000,9999.000,9999.000,9999.000,9999.000,9999.000
202606242212,   3.101,   3.650,9999.000,9999.000,9999.000,9999.000,9999.000,9999.000,9999.000
202606242218,   3.165,   3.660,9999.000,9999.000,9999.000,9999.000,9999.000,9999.000,9999.000
202606242224,   3.230,   3.670,9999.000,9999.000,9999.000,9999.000,9999.000,9999.000,9999.000
202606242230,   3.298,   3.788,9999.000,9999.000,9999.000,9999.000,9999.000,9999.000,9999.000
202606242236,   3.368,   3.870,9999.000,9999.000,9999.000,9999.000,9999.000,9999.000,9999.000
202606242242,   3.440,   3.890,9999.000,9999.000,9999.000,9999.000,9999.000,9999.000,9999.000
202606242248,   3.514,   3.958,9999.000,9999.000,9999.000,9999.000,9999.000,9999.000,9999.000
202606242254,   3.589,   4.057,9999.000,9999.000,9999.000,9999.000,9999.000,9999.000,9999.000
202606242300,   3.666,   4.188,   0.500,   0.022,   4.188,   0.400,   4.088,   0.500,   4.188
202606242306,   3.744,   4.290,9999.000,9999.000,9999.000,9999.000,9999.000,9999.000,9999.000
202606242312,   3.823,   4.359,9999.000,9999.000,9999.000,9999.000,9999.000,9999.000,9999.000
202606242318,   3.904,   4.359,9999.000,9999.000,9999.000,9999.000,9999.000,9999.000,9999.000
202606242324,   3.985,   4.490,9999.000,9999.000,9999.000,9999.000,9999.000,9999.000,9999.000
202606242330,   4.066,   4.637,9999.000,9999.000,9999.000,9999.000,9999.000,9999.000,9999.000
202606242336,   4.148,   4.700,9999.000,9999.000,9999.000,9999.000,9999.000,9999.000,9999.000
202606242342,   4.230,   4.788,9999.000,9999.000,9999.000,9999.000,9999.000,9999.000,9999.000
202606242348,   4.313,   4.798,9999.000,9999.000,9999.000,9999.000,9999.000,9999.000,9999.000
202606242354,   4.394,   4.808,9999.000,9999.000,9999.000,9999.000,9999.000,9999.000,9999.000
202606250000,   4.476,   4.929,   0.500,  -0.047,   4.929,   0.500,   4.929,   0.500,   4.929
202606250006,   4.557,   4.969,9999.000,9999.000,9999.000,9999.000,9999.000,9999.000,9999.000
202606250012,   4.637,   5.018,9999.000,9999.000,9999.000,9999.000,9999.000,9999.000,9999.000
202606250018,   4.715,   5.169,9999.000,9999.000,9999.000,9999.000,9999.000,9999.000,9999.000
202606250024,   4.793,   5.277,9999.000,9999.000,9999.000,9999.000,9999.000,9999.000,9999.000
202606250030,   4.869,   5.307,9999.000,9999.000,9999.000,9999.000,9999.000,9999.000,9999.000
202606250036,   4.943,   5.379,9999.000,9999.000,9999.000,9999.000,9999.000,9999.000,9999.000
202606250042,   5.016,   5.428,9999.000,9999.000,9999.000,9999.000,9999.000,9999.000,9999.000
202606250048,   5.086,   5.477,9999.000,9999.000,9999.000,9999.000,9999.000,9999.000,9999.000
202606250054,   5.154,   5.549,9999.000,9999.000,9999.000,9999.000,9999.000,9999.000,9999.000
202606250100,   5.220,   5.648,   0.400,   0.028,   5.648,   0.400,   5.648,   0.500,   5.748
202606250106,   5.283,   5.707,9999.000,9999.000,9999.000,9999.000,9999.000,9999.000,9999.000
202606250112,   5.343,   5.818,9999.000,9999.000,9999.000,9999.000,9999.000,9999.000,9999.000
202606250118,   5.400,   5.818,9999.000,9999.000,9999.000,9999.000,9999.000,9999.000,9999.000
202606250124,   5.454,   5.887,9999.000,9999.000,9999.000,9999.000,9999.000,9999.000,9999.000
202606250130,   5.505,   5.979,9999.000,9999.000,9999.000,9999.000,9999.000,9999.000,9999.000
202606250136,   5.553,   6.018,9999.000,9999.000,9999.000,9999.000,9999.000,9999.000,9999.000
202606250142,   5.597,   6.067,9999.000,9999.000,9999.000,9999.000,9999.000,9999.000,9999.000
202606250148,   5.637,   6.159,9999.000,9999.000,9999.000,9999.000,9999.000,9999.000,9999.000
202606250154,   5.673,   6.179,9999.000,9999.000,9999.000,9999.000,9999.000,9999.000,9999.000
202606250200,   5.706,   6.199,   0.500,  -0.007,   6.199,   0.400,   6.099,   0.500,   6.199
202606250206,   5.735,   6.189,9999.000,9999.000,9999.000,9999.000,9999.000,9999.000,9999.000
202606250212,   5.759,   6.107,9999.000,9999.000,9999.000,9999.000,9999.000,9999.000,9999.000
202606250218,   5.780,   6.199,9999.000,9999.000,9999.000,9999.000,9999.000,9999.000,9999.000
202606250224,   5.796,   6.268,9999.000,9999.000,9999.000,9999.000,9999.000,9999.000,9999.000
202606250230,   5.808,   6.218,9999.000,9999.000,9999.000,9999.000,9999.000,9999.000,9999.000
202606250236,   5.815,   6.248,9999.000,9999.000,9999.000,9999.000,9999.000,9999.000,9999.000
202606250242,   5.818,   6.268,9999.000,9999.000,9999.000,9999.000,9999.000,9999.000,9999.000
202606250248,   5.816,   6.268,9999.000,9999.000,9999.000,9999.000,9999.000,9999.000,9999.000
202606250254,   5.810,   6.248,9999.000,9999.000,9999.000,9999.000,9999.000,9999.000,9999.000
202606250300,   5.800,   6.268,   0.500,  -0.032,   6.268,   0.500,   6.268,   0.600,   6.368
202606250306,   5.784,   6.228,9999.000,9999.000,9999.000,9999.000,9999.000,9999.000,9999.000
202606250312,   5.765,   6.258,9999.000,9999.000,9999.000,9999.000,9999.000,9999.000,9999.000
202606250318,   5.740,   6.189,9999.000,9999.000,9999.000,9999.000,9999.000,9999.000,9999.000
202606250324,   5.711,   6.189,9999.000,9999.000,9999.000,9999.000,9999.000,9999.000,9999.000
202606250330,   5.677,   6.179,9999.000,9999.000,9999.000,9999.000,9999.000,9999.000,9999.000
202606250336,   5.639,   6.107,9999.000,9999.000,9999.000,9999.000,9999.000,9999.000,9999.000
202606250342,   5.596,   6.018,9999.000,9999.000,9999.000,9999.000,9999.000,9999.000,9999.000
202606250348,   5.548,   5.999,9999.000,9999.000,9999.000,9999.000,9999.000,9999.000,9999.000
202606250354,   5.496,   6.058,9999.000,9999.000,9999.000,9999.000,9999.000,9999.000,9999.000
202606250400,   5.439,   5.989,   0.500,   0.050,   5.989,   0.500,   5.989,   0.500,   5.989
202606250406,   5.379,   5.917,9999.000,9999.000,9999.000,9999.000,9999.000,9999.000,9999.000
202606250412,   5.313,   5.818,9999.000,9999.000,9999.000,9999.000,9999.000,9999.000,9999.000
202606250418,   5.244,   5.749,9999.000,9999.000,9999.000,9999.000,9999.000,9999.000,9999.000
202606250424,   5.171,   5.730,9999.000,9999.000,9999.000,9999.000,9999.000,9999.000,9999.000
202606250430,   5.093,   5.618,9999.000,9999.000,9999.000,9999.000,9999.000,9999.000,9999.000
202606250436,   5.012,   5.539,9999.000,9999.000,9999.000,9999.000,9999.000,9999.000,9999.000
202606250442,   4.927,   5.487,9999.000,9999.000,9999.000,9999.000,9999.000,9999.000,9999.000
202606250448,   4.838,   5.389,9999.000,9999.000,9999.000,9999.000,9999.000,9999.000,9999.000
202606250454,   4.746,   5.287,9999.000,9999.000,9999.000,9999.000,9999.000,9999.000,9999.000
202606250500,   4.650,   5.149,   0.400,   0.099,   5.149,   0.400,   5.149,   0.500,   5.249
202606250506,   4.551,   5.047,9999.000,9999.000,9999.000,9999.000,9999.000,9999.000,9999.000
202606250512,   4.450,   4.919,9999.000,9999.000,9999.000,9999.000,9999.000,9999.000,9999.000
202606250518,   4.345,   4.847,9999.000,9999.000,9999.000,9999.000,9999.000,9999.000,9999.000
202606250524,   4.238,   4.739,9999.000,9999.000,9999.000,9999.000,9999.000,9999.000,9999.000
202606250530,   4.129,   4.647,9999.000,9999.000,9999.000,9999.000,9999.000,9999.000,9999.000
202606250536,   4.017,   4.549,9999.000,9999.000,9999.000,9999.000,9999.000,9999.000,9999.000
202606250542,   3.903,   4.467,9999.000,9999.000,9999.000,9999.000,9999.000,9999.000,9999.000
202606250548,   3.788,   4.329,9999.000,9999.000,9999.000,9999.000,9999.000,9999.000,9999.000
202606250554,   3.671,   4.247,9999.000,9999.000,9999.000,9999.000,9999.000,9999.000,9999.000
202606250600,   3.553,   4.139,   0.500,   0.086,   4.139,   0.500,   4.139,   0.500,   4.139
202606250606,   3.433,   3.998,9999.000,9999.000,9999.000,9999.000,9999.000,9999.000,9999.000
202606250612,   3.313,   3.919,9999.000,9999.000,9999.000,9999.000,9999.000,9999.000,9999.000
202606250618,   3.192,   3.768,9999.000,9999.000,9999.000,9999.000,9999.000,9999.000,9999.000
202606250624,   3.071,   3.607,9999.000,9999.000,9999.000,9999.000,9999.000,9999.000,9999.000
202606250630,   2.950,   3.509,9999.000,9999.000,9999.000,9999.000,9999.000,9999.000,9999.000
202606250636,   2.829,   3.388,9999.000,9999.000,9999.000,9999.000,9999.000,9999.000,9999.000
202606250642,   2.708,   3.217,9999.000,9999.000,9999.000,9999.000,9999.000,9999.000,9999.000
202606250648,   2.587,   3.148,9999.000,9999.000,9999.000,9999.000,9999.000,9999.000,9999.000
202606250654,   2.468,   3.099,9999.000,9999.000,9999.000,9999.000,9999.000,9999.000,9999.000
202606250700,   2.349,   2.988,   0.600,   0.039,   2.988,   0.500,   2.888,   0.600,   2.988
202606250706,   2.232,   2.840,9999.000,9999.000,9999.000,9999.000,9999.000,9999.000,9999.000
202606250712,   2.116,   2.679,9999.000,9999.000,9999.000,9999.000,9999.000,9999.000,9999.000
202606250718,   2.001,   2.640,9999.000,9999.000,9999.000,9999.000,9999.000,9999.000,9999.000
202606250724,   1.889,   2.519,9999.000,9999.000,9999.000,9999.000,9999.000,9999.000,9999.000
202606250730,   1.778,   2.348,9999.000,9999.000,9999.000,9999.000,9999.000,9999.000,9999.000
202606250736,   1.670,   2.250,9999.000,9999.000,9999.000,9999.000,9999.000,9999.000,9999.000
202606250742,   1.564,   2.158,9999.000,9999.000,9999.000,9999.000,9999.000,9999.000,9999.000
202606250748,   1.461,   2.109,9999.000,9999.000,9999.000,9999.000,9999.000,9999.000,9999.000
202606250754,   1.360,   1.948,9999.000,9999.000,9999.000,9999.000,9999.000,9999.000,9999.000
202606250800,   1.263,   1.889,   0.600,   0.026,   1.889,   0.500,   1.789,   0.600,   1.889
202606250806,   1.168,   1.790,9999.000,9999.000,9999.000,9999.000,9999.000,9999.000,9999.000
202606250812,   1.077,   1.718,9999.000,9999.000,9999.000,9999.000,9999.000,9999.000,9999.000
202606250818,   0.990,   1.580,9999.000,9999.000,9999.000,9999.000,9999.000,9999.000,9999.000
202606250824,   0.906,   1.518,9999.000,9999.000,9999.000,9999.000,9999.000,9999.000,9999.000
202606250830,   0.825,   1.538,9999.000,9999.000,9999.000,9999.000,9999.000,9999.000,9999.000
202606250836,   0.749,   1.390,9999.000,9999.000,9999.000,9999.000,9999.000,9999.000,9999.000
202606250842,   0.676,   1.308,9999.000,9999.000,9999.000,9999.000,9999.000,9999.000,9999.000
202606250848,   0.608,   1.170,9999.000,9999.000,9999.000,9999.000,9999.000,9999.000,9999.000
202606250854,   0.544,   1.138,9999.000,9999.000,9999.000,9999.000,9999.000,9999.000,9999.000
202606250900,   0.484,   1.118,   0.600,   0.034,   1.118,   0.600,   1.118,   0.700,   1.218
202606250906,   0.428,   1.079,9999.000,9999.000,9999.000,9999.000,9999.000,9999.000,9999.000
202606250912,   0.377,   1.029,9999.000,9999.000,9999.000,9999.000,9999.000,9999.000,9999.000
202606250918,   0.331,   0.980,9999.000,9999.000,9999.000,9999.000,9999.000,9999.000,9999.000
202606250924,   0.289,   0.980,9999.000,9999.000,9999.000,9999.000,9999.000,9999.000,9999.000
202606250930,   0.252,   0.918,9999.000,9999.000,9999.000,9999.000,9999.000,9999.000,9999.000
202606250936,   0.219,   0.859,9999.000,9999.000,9999.000,9999.000,9999.000,9999.000,9999.000
202606250942,   0.192,   0.839,9999.000,9999.000,9999.000,9999.000,9999.000,9999.000,9999.000
202606250948,   0.169,   0.839,9999.000,9999.000,9999.000,9999.000,9999.000,9999.000,9999.000
202606250954,   0.151,   0.908,9999.000,9999.000,9999.000,9999.000,9999.000,9999.000,9999.000
202606251000,   0.137,   0.859,   0.600,   0.122,   0.859,   0.500,   0.759,   0.600,   0.859
202606251006,   0.129,   0.810,9999.000,9999.000,9999.000,9999.000,9999.000,9999.000,9999.000
202606251012,   0.125,   0.800,9999.000,9999.000,9999.000,9999.000,9999.000,9999.000,9999.000
202606251018,   0.126,   0.800,9999.000,9999.000,9999.000,9999.000,9999.000,9999.000,9999.000
202606251024,   0.131,   0.819,9999.000,9999.000,9999.000,9999.000,9999.000,9999.000,9999.000
202606251030,   0.141,   0.770,9999.000,9999.000,9999.000,9999.000,9999.000,9999.000,9999.000
202606251036,   0.156,   0.751,9999.000,9999.000,9999.000,9999.000,9999.000,9999.000,9999.000
202606251042,   0.175,   0.790,9999.000,9999.000,9999.000,9999.000,9999.000,9999.000,9999.000
202606251048,   0.199,   0.869,9999.000,9999.000,9999.000,9999.000,9999.000,9999.000,9999.000
202606251054,   0.226,   0.908,9999.000,9999.000,9999.000,9999.000,9999.000,9999.000,9999.000
202606251100,   0.258,   0.990,   0.700,   0.032,   0.990,   0.600,   0.890,   0.700,   0.990
202606251106,   0.294,   1.039,9999.000,9999.000,9999.000,9999.000,9999.000,9999.000,9999.000
202606251112,   0.334,   1.039,9999.000,9999.000,9999.000,9999.000,9999.000,9999.000,9999.000
202606251118,   0.378,   1.069,9999.000,9999.000,9999.000,9999.000,9999.000,9999.000,9999.000
202606251124,   0.425,   1.180,9999.000,9999.000,9999.000,9999.000,9999.000,9999.000,9999.000
202606251130,   0.476,   1.289,9999.000,9999.000,9999.000,9999.000,9999.000,9999.000,9999.000
202606251136,   0.530,   1.308,9999.000,9999.000,9999.000,9999.000,9999.000,9999.000,9999.000
202606251142,   0.587,   1.318,9999.000,9999.000,9999.000,9999.000,9999.000,9999.000,9999.000
202606251148,   0.647,   1.371,9999.000,9999.000,9999.000,9999.000,9999.000,9999.000,9999.000
202606251154,   0.710,   1.469,9999.000,9999.000,9999.000,9999.000,9999.000,9999.000,9999.000
202606251200,   0.776,   1.469,   0.500,   0.193,   1.469,   0.500,   1.469,   0.500,   1.469
202606251206,   0.843,   1.548,9999.000,9999.000,9999.000,9999.000,9999.000,9999.000,9999.000
202606251212,   0.913,   1.620,9999.000,9999.000,9999.000,9999.000,9999.000,9999.000,9999.000
202606251218,   0.985,   1.767,9999.000,9999.000,9999.000,9999.000,9999.000,9999.000,9999.000
202606251224,   1.059,   1.820,9999.000,9999.000,9999.000,9999.000,9999.000,9999.000,9999.000
202606251230,   1.134,   1.899,9999.000,9999.000,9999.000,9999.000,9999.000,9999.000,9999.000
202606251236,   1.211,   1.958,9999.000,9999.000,9999.000,9999.000,9999.000,9999.000,9999.000
202606251242,   1.289,   1.958,9999.000,9999.000,9999.000,9999.000,9999.000,9999.000,9999.000
202606251248,   1.368,   2.000,9999.000,9999.000,9999.000,9999.000,9999.000,9999.000,9999.000
202606251254,   1.447,   2.128,9999.000,9999.000,9999.000,9999.000,9999.000,9999.000,9999.000
202606251300,   1.527,   2.289,   0.400,   0.362,   2.289,   0.400,   2.289,   0.500,   2.389
202606251306,   1.608,   2.400,9999.000,9999.000,9999.000,9999.000,9999.000,9999.000,9999.000
202606251312,   1.689,   2.450,9999.000,9999.000,9999.000,9999.000,9999.000,9999.000,9999.000
202606251318,   1.770,   2.499,9999.000,9999.000,9999.000,9999.000,9999.000,9999.000,9999.000
202606251324,   1.851,   2.610,9999.000,9999.000,9999.000,9999.000,9999.000,9999.000,9999.000
202606251330,   1.931,   2.719,9999.000,9999.000,9999.000,9999.000,9999.000,9999.000,9999.000
202606251336,   2.011,   2.728,9999.000,9999.000,9999.000,9999.000,9999.000,9999.000,9999.000
202606251342,   2.090,   2.850,9999.000,9999.000,9999.000,9999.000,9999.000,9999.000,9999.000
202606251348,   2.169,   2.938,9999.000,9999.000,9999.000,9999.000,9999.000,9999.000,9999.000
202606251354,   2.246,   2.919,9999.000,9999.000,9999.000,9999.000,9999.000,9999.000,9999.000
202606251400,   2.323,   3.050,   0.400,   0.327,   3.050,   0.400,   3.050,   0.500,   3.150
202606251406,   2.398,   3.129,9999.000,9999.000,9999.000,9999.000,9999.000,9999.000,9999.000
202606251412,   2.471,   3.240,9999.000,9999.000,9999.000,9999.000,9999.000,9999.000,9999.000
202606251418,   2.543,   3.309,9999.000,9999.000,9999.000,9999.000,9999.000,9999.000,9999.000
202606251424,   2.614,   3.309,9999.000,9999.000,9999.000,9999.000,9999.000,9999.000,9999.000
202606251430,   2.682,   3.417,9999.000,9999.000,9999.000,9999.000,9999.000,9999.000,9999.000
202606251436,   2.749,   3.519,9999.000,9999.000,9999.000,9999.000,9999.000,9999.000,9999.000
202606251442,   2.814,   3.588,9999.000,9999.000,9999.000,9999.000,9999.000,9999.000,9999.000
202606251448,   2.876,   3.588,9999.000,9999.000,9999.000,9999.000,9999.000,9999.000,9999.000
202606251454,   2.936,   3.617,9999.000,9999.000,9999.000,9999.000,9999.000,9999.000,9999.000
202606251500,   2.994,   3.689,   0.500,   0.195,   3.689,   0.500,   3.689,   0.500,   3.689
202606251506,   3.049,   3.768,9999.000,9999.000,9999.000,9999.000,9999.000,9999.000,9999.000
202606251512,   3.102,   3.880,9999.000,9999.000,9999.000,9999.000,9999.000,9999.000,9999.000
202606251518,   3.152,   3.909,9999.000,9999.000,9999.000,9999.000,9999.000,9999.000,9999.000
202606251524,   3.199,   3.998,9999.000,9999.000,9999.000,9999.000,9999.000,9999.000,9999.000
202606251530,   3.244,   3.939,9999.000,9999.000,9999.000,9999.000,9999.000,9999.000,9999.000
202606251536,   3.286,   4.037,9999.000,9999.000,9999.000,9999.000,9999.000,9999.000,9999.000
202606251542,   3.325,   4.070,9999.000,9999.000,9999.000,9999.000,9999.000,9999.000,9999.000
202606251548,   3.361,   4.037,9999.000,9999.000,9999.000,9999.000,9999.000,9999.000,9999.000
202606251554,   3.394,   4.099,9999.000,9999.000,9999.000,9999.000,9999.000,9999.000,9999.000
202606251600,   3.423,   4.119,   0.500,   0.196,   4.119,   0.500,   4.119,   0.600,   4.219
202606251606,   3.450,   4.119,9999.000,9999.000,9999.000,9999.000,9999.000,9999.000,9999.000
202606251612,   3.474,   4.198,9999.000,9999.000,9999.000,9999.000,9999.000,9999.000,9999.000
202606251618,   3.495,   4.237,9999.000,9999.000,9999.000,9999.000,9999.000,9999.000,9999.000
202606251624,   3.513,   4.218,9999.000,9999.000,9999.000,9999.000,9999.000,9999.000,9999.000
202606251630,   3.528,   4.198,9999.000,9999.000,9999.000,9999.000,9999.000,9999.000,9999.000
202606251636,   3.540,   4.280,9999.000,9999.000,9999.000,9999.000,9999.000,9999.000,9999.000
202606251642,   3.549,   4.388,9999.000,9999.000,9999.000,9999.000,9999.000,9999.000,9999.000
202606251648,   3.555,   4.447,9999.000,9999.000,9999.000,9999.000,9999.000,9999.000,9999.000
202606251654,   3.559,   4.388,9999.000,9999.000,9999.000,9999.000,9999.000,9999.000,9999.000
202606251700,   3.560,   4.247,   0.500,   0.187,   4.247,   0.500,   4.247,   0.600,   4.347
202606251706,   3.558,   4.218,9999.000,9999.000,9999.000,9999.000,9999.000,9999.000,9999.000
202606251712,   3.553,   4.247,9999.000,9999.000,9999.000,9999.000,9999.000,9999.000,9999.000
202606251718,   3.546,   4.319,9999.000,9999.000,9999.000,9999.000,9999.000,9999.000,9999.000
202606251724,   3.537,   4.227,9999.000,9999.000,9999.000,9999.000,9999.000,9999.000,9999.000
202606251730,   3.526,   4.198,9999.000,9999.000,9999.000,9999.000,9999.000,9999.000,9999.000
202606251736,   3.512,   4.237,9999.000,9999.000,9999.000,9999.000,9999.000,9999.000,9999.000
202606251742,   3.497,   4.208,9999.000,9999.000,9999.000,9999.000,9999.000,9999.000,9999.000
202606251748,   3.479,   4.227,9999.000,9999.000,9999.000,9999.000,9999.000,9999.000,9999.000
202606251754,   3.460,   4.168,9999.000,9999.000,9999.000,9999.000,9999.000,9999.000,9999.000
202606251800,   3.439,   4.129,   0.400,   0.290,   4.129,   0.400,   4.129,   0.500,   4.229
202606251806,   3.417,   4.099,9999.000,9999.000,9999.000,9999.000,9999.000,9999.000,9999.000
202606251812,   3.394,   4.139,9999.000,9999.000,9999.000,9999.000,9999.000,9999.000,9999.000
202606251818,   3.370,   4.080,9999.000,9999.000,9999.000,9999.000,9999.000,9999.000,9999.000
202606251824,   3.344,   4.070,9999.000,9999.000,9999.000,9999.000,9999.000,9999.000,9999.000
202606251830,   3.318,   3.978,9999.000,9999.000,9999.000,9999.000,9999.000,9999.000,9999.000
202606251836,   3.291,   3.919,9999.000,9999.000,9999.000,9999.000,9999.000,9999.000,9999.000
202606251842,   3.264,   3.909,9999.000,9999.000,9999.000,9999.000,9999.000,9999.000,9999.000
202606251848,   3.236,   3.968,9999.000,9999.000,9999.000,9999.000,9999.000,9999.000,9999.000
202606251854,   3.208,   4.017,9999.000,9999.000,9999.000,9999.000,9999.000,9999.000,9999.000
202606251900,   3.181,   3.949,   0.500,   0.268,   3.949,   0.500,   3.949,   0.500,   3.949
202606251906,   3.153,   3.909,9999.000,9999.000,9999.000,9999.000,9999.000,9999.000,9999.000
202606251912,   3.126,   3.847,9999.000,9999.000,9999.000,9999.000,9999.000,9999.000,9999.000
202606251918,   3.100,   3.788,9999.000,9999.000,9999.000,9999.000,9999.000,9999.000,9999.000
202606251924,   3.073,   3.749,9999.000,9999.000,9999.000,9999.000,9999.000,9999.000,9999.000
202606251930,   3.047,   3.719,9999.000,9999.000,9999.000,9999.000,9999.000,9999.000,9999.000
202606251936,   3.023,   3.670,9999.000,9999.000,9999.000,9999.000,9999.000,9999.000,9999.000
202606251942,   2.999,   3.709,9999.000,9999.000,9999.000,9999.000,9999.000,9999.000,9999.000
202606251948,   2.977,   3.637,9999.000,9999.000,9999.000,9999.000,9999.000,9999.000,9999.000
202606251954,   2.956,   3.617,9999.000,9999.000,9999.000,9999.000,9999.000,9999.000,9999.000
202606252000,   2.936,   3.548,   0.500,   0.112,   3.548,   0.400,   3.448,   0.500,   3.548
202606252006,   2.918,   3.519,9999.000,9999.000,9999.000,9999.000,9999.000,9999.000,9999.000
202606252012,   2.902,   3.539,9999.000,9999.000,9999.000,9999.000,9999.000,9999.000,9999.000
202606252018,   2.888,   3.617,9999.000,9999.000,9999.000,9999.000,9999.000,9999.000,9999.000
202606252024,   2.875,   3.627,9999.000,9999.000,9999.000,9999.000,9999.000,9999.000,9999.000
202606252030,   2.865,   3.598,9999.000,9999.000,9999.000,9999.000,9999.000,9999.000,9999.000
202606252036,   2.856,   3.598,9999.000,9999.000,9999.000,9999.000,9999.000,9999.000,9999.000
202606252042,   2.850,   3.539,9999.000,9999.000,9999.000,9999.000,9999.000,9999.000,9999.000
202606252048,   2.847,   3.617,9999.000,9999.000,9999.000,9999.000,9999.000,9999.000,9999.000
202606252054,   2.845,   3.588,9999.000,9999.000,9999.000,9999.000,9999.000,9999.000,9999.000
202606252100,   2.847,   3.558,   0.400,   0.311,   3.558,   0.400,   3.558,   0.500,   3.658
202606252106,   2.850,   3.568,9999.000,9999.000,9999.000,9999.000,9999.000,9999.000,9999.000
202606252112,   2.857,   3.529,9999.000,9999.000,9999.000,9999.000,9999.000,9999.000,9999.000
202606252118,   2.866,   3.460,9999.000,9999.000,9999.000,9999.000,9999.000,9999.000,9999.000
202606252124,   2.878,   3.529,9999.000,9999.000,9999.000,9999.000,9999.000,9999.000,9999.000
202606252130,   2.893,   3.568,9999.000,9999.000,9999.000,9999.000,9999.000,9999.000,9999.000
202606252136,   2.911,   3.519,9999.000,9999.000,9999.000,9999.000,9999.000,9999.000,9999.000
202606252142,   2.931,   3.529,9999.000,9999.000,9999.000,9999.000,9999.000,9999.000,9999.000
202606252148,   2.955,   3.558,9999.000,9999.000,9999.000,9999.000,9999.000,9999.000,9999.000
202606252154,   2.981,   3.598,9999.000,9999.000,9999.000,9999.000,9999.000,9999.000,9999.000
202606252200,   3.011,   3.598,   0.400,   0.187,   3.598,   0.400,   3.598,   0.500,   3.698
202606252206,   3.043,   3.558,9999.000,9999.000,9999.000,9999.000,9999.000,9999.000,9999.000
202606252212,   3.078,   3.607,9999.000,9999.000,9999.000,9999.000,9999.000,9999.000,9999.000
202606252218,   3.116,   3.607,9999.000,9999.000,9999.000,9999.000,9999.000,9999.000,9999.000
202606252224,   3.157,   3.709,9999.000,9999.000,9999.000,9999.000,9999.000,9999.000,9999.000
202606252230,   3.201,   3.709,9999.000,9999.000,9999.000,9999.000,9999.000,9999.000,9999.000
202606252236,   3.248,   3.788,9999.000,9999.000,9999.000,9999.000,9999.000,9999.000,9999.000
202606252242,   3.297,   3.890,9999.000,9999.000,9999.000,9999.000,9999.000,9999.000,9999.000
202606252248,   3.349,   3.968,9999.000,9999.000,9999.000,9999.000,9999.000,9999.000,9999.000
202606252254,   3.404,   3.939,9999.000,9999.000,9999.000,9999.000,9999.000,9999.000,9999.000
202606252300,   3.461,   4.057,   0.500,   0.096,   4.057,   0.500,   4.057,   0.600,   4.157
202606252306,   3.520,   4.109,9999.000,9999.000,9999.000,9999.000,9999.000,9999.000,9999.000
202606252312,   3.581,   4.099,9999.000,9999.000,9999.000,9999.000,9999.000,9999.000,9999.000
202606252318,   3.645,   4.149,9999.000,9999.000,9999.000,9999.000,9999.000,9999.000,9999.000
202606252324,   3.710,   4.168,9999.000,9999.000,9999.000,9999.000,9999.000,9999.000,9999.000
202606252330,   3.777,   4.290,9999.000,9999.000,9999.000,9999.000,9999.000,9999.000,9999.000
202606252336,   3.846,   4.309,9999.000,9999.000,9999.000,9999.000,9999.000,9999.000,9999.000
202606252342,   3.916,   4.267,9999.000,9999.000,9999.000,9999.000,9999.000,9999.000,9999.000
202606252348,   3.988,   4.319,9999.000,9999.000,9999.000,9999.000,9999.000,9999.000,9999.000
202606252354,   4.060,   4.418,9999.000,9999.000,9999.000,9999.000,9999.000,9999.000,9999.000
202606260000,   4.134,   4.549,   0.600,  -0.185,   4.549,   0.600,   4.549,   0.600,   4.549
202606260006,   4.208,   4.667,9999.000,9999.000,9999.000,9999.000,9999.000,9999.000,9999.000
202606260012,   4.283,   4.719,9999.000,9999.000,9999.000,9999.000,9999.000,9999.000,9999.000
202606260018,   4.359,   4.759,9999.000,9999.000,9999.000,9999.000,9999.000,9999.000,9999.000
202606260024,   4.434,   4.818,9999.000,9999.000,9999.000,9999.000,9999.000,9999.000,9999.000
202606260030,   4.510,   4.969,9999.000,9999.000,9999.000,9999.000,9999.000,9999.000,9999.000
202606260036,   4.585,   5.057,9999.000,9999.000,9999.000,9999.000,9999.000,9999.000,9999.000
202606260042,   4.660,   5.159,9999.000,9999.000,9999.000,9999.000,9999.000,9999.000,9999.000
202606260048,   4.734,   5.169,9999.000,9999.000,9999.000,9999.000,9999.000,9999.000,9999.000
202606260054,   4.808,   5.257,9999.000,9999.000,9999.000,9999.000,9999.000,9999.000,9999.000
202606260100,   4.880,   5.329,   0.600,  -0.151,   5.329,   0.500,   5.229,   0.600,   5.329
202606260106,   4.952,   5.359,9999.000,9999.000,9999.000,9999.000,9999.000,9999.000,9999.000
202606260112,   5.022,   5.329,9999.000,9999.000,9999.000,9999.000,9999.000,9999.000,9999.000
202606260118,   5.091,   5.418,9999.000,9999.000,9999.000,9999.000,9999.000,9999.000,9999.000
202606260124,   5.157,   5.477,9999.000,9999.000,9999.000,9999.000,9999.000,9999.000,9999.000
202606260130,   5.222,   5.608,9999.000,9999.000,9999.000,9999.000,9999.000,9999.000,9999.000
202606260136,   5.285,   5.707,9999.000,9999.000,9999.000,9999.000,9999.000,9999.000,9999.000
202606260142,   5.346,   5.799,9999.000,9999.000,9999.000,9999.000,9999.000,9999.000,9999.000
202606260148,   5.404,   5.858,9999.000,9999.000,9999.000,9999.000,9999.000,9999.000,9999.000
202606260154,   5.459,   5.818,9999.000,9999.000,9999.000,9999.000,9999.000,9999.000,9999.000
202606260200,   5.512,   5.808,   0.500,  -0.204,   5.808,   0.500,   5.808,   0.600,   5.908
202606260206,   5.562,   5.926,9999.000,9999.000,9999.000,9999.000,9999.000,9999.000,9999.000
202606260212,   5.609,   6.058,9999.000,9999.000,9999.000,9999.000,9999.000,9999.000,9999.000
202606260218,   5.652,   6.097,9999.000,9999.000,9999.000,9999.000,9999.000,9999.000,9999.000
202606260224,   5.692,   6.087,9999.000,9999.000,9999.000,9999.000,9999.000,9999.000,9999.000
202606260230,   5.729,   6.117,9999.000,9999.000,9999.000,9999.000,9999.000,9999.000,9999.000
202606260236,   5.762,   6.149,9999.000,9999.000,9999.000,9999.000,9999.000,9999.000,9999.000
202606260242,   5.791,   6.189,9999.000,9999.000,9999.000,9999.000,9999.000,9999.000,9999.000
202606260248,   5.817,   6.179,9999.000,9999.000,9999.000,9999.000,9999.000,9999.000,9999.000
202606260254,   5.838,   6.238,9999.000,9999.000,9999.000,9999.000,9999.000,9999.000,9999.000
202606260300,   5.855,   6.268,   0.600,  -0.187,   6.268,   0.500,   6.168,   0.700,   6.368
202606260306,   5.868,   6.317,9999.000,9999.000,9999.000,9999.000,9999.000,9999.000,9999.000
202606260312,   5.877,   6.379,9999.000,9999.000,9999.000,9999.000,9999.000,9999.000,9999.000
202606260318,   5.881,   6.317,9999.000,9999.000,9999.000,9999.000,9999.000,9999.000,9999.000
202606260324,   5.881,   6.238,9999.000,9999.000,9999.000,9999.000,9999.000,9999.000,9999.000
202606260330,   5.876,   6.169,9999.000,9999.000,9999.000,9999.000,9999.000,9999.000,9999.000
202606260336,   5.866,   6.209,9999.000,9999.000,9999.000,9999.000,9999.000,9999.000,9999.000
202606260342,   5.852,   6.268,9999.000,9999.000,9999.000,9999.000,9999.000,9999.000,9999.000
202606260348,   5.833,   6.307,9999.000,9999.000,9999.000,9999.000,9999.000,9999.000,9999.000
202606260354,   5.810,   6.297,9999.000,9999.000,9999.000,9999.000,9999.000,9999.000,9999.000
202606260400,   5.781,   6.248,   0.600,  -0.133,   6.248,   0.500,   6.148,   0.600,   6.248
202606260406,   5.748,   6.199,9999.000,9999.000,9999.000,9999.000,9999.000,9999.000,9999.000
202606260412,   5.710,   6.189,9999.000,9999.000,9999.000,9999.000,9999.000,9999.000,9999.000
202606260418,   5.667,   6.189,9999.000,9999.000,9999.000,9999.000,9999.000,9999.000,9999.000
202606260424,   5.620,   6.169,9999.000,9999.000,9999.000,9999.000,9999.000,9999.000,9999.000
202606260430,   5.567,   6.107,9999.000,9999.000,9999.000,9999.000,9999.000,9999.000,9999.000
202606260436,   5.510,   6.028,9999.000,9999.000,9999.000,9999.000,9999.000,9999.000,9999.000
202606260442,   5.449,   5.877,9999.000,9999.000,9999.000,9999.000,9999.000,9999.000,9999.000
202606260448,   5.382,   5.789,9999.000,9999.000,9999.000,9999.000,9999.000,9999.000,9999.000
202606260454,   5.312,   5.687,9999.000,9999.000,9999.000,9999.000,9999.000,9999.000,9999.000
202606260500,   5.237,   5.618,   0.500,  -0.119,   5.618,   0.500,   5.618,   0.600,   5.718
202606260506,   5.157,   5.657,9999.000,9999.000,9999.000,9999.000,9999.000,9999.000,9999.000
202606260512,   5.074,   5.589,9999.000,9999.000,9999.000,9999.000,9999.000,9999.000,9999.000
202606260518,   4.986,   5.530,9999.000,9999.000,9999.000,9999.000,9999.000,9999.000,9999.000
202606260524,   4.895,   5.497,9999.000,9999.000,9999.000,9999.000,9999.000,9999.000,9999.000
202606260530,   4.799,   5.369,9999.000,9999.000,9999.000,9999.000,9999.000,9999.000,9999.000
202606260536,   4.701,   5.238,9999.000,9999.000,9999.000,9999.000,9999.000,9999.000,9999.000
202606260542,   4.598,   5.139,9999.000,9999.000,9999.000,9999.000,9999.000,9999.000,9999.000
202606260548,   4.493,   5.038,9999.000,9999.000,9999.000,9999.000,9999.000,9999.000,9999.000
202606260554,   4.385,9999.000,9999.000,9999.000,9999.000,9999.000,9999.000,9999.000,9999.000
202606260600,   4.273,9999.000,   0.500,  -0.102,   4.671,   0.400,   4.571,   0.500,   4.671
202606260606,   4.159,9999.000,9999.000,9999.000,9999.000,9999.000,9999.000,9999.000,9999.000
202606260612,   4.043,9999.000,9999.000,9999.000,9999.000,9999.000,9999.000,9999.000,9999.000
202606260618,   3.924,9999.000,9999.000,9999.000,9999.000,9999.000,9999.000,9999.000,9999.000
202606260624,   3.804,9999.000,9999.000,9999.000,9999.000,9999.000,9999.000,9999.000,9999.000
202606260630,   3.681,9999.000,9999.000,9999.000,9999.000,9999.000,9999.000,9999.000,9999.000
202606260636,   3.557,9999.000,9999.000,9999.000,9999.000,9999.000,9999.000,9999.000,9999.000
202606260642,   3.432,9999.000,9999.000,9999.000,9999.000,9999.000,9999.000,9999.000,9999.000
202606260648,   3.305,9999.000,9999.000,9999.000,9999.000,9999.000,9999.000,9999.000,9999.000
202606260654,   3.178,9999.000,9999.000,9999.000,9999.000,9999.000,9999.000,9999.000,9999.000
202606260700,   3.050,9999.000,   0.600,  -0.085,   3.565,   0.500,   3.465,   0.600,   3.565
202606260706,   2.922,9999.000,9999.000,9999.000,9999.000,9999.000,9999.000,9999.000,9999.000
202606260712,   2.793,9999.000,9999.000,9999.000,9999.000,9999.000,9999.000,9999.000,9999.000
202606260718,   2.664,9999.000,9999.000,9999.000,9999.000,9999.000,9999.000,9999.000,9999.000
202606260724,   2.536,9999.000,9999.000,9999.000,9999.000,9999.000,9999.000,9999.000,9999.000
202606260730,   2.408,9999.000,9999.000,9999.000,9999.000,9999.000,9999.000,9999.000,9999.000
202606260736,   2.281,9999.000,9999.000,9999.000,9999.000,9999.000,9999.000,9999.000,9999.000
202606260742,   2.155,9999.000,9999.000,9999.000,9999.000,9999.000,9999.000,9999.000,9999.000
202606260748,   2.031,9999.000,9999.000,9999.000,9999.000,9999.000,9999.000,9999.000,9999.000
202606260754,   1.907,9999.000,9999.000,9999.000,9999.000,9999.000,9999.000,9999.000,9999.000
202606260800,   1.785,9999.000,   0.500,  -0.068,   2.217,   0.500,   2.217,   0.600,   2.317
202606260806,   1.665,9999.000,9999.000,9999.000,9999.000,9999.000,9999.000,9999.000,9999.000
202606260812,   1.547,9999.000,9999.000,9999.000,9999.000,9999.000,9999.000,9999.000,9999.000
202606260818,   1.432,9999.000,9999.000,9999.000,9999.000,9999.000,9999.000,9999.000,9999.000
202606260824,   1.319,9999.000,9999.000,9999.000,9999.000,9999.000,9999.000,9999.000,9999.000
202606260830,   1.208,9999.000,9999.000,9999.000,9999.000,9999.000,9999.000,9999.000,9999.000
202606260836,   1.100,9999.000,9999.000,9999.000,9999.000,9999.000,9999.000,9999.000,9999.000
202606260842,   0.996,9999.000,9999.000,9999.000,9999.000,9999.000,9999.000,9999.000,9999.000
202606260848,   0.895,9999.000,9999.000,9999.000,9999.000,9999.000,9999.000,9999.000,9999.000
202606260854,   0.797,9999.000,9999.000,9999.000,9999.000,9999.000,9999.000,9999.000,9999.000
202606260900,   0.702,9999.000,   0.600,  -0.051,   1.251,   0.500,   1.151,   0.700,   1.351
202606260906,   0.612,9999.000,9999.000,9999.000,9999.000,9999.000,9999.000,9999.000,9999.000
202606260912,   0.525,9999.000,9999.000,9999.000,9999.000,9999.000,9999.000,9999.000,9999.000
202606260918,   0.443,9999.000,9999.000,9999.000,9999.000,9999.000,9999.000,9999.000,9999.000
202606260924,   0.364,9999.000,9999.000,9999.000,9999.000,9999.000,9999.000,9999.000,9999.000
202606260930,   0.291,9999.000,9999.000,9999.000,9999.000,9999.000,9999.000,9999.000,9999.000
202606260936,   0.221,9999.000,9999.000,9999.000,9999.000,9999.000,9999.000,9999.000,9999.000
202606260942,   0.156,9999.000,9999.000,9999.000,9999.000,9999.000,9999.000,9999.000,9999.000
202606260948,   0.096,9999.000,9999.000,9999.000,9999.000,9999.000,9999.000,9999.000,9999.000
202606260954,   0.041,9999.000,9999.000,9999.000,9999.000,9999.000,9999.000,9999.000,9999.000
202606261000,  -0.008,9999.000,   0.500,  -0.034,   0.458,   0.400,   0.358,   0.600,   0.558
202606261006,  -0.054,9999.000,9999.000,9999.000,9999.000,9999.000,9999.000,9999.000,9999.000
202606261012,  -0.094,9999.000,9999.000,9999.000,9999.000,9999.000,9999.000,9999.000,9999.000
202606261018,  -0.129,9999.000,9999.000,9999.000,9999.000,9999.000,9999.000,9999.000,9999.000
202606261024,  -0.160,9999.000,9999.000,9999.000,9999.000,9999.000,9999.000,9999.000,9999.000
202606261030,  -0.185,9999.000,9999.000,9999.000,9999.000,9999.000,9999.000,9999.000,9999.000
202606261036,  -0.204,9999.000,9999.000,9999.000,9999.000,9999.000,9999.000,9999.000,9999.000
202606261042,  -0.219,9999.000,9999.000,9999.000,9999.000,9999.000,9999.000,9999.000,9999.000
202606261048,  -0.228,9999.000,9999.000,9999.000,9999.000,9999.000,9999.000,9999.000,9999.000
202606261054,  -0.233,9999.000,9999.000,9999.000,9999.000,9999.000,9999.000,9999.000,9999.000
202606261100,  -0.232,9999.000,   0.600,  -0.017,   0.351,   0.600,   0.351,   0.700,   0.451
202606261106,  -0.226,9999.000,9999.000,9999.000,9999.000,9999.000,9999.000,9999.000,9999.000
202606261112,  -0.216,9999.000,9999.000,9999.000,9999.000,9999.000,9999.000,9999.000,9999.000
202606261118,  -0.200,9999.000,9999.000,9999.000,9999.000,9999.000,9999.000,9999.000,9999.000
202606261124,  -0.180,9999.000,9999.000,9999.000,9999.000,9999.000,9999.000,9999.000,9999.000
202606261130,  -0.154,9999.000,9999.000,9999.000,9999.000,9999.000,9999.000,9999.000,9999.000
202606261136,  -0.125,9999.000,9999.000,9999.000,9999.000,9999.000,9999.000,9999.000,9999.000
202606261142,  -0.091,9999.000,9999.000,9999.000,9999.000,9999.000,9999.000,9999.000,9999.000
202606261148,  -0.052,9999.000,9999.000,9999.000,9999.000,9999.000,9999.000,9999.000,9999.000
202606261154,  -0.009,9999.000,9999.000,9999.000,9999.000,9999.000,9999.000,9999.000,9999.000
202606261200,   0.037,9999.000,   0.500,   0.000,   0.537,   0.400,   0.437,   0.500,   0.537
202606261206,   0.087,9999.000,9999.000,9999.000,9999.000,9999.000,9999.000,9999.000,9999.000
202606261212,   0.142,9999.000,9999.000,9999.000,9999.000,9999.000,9999.000,9999.000,9999.000
202606261218,   0.200,9999.000,9999.000,9999.000,9999.000,9999.000,9999.000,9999.000,9999.000
202606261224,   0.262,9999.000,9999.000,9999.000,9999.000,9999.000,9999.000,9999.000,9999.000
202606261230,   0.326,9999.000,9999.000,9999.000,9999.000,9999.000,9999.000,9999.000,9999.000
202606261236,   0.394,9999.000,9999.000,9999.000,9999.000,9999.000,9999.000,9999.000,9999.000
202606261242,   0.465,9999.000,9999.000,9999.000,9999.000,9999.000,9999.000,9999.000,9999.000
202606261248,   0.538,9999.000,9999.000,9999.000,9999.000,9999.000,9999.000,9999.000,9999.000
202606261254,   0.614,9999.000,9999.000,9999.000,9999.000,9999.000,9999.000,9999.000,9999.000
202606261300,   0.693,9999.000,   0.500,   0.018,   1.211,   0.500,   1.211,   0.600,   1.311
202606261306,   0.773,9999.000,9999.000,9999.000,9999.000,9999.000,9999.000,9999.000,9999.000
202606261312,   0.855,9999.000,9999.000,9999.000,9999.000,9999.000,9999.000,9999.000,9999.000
202606261318,   0.939,9999.000,9999.000,9999.000,9999.000,9999.000,9999.000,9999.000,9999.000
202606261324,   1.025,9999.000,9999.000,9999.000,9999.000,9999.000,9999.000,9999.000,9999.000
202606261330,   1.112,9999.000,9999.000,9999.000,9999.000,9999.000,9999.000,9999.000,9999.000
202606261336,   1.200,9999.000,9999.000,9999.000,9999.000,9999.000,9999.000,9999.000,9999.000
202606261342,   1.289,9999.000,9999.000,9999.000,9999.000,9999.000,9999.000,9999.000,9999.000
202606261348,   1.378,9999.000,9999.000,9999.000,9999.000,9999.000,9999.000,9999.000,9999.000
202606261354,   1.468,9999.000,9999.000,9999.000,9999.000,9999.000,9999.000,9999.000,9999.000
202606261400,   1.559,9999.000,   0.500,   0.035,   2.094,   0.400,   1.994,   0.600,   2.194
202606261406,   1.650,9999.000,9999.000,9999.000,9999.000,9999.000,9999.000,9999.000,9999.000
202606261412,   1.741,9999.000,9999.000,9999.000,9999.000,9999.000,9999.000,9999.000,9999.000
202606261418,   1.831,9999.000,9999.000,9999.000,9999.000,9999.000,9999.000,9999.000,9999.000
202606261424,   1.922,9999.000,9999.000,9999.000,9999.000,9999.000,9999.000,9999.000,9999.000
202606261430,   2.011,9999.000,9999.000,9999.000,9999.000,9999.000,9999.000,9999.000,9999.000
202606261436,   2.100,9999.000,9999.000,9999.000,9999.000,9999.000,9999.000,9999.000,9999.000
202606261442,   2.188,9999.000,9999.000,9999.000,9999.000,9999.000,9999.000,9999.000,9999.000
202606261448,   2.275,9999.000,9999.000,9999.000,9999.000,9999.000,9999.000,9999.000,9999.000
202606261454,   2.360,9999.000,9999.000,9999.000,9999.000,9999.000,9999.000,9999.000,9999.000
202606261500,   2.444,9999.000,   0.600,   0.052,   3.096,   0.500,   2.996,   0.600,   3.096
202606261506,   2.527,9999.000,9999.000,9999.000,9999.000,9999.000,9999.000,9999.000,9999.000
202606261512,   2.608,9999.000,9999.000,9999.000,9999.000,9999.000,9999.000,9999.000,9999.000
202606261518,   2.686,9999.000,9999.000,9999.000,9999.000,9999.000,9999.000,9999.000,9999.000
202606261524,   2.763,9999.000,9999.000,9999.000,9999.000,9999.000,9999.000,9999.000,9999.000
202606261530,   2.838,9999.000,9999.000,9999.000,9999.000,9999.000,9999.000,9999.000,9999.000
202606261536,   2.910,9999.000,9999.000,9999.000,9999.000,9999.000,9999.000,9999.000,9999.000
202606261542,   2.980,9999.000,9999.000,9999.000,9999.000,9999.000,9999.000,9999.000,9999.000
202606261548,   3.047,9999.000,9999.000,9999.000,9999.000,9999.000,9999.000,9999.000,9999.000
202606261554,   3.111,9999.000,9999.000,9999.000,9999.000,9999.000,9999.000,9999.000,9999.000
202606261600,   3.173,9999.000,   0.500,   0.069,   3.742,   0.500,   3.742,   0.600,   3.842
202606261606,   3.231,9999.000,9999.000,9999.000,9999.000,9999.000,9999.000,9999.000,9999.000
202606261612,   3.287,9999.000,9999.000,9999.000,9999.000,9999.000,9999.000,9999.000,9999.000
202606261618,   3.339,9999.000,9999.000,9999.000,9999.000,9999.000,9999.000,9999.000,9999.000
202606261624,   3.389,9999.000,9999.000,9999.000,9999.000,9999.000,9999.000,9999.000,9999.000
202606261630,   3.435,9999.000,9999.000,9999.000,9999.000,9999.000,9999.000,9999.000,9999.000
202606261636,   3.478,9999.000,9999.000,9999.000,9999.000,9999.000,9999.000,9999.000,9999.000
202606261642,   3.518,9999.000,9999.000,9999.000,9999.000,9999.000,9999.000,9999.000,9999.000
202606261648,   3.555,9999.000,9999.000,9999.000,9999.000,9999.000,9999.000,9999.000,9999.000
202606261654,   3.588,9999.000,9999.000,9999.000,9999.000,9999.000,9999.000,9999.000,9999.000
202606261700,   3.618,9999.000,   0.500,   0.086,   4.204,   0.500,   4.204,   0.500,   4.204
202606261706,   3.645,9999.000,9999.000,9999.000,9999.000,9999.000,9999.000,9999.000,9999.000
202606261712,   3.668,9999.000,9999.000,9999.000,9999.000,9999.000,9999.000,9999.000,9999.000
202606261718,   3.689,9999.000,9999.000,9999.000,9999.000,9999.000,9999.000,9999.000,9999.000
202606261724,   3.706,9999.000,9999.000,9999.000,9999.000,9999.000,9999.000,9999.000,9999.000
202606261730,   3.720,9999.000,9999.000,9999.000,9999.000,9999.000,9999.000,9999.000,9999.000
202606261736,   3.731,9999.000,9999.000,9999.000,9999.000,9999.000,9999.000,9999.000,9999.000
202606261742,   3.739,9999.000,9999.000,9999.000,9999.000,9999.000,9999.000,9999.000,9999.000
202606261748,   3.744,9999.000,9999.000,9999.000,9999.000,9999.000,9999.000,9999.000,9999.000
202606261754,   3.747,9999.000,9999.000,9999.000,9999.000,9999.000,9999.000,9999.000,9999.000
202606261800,   3.747,9999.000,   0.500,   0.086,   4.333,   0.400,   4.233,   0.500,   4.333
202606261806,   3.744,9999.000,9999.000,9999.000,9999.000,9999.000,9999.000,9999.000,9999.000
202606261812,   3.739,9999.000,9999.000,9999.000,9999.000,9999.000,9999.000,9999.000,9999.000
202606261818,   3.731,9999.000,9999.000,9999.000,9999.000,9999.000,9999.000,9999.000,9999.000
202606261824,   3.721,9999.000,9999.000,9999.000,9999.000,9999.000,9999.000,9999.000,9999.000
202606261830,   3.710,9999.000,9999.000,9999.000,9999.000,9999.000,9999.000,9999.000,9999.000
202606261836,   3.696,9999.000,9999.000,9999.000,9999.000,9999.000,9999.000,9999.000,9999.000
202606261842,   3.680,9999.000,9999.000,9999.000,9999.000,9999.000,9999.000,9999.000,9999.000
202606261848,   3.663,9999.000,9999.000,9999.000,9999.000,9999.000,9999.000,9999.000,9999.000
202606261854,   3.644,9999.000,9999.000,9999.000,9999.000,9999.000,9999.000,9999.000,9999.000
202606261900,   3.624,9999.000,   0.600,   0.086,   4.310,   0.600,   4.310,   0.700,   4.410
202606261906,   3.603,9999.000,9999.000,9999.000,9999.000,9999.000,9999.000,9999.000,9999.000
202606261912,   3.580,9999.000,9999.000,9999.000,9999.000,9999.000,9999.000,9999.000,9999.000
202606261918,   3.557,9999.000,9999.000,9999.000,9999.000,9999.000,9999.000,9999.000,9999.000
202606261924,   3.533,9999.000,9999.000,9999.000,9999.000,9999.000,9999.000,9999.000,9999.000
202606261930,   3.508,9999.000,9999.000,9999.000,9999.000,9999.000,9999.000,9999.000,9999.000
202606261936,   3.483,9999.000,9999.000,9999.000,9999.000,9999.000,9999.000,9999.000,9999.000
202606261942,   3.458,9999.000,9999.000,9999.000,9999.000,9999.000,9999.000,9999.000,9999.000
202606261948,   3.432,9999.000,9999.000,9999.000,9999.000,9999.000,9999.000,9999.000,9999.000
202606261954,   3.406,9999.000,9999.000,9999.000,9999.000,9999.000,9999.000,9999.000,9999.000
202606262000,   3.381,9999.000,   0.600,   0.086,   4.067,   0.500,   3.967,   0.600,   4.067
202606262006,   3.356,9999.000,9999.000,9999.000,9999.000,9999.000,9999.000,9999.000,9999.000
202606262012,   3.331,9999.000,9999.000,9999.000,9999.000,9999.000,9999.000,9999.000,9999.000
202606262018,   3.307,9999.000,9999.000,9999.000,9999.000,9999.000,9999.000,9999.000,9999.000
202606262024,   3.284,9999.000,9999.000,9999.000,9999.000,9999.000,9999.000,9999.000,9999.000
202606262030,   3.261,9999.000,9999.000,9999.000,9999.000,9999.000,9999.000,9999.000,9999.000
202606262036,   3.240,9999.000,9999.000,9999.000,9999.000,9999.000,9999.000,9999.000,9999.000
202606262042,   3.220,9999.000,9999.000,9999.000,9999.000,9999.000,9999.000,9999.000,9999.000
202606262048,   3.201,9999.000,9999.000,9999.000,9999.000,9999.000,9999.000,9999.000,9999.000
202606262054,   3.183,9999.000,9999.000,9999.000,9999.000,9999.000,9999.000,9999.000,9999.000
202606262100,   3.168,9999.000,   0.500,   0.086,   3.754,   0.500,   3.754,   0.600,   3.854
202606262106,   3.154,9999.000,9999.000,9999.000,9999.000,9999.000,9999.000,9999.000,9999.000
202606262112,   3.141,9999.000,9999.000,9999.000,9999.000,9999.000,9999.000,9999.000,9999.000
202606262118,   3.131,9999.000,9999.000,9999.000,9999.000,9999.000,9999.000,9999.000,9999.000
202606262124,   3.123,9999.000,9999.000,9999.000,9999.000,9999.000,9999.000,9999.000,9999.000
202606262130,   3.117,9999.000,9999.000,9999.000,9999.000,9999.000,9999.000,9999.000,9999.000
202606262136,   3.114,9999.000,9999.000,9999.000,9999.000,9999.000,9999.000,9999.000,9999.000
202606262142,   3.113,9999.000,9999.000,9999.000,9999.000,9999.000,9999.000,9999.000,9999.000
202606262148,   3.114,9999.000,9999.000,9999.000,9999.000,9999.000,9999.000,9999.000,9999.000
202606262154,   3.118,9999.000,9999.000,9999.000,9999.000,9999.000,9999.000,9999.000,9999.000
202606262200,   3.125,9999.000,   0.500,   0.086,   3.711,   0.500,   3.711,   0.500,   3.711
202606262206,   3.134,9999.000,9999.000,9999.000,9999.000,9999.000,9999.000,9999.000,9999.000
202606262212,   3.146,9999.000,9999.000,9999.000,9999.000,9999.000,9999.000,9999.000,9999.000
202606262218,   3.161,9999.000,9999.000,9999.000,9999.000,9999.000,9999.000,9999.000,9999.000
202606262224,   3.179,9999.000,9999.000,9999.000,9999.000,9999.000,9999.000,9999.000,9999.000
202606262230,   3.200,9999.000,9999.000,9999.000,9999.000,9999.000,9999.000,9999.000,9999.000
202606262236,   3.224,9999.000,9999.000,9999.000,9999.000,9999.000,9999.000,9999.000,9999.000
202606262242,   3.250,9999.000,9999.000,9999.000,9999.000,9999.000,9999.000,9999.000,9999.000
202606262248,   3.280,9999.000,9999.000,9999.000,9999.000,9999.000,9999.000,9999.000,9999.000
202606262254,   3.312,9999.000,9999.000,9999.000,9999.000,9999.000,9999.000,9999.000,9999.000
202606262300,   3.347,9999.000,   0.600,   0.086,   4.033,   0.600,   4.033,   0.700,   4.133
202606262306,   3.385,9999.000,9999.000,9999.000,9999.000,9999.000,9999.000,9999.000,9999.000
202606262312,   3.426,9999.000,9999.000,9999.000,9999.000,9999.000,9999.000,9999.000,9999.000
202606262318,   3.469,9999.000,9999.000,9999.000,9999.000,9999.000,9999.000,9999.000,9999.000
202606262324,   3.515,9999.000,9999.000,9999.000,9999.000,9999.000,9999.000,9999.000,9999.000
202606262330,   3.564,9999.000,9999.000,9999.000,9999.000,9999.000,9999.000,9999.000,9999.000
202606262336,   3.615,9999.000,9999.000,9999.000,9999.000,9999.000,9999.000,9999.000,9999.000
202606262342,   3.668,9999.000,9999.000,9999.000,9999.000,9999.000,9999.000,9999.000,9999.000
202606262348,   3.724,9999.000,9999.000,9999.000,9999.000,9999.000,9999.000,9999.000,9999.000
202606262354,   3.782,9999.000,9999.000,9999.000,9999.000,9999.000,9999.000,9999.000,9999.000
202606270000,   3.841,9999.000,   0.600,   0.086,   4.527,   0.500,   4.427,   0.600,   4.527
202606270006,   3.903,9999.000,9999.000,9999.000,9999.000,9999.000,9999.000,9999.000,9999.000
202606270012,   3.966,9999.000,9999.000,9999.000,9999.000,9999.000,9999.000,9999.000,9999.000
202606270018,   4.031,9999.000,9999.000,9999.000,9999.000,9999.000,9999.000,9999.000,9999.000
202606270024,   4.097,9999.000,9999.000,9999.000,9999.000,9999.000,9999.000,9999.000,9999.000
202606270030,   4.164,9999.000,9999.000,9999.000,9999.000,9999.000,9999.000,9999.000,9999.000
202606270036,   4.233,9999.000,9999.000,9999.000,9999.000,9999.000,9999.000,9999.000,9999.000
202606270042,   4.302,9999.000,9999.000,9999.000,9999.000,9999.000,9999.000,9999.000,9999.000
202606270048,   4.372,9999.000,9999.000,9999.000,9999.000,9999.000,9999.000,9999.000,9999.000
202606270054,   4.443,9999.000,9999.000,9999.000,9999.000,9999.000,9999.000,9999.000,9999.000
202606270100,   4.514,9999.000,   0.500,   0.086,   5.100,   0.400,   5.000,   0.600,   5.200
202606270106,   4.585,9999.000,9999.000,9999.000,9999.000,9999.000,9999.000,9999.000,9999.000
202606270112,   4.657,9999.000,9999.000,9999.000,9999.000,9999.000,9999.000,9999.000,9999.000
202606270118,   4.728,9999.000,9999.000,9999.000,9999.000,9999.000,9999.000,9999.000,9999.000
202606270124,   4.799,9999.000,9999.000,9999.000,9999.000,9999.000,9999.000,9999.000,9999.000
202606270130,   4.869,9999.000,9999.000,9999.000,9999.000,9999.000,9999.000,9999.000,9999.000
202606270136,   4.939,9999.000,9999.000,9999.000,9999.000,9999.000,9999.000,9999.000,9999.000
202606270142,   5.008,9999.000,9999.000,9999.000,9999.000,9999.000,9999.000,9999.000,9999.000
202606270148,   5.075,9999.000,9999.000,9999.000,9999.000,9999.000,9999.000,9999.000,9999.000
202606270154,   5.142,9999.000,9999.000,9999.000,9999.000,9999.000,9999.000,9999.000,9999.000
202606270200,   5.207,9999.000,   0.500,   0.086,   5.793,   0.500,   5.793,   0.600,   5.893
202606270206,   5.270,9999.000,9999.000,9999.000,9999.000,9999.000,9999.000,9999.000,9999.000
202606270212,   5.332,9999.000,9999.000,9999.000,9999.000,9999.000,9999.000,9999.000,9999.000
202606270218,   5.391,9999.000,9999.000,9999.000,9999.000,9999.000,9999.000,9999.000,9999.000
202606270224,   5.449,9999.000,9999.000,9999.000,9999.000,9999.000,9999.000,9999.000,9999.000
202606270230,   5.504,9999.000,9999.000,9999.000,9999.000,9999.000,9999.000,9999.000,9999.000
202606270236,   5.556,9999.000,9999.000,9999.000,9999.000,9999.000,9999.000,9999.000,9999.000
202606270242,   5.606,9999.000,9999.000,9999.000,9999.000,9999.000,9999.000,9999.000,9999.000
202606270248,   5.653,9999.000,9999.000,9999.000,9999.000,9999.000,9999.000,9999.000,9999.000
202606270254,   5.697,9999.000,9999.000,9999.000,9999.000,9999.000,9999.000,9999.000,9999.000
202606270300,   5.738,9999.000,   0.700,   0.086,   6.524,   0.600,   6.424,   0.700,   6.524
202606270306,   5.775,9999.000,9999.000,9999.000,9999.000,9999.000,9999.000,9999.000,9999.000
202606270312,   5.809,9999.000,9999.000,9999.000,9999.000,9999.000,9999.000,9999.000,9999.000
202606270318,   5.839,9999.000,9999.000,9999.000,9999.000,9999.000,9999.000,9999.000,9999.000
202606270324,   5.865,9999.000,9999.000,9999.000,9999.000,9999.000,9999.000,9999.000,9999.000
202606270330,   5.887,9999.000,9999.000,9999.000,9999.000,9999.000,9999.000,9999.000,9999.000
202606270336,   5.905,9999.000,9999.000,9999.000,9999.000,9999.000,9999.000,9999.000,9999.000
202606270342,   5.919,9999.000,9999.000,9999.000,9999.000,9999.000,9999.000,9999.000,9999.000
202606270348,   5.928,9999.000,9999.000,9999.000,9999.000,9999.000,9999.000,9999.000,9999.000
202606270354,   5.933,9999.000,9999.000,9999.000,9999.000,9999.000,9999.000,9999.000,9999.000
202606270400,   5.934,9999.000,   0.600,   0.086,   6.620,   0.600,   6.620,   0.700,   6.720
202606270406,   5.929,9999.000,9999.000,9999.000,9999.000,9999.000,9999.000,9999.000,9999.000
202606270412,   5.920,9999.000,9999.000,9999.000,9999.000,9999.000,9999.000,9999.000,9999.000
202606270418,   5.907,9999.000,9999.000,9999.000,9999.000,9999.000,9999.000,9999.000,9999.000
202606270424,   5.888,9999.000,9999.000,9999.000,9999.000,9999.000,9999.000,9999.000,9999.000
202606270430,   5.864,9999.000,9999.000,9999.000,9999.000,9999.000,9999.000,9999.000,9999.000
202606270436,   5.836,9999.000,9999.000,9999.000,9999.000,9999.000,9999.000,9999.000,9999.000
202606270442,   5.802,9999.000,9999.000,9999.000,9999.000,9999.000,9999.000,9999.000,9999.000
202606270448,   5.764,9999.000,9999.000,9999.000,9999.000,9999.000,9999.000,9999.000,9999.000
202606270454,   5.720,9999.000,9999.000,9999.000,9999.000,9999.000,9999.000,9999.000,9999.000
202606270500,   5.672,9999.000,   0.500,   0.086,   6.258,   0.500,   6.258,   0.600,   6.358
202606270506,   5.619,9999.000,9999.000,9999.000,9999.000,9999.000,9999.000,9999.000,9999.000
202606270512,   5.561,9999.000,9999.000,9999.000,9999.000,9999.000,9999.000,9999.000,9999.000
202606270518,   5.498,9999.000,9999.000,9999.000,9999.000,9999.000,9999.000,9999.000,9999.000
202606270524,   5.430,9999.000,9999.000,9999.000,9999.000,9999.000,9999.000,9999.000,9999.000
202606270530,   5.358,9999.000,9999.000,9999.000,9999.000,9999.000,9999.000,9999.000,9999.000
202606270536,   5.281,9999.000,9999.000,9999.000,9999.000,9999.000,9999.000,9999.000,9999.000
202606270542,   5.200,9999.000,9999.000,9999.000,9999.000,9999.000,9999.000,9999.000,9999.000
202606270548,   5.114,9999.000,9999.000,9999.000,9999.000,9999.000,9999.000,9999.000,9999.000
202606270554,   5.024,9999.000,9999.000,9999.000,9999.000,9999.000,9999.000,9999.000,9999.000
202606270600,   4.931,9999.000,   0.500,   0.086,   5.517,   0.400,   5.417,   0.500,   5.517
202606270606,   4.833,9999.000,9999.000,9999.000,9999.000,9999.000,9999.000,9999.000,9999.000
202606270612,   4.731,9999.000,9999.000,9999.000,9999.000,9999.000,9999.000,9999.000,9999.000
202606270618,   4.626,9999.000,9999.000,9999.000,9999.000,9999.000,9999.000,9999.000,9999.000
202606270624,   4.518,9999.000,9999.000,9999.000,9999.000,9999.000,9999.000,9999.000,9999.000
202606270630,   4.406,9999.000,9999.000,9999.000,9999.000,9999.000,9999.000,9999.000,9999.000
202606270636,   4.292,9999.000,9999.000,9999.000,9999.000,9999.000,9999.000,9999.000,9999.000
202606270642,   4.174,9999.000,9999.000,9999.000,9999.000,9999.000,9999.000,9999.000,9999.000
202606270648,   4.054,9999.000,9999.000,9999.000,9999.000,9999.000,9999.000,9999.000,9999.000
202606270654,   3.932,9999.000,9999.000,9999.000,9999.000,9999.000,9999.000,9999.000,9999.000
202606270700,   3.807,9999.000,   0.600,   0.086,   4.493,   0.600,   4.493,   0.700,   4.593
202606270706,   3.681,9999.000,9999.000,9999.000,9999.000,9999.000,9999.000,9999.000,9999.000
202606270712,   3.552,9999.000,9999.000,9999.000,9999.000,9999.000,9999.000,9999.000,9999.000
202606270718,   3.422,9999.000,9999.000,9999.000,9999.000,9999.000,9999.000,9999.000,9999.000
202606270724,   3.291,9999.000,9999.000,9999.000,9999.000,9999.000,9999.000,9999.000,9999.000
202606270730,   3.159,9999.000,9999.000,9999.000,9999.000,9999.000,9999.000,9999.000,9999.000
202606270736,   3.026,9999.000,9999.000,9999.000,9999.000,9999.000,9999.000,9999.000,9999.000
202606270742,   2.892,9999.000,9999.000,9999.000,9999.000,9999.000,9999.000,9999.000,9999.000
202606270748,   2.758,9999.000,9999.000,9999.000,9999.000,9999.000,9999.000,9999.000,9999.000
202606270754,   2.623,9999.000,9999.000,9999.000,9999.000,9999.000,9999.000,9999.000,9999.000
202606270800,   2.489,9999.000,   0.600,   0.086,   3.175,   0.500,   3.075,   0.600,   3.175
202606270806,   2.355,9999.000,9999.000,9999.000,9999.000,9999.000,9999.000,9999.000,9999.000
202606270812,   2.222,9999.000,9999.000,9999.000,9999.000,9999.000,9999.000,9999.000,9999.000
202606270818,   2.089,9999.000,9999.000,9999.000,9999.000,9999.000,9999.000,9999.000,9999.000
202606270824,   1.958,9999.000,9999.000,9999.000,9999.000,9999.000,9999.000,9999.000,9999.000
202606270830,   1.828,9999.000,9999.000,9999.000,9999.000,9999.000,9999.000,9999.000,9999.000
202606270836,   1.699,9999.000,9999.000,9999.000,9999.000,9999.000,9999.000,9999.000,9999.000
202606270842,   1.572,9999.000,9999.000,9999.000,9999.000,9999.000,9999.000,9999.000,9999.000
202606270848,   1.447,9999.000,9999.000,9999.000,9999.000,9999.000,9999.000,9999.000,9999.000
202606270854,   1.324,9999.000,9999.000,9999.000,9999.000,9999.000,9999.000,9999.000,9999.000
202606270900,   1.204,9999.000,   0.500,   0.086,   1.790,   0.500,   1.790,   0.600,   1.890
202606270906,   1.087,9999.000,9999.000,9999.000,9999.000,9999.000,9999.000,9999.000,9999.000
202606270912,   0.972,9999.000,9999.000,9999.000,9999.000,9999.000,9999.000,9999.000,9999.000
202606270918,   0.860,9999.000,9999.000,9999.000,9999.000,9999.000,9999.000,9999.000,9999.000
202606270924,   0.752,9999.000,9999.000,9999.000,9999.000,9999.000,9999.000,9999.000,9999.000
202606270930,   0.647,9999.000,9999.000,9999.000,9999.000,9999.000,9999.000,9999.000,9999.000
202606270936,   0.546,9999.000,9999.000,9999.000,9999.000,9999.000,9999.000,9999.000,9999.000
202606270942,   0.449,9999.000,9999.000,9999.000,9999.000,9999.000,9999.000,9999.000,9999.000
202606270948,   0.356,9999.000,9999.000,9999.000,9999.000,9999.000,9999.000,9999.000,9999.000
202606270954,   0.267,9999.000,9999.000,9999.000,9999.000,9999.000,9999.000,9999.000,9999.000
202606271000,   0.183,9999.000,   0.500,   0.086,   0.769,   0.400,   0.669,   0.500,   0.769
202606271006,   0.103,9999.000,9999.000,9999.000,9999.000,9999.000,9999.000,9999.000,9999.000
202606271012,   0.028,9999.000,9999.000,9999.000,9999.000,9999.000,9999.000,9999.000,9999.000
202606271018,  -0.041,9999.000,9999.000,9999.000,9999.000,9999.000,9999.000,9999.000,9999.000
202606271024,  -0.107,9999.000,9999.000,9999.000,9999.000,9999.000,9999.000,9999.000,9999.000
202606271030,  -0.167,9999.000,9999.000,9999.000,9999.000,9999.000,9999.000,9999.000,9999.000
202606271036,  -0.222,9999.000,9999.000,9999.000,9999.000,9999.000,9999.000,9999.000,9999.000
202606271042,  -0.272,9999.000,9999.000,9999.000,9999.000,9999.000,9999.000,9999.000,9999.000
202606271048,  -0.317,9999.000,9999.000,9999.000,9999.000,9999.000,9999.000,9999.000,9999.000
202606271054,  -0.356,9999.000,9999.000,9999.000,9999.000,9999.000,9999.000,9999.000,9999.000
202606271100,  -0.390,9999.000,   0.700,   0.086,   0.396,   0.500,   0.196,   0.700,   0.396
202606271106,  -0.418,9999.000,9999.000,9999.000,9999.000,9999.000,9999.000,9999.000,9999.000
202606271112,  -0.442,9999.000,9999.000,9999.000,9999.000,9999.000,9999.000,9999.000,9999.000
202606271118,  -0.459,9999.000,9999.000,9999.000,9999.000,9999.000,9999.000,9999.000,9999.000
202606271124,  -0.472,9999.000,9999.000,9999.000,9999.000,9999.000,9999.000,9999.000,9999.000
202606271130,  -0.478,9999.000,9999.000,9999.000,9999.000,9999.000,9999.000,9999.000,9999.000
202606271136,  -0.480,9999.000,9999.000,9999.000,9999.000,9999.000,9999.000,9999.000,9999.000
202606271142,  -0.476,9999.000,9999.000,9999.000,9999.000,9999.000,9999.000,9999.000,9999.000
202606271148,  -0.467,9999.000,9999.000,9999.000,9999.000,9999.000,9999.000,9999.000,9999.000
202606271154,  -0.453,9999.000,9999.000,9999.000,9999.000,9999.000,9999.000,9999.000,9999.000
202606271200,  -0.434,9999.000,   0.600,   0.086,   0.252,   0.500,   0.152,   0.700,   0.352
202606271206,  -0.410,9999.000,9999.000,9999.000,9999.000,9999.000,9999.000,9999.000,9999.000
202606271212,  -0.380,9999.000,9999.000,9999.000,9999.000,9999.000,9999.000,9999.000,9999.000
202606271218,  -0.347,9999.000,9999.000,9999.000,9999.000,9999.000,9999.000,9999.000,9999.000
202606271224,  -0.308,9999.000,9999.000,9999.000,9999.000,9999.000,9999.000,9999.000,9999.000
202606271230,  -0.265,9999.000,9999.000,9999.000,9999.000,9999.000,9999.000,9999.000,9999.000
202606271236,  -0.218,9999.000,9999.000,9999.000,9999.000,9999.000,9999.000,9999.000,9999.000
202606271242,  -0.166,9999.000,9999.000,9999.000,9999.000,9999.000,9999.000,9999.000,9999.000
202606271248,  -0.110,9999.000,9999.000,9999.000,9999.000,9999.000,9999.000,9999.000,9999.000
202606271254,  -0.050,9999.000,9999.000,9999.000,9999.000,9999.000,9999.000,9999.000,9999.000
202606271300,   0.012,9999.000,   0.500,   0.086,   0.598,   0.500,   0.598,   0.600,   0.698
202606271306,   0.079,9999.000,9999.000,9999.000,9999.000,9999.000,9999.000,9999.000,9999.000
202606271312,   0.150,9999.000,9999.000,9999.000,9999.000,9999.000,9999.000,9999.000,9999.000
202606271318,   0.224,9999.000,9999.000,9999.000,9999.000,9999.000,9999.000,9999.000,9999.000
202606271324,   0.301,9999.000,9999.000,9999.000,9999.000,9999.000,9999.000,9999.000,9999.000
202606271330,   0.380,9999.000,9999.000,9999.000,9999.000,9999.000,9999.000,9999.000,9999.000
202606271336,   0.463,9999.000,9999.000,9999.000,9999.000,9999.000,9999.000,9999.000,9999.000
202606271342,   0.548,9999.000,9999.000,9999.000,9999.000,9999.000,9999.000,9999.000,9999.000
202606271348,   0.635,9999.000,9999.000,9999.000,9999.000,9999.000,9999.000,9999.000,9999.000
202606271354,   0.725,9999.000,9999.000,9999.000,9999.000,9999.000,9999.000,9999.000,9999.000
202606271400,   0.816,9999.000,   0.500,   0.086,   1.402,   0.400,   1.302,   0.500,   1.402
202606271406,   0.910,9999.000,9999.000,9999.000,9999.000,9999.000,9999.000,9999.000,9999.000
202606271412,   1.004,9999.000,9999.000,9999.000,9999.000,9999.000,9999.000,9999.000,9999.000
202606271418,   1.100,9999.000,9999.000,9999.000,9999.000,9999.000,9999.000,9999.000,9999.000
202606271424,   1.197,9999.000,9999.000,9999.000,9999.000,9999.000,9999.000,9999.000,9999.000
202606271430,   1.295,9999.000,9999.000,9999.000,9999.000,9999.000,9999.000,9999.000,9999.000
202606271436,   1.394,9999.000,9999.000,9999.000,9999.000,9999.000,9999.000,9999.000,9999.000
202606271442,   1.493,9999.000,9999.000,9999.000,9999.000,9999.000,9999.000,9999.000,9999.000
202606271448,   1.592,9999.000,9999.000,9999.000,9999.000,9999.000,9999.000,9999.000,9999.000
202606271454,   1.691,9999.000,9999.000,9999.000,9999.000,9999.000,9999.000,9999.000,9999.000
202606271500,   1.791,9999.000,   0.600,   0.086,   2.477,   0.500,   2.377,   0.700,   2.577
202606271506,   1.889,9999.000,9999.000,9999.000,9999.000,9999.000,9999.000,9999.000,9999.000
202606271512,   1.988,9999.000,9999.000,9999.000,9999.000,9999.000,9999.000,9999.000,9999.000
202606271518,   2.085,9999.000,9999.000,9999.000,9999.000,9999.000,9999.000,9999.000,9999.000
202606271524,   2.181,9999.000,9999.000,9999.000,9999.000,9999.000,9999.000,9999.000,9999.000
202606271530,   2.276,9999.000,9999.000,9999.000,9999.000,9999.000,9999.000,9999.000,9999.000
202606271536,   2.370,9999.000,9999.000,9999.000,9999.000,9999.000,9999.000,9999.000,9999.000
202606271542,   2.462,9999.000,9999.000,9999.000,9999.000,9999.000,9999.000,9999.000,9999.000
202606271548,   2.552,9999.000,9999.000,9999.000,9999.000,9999.000,9999.000,9999.000,9999.000
202606271554,   2.640,9999.000,9999.000,9999.000,9999.000,9999.000,9999.000,9999.000,9999.000
202606271600,   2.727,9999.000,   0.600,   0.086,   3.413,   0.500,   3.313,   0.600,   3.413
202606271606,   2.811,9999.000,9999.000,9999.000,9999.000,9999.000,9999.000,9999.000,9999.000
202606271612,   2.892,9999.000,9999.000,9999.000,9999.000,9999.000,9999.000,9999.000,9999.000
202606271618,   2.971,9999.000,9999.000,9999.000,9999.000,9999.000,9999.000,9999.000,9999.000
202606271624,   3.047,9999.000,9999.000,9999.000,9999.000,9999.000,9999.000,9999.000,9999.000
202606271630,   3.120,9999.000,9999.000,9999.000,9999.000,9999.000,9999.000,9999.000,9999.000
202606271636,   3.190,9999.000,9999.000,9999.000,9999.000,9999.000,9999.000,9999.000,9999.000
202606271642,   3.258,9999.000,9999.000,9999.000,9999.000,9999.000,9999.000,9999.000,9999.000
202606271648,   3.322,9999.000,9999.000,9999.000,9999.000,9999.000,9999.000,9999.000,9999.000
202606271654,   3.383,9999.000,9999.000,9999.000,9999.000,9999.000,9999.000,9999.000,9999.000
202606271700,   3.440,9999.000,   0.400,   0.086,   3.926,   0.400,   3.926,   0.500,   4.026
202606271706,   3.494,9999.000,9999.000,9999.000,9999.000,9999.000,9999.000,9999.000,9999.000
202606271712,   3.545,9999.000,9999.000,9999.000,9999.000,9999.000,9999.000,9999.000,9999.000
202606271718,   3.592,9999.000,9999.000,9999.000,9999.000,9999.000,9999.000,9999.000,9999.000
202606271724,   3.636,9999.000,9999.000,9999.000,9999.000,9999.000,9999.000,9999.000,9999.000
202606271730,   3.677,9999.000,9999.000,9999.000,9999.000,9999.000,9999.000,9999.000,9999.000
202606271736,   3.714,9999.000,9999.000,9999.000,9999.000,9999.000,9999.000,9999.000,9999.000
202606271742,   3.747,9999.000,9999.000,9999.000,9999.000,9999.000,9999.000,9999.000,9999.000
202606271748,   3.777,9999.000,9999.000,9999.000,9999.000,9999.000,9999.000,9999.000,9999.000
202606271754,   3.804,9999.000,9999.000,9999.000,9999.000,9999.000,9999.000,9999.000,9999.000
202606271800,   3.827,9999.000,   0.400,   0.086,   4.313,   0.400,   4.313,   0.500,   4.413
202606271806,   3.847,9999.000,9999.000,9999.000,9999.000,9999.000,9999.000,9999.000,9999.000
202606271812,   3.864,9999.000,9999.000,9999.000,9999.000,9999.000,9999.000,9999.000,9999.000
202606271818,   3.878,9999.000,9999.000,9999.000,9999.000,9999.000,9999.000,9999.000,9999.000
202606271824,   3.888,9999.000,9999.000,9999.000,9999.000,9999.000,9999.000,9999.000,9999.000
202606271830,   3.896,9999.000,9999.000,9999.000,9999.000,9999.000,9999.000,9999.000,9999.000
202606271836,   3.900,9999.000,9999.000,9999.000,9999.000,9999.000,9999.000,9999.000,9999.000
202606271842,   3.902,9999.000,9999.000,9999.000,9999.000,9999.000,9999.000,9999.000,9999.000
202606271848,   3.901,9999.000,9999.000,9999.000,9999.000,9999.000,9999.000,9999.000,9999.000
202606271854,   3.898,9999.000,9999.000,9999.000,9999.000,9999.000,9999.000,9999.000,9999.000
202606271900,   3.892,9999.000,   0.600,   0.086,   4.578,   0.500,   4.478,   0.600,   4.578
202606271906,   3.884,9999.000,9999.000,9999.000,9999.000,9999.000,9999.000,9999.000,9999.000
202606271912,   3.873,9999.000,9999.000,9999.000,9999.000,9999.000,9999.000,9999.000,9999.000
202606271918,   3.861,9999.000,9999.000,9999.000,9999.000,9999.000,9999.000,9999.000,9999.000
202606271924,   3.846,9999.000,9999.000,9999.000,9999.000,9999.000,9999.000,9999.000,9999.000
202606271930,   3.830,9999.000,9999.000,9999.000,9999.000,9999.000,9999.000,9999.000,9999.000
202606271936,   3.811,9999.000,9999.000,9999.000,9999.000,9999.000,9999.000,9999.000,9999.000
202606271942,   3.792,9999.000,9999.000,9999.000,9999.000,9999.000,9999.000,9999.000,9999.000
202606271948,   3.771,9999.000,9999.000,9999.000,9999.000,9999.000,9999.000,9999.000,9999.000
202606271954,   3.748,9999.000,9999.000,9999.000,9999.000,9999.000,9999.000,9999.000,9999.000
202606272000,   3.725,9999.000,   0.600,   0.086,   4.411,   0.500,   4.311,   0.600,   4.411
202606272006,   3.701,9999.000,9999.000,9999.000,9999.000,9999.000,9999.000,9999.000,9999.000
202606272012,   3.676,9999.000,9999.000,9999.000,9999.000,9999.000,9999.000,9999.000,9999.000
202606272018,   3.650,9999.000,9999.000,9999.000,9999.000,9999.000,9999.000,9999.000,9999.000
202606272024,   3.624,9999.000,9999.000,9999.000,9999.000,9999.000,9999.000,9999.000,9999.000
202606272030,   3.597,9999.000,9999.000,9999.000,9999.000,9999.000,9999.000,9999.000,9999.000
202606272036,   3.571,9999.000,9999.000,9999.000,9999.000,9999.000,9999.000,9999.000,9999.000
202606272042,   3.544,9999.000,9999.000,9999.000,9999.000,9999.000,9999.000,9999.000,9999.000
202606272048,   3.518,9999.000,9999.000,9999.000,9999.000,9999.000,9999.000,9999.000,9999.000
202606272054,   3.492,9999.000,9999.000,9999.000,9999.000,9999.000,9999.000,9999.000,9999.000
202606272100,   3.467,9999.000,   0.400,   0.086,   3.953,   0.400,   3.953,   0.500,   4.053
202606272106,   3.442,9999.000,9999.000,9999.000,9999.000,9999.000,9999.000,9999.000,9999.000
202606272112,   3.419,9999.000,9999.000,9999.000,9999.000,9999.000,9999.000,9999.000,9999.000
202606272118,   3.396,9999.000,9999.000,9999.000,9999.000,9999.000,9999.000,9999.000,9999.000
202606272124,   3.374,9999.000,9999.000,9999.000,9999.000,9999.000,9999.000,9999.000,9999.000
202606272130,   3.354,9999.000,9999.000,9999.000,9999.000,9999.000,9999.000,9999.000,9999.000
202606272136,   3.336,9999.000,9999.000,9999.000,9999.000,9999.000,9999.000,9999.000,9999.000
202606272142,   3.319,9999.000,9999.000,9999.000,9999.000,9999.000,9999.000,9999.000,9999.000
202606272148,   3.303,9999.000,9999.000,9999.000,9999.000,9999.000,9999.000,9999.000,9999.000
202606272154,   3.290,9999.000,9999.000,9999.000,9999.000,9999.000,9999.000,9999.000,9999.000
202606272200,   3.279,9999.000,   0.400,   0.086,   3.765,   0.300,   3.665,   0.500,   3.865
202606272206,   3.270,9999.000,9999.000,9999.000,9999.000,9999.000,9999.000,9999.000,9999.000
202606272212,   3.263,9999.000,9999.000,9999.000,9999.000,9999.000,9999.000,9999.000,9999.000
202606272218,   3.259,9999.000,9999.000,9999.000,9999.000,9999.000,9999.000,9999.000,9999.000
202606272224,   3.257,9999.000,9999.000,9999.000,9999.000,9999.000,9999.000,9999.000,9999.000
202606272230,   3.258,9999.000,9999.000,9999.000,9999.000,9999.000,9999.000,9999.000,9999.000
202606272236,   3.261,9999.000,9999.000,9999.000,9999.000,9999.000,9999.000,9999.000,9999.000
202606272242,   3.267,9999.000,9999.000,9999.000,9999.000,9999.000,9999.000,9999.000,9999.000
202606272248,   3.276,9999.000,9999.000,9999.000,9999.000,9999.000,9999.000,9999.000,9999.000
202606272254,   3.288,9999.000,9999.000,9999.000,9999.000,9999.000,9999.000,9999.000,9999.000
202606272300,   3.302,9999.000,   0.500,   0.086,   3.888,   0.500,   3.888,   0.600,   3.988
202606272306,   3.319,9999.000,9999.000,9999.000,9999.000,9999.000,9999.000,9999.000,9999.000
202606272312,   3.340,9999.000,9999.000,9999.000,9999.000,9999.000,9999.000,9999.000,9999.000
202606272318,   3.363,9999.000,9999.000,9999.000,9999.000,9999.000,9999.000,9999.000,9999.000
202606272324,   3.389,9999.000,9999.000,9999.000,9999.000,9999.000,9999.000,9999.000,9999.000
202606272330,   3.418,9999.000,9999.000,9999.000,9999.000,9999.000,9999.000,9999.000,9999.000
202606272336,   3.450,9999.000,9999.000,9999.000,9999.000,9999.000,9999.000,9999.000,9999.000
202606272342,   3.484,9999.000,9999.000,9999.000,9999.000,9999.000,9999.000,9999.000,9999.000
202606272348,   3.521,9999.000,9999.000,9999.000,9999.000,9999.000,9999.000,9999.000,9999.000
202606272354,   3.561,9999.000,9999.000,9999.000,9999.000,9999.000,9999.000,9999.000,9999.000
202606280000,   3.604,9999.000,   0.500,   0.086,   4.190,   0.400,   4.090,   0.600,   4.290
202606280006,   3.649,9999.000,9999.000,9999.000,9999.000,9999.000,9999.000,9999.000,9999.000
202606280012,   3.696,9999.000,9999.000,9999.000,9999.000,9999.000,9999.000,9999.000,9999.000
202606280018,   3.746,9999.000,9999.000,9999.000,9999.000,9999.000,9999.000,9999.000,9999.000
202606280024,   3.799,9999.000,9999.000,9999.000,9999.000,9999.000,9999.000,9999.000,9999.000
202606280030,   3.853,9999.000,9999.000,9999.000,9999.000,9999.000,9999.000,9999.000,9999.000
202606280036,   3.909,9999.000,9999.000,9999.000,9999.000,9999.000,9999.000,9999.000,9999.000
202606280042,   3.968,9999.000,9999.000,9999.000,9999.000,9999.000,9999.000,9999.000,9999.000
202606280048,   4.028,9999.000,9999.000,9999.000,9999.000,9999.000,9999.000,9999.000,9999.000
202606280054,   4.089,9999.000,9999.000,9999.000,9999.000,9999.000,9999.000,9999.000,9999.000
202606280100,   4.153,9999.000,   0.400,   0.086,   4.639,   0.300,   4.539,   0.500,   4.739
202606280106,   4.217,9999.000,9999.000,9999.000,9999.000,9999.000,9999.000,9999.000,9999.000
202606280112,   4.283,9999.000,9999.000,9999.000,9999.000,9999.000,9999.000,9999.000,9999.000
202606280118,   4.350,9999.000,9999.000,9999.000,9999.000,9999.000,9999.000,9999.000,9999.000
202606280124,   4.418,9999.000,9999.000,9999.000,9999.000,9999.000,9999.000,9999.000,9999.000
202606280130,   4.486,9999.000,9999.000,9999.000,9999.000,9999.000,9999.000,9999.000,9999.000
202606280136,   4.556,9999.000,9999.000,9999.000,9999.000,9999.000,9999.000,9999.000,9999.000
202606280142,   4.625,9999.000,9999.000,9999.000,9999.000,9999.000,9999.000,9999.000,9999.000
202606280148,   4.695,9999.000,9999.000,9999.000,9999.000,9999.000,9999.000,9999.000,9999.000
202606280154,   4.765,9999.000,9999.000,9999.000,9999.000,9999.000,9999.000,9999.000,9999.000
202606280200,   4.835,9999.000,   0.400,   0.086,   5.321,   0.300,   5.221,   0.500,   5.421
202606280206,   4.904,9999.000,9999.000,9999.000,9999.000,9999.000,9999.000,9999.000,9999.000
202606280212,   4.973,9999.000,9999.000,9999.000,9999.000,9999.000,9999.000,9999.000,9999.000
202606280218,   5.042,9999.000,9999.000,9999.000,9999.000,9999.000,9999.000,9999.000,9999.000
202606280224,   5.109,9999.000,9999.000,9999.000,9999.000,9999.000,9999.000,9999.000,9999.000
202606280230,   5.176,9999.000,9999.000,9999.000,9999.000,9999.000,9999.000,9999.000,9999.000
202606280236,   5.241,9999.000,9999.000,9999.000,9999.000,9999.000,9999.000,9999.000,9999.000
202606280242,   5.304,9999.000,9999.000,9999.000,9999.000,9999.000,9999.000,9999.000,9999.000
202606280248,   5.366,9999.000,9999.000,9999.000,9999.000,9999.000,9999.000,9999.000,9999.000
202606280254,   5.427,9999.000,9999.000,9999.000,9999.000,9999.000,9999.000,9999.000,9999.000
202606280300,   5.485,9999.000,   0.500,   0.086,   6.071,   0.400,   5.971,   0.500,   6.071
202606280306,   5.541,9999.000,9999.000,9999.000,9999.000,9999.000,9999.000,9999.000,9999.000
202606280312,   5.594,9999.000,9999.000,9999.000,9999.000,9999.000,9999.000,9999.000,9999.000
202606280318,   5.645,9999.000,9999.000,9999.000,9999.000,9999.000,9999.000,9999.000,9999.000
202606280324,   5.693,9999.000,9999.000,9999.000,9999.000,9999.000,9999.000,9999.000,9999.000
202606280330,   5.737,9999.000,9999.000,9999.000,9999.000,9999.000,9999.000,9999.000,9999.000
202606280336,   5.779,9999.000,9999.000,9999.000,9999.000,9999.000,9999.000,9999.000,9999.000
202606280342,   5.817,9999.000,9999.000,9999.000,9999.000,9999.000,9999.000,9999.000,9999.000
202606280348,   5.852,9999.000,9999.000,9999.000,9999.000,9999.000,9999.000,9999.000,9999.000
202606280354,   5.883,9999.000,9999.000,9999.000,9999.000,9999.000,9999.000,9999.000,9999.000
202606280400,   5.910,9999.000,   0.400,   0.086,   6.396,   0.400,   6.396,   0.600,   6.596
202606280406,   5.933,9999.000,9999.000,9999.000,9999.000,9999.000,9999.000,9999.000,9999.000
202606280412,   5.951,9999.000,9999.000,9999.000,9999.000,9999.000,9999.000,9999.000,9999.000
202606280418,   5.966,9999.000,9999.000,9999.000,9999.000,9999.000,9999.000,9999.000,9999.000
202606280424,   5.976,9999.000,9999.000,9999.000,9999.000,9999.000,9999.000,9999.000,9999.000
202606280430,   5.981,9999.000,9999.000,9999.000,9999.000,9999.000,9999.000,9999.000,9999.000
202606280436,   5.981,9999.000,9999.000,9999.000,9999.000,9999.000,9999.000,9999.000,9999.000
202606280442,   5.977,9999.000,9999.000,9999.000,9999.000,9999.000,9999.000,9999.000,9999.000
202606280448,   5.968,9999.000,9999.000,9999.000,9999.000,9999.000,9999.000,9999.000,9999.000
202606280454,   5.954,9999.000,9999.000,9999.000,9999.000,9999.000,9999.000,9999.000,9999.000
202606280500,   5.935,9999.000,   0.300,   0.086,   6.321,   0.200,   6.221,   0.400,   6.421
202606280506,   5.911,9999.000,9999.000,9999.000,9999.000,9999.000,9999.000,9999.000,9999.000
202606280512,   5.882,9999.000,9999.000,9999.000,9999.000,9999.000,9999.000,9999.000,9999.000
202606280518,   5.848,9999.000,9999.000,9999.000,9999.000,9999.000,9999.000,9999.000,9999.000
202606280524,   5.809,9999.000,9999.000,9999.000,9999.000,9999.000,9999.000,9999.000,9999.000
202606280530,   5.765,9999.000,9999.000,9999.000,9999.000,9999.000,9999.000,9999.000,9999.000
202606280536,   5.716,9999.000,9999.000,9999.000,9999.000,9999.000,9999.000,9999.000,9999.000
202606280542,   5.661,9999.000,9999.000,9999.000,9999.000,9999.000,9999.000,9999.000,9999.000
202606280548,   5.602,9999.000,9999.000,9999.000,9999.000,9999.000,9999.000,9999.000,9999.000
202606280554,   5.538,9999.000,9999.000,9999.000,9999.000,9999.000,9999.000,9999.000,9999.000
202606280600,   5.469,9999.000,   0.300,   0.086,   5.855,   0.200,   5.755,   0.400,   5.955
202606280606,   5.396,9999.000,9999.000,9999.000,9999.000,9999.000,9999.000,9999.000,9999.000
202606280612,   5.318,9999.000,9999.000,9999.000,9999.000,9999.000,9999.000,9999.000,9999.000
202606280618,   5.235,9999.000,9999.000,9999.000,9999.000,9999.000,9999.000,9999.000,9999.000
202606280624,   5.148,9999.000,9999.000,9999.000,9999.000,9999.000,9999.000,9999.000,9999.000
202606280630,   5.056,9999.000,9999.000,9999.000,9999.000,9999.000,9999.000,9999.000,9999.000
202606280636,   4.961,9999.000,9999.000,9999.000,9999.000,9999.000,9999.000,9999.000,9999.000
202606280642,   4.861,9999.000,9999.000,9999.000,9999.000,9999.000,9999.000,9999.000,9999.000
202606280648,   4.758,9999.000,9999.000,9999.000,9999.000,9999.000,9999.000,9999.000,9999.000
202606280654,   4.650,9999.000,9999.000,9999.000,9999.000,9999.000,9999.000,9999.000,9999.000
202606280700,   4.540,9999.000,   0.400,   0.086,   5.026,   0.300,   4.926,   0.500,   5.126
202606280706,   4.426,9999.000,9999.000,9999.000,9999.000,9999.000,9999.000,9999.000,9999.000
202606280712,   4.308,9999.000,9999.000,9999.000,9999.000,9999.000,9999.000,9999.000,9999.000
202606280718,   4.188,9999.000,9999.000,9999.000,9999.000,9999.000,9999.000,9999.000,9999.000
202606280724,   4.065,9999.000,9999.000,9999.000,9999.000,9999.000,9999.000,9999.000,9999.000
202606280730,   3.940,9999.000,9999.000,9999.000,9999.000,9999.000,9999.000,9999.000,9999.000
202606280736,   3.812,9999.000,9999.000,9999.000,9999.000,9999.000,9999.000,9999.000,9999.000
202606280742,   3.682,9999.000,9999.000,9999.000,9999.000,9999.000,9999.000,9999.000,9999.000
202606280748,   3.550,9999.000,9999.000,9999.000,9999.000,9999.000,9999.000,9999.000,9999.000
202606280754,   3.416,9999.000,9999.000,9999.000,9999.000,9999.000,9999.000,9999.000,9999.000
202606280800,   3.281,9999.000,   0.400,   0.086,   3.767,   0.300,   3.667,   0.400,   3.767
202606280806,   3.145,9999.000,9999.000,9999.000,9999.000,9999.000,9999.000,9999.000,9999.000
202606280812,   3.007,9999.000,9999.000,9999.000,9999.000,9999.000,9999.000,9999.000,9999.000
202606280818,   2.869,9999.000,9999.000,9999.000,9999.000,9999.000,9999.000,9999.000,9999.000
202606280824,   2.731,9999.000,9999.000,9999.000,9999.000,9999.000,9999.000,9999.000,9999.000
202606280830,   2.592,9999.000,9999.000,9999.000,9999.000,9999.000,9999.000,9999.000,9999.000
202606280836,   2.453,9999.000,9999.000,9999.000,9999.000,9999.000,9999.000,9999.000,9999.000
202606280842,   2.314,9999.000,9999.000,9999.000,9999.000,9999.000,9999.000,9999.000,9999.000
202606280848,   2.176,9999.000,9999.000,9999.000,9999.000,9999.000,9999.000,9999.000,9999.000
202606280854,   2.038,9999.000,9999.000,9999.000,9999.000,9999.000,9999.000,9999.000,9999.000
202606280900,   1.902,9999.000,   0.300,   0.086,   2.288,   0.200,   2.188,   0.400,   2.388
202606280906,   1.767,9999.000,9999.000,9999.000,9999.000,9999.000,9999.000,9999.000,9999.000
202606280912,   1.633,9999.000,9999.000,9999.000,9999.000,9999.000,9999.000,9999.000,9999.000
202606280918,   1.501,9999.000,9999.000,9999.000,9999.000,9999.000,9999.000,9999.000,9999.000
202606280924,   1.371,9999.000,9999.000,9999.000,9999.000,9999.000,9999.000,9999.000,9999.000
202606280930,   1.244,9999.000,9999.000,9999.000,9999.000,9999.000,9999.000,9999.000,9999.000
202606280936,   1.119,9999.000,9999.000,9999.000,9999.000,9999.000,9999.000,9999.000,9999.000
202606280942,   0.997,9999.000,9999.000,9999.000,9999.000,9999.000,9999.000,9999.000,9999.000
202606280948,   0.877,9999.000,9999.000,9999.000,9999.000,9999.000,9999.000,9999.000,9999.000
202606280954,   0.761,9999.000,9999.000,9999.000,9999.000,9999.000,9999.000,9999.000,9999.000
202606281000,   0.649,9999.000,   0.300,   0.086,   1.035,   0.200,   0.935,   0.400,   1.135
202606281006,   0.540,9999.000,9999.000,9999.000,9999.000,9999.000,9999.000,9999.000,9999.000
202606281012,   0.435,9999.000,9999.000,9999.000,9999.000,9999.000,9999.000,9999.000,9999.000
202606281018,   0.334,9999.000,9999.000,9999.000,9999.000,9999.000,9999.000,9999.000,9999.000
202606281024,   0.237,9999.000,9999.000,9999.000,9999.000,9999.000,9999.000,9999.000,9999.000
202606281030,   0.145,9999.000,9999.000,9999.000,9999.000,9999.000,9999.000,9999.000,9999.000
202606281036,   0.057,9999.000,9999.000,9999.000,9999.000,9999.000,9999.000,9999.000,9999.000
202606281042,  -0.025,9999.000,9999.000,9999.000,9999.000,9999.000,9999.000,9999.000,9999.000
202606281048,  -0.103,9999.000,9999.000,9999.000,9999.000,9999.000,9999.000,9999.000,9999.000
202606281054,  -0.177,9999.000,9999.000,9999.000,9999.000,9999.000,9999.000,9999.000,9999.000
202606281100,  -0.245,9999.000,   0.400,   0.086,   0.241,   0.400,   0.241,   0.500,   0.341
202606281106,  -0.307,9999.000,9999.000,9999.000,9999.000,9999.000,9999.000,9999.000,9999.000
202606281112,  -0.365,9999.000,9999.000,9999.000,9999.000,9999.000,9999.000,9999.000,9999.000
202606281118,  -0.417,9999.000,9999.000,9999.000,9999.000,9999.000,9999.000,9999.000,9999.000
202606281124,  -0.464,9999.000,9999.000,9999.000,9999.000,9999.000,9999.000,9999.000,9999.000
202606281130,  -0.505,9999.000,9999.000,9999.000,9999.000,9999.000,9999.000,9999.000,9999.000
202606281136,  -0.541,9999.000,9999.000,9999.000,9999.000,9999.000,9999.000,9999.000,9999.000
202606281142,  -0.571,9999.000,9999.000,9999.000,9999.000,9999.000,9999.000,9999.000,9999.000
202606281148,  -0.595,9999.000,9999.000,9999.000,9999.000,9999.000,9999.000,9999.000,9999.000
202606281154,  -0.614,9999.000,9999.000,9999.000,9999.000,9999.000,9999.000,9999.000,9999.000
202606281200,  -0.628,9999.000,   0.400,   0.086,  -0.142,   0.300,  -0.242,   0.400,  -0.142
202606281206,  -0.635,9999.000,9999.000,9999.000,9999.000,9999.000,9999.000,9999.000,9999.000
202606281212,  -0.638,9999.000,9999.000,9999.000,9999.000,9999.000,9999.000,9999.000,9999.000
202606281218,  -0.634,9999.000,9999.000,9999.000,9999.000,9999.000,9999.000,9999.000,9999.000
202606281224,  -0.626,9999.000,9999.000,9999.000,9999.000,9999.000,9999.000,9999.000,9999.000
202606281230,  -0.612,9999.000,9999.000,9999.000,9999.000,9999.000,9999.000,9999.000,9999.000
202606281236,  -0.593,9999.000,9999.000,9999.000,9999.000,9999.000,9999.000,9999.000,9999.000
202606281242,  -0.568,9999.000,9999.000,9999.000,9999.000,9999.000,9999.000,9999.000,9999.000
202606281248,  -0.539,9999.000,9999.000,9999.000,9999.000,9999.000,9999.000,9999.000,9999.000
202606281254,  -0.504,9999.000,9999.000,9999.000,9999.000,9999.000,9999.000,9999.000,9999.000
202606281300,  -0.465,9999.000,   0.300,   0.086,  -0.079,   0.200,  -0.179,   0.400,   0.021
202606281306,  -0.420,9999.000,9999.000,9999.000,9999.000,9999.000,9999.000,9999.000,9999.000
202606281312,  -0.371,9999.000,9999.000,9999.000,9999.000,9999.000,9999.000,9999.000,9999.000
202606281318,  -0.318,9999.000,9999.000,9999.000,9999.000,9999.000,9999.000,9999.000,9999.000
202606281324,  -0.260,9999.000,9999.000,9999.000,9999.000,9999.000,9999.000,9999.000,9999.000
202606281330,  -0.198,9999.000,9999.000,9999.000,9999.000,9999.000,9999.000,9999.000,9999.000
202606281336,  -0.132,9999.000,9999.000,9999.000,9999.000,9999.000,9999.000,9999.000,9999.000
202606281342,  -0.062,9999.000,9999.000,9999.000,9999.000,9999.000,9999.000,9999.000,9999.000
202606281348,   0.010,9999.000,9999.000,9999.000,9999.000,9999.000,9999.000,9999.000,9999.000
202606281354,   0.088,9999.000,9999.000,9999.000,9999.000,9999.000,9999.000,9999.000,9999.000
202606281400,   0.168,9999.000,   0.300,   0.086,   0.554,   0.300,   0.554,   0.400,   0.654
202606281406,   0.252,9999.000,9999.000,9999.000,9999.000,9999.000,9999.000,9999.000,9999.000
202606281412,   0.339,9999.000,9999.000,9999.000,9999.000,9999.000,9999.000,9999.000,9999.000
202606281418,   0.429,9999.000,9999.000,9999.000,9999.000,9999.000,9999.000,9999.000,9999.000
202606281424,   0.521,9999.000,9999.000,9999.000,9999.000,9999.000,9999.000,9999.000,9999.000
202606281430,   0.616,9999.000,9999.000,9999.000,9999.000,9999.000,9999.000,9999.000,9999.000
202606281436,   0.712,9999.000,9999.000,9999.000,9999.000,9999.000,9999.000,9999.000,9999.000
202606281442,   0.811,9999.000,9999.000,9999.000,9999.000,9999.000,9999.000,9999.000,9999.000
202606281448,   0.911,9999.000,9999.000,9999.000,9999.000,9999.000,9999.000,9999.000,9999.000
202606281454,   1.013,9999.000,9999.000,9999.000,9999.000,9999.000,9999.000,9999.000,9999.000
202606281500,   1.116,9999.000,   0.400,   0.086,   1.602,   0.300,   1.502,   0.500,   1.702
202606281506,   1.220,9999.000,9999.000,9999.000,9999.000,9999.000,9999.000,9999.000,9999.000
202606281512,   1.325,9999.000,9999.000,9999.000,9999.000,9999.000,9999.000,9999.000,9999.000
202606281518,   1.430,9999.000,9999.000,9999.000,9999.000,9999.000,9999.000,9999.000,9999.000
202606281524,   1.536,9999.000,9999.000,9999.000,9999.000,9999.000,9999.000,9999.000,9999.000
202606281530,   1.642,9999.000,9999.000,9999.000,9999.000,9999.000,9999.000,9999.000,9999.000
202606281536,   1.747,9999.000,9999.000,9999.000,9999.000,9999.000,9999.000,9999.000,9999.000
202606281542,   1.852,9999.000,9999.000,9999.000,9999.000,9999.000,9999.000,9999.000,9999.000
202606281548,   1.957,9999.000,9999.000,9999.000,9999.000,9999.000,9999.000,9999.000,9999.000
202606281554,   2.060,9999.000,9999.000,9999.000,9999.000,9999.000,9999.000,9999.000,9999.000
202606281600,   2.163,9999.000,   0.400,   0.086,   2.649,   0.300,   2.549,   0.500,   2.749
202606281606,   2.264,9999.000,9999.000,9999.000,9999.000,9999.000,9999.000,9999.000,9999.000
202606281612,   2.364,9999.000,9999.000,9999.000,9999.000,9999.000,9999.000,9999.000,9999.000
202606281618,   2.462,9999.000,9999.000,9999.000,9999.000,9999.000,9999.000,9999.000,9999.000
202606281624,   2.558,9999.000,9999.000,9999.000,9999.000,9999.000,9999.000,9999.000,9999.000
202606281630,   2.652,9999.000,9999.000,9999.000,9999.000,9999.000,9999.000,9999.000,9999.000
202606281636,   2.743,9999.000,9999.000,9999.000,9999.000,9999.000,9999.000,9999.000,9999.000
202606281642,   2.833,9999.000,9999.000,9999.000,9999.000,9999.000,9999.000,9999.000,9999.000
202606281648,   2.919,9999.000,9999.000,9999.000,9999.000,9999.000,9999.000,9999.000,9999.000
202606281654,   3.003,9999.000,9999.000,9999.000,9999.000,9999.000,9999.000,9999.000,9999.000
202606281700,   3.084,9999.000,   0.300,   0.086,   3.470,   0.300,   3.470,   0.400,   3.570
202606281706,   3.162,9999.000,9999.000,9999.000,9999.000,9999.000,9999.000,9999.000,9999.000
202606281712,   3.237,9999.000,9999.000,9999.000,9999.000,9999.000,9999.000,9999.000,9999.000
202606281718,   3.309,9999.000,9999.000,9999.000,9999.000,9999.000,9999.000,9999.000,9999.000
202606281724,   3.377,9999.000,9999.000,9999.000,9999.000,9999.000,9999.000,9999.000,9999.000
202606281730,   3.443,9999.000,9999.000,9999.000,9999.000,9999.000,9999.000,9999.000,9999.000
202606281736,   3.504,9999.000,9999.000,9999.000,9999.000,9999.000,9999.000,9999.000,9999.000
202606281742,   3.562,9999.000,9999.000,9999.000,9999.000,9999.000,9999.000,9999.000,9999.000
202606281748,   3.617,9999.000,9999.000,9999.000,9999.000,9999.000,9999.000,9999.000,9999.000
202606281754,   3.668,9999.000,9999.000,9999.000,9999.000,9999.000,9999.000,9999.000,9999.000
202606281800,   3.716,9999.000,   0.400,   0.086,   4.202,   0.300,   4.102,   0.400,   4.202
202606281806,   3.760,9999.000,9999.000,9999.000,9999.000,9999.000,9999.000,9999.000,9999.000
202606281812,   3.800,9999.000,9999.000,9999.000,9999.000,9999.000,9999.000,9999.000,9999.000
202606281818,   3.837,9999.000,9999.000,9999.000,9999.000,9999.000,9999.000,9999.000,9999.000
202606281824,   3.870,9999.000,9999.000,9999.000,9999.000,9999.000,9999.000,9999.000,9999.000
202606281830,   3.900,9999.000,9999.000,9999.000,9999.000,9999.000,9999.000,9999.000,9999.000
202606281836,   3.926,9999.000,9999.000,9999.000,9999.000,9999.000,9999.000,9999.000,9999.000
202606281842,   3.948,9999.000,9999.000,9999.000,9999.000,9999.000,9999.000,9999.000,9999.000
202606281848,   3.968,9999.000,9999.000,9999.000,9999.000,9999.000,9999.000,9999.000,9999.000
202606281854,   3.983,9999.000,9999.000,9999.000,9999.000,9999.000,9999.000,9999.000,9999.000
202606281900,   3.996,9999.000,   0.500,   0.086,   4.582,   0.400,   4.482,   0.500,   4.582
202606281906,   4.006,9999.000,9999.000,9999.000,9999.000,9999.000,9999.000,9999.000,9999.000
202606281912,   4.012,9999.000,9999.000,9999.000,9999.000,9999.000,9999.000,9999.000,9999.000
202606281918,   4.015,9999.000,9999.000,9999.000,9999.000,9999.000,9999.000,9999.000,9999.000
202606281924,   4.016,9999.000,9999.000,9999.000,9999.000,9999.000,9999.000,9999.000,9999.000
202606281930,   4.013,9999.000,9999.000,9999.000,9999.000,9999.000,9999.000,9999.000,9999.000
202606281936,   4.008,9999.000,9999.000,9999.000,9999.000,9999.000,9999.000,9999.000,9999.000
202606281942,   4.000,9999.000,9999.000,9999.000,9999.000,9999.000,9999.000,9999.000,9999.000
202606281948,   3.990,9999.000,9999.000,9999.000,9999.000,9999.000,9999.000,9999.000,9999.000
202606281954,   3.978,9999.000,9999.000,9999.000,9999.000,9999.000,9999.000,9999.000,9999.000
202606282000,   3.963,9999.000,   0.500,   0.086,   4.549,   0.400,   4.449,   0.500,   4.549
202606282006,   3.946,9999.000,9999.000,9999.000,9999.000,9999.000,9999.000,9999.000,9999.000
202606282012,   3.927,9999.000,9999.000,9999.000,9999.000,9999.000,9999.000,9999.000,9999.000
202606282018,   3.907,9999.000,9999.000,9999.000,9999.000,9999.000,9999.000,9999.000,9999.000
202606282024,   3.885,9999.000,9999.000,9999.000,9999.000,9999.000,9999.000,9999.000,9999.000
202606282030,   3.861,9999.000,9999.000,9999.000,9999.000,9999.000,9999.000,9999.000,9999.000
202606282036,   3.837,9999.000,9999.000,9999.000,9999.000,9999.000,9999.000,9999.000,9999.000
202606282042,   3.811,9999.000,9999.000,9999.000,9999.000,9999.000,9999.000,9999.000,9999.000
202606282048,   3.784,9999.000,9999.000,9999.000,9999.000,9999.000,9999.000,9999.000,9999.000
202606282054,   3.756,9999.000,9999.000,9999.000,9999.000,9999.000,9999.000,9999.000,9999.000
202606282100,   3.728,9999.000,   0.300,   0.086,   4.114,   0.300,   4.114,   0.400,   4.214
202606282106,   3.700,9999.000,9999.000,9999.000,9999.000,9999.000,9999.000,9999.000,9999.000
202606282112,   3.671,9999.000,9999.000,9999.000,9999.000,9999.000,9999.000,9999.000,9999.000
202606282118,   3.642,9999.000,9999.000,9999.000,9999.000,9999.000,9999.000,9999.000,9999.000
202606282124,   3.614,9999.000,9999.000,9999.000,9999.000,9999.000,9999.000,9999.000,9999.000
202606282130,   3.585,9999.000,9999.000,9999.000,9999.000,9999.000,9999.000,9999.000,9999.000
202606282136,   3.558,9999.000,9999.000,9999.000,9999.000,9999.000,9999.000,9999.000,9999.000
202606282142,   3.531,9999.000,9999.000,9999.000,9999.000,9999.000,9999.000,9999.000,9999.000
202606282148,   3.504,9999.000,9999.000,9999.000,9999.000,9999.000,9999.000,9999.000,9999.000
202606282154,   3.479,9999.000,9999.000,9999.000,9999.000,9999.000,9999.000,9999.000,9999.000
202606282200,   3.455,9999.000,   0.400,   0.086,   3.941,   0.300,   3.841,   0.400,   3.941
202606282206,   3.433,9999.000,9999.000,9999.000,9999.000,9999.000,9999.000,9999.000,9999.000
202606282212,   3.412,9999.000,9999.000,9999.000,9999.000,9999.000,9999.000,9999.000,9999.000
202606282218,   3.392,9999.000,9999.000,9999.000,9999.000,9999.000,9999.000,9999.000,9999.000
202606282224,   3.375,9999.000,9999.000,9999.000,9999.000,9999.000,9999.000,9999.000,9999.000
202606282230,   3.359,9999.000,9999.000,9999.000,9999.000,9999.000,9999.000,9999.000,9999.000
202606282236,   3.346,9999.000,9999.000,9999.000,9999.000,9999.000,9999.000,9999.000,9999.000
202606282242,   3.335,9999.000,9999.000,9999.000,9999.000,9999.000,9999.000,9999.000,9999.000
202606282248,   3.326,9999.000,9999.000,9999.000,9999.000,9999.000,9999.000,9999.000,9999.000
202606282254,   3.319,9999.000,9999.000,9999.000,9999.000,9999.000,9999.000,9999.000,9999.000
202606282300,   3.315,9999.000,   0.500,   0.086,   3.901,   0.400,   3.801,   0.500,   3.901
202606282306,   3.314,9999.000,9999.000,9999.000,9999.000,9999.000,9999.000,9999.000,9999.000
202606282312,   3.315,9999.000,9999.000,9999.000,9999.000,9999.000,9999.000,9999.000,9999.000
202606282318,   3.319,9999.000,9999.000,9999.000,9999.000,9999.000,9999.000,9999.000,9999.000
202606282324,   3.326,9999.000,9999.000,9999.000,9999.000,9999.000,9999.000,9999.000,9999.000
202606282330,   3.335,9999.000,9999.000,9999.000,9999.000,9999.000,9999.000,9999.000,9999.000
202606282336,   3.348,9999.000,9999.000,9999.000,9999.000,9999.000,9999.000,9999.000,9999.000
202606282342,   3.363,9999.000,9999.000,9999.000,9999.000,9999.000,9999.000,9999.000,9999.000
202606282348,   3.382,9999.000,9999.000,9999.000,9999.000,9999.000,9999.000,9999.000,9999.000
202606282354,   3.403,9999.000,9999.000,9999.000,9999.000,9999.000,9999.000,9999.000,9999.000
202606290000,   3.427,9999.000,   0.500,   0.086,   4.013,   0.400,   3.913,   0.500,   4.013
202606290006,   3.454,9999.000,9999.000,9999.000,9999.000,9999.000,9999.000,9999.000,9999.000
202606290012,   3.483,9999.000,9999.000,9999.000,9999.000,9999.000,9999.000,9999.000,9999.000
202606290018,   3.516,9999.000,9999.000,9999.000,9999.000,9999.000,9999.000,9999.000,9999.000
202606290024,   3.551,9999.000,9999.000,9999.000,9999.000,9999.000,9999.000,9999.000,9999.000
202606290030,   3.589,9999.000,9999.000,9999.000,9999.000,9999.000,9999.000,9999.000,9999.000
202606290036,   3.630,9999.000,9999.000,9999.000,9999.000,9999.000,9999.000,9999.000,9999.000
202606290042,   3.673,9999.000,9999.000,9999.000,9999.000,9999.000,9999.000,9999.000,9999.000
202606290048,   3.719,9999.000,9999.000,9999.000,9999.000,9999.000,9999.000,9999.000,9999.000
202606290054,   3.767,9999.000,9999.000,9999.000,9999.000,9999.000,9999.000,9999.000,9999.000
202606290100,   3.818,9999.000,   0.300,   0.086,   4.204,   0.300,   4.204,   0.400,   4.304
202606290106,   3.871,9999.000,9999.000,9999.000,9999.000,9999.000,9999.000,9999.000,9999.000
202606290112,   3.926,9999.000,9999.000,9999.000,9999.000,9999.000,9999.000,9999.000,9999.000
202606290118,   3.983,9999.000,9999.000,9999.000,9999.000,9999.000,9999.000,9999.000,9999.000
202606290124,   4.042,9999.000,9999.000,9999.000,9999.000,9999.000,9999.000,9999.000,9999.000
202606290130,   4.102,9999.000,9999.000,9999.000,9999.000,9999.000,9999.000,9999.000,9999.000
202606290136,   4.165,9999.000,9999.000,9999.000,9999.000,9999.000,9999.000,9999.000,9999.000
202606290142,   4.229,9999.000,9999.000,9999.000,9999.000,9999.000,9999.000,9999.000,9999.000
202606290148,   4.294,9999.000,9999.000,9999.000,9999.000,9999.000,9999.000,9999.000,9999.000
202606290154,   4.361,9999.000,9999.000,9999.000,9999.000,9999.000,9999.000,9999.000,9999.000
202606290200,   4.429,9999.000,   0.400,   0.086,   4.915,   0.400,   4.915,   0.500,   5.015
202606290206,   4.497,9999.000,9999.000,9999.000,9999.000,9999.000,9999.000,9999.000,9999.000
202606290212,   4.567,9999.000,9999.000,9999.000,9999.000,9999.000,9999.000,9999.000,9999.000
202606290218,   4.637,9999.000,9999.000,9999.000,9999.000,9999.000,9999.000,9999.000,9999.000
202606290224,   4.707,9999.000,9999.000,9999.000,9999.000,9999.000,9999.000,9999.000,9999.000
202606290230,   4.778,9999.000,9999.000,9999.000,9999.000,9999.000,9999.000,9999.000,9999.000
202606290236,   4.848,9999.000,9999.000,9999.000,9999.000,9999.000,9999.000,9999.000,9999.000
202606290242,   4.919,9999.000,9999.000,9999.000,9999.000,9999.000,9999.000,9999.000,9999.000
202606290248,   4.989,9999.000,9999.000,9999.000,9999.000,9999.000,9999.000,9999.000,9999.000
202606290254,   5.058,9999.000,9999.000,9999.000,9999.000,9999.000,9999.000,9999.000,9999.000
202606290300,   5.127,9999.000,   0.500,   0.086,   5.713,   0.400,   5.613,   0.600,   5.813
202606290306,   5.195,9999.000,9999.000,9999.000,9999.000,9999.000,9999.000,9999.000,9999.000
202606290312,   5.261,9999.000,9999.000,9999.000,9999.000,9999.000,9999.000,9999.000,9999.000
202606290318,   5.326,9999.000,9999.000,9999.000,9999.000,9999.000,9999.000,9999.000,9999.000
202606290324,   5.390,9999.000,9999.000,9999.000,9999.000,9999.000,9999.000,9999.000,9999.000
202606290330,   5.451,9999.000,9999.000,9999.000,9999.000,9999.000,9999.000,9999.000,9999.000
202606290336,   5.511,9999.000,9999.000,9999.000,9999.000,9999.000,9999.000,9999.000,9999.000
202606290342,   5.568,9999.000,9999.000,9999.000,9999.000,9999.000,9999.000,9999.000,9999.000
202606290348,   5.622,9999.000,9999.000,9999.000,9999.000,9999.000,9999.000,9999.000,9999.000
202606290354,   5.674,9999.000,9999.000,9999.000,9999.000,9999.000,9999.000,9999.000,9999.000
202606290400,   5.723,9999.000,   0.500,   0.086,   6.309,   0.400,   6.209,   0.500,   6.309
202606290406,   5.769,9999.000,9999.000,9999.000,9999.000,9999.000,9999.000,9999.000,9999.000
202606290412,   5.812,9999.000,9999.000,9999.000,9999.000,9999.000,9999.000,9999.000,9999.000
202606290418,   5.851,9999.000,9999.000,9999.000,9999.000,9999.000,9999.000,9999.000,9999.000
202606290424,   5.886,9999.000,9999.000,9999.000,9999.000,9999.000,9999.000,9999.000,9999.000
202606290430,   5.918,9999.000,9999.000,9999.000,9999.000,9999.000,9999.000,9999.000,9999.000
202606290436,   5.945,9999.000,9999.000,9999.000,9999.000,9999.000,9999.000,9999.000,9999.000
202606290442,   5.968,9999.000,9999.000,9999.000,9999.000,9999.000,9999.000,9999.000,9999.000
202606290448,   5.987,9999.000,9999.000,9999.000,9999.000,9999.000,9999.000,9999.000,9999.000
202606290454,   6.002,9999.000,9999.000,9999.000,9999.000,9999.000,9999.000,9999.000,9999.000
202606290500,   6.012,9999.000,   0.300,   0.086,   6.398,   0.300,   6.398,   0.400,   6.498
202606290506,   6.017,9999.000,9999.000,9999.000,9999.000,9999.000,9999.000,9999.000,9999.000
202606290512,   6.018,9999.000,9999.000,9999.000,9999.000,9999.000,9999.000,9999.000,9999.000
202606290518,   6.014,9999.000,9999.000,9999.000,9999.000,9999.000,9999.000,9999.000,9999.000
202606290524,   6.005,9999.000,9999.000,9999.000,9999.000,9999.000,9999.000,9999.000,9999.000
202606290530,   5.991,9999.000,9999.000,9999.000,9999.000,9999.000,9999.000,9999.000,9999.000
202606290536,   5.971,9999.000,9999.000,9999.000,9999.000,9999.000,9999.000,9999.000,9999.000
202606290542,   5.947,9999.000,9999.000,9999.000,9999.000,9999.000,9999.000,9999.000,9999.000
202606290548,   5.918,9999.000,9999.000,9999.000,9999.000,9999.000,9999.000,9999.000,9999.000
202606290554,   5.883,9999.000,9999.000,9999.000,9999.000,9999.000,9999.000,9999.000,9999.000
202606290600,   5.844,9999.000,   0.400,   0.086,   6.330,   0.300,   6.230,   0.400,   6.330
202606290606,   5.799,9999.000,9999.000,9999.000,9999.000,9999.000,9999.000,9999.000,9999.000
202606290612,   5.749,9999.000,9999.000,9999.000,9999.000,9999.000,9999.000,9999.000,9999.000
202606290618,   5.694,9999.000,9999.000,9999.000,9999.000,9999.000,9999.000,9999.000,9999.000
202606290624,   5.635,9999.000,9999.000,9999.000,9999.000,9999.000,9999.000,9999.000,9999.000
202606290630,   5.570,9999.000,9999.000,9999.000,9999.000,9999.000,9999.000,9999.000,9999.000
202606290636,   5.500,9999.000,9999.000,9999.000,9999.000,9999.000,9999.000,9999.000,9999.000
202606290642,   5.426,9999.000,9999.000,9999.000,9999.000,9999.000,9999.000,9999.000,9999.000
202606290648,   5.347,9999.000,9999.000,9999.000,9999.000,9999.000,9999.000,9999.000,9999.000
202606290654,   5.263,9999.000,9999.000,9999.000,9999.000,9999.000,9999.000,9999.000,9999.000
202606290700,   5.175,9999.000,   0.500,   0.086,   5.761,   0.400,   5.661,   0.600,   5.861
202606290706,   5.082,9999.000,9999.000,9999.000,9999.000,9999.000,9999.000,9999.000,9999.000
202606290712,   4.986,9999.000,9999.000,9999.000,9999.000,9999.000,9999.000,9999.000,9999.000
202606290718,   4.885,9999.000,9999.000,9999.000,9999.000,9999.000,9999.000,9999.000,9999.000
202606290724,   4.780,9999.000,9999.000,9999.000,9999.000,9999.000,9999.000,9999.000,9999.000
202606290730,   4.671,9999.000,9999.000,9999.000,9999.000,9999.000,9999.000,9999.000,9999.000
202606290736,   4.558,9999.000,9999.000,9999.000,9999.000,9999.000,9999.000,9999.000,9999.000
202606290742,   4.442,9999.000,9999.000,9999.000,9999.000,9999.000,9999.000,9999.000,9999.000
202606290748,   4.323,9999.000,9999.000,9999.000,9999.000,9999.000,9999.000,9999.000,9999.000
202606290754,   4.201,9999.000,9999.000,9999.000,9999.000,9999.000,9999.000,9999.000,9999.000
202606290800,   4.076,9999.000,   0.400,   0.086,   4.562,   0.400,   4.562,   0.500,   4.662
202606290806,   3.948,9999.000,9999.000,9999.000,9999.000,9999.000,9999.000,9999.000,9999.000
202606290812,   3.817,9999.000,9999.000,9999.000,9999.000,9999.000,9999.000,9999.000,9999.000
202606290818,   3.684,9999.000,9999.000,9999.000,9999.000,9999.000,9999.000,9999.000,9999.000
202606290824,   3.549,9999.000,9999.000,9999.000,9999.000,9999.000,9999.000,9999.000,9999.000
202606290830,   3.413,9999.000,9999.000,9999.000,9999.000,9999.000,9999.000,9999.000,9999.000
202606290836,   3.275,9999.000,9999.000,9999.000,9999.000,9999.000,9999.000,9999.000,9999.000
202606290842,   3.135,9999.000,9999.000,9999.000,9999.000,9999.000,9999.000,9999.000,9999.000
202606290848,   2.994,9999.000,9999.000,9999.000,9999.000,9999.000,9999.000,9999.000,9999.000
202606290854,   2.853,9999.000,9999.000,9999.000,9999.000,9999.000,9999.000,9999.000,9999.000
202606290900,   2.711,9999.000,   0.400,   0.086,   3.197,   0.400,   3.197,   0.500,   3.297
202606290906,   2.569,9999.000,9999.000,9999.000,9999.000,9999.000,9999.000,9999.000,9999.000
202606290912,   2.426,9999.000,9999.000,9999.000,9999.000,9999.000,9999.000,9999.000,9999.000
202606290918,   2.284,9999.000,9999.000,9999.000,9999.000,9999.000,9999.000,9999.000,9999.000
202606290924,   2.143,9999.000,9999.000,9999.000,9999.000,9999.000,9999.000,9999.000,9999.000
202606290930,   2.002,9999.000,9999.000,9999.000,9999.000,9999.000,9999.000,9999.000,9999.000
202606290936,   1.862,9999.000,9999.000,9999.000,9999.000,9999.000,9999.000,9999.000,9999.000
202606290942,   1.724,9999.000,9999.000,9999.000,9999.000,9999.000,9999.000,9999.000,9999.000
202606290948,   1.587,9999.000,9999.000,9999.000,9999.000,9999.000,9999.000,9999.000,9999.000
202606290954,   1.452,9999.000,9999.000,9999.000,9999.000,9999.000,9999.000,9999.000,9999.000
202606291000,   1.319,9999.000,   0.500,   0.086,   1.905,   0.400,   1.805,   0.500,   1.905
202606291006,   1.189,9999.000,9999.000,9999.000,9999.000,9999.000,9999.000,9999.000,9999.000
202606291012,   1.061,9999.000,9999.000,9999.000,9999.000,9999.000,9999.000,9999.000,9999.000
202606291018,   0.936,9999.000,9999.000,9999.000,9999.000,9999.000,9999.000,9999.000,9999.000
202606291024,   0.814,9999.000,9999.000,9999.000,9999.000,9999.000,9999.000,9999.000,9999.000
202606291030,   0.696,9999.000,9999.000,9999.000,9999.000,9999.000,9999.000,9999.000,9999.000
202606291036,   0.581,9999.000,9999.000,9999.000,9999.000,9999.000,9999.000,9999.000,9999.000
202606291042,   0.470,9999.000,9999.000,9999.000,9999.000,9999.000,9999.000,9999.000,9999.000
202606291048,   0.363,9999.000,9999.000,9999.000,9999.000,9999.000,9999.000,9999.000,9999.000
202606291054,   0.260,9999.000,9999.000,9999.000,9999.000,9999.000,9999.000,9999.000,9999.000
202606291100,   0.161,9999.000,   0.600,   0.086,   0.847,   0.500,   0.747,   0.600,   0.847
202606291106,   0.067,9999.000,9999.000,9999.000,9999.000,9999.000,9999.000,9999.000,9999.000
202606291112,  -0.021,9999.000,9999.000,9999.000,9999.000,9999.000,9999.000,9999.000,9999.000
202606291118,  -0.105,9999.000,9999.000,9999.000,9999.000,9999.000,9999.000,9999.000,9999.000
202606291124,  -0.185,9999.000,9999.000,9999.000,9999.000,9999.000,9999.000,9999.000,9999.000
202606291130,  -0.259,9999.000,9999.000,9999.000,9999.000,9999.000,9999.000,9999.000,9999.000
202606291136,  -0.329,9999.000,9999.000,9999.000,9999.000,9999.000,9999.000,9999.000,9999.000
202606291142,  -0.393,9999.000,9999.000,9999.000,9999.000,9999.000,9999.000,9999.000,9999.000
202606291148,  -0.451,9999.000,9999.000,9999.000,9999.000,9999.000,9999.000,9999.000,9999.000
202606291154,  -0.504,9999.000,9999.000,9999.000,9999.000,9999.000,9999.000,9999.000,9999.000
202606291200,  -0.552,9999.000,   0.500,   0.086,   0.034,   0.400,  -0.066,   0.500,   0.034
202606291206,  -0.594,9999.000,9999.000,9999.000,9999.000,9999.000,9999.000,9999.000,9999.000
202606291212,  -0.630,9999.000,9999.000,9999.000,9999.000,9999.000,9999.000,9999.000,9999.000
202606291218,  -0.660,9999.000,9999.000,9999.000,9999.000,9999.000,9999.000,9999.000,9999.000
202606291224,  -0.685,9999.000,9999.000,9999.000,9999.000,9999.000,9999.000,9999.000,9999.000
202606291230,  -0.704,9999.000,9999.000,9999.000,9999.000,9999.000,9999.000,9999.000,9999.000
202606291236,  -0.718,9999.000,9999.000,9999.000,9999.000,9999.000,9999.000,9999.000,9999.000
202606291242,  -0.726,9999.000,9999.000,9999.000,9999.000,9999.000,9999.000,9999.000,9999.000
202606291248,  -0.728,9999.000,9999.000,9999.000,9999.000,9999.000,9999.000,9999.000,9999.000
202606291254,  -0.724,9999.000,9999.000,9999.000,9999.000,9999.000,9999.000,9999.000,9999.000
202606291300,  -0.715,9999.000,   0.400,   0.086,  -0.229,   0.400,  -0.229,   0.500,  -0.129
202606291306,  -0.701,9999.000,9999.000,9999.000,9999.000,9999.000,9999.000,9999.000,9999.000
202606291312,  -0.680,9999.000,9999.000,9999.000,9999.000,9999.000,9999.000,9999.000,9999.000
202606291318,  -0.655,9999.000,9999.000,9999.000,9999.000,9999.000,9999.000,9999.000,9999.000
202606291324,  -0.624,9999.000,9999.000,9999.000,9999.000,9999.000,9999.000,9999.000,9999.000
202606291330,  -0.588,9999.000,9999.000,9999.000,9999.000,9999.000,9999.000,9999.000,9999.000
202606291336,  -0.547,9999.000,9999.000,9999.000,9999.000,9999.000,9999.000,9999.000,9999.000
202606291342,  -0.501,9999.000,9999.000,9999.000,9999.000,9999.000,9999.000,9999.000,9999.000
202606291348,  -0.450,9999.000,9999.000,9999.000,9999.000,9999.000,9999.000,9999.000,9999.000
202606291354,  -0.394,9999.000,9999.000,9999.000,9999.000,9999.000,9999.000,9999.000,9999.000
202606291400,  -0.333,9999.000,   0.500,   0.086,   0.253,   0.400,   0.153,   0.500,   0.253
202606291406,  -0.268,9999.000,9999.000,9999.000,9999.000,9999.000,9999.000,9999.000,9999.000
202606291412,  -0.199,9999.000,9999.000,9999.000,9999.000,9999.000,9999.000,9999.000,9999.000
202606291418,  -0.126,9999.000,9999.000,9999.000,9999.000,9999.000,9999.000,9999.000,9999.000
202606291424,  -0.049,9999.000,9999.000,9999.000,9999.000,9999.000,9999.000,9999.000,9999.000
202606291430,   0.031,9999.000,9999.000,9999.000,9999.000,9999.000,9999.000,9999.000,9999.000
202606291436,   0.116,9999.000,9999.000,9999.000,9999.000,9999.000,9999.000,9999.000,9999.000
202606291442,   0.203,9999.000,9999.000,9999.000,9999.000,9999.000,9999.000,9999.000,9999.000
202606291448,   0.294,9999.000,9999.000,9999.000,9999.000,9999.000,9999.000,9999.000,9999.000
202606291454,   0.388,9999.000,9999.000,9999.000,9999.000,9999.000,9999.000,9999.000,9999.000
202606291500,   0.485,9999.000,   0.600,   0.086,   1.171,   0.500,   1.071,   0.700,   1.271
202606291506,   0.584,9999.000,9999.000,9999.000,9999.000,9999.000,9999.000,9999.000,9999.000
202606291512,   0.685,9999.000,9999.000,9999.000,9999.000,9999.000,9999.000,9999.000,9999.000
202606291518,   0.788,9999.000,9999.000,9999.000,9999.000,9999.000,9999.000,9999.000,9999.000
202606291524,   0.893,9999.000,9999.000,9999.000,9999.000,9999.000,9999.000,9999.000,9999.000
202606291530,   0.999,9999.000,9999.000,9999.000,9999.000,9999.000,9999.000,9999.000,9999.000
202606291536,   1.107,9999.000,9999.000,9999.000,9999.000,9999.000,9999.000,9999.000,9999.000
202606291542,   1.215,9999.000,9999.000,9999.000,9999.000,9999.000,9999.000,9999.000,9999.000
202606291548,   1.325,9999.000,9999.000,9999.000,9999.000,9999.000,9999.000,9999.000,9999.000
202606291554,   1.434,9999.000,9999.000,9999.000,9999.000,9999.000,9999.000,9999.000,9999.000
202606291600,   1.544,9999.000,   0.500,   0.086,   2.130,   0.500,   2.130,   0.600,   2.230
202606291606,   1.654,9999.000,9999.000,9999.000,9999.000,9999.000,9999.000,9999.000,9999.000
202606291612,   1.764,9999.000,9999.000,9999.000,9999.000,9999.000,9999.000,9999.000,9999.000
202606291618,   1.873,9999.000,9999.000,9999.000,9999.000,9999.000,9999.000,9999.000,9999.000
202606291624,   1.981,9999.000,9999.000,9999.000,9999.000,9999.000,9999.000,9999.000,9999.000
202606291630,   2.088,9999.000,9999.000,9999.000,9999.000,9999.000,9999.000,9999.000,9999.000
202606291636,   2.194,9999.000,9999.000,9999.000,9999.000,9999.000,9999.000,9999.000,9999.000
202606291642,   2.299,9999.000,9999.000,9999.000,9999.000,9999.000,9999.000,9999.000,9999.000
202606291648,   2.402,9999.000,9999.000,9999.000,9999.000,9999.000,9999.000,9999.000,9999.000
202606291654,   2.503,9999.000,9999.000,9999.000,9999.000,9999.000,9999.000,9999.000,9999.000
202606291700,   2.602,9999.000,   0.400,   0.086,   3.088,   0.400,   3.088,   0.500,   3.188
202606291706,   2.699,9999.000,9999.000,9999.000,9999.000,9999.000,9999.000,9999.000,9999.000
202606291712,   2.793,9999.000,9999.000,9999.000,9999.000,9999.000,9999.000,9999.000,9999.000
202606291718,   2.885,9999.000,9999.000,9999.000,9999.000,9999.000,9999.000,9999.000,9999.000
202606291724,   2.975,9999.000,9999.000,9999.000,9999.000,9999.000,9999.000,9999.000,9999.000
202606291730,   3.061,9999.000,9999.000,9999.000,9999.000,9999.000,9999.000,9999.000,9999.000
202606291736,   3.145,9999.000,9999.000,9999.000,9999.000,9999.000,9999.000,9999.000,9999.000
202606291742,   3.225,9999.000,9999.000,9999.000,9999.000,9999.000,9999.000,9999.000,9999.000
202606291748,   3.302,9999.000,9999.000,9999.000,9999.000,9999.000,9999.000,9999.000,9999.000
202606291754,   3.376,9999.000,9999.000,9999.000,9999.000,9999.000,9999.000,9999.000,9999.000
202606291800,   3.447,9999.000,   0.500,   0.086,   4.033,   0.500,   4.033,   0.600,   4.133
202606291806,   3.514,9999.000,9999.000,9999.000,9999.000,9999.000,9999.000,9999.000,9999.000
202606291812,   3.577,9999.000,9999.000,9999.000,9999.000,9999.000,9999.000,9999.000,9999.000
202606291818,   3.637,9999.000,9999.000,9999.000,9999.000,9999.000,9999.000,9999.000,9999.000
202606291824,   3.693,9999.000,9999.000,9999.000,9999.000,9999.000,9999.000,9999.000,9999.000
202606291830,   3.746,9999.000,9999.000,9999.000,9999.000,9999.000,9999.000,9999.000,9999.000
202606291836,   3.795,9999.000,9999.000,9999.000,9999.000,9999.000,9999.000,9999.000,9999.000
202606291842,   3.840,9999.000,9999.000,9999.000,9999.000,9999.000,9999.000,9999.000,9999.000
202606291848,   3.882,9999.000,9999.000,9999.000,9999.000,9999.000,9999.000,9999.000,9999.000
202606291854,   3.920,9999.000,9999.000,9999.000,9999.000,9999.000,9999.000,9999.000,9999.000
202606291900,   3.954,9999.000,   0.600,   0.086,   4.640,   0.600,   4.640,   0.700,   4.740
202606291906,   3.984,9999.000,9999.000,9999.000,9999.000,9999.000,9999.000,9999.000,9999.000
202606291912,   4.011,9999.000,9999.000,9999.000,9999.000,9999.000,9999.000,9999.000,9999.000
202606291918,   4.034,9999.000,9999.000,9999.000,9999.000,9999.000,9999.000,9999.000,9999.000
202606291924,   4.054,9999.000,9999.000,9999.000,9999.000,9999.000,9999.000,9999.000,9999.000
202606291930,   4.070,9999.000,9999.000,9999.000,9999.000,9999.000,9999.000,9999.000,9999.000
202606291936,   4.082,9999.000,9999.000,9999.000,9999.000,9999.000,9999.000,9999.000,9999.000
202606291942,   4.092,9999.000,9999.000,9999.000,9999.000,9999.000,9999.000,9999.000,9999.000
202606291948,   4.097,9999.000,9999.000,9999.000,9999.000,9999.000,9999.000,9999.000,9999.000
202606291954,   4.100,9999.000,9999.000,9999.000,9999.000,9999.000,9999.000,9999.000,9999.000
202606292000,   4.100,9999.000,   0.600,   0.086,   4.786,   0.500,   4.686,   0.700,   4.886
202606292006,   4.096,9999.000,9999.000,9999.000,9999.000,9999.000,9999.000,9999.000,9999.000
202606292012,   4.090,9999.000,9999.000,9999.000,9999.000,9999.000,9999.000,9999.000,9999.000
202606292018,   4.081,9999.000,9999.000,9999.000,9999.000,9999.000,9999.000,9999.000,9999.000
202606292024,   4.069,9999.000,9999.000,9999.000,9999.000,9999.000,9999.000,9999.000,9999.000
202606292030,   4.055,9999.000,9999.000,9999.000,9999.000,9999.000,9999.000,9999.000,9999.000
202606292036,   4.038,9999.000,9999.000,9999.000,9999.000,9999.000,9999.000,9999.000,9999.000
202606292042,   4.020,9999.000,9999.000,9999.000,9999.000,9999.000,9999.000,9999.000,9999.000
202606292048,   3.999,9999.000,9999.000,9999.000,9999.000,9999.000,9999.000,9999.000,9999.000
202606292054,   3.976,9999.000,9999.000,9999.000,9999.000,9999.000,9999.000,9999.000,9999.000
202606292100,   3.952,9999.000,   0.500,   0.086,   4.538,   0.400,   4.438,   0.500,   4.538
202606292106,   3.926,9999.000,9999.000,9999.000,9999.000,9999.000,9999.000,9999.000,9999.000
202606292112,   3.898,9999.000,9999.000,9999.000,9999.000,9999.000,9999.000,9999.000,9999.000
202606292118,   3.870,9999.000,9999.000,9999.000,9999.000,9999.000,9999.000,9999.000,9999.000
202606292124,   3.841,9999.000,9999.000,9999.000,9999.000,9999.000,9999.000,9999.000,9999.000
202606292130,   3.811,9999.000,9999.000,9999.000,9999.000,9999.000,9999.000,9999.000,9999.000
202606292136,   3.780,9999.000,9999.000,9999.000,9999.000,9999.000,9999.000,9999.000,9999.000
202606292142,   3.749,9999.000,9999.000,9999.000,9999.000,9999.000,9999.000,9999.000,9999.000
202606292148,   3.718,9999.000,9999.000,9999.000,9999.000,9999.000,9999.000,9999.000,9999.000
202606292154,   3.686,9999.000,9999.000,9999.000,9999.000,9999.000,9999.000,9999.000,9999.000
202606292200,   3.655,9999.000,   0.500,   0.086,   4.241,   0.500,   4.241,   0.600,   4.341
202606292206,   3.624,9999.000,9999.000,9999.000,9999.000,9999.000,9999.000,9999.000,9999.000
202606292212,   3.594,9999.000,9999.000,9999.000,9999.000,9999.000,9999.000,9999.000,9999.000
202606292218,   3.565,9999.000,9999.000,9999.000,9999.000,9999.000,9999.000,9999.000,9999.000
202606292224,   3.536,9999.000,9999.000,9999.000,9999.000,9999.000,9999.000,9999.000,9999.000
202606292230,   3.509,9999.000,9999.000,9999.000,9999.000,9999.000,9999.000,9999.000,9999.000
202606292236,   3.483,9999.000,9999.000,9999.000,9999.000,9999.000,9999.000,9999.000,9999.000
202606292242,   3.458,9999.000,9999.000,9999.000,9999.000,9999.000,9999.000,9999.000,9999.000
202606292248,   3.435,9999.000,9999.000,9999.000,9999.000,9999.000,9999.000,9999.000,9999.000
202606292254,   3.414,9999.000,9999.000,9999.000,9999.000,9999.000,9999.000,9999.000,9999.000
202606292300,   3.394,9999.000,   0.600,   0.086,   4.080,   0.600,   4.080,   0.700,   4.180
202606292306,   3.377,9999.000,9999.000,9999.000,9999.000,9999.000,9999.000,9999.000,9999.000
202606292312,   3.362,9999.000,9999.000,9999.000,9999.000,9999.000,9999.000,9999.000,9999.000
202606292318,   3.349,9999.000,9999.000,9999.000,9999.000,9999.000,9999.000,9999.000,9999.000
202606292324,   3.338,9999.000,9999.000,9999.000,9999.000,9999.000,9999.000,9999.000,9999.000
202606292330,   3.329,9999.000,9999.000,9999.000,9999.000,9999.000,9999.000,9999.000,9999.000
202606292336,   3.324,9999.000,9999.000,9999.000,9999.000,9999.000,9999.000,9999.000,9999.000
202606292342,   3.320,9999.000,9999.000,9999.000,9999.000,9999.000,9999.000,9999.000,9999.000
202606292348,   3.320,9999.000,9999.000,9999.000,9999.000,9999.000,9999.000,9999.000,9999.000
202606292354,   3.322,9999.000,9999.000,9999.000,9999.000,9999.000,9999.000,9999.000,9999.000
202606300000,   3.327,9999.000,   0.600,   0.086,   4.013,   0.500,   3.913,   0.700,   4.113
202606300006,   3.335,9999.000,9999.000,9999.000,9999.000,9999.000,9999.000,9999.000,9999.000
202606300012,   3.346,9999.000,9999.000,9999.000,9999.000,9999.000,9999.000,9999.000,9999.000
202606300018,   3.360,9999.000,9999.000,9999.000,9999.000,9999.000,9999.000,9999.000,9999.000
202606300024,   3.376,9999.000,9999.000,9999.000,9999.000,9999.000,9999.000,9999.000,9999.000
202606300030,   3.396,9999.000,9999.000,9999.000,9999.000,9999.000,9999.000,9999.000,9999.000
202606300036,   3.418,9999.000,9999.000,9999.000,9999.000,9999.000,9999.000,9999.000,9999.000
202606300042,   3.444,9999.000,9999.000,9999.000,9999.000,9999.000,9999.000,9999.000,9999.000
202606300048,   3.472,9999.000,9999.000,9999.000,9999.000,9999.000,9999.000,9999.000,9999.000
202606300054,   3.503,9999.000,9999.000,9999.000,9999.000,9999.000,9999.000,9999.000,9999.000
202606300100,   3.537,9999.000,   0.500,   0.086,   4.123,   0.400,   4.023,   0.500,   4.123
202606300106,   3.574,9999.000,9999.000,9999.000,9999.000,9999.000,9999.000,9999.000,9999.000
202606300112,   3.614,9999.000,9999.000,9999.000,9999.000,9999.000,9999.000,9999.000,9999.000
202606300118,   3.656,9999.000,9999.000,9999.000,9999.000,9999.000,9999.000,9999.000,9999.000
202606300124,   3.701,9999.000,9999.000,9999.000,9999.000,9999.000,9999.000,9999.000,9999.000
202606300130,   3.749,9999.000,9999.000,9999.000,9999.000,9999.000,9999.000,9999.000,9999.000
202606300136,   3.799,9999.000,9999.000,9999.000,9999.000,9999.000,9999.000,9999.000,9999.000
202606300142,   3.851,9999.000,9999.000,9999.000,9999.000,9999.000,9999.000,9999.000,9999.000
202606300148,   3.906,9999.000,9999.000,9999.000,9999.000,9999.000,9999.000,9999.000,9999.000
202606300154,   3.963,9999.000,9999.000,9999.000,9999.000,9999.000,9999.000,9999.000,9999.000
202606300200,   4.022,9999.000,   0.600,   0.086,   4.708,   0.500,   4.608,   0.600,   4.708
202606300206,   4.083,9999.000,9999.000,9999.000,9999.000,9999.000,9999.000,9999.000,9999.000
202606300212,   4.146,9999.000,9999.000,9999.000,9999.000,9999.000,9999.000,9999.000,9999.000
202606300218,   4.211,9999.000,9999.000,9999.000,9999.000,9999.000,9999.000,9999.000,9999.000
202606300224,   4.277,9999.000,9999.000,9999.000,9999.000,9999.000,9999.000,9999.000,9999.000
202606300230,   4.344,9999.000,9999.000,9999.000,9999.000,9999.000,9999.000,9999.000,9999.000
202606300236,   4.413,9999.000,9999.000,9999.000,9999.000,9999.000,9999.000,9999.000,9999.000
202606300242,   4.483,9999.000,9999.000,9999.000,9999.000,9999.000,9999.000,9999.000,9999.000
202606300248,   4.553,9999.000,9999.000,9999.000,9999.000,9999.000,9999.000,9999.000,9999.000
202606300254,   4.624,9999.000,9999.000,9999.000,9999.000,9999.000,9999.000,9999.000,9999.000
202606300300,   4.696,9999.000,   0.600,   0.086,   5.382,   0.600,   5.382,   0.700,   5.482
202606300306,   4.768,9999.000,9999.000,9999.000,9999.000,9999.000,9999.000,9999.000,9999.000
202606300312,   4.840,9999.000,9999.000,9999.000,9999.000,9999.000,9999.000,9999.000,9999.000
202606300318,   4.912,9999.000,9999.000,9999.000,9999.000,9999.000,9999.000,9999.000,9999.000
202606300324,   4.983,9999.000,9999.000,9999.000,9999.000,9999.000,9999.000,9999.000,9999.000
202606300330,   5.054,9999.000,9999.000,9999.000,9999.000,9999.000,9999.000,9999.000,9999.000
202606300336,   5.124,9999.000,9999.000,9999.000,9999.000,9999.000,9999.000,9999.000,9999.000
202606300342,   5.193,9999.000,9999.000,9999.000,9999.000,9999.000,9999.000,9999.000,9999.000
202606300348,   5.261,9999.000,9999.000,9999.000,9999.000,9999.000,9999.000,9999.000,9999.000
202606300354,   5.327,9999.000,9999.000,9999.000,9999.000,9999.000,9999.000,9999.000,9999.000
202606300400,   5.391,9999.000,   0.600,   0.086,   6.077,   0.600,   6.077,   0.700,   6.177
202606300406,   5.454,9999.000,9999.000,9999.000,9999.000,9999.000,9999.000,9999.000,9999.000
202606300412,   5.514,9999.000,9999.000,9999.000,9999.000,9999.000,9999.000,9999.000,9999.000
202606300418,   5.572,9999.000,9999.000,9999.000,9999.000,9999.000,9999.000,9999.000,9999.000
202606300424,   5.628,9999.000,9999.000,9999.000,9999.000,9999.000,9999.000,9999.000,9999.000
202606300430,   5.680,9999.000,9999.000,9999.000,9999.000,9999.000,9999.000,9999.000,9999.000
202606300436,   5.730,9999.000,9999.000,9999.000,9999.000,9999.000,9999.000,9999.000,9999.000
202606300442,   5.776,9999.000,9999.000,9999.000,9999.000,9999.000,9999.000,9999.000,9999.000
202606300448,   5.819,9999.000,9999.000,9999.000,9999.000,9999.000,9999.000,9999.000,9999.000
202606300454,   5.858,9999.000,9999.000,9999.000,9999.000,9999.000,9999.000,9999.000,9999.000
202606300500,   5.894,9999.000,   0.500,   0.086,   6.480,   0.400,   6.380,   0.500,   6.480
202606300506,   5.926,9999.000,9999.000,9999.000,9999.000,9999.000,9999.000,9999.000,9999.000
202606300512,   5.953,9999.000,9999.000,9999.000,9999.000,9999.000,9999.000,9999.000,9999.000
202606300518,   5.977,9999.000,9999.000,9999.000,9999.000,9999.000,9999.000,9999.000,9999.000
202606300524,   5.996,9999.000,9999.000,9999.000,9999.000,9999.000,9999.000,9999.000,9999.000
202606300530,   6.010,9999.000,9999.000,9999.000,9999.000,9999.000,9999.000,9999.000,9999.000
202606300536,   6.021,9999.000,9999.000,9999.000,9999.000,9999.000,9999.000,9999.000,9999.000
202606300542,   6.026,9999.000,9999.000,9999.000,9999.000,9999.000,9999.000,9999.000,9999.000
202606300548,   6.027,9999.000,9999.000,9999.000,9999.000,9999.000,9999.000,9999.000,9999.000
202606300554,   6.022,9999.000,9999.000,9999.000,9999.000,9999.000,9999.000,9999.000,9999.000
202606300600,   6.013,9999.000,   0.500,   0.086,   6.599,   0.400,   6.499,   0.600,   6.699
