        TIME,    TIDE,      OB,   SURGE,    BIAS,     TWL,SURGE90p,  TWL90p,SURGE10p,   TWL10p
202604230600,   0.452,   1.128,   0.500,   0.176,   1.128,   0.500,   1.128,   0.500,   1.128
202604230606,   0.447,9999.000,9999.000,9999.000,9999.000,9999.000,9999.000,9999.000,9999.000
202604230612,   0.442,   1.118,9999.000,9999.000,9999.000,9999.000,9999.000,9999.000,9999.000
202604230618,   0.437,9999.000,9999.000,9999.000,9999.000,9999.000,9999.000,9999.000,9999.000
202604230624,   0.432,   1.108,9999.000,9999.000,9999.000,9999.000,9999.000,9999.000,9999.000
202604230630,   0.426,9999.000,9999.000,9999.000,9999.000,9999.000,9999.000,9999.000,9999.000
202604230636,   0.421,   1.108,9999.000,9999.000,9999.000,9999.000,9999.000,9999.000,9999.000
202604230642,   0.416,9999.000,9999.000,9999.000,9999.000,9999.000,9999.000,9999.000,9999.000
202604230648,   0.410,   1.088,9999.000,9999.000,9999.000,9999.000,9999.000,9999.000,9999.000
202604230654,   0.405,9999.000,9999.000,9999.000,9999.000,9999.000,9999.000,9999.000,9999.000
202604230700,   0.399,   1.079,   0.500,   0.180,   1.079,   0.500,   1.079,   0.500,   1.079
202604230706,   0.394,   1.079,9999.000,9999.000,9999.000,9999.000,9999.000,9999.000,9999.000
202604230712,   0.388,   1.059,9999.000,9999.000,9999.000,9999.000,9999.000,9999.000,9999.000
202604230718,   0.383,   1.059,9999.000,9999.000,9999.000,9999.000,9999.000,9999.000,9999.000
202604230724,   0.377,   1.059,9999.000,9999.000,9999.000,9999.000,9999.000,9999.000,9999.000
202604230730,   0.372,   1.049,9999.000,9999.000,9999.000,9999.000,9999.000,9999.000,9999.000
202604230736,   0.366,   1.059,9999.000,9999.000,9999.000,9999.000,9999.000,9999.000,9999.000
202604230742,   0.361,   1.049,9999.000,9999.000,9999.000,9999.000,9999.000,9999.000,9999.000
202604230748,   0.355,   1.049,9999.000,9999.000,9999.000,9999.000,9999.000,9999.000,9999.000
202604230754,   0.350,   1.039,9999.000,9999.000,9999.000,9999.000,9999.000,9999.000,9999.000
202604230800,   0.344,   1.039,   0.500,   0.195,   1.039,   0.500,   1.039,   0.500,   1.039
202604230806,   0.339,   1.039,9999.000,9999.000,9999.000,9999.000,9999.000,9999.000,9999.000
202604230812,   0.333,   1.029,9999.000,9999.000,9999.000,9999.000,9999.000,9999.000,9999.000
202604230818,   0.328,   1.029,9999.000,9999.000,9999.000,9999.000,9999.000,9999.000,9999.000
202604230824,   0.322,   1.029,9999.000,9999.000,9999.000,9999.000,9999.000,9999.000,9999.000
202604230830,   0.317,   1.020,9999.000,9999.000,9999.000,9999.000,9999.000,9999.000,9999.000
202604230836,   0.312,   1.000,9999.000,9999.000,9999.000,9999.000,9999.000,9999.000,9999.000
202604230842,   0.306,   1.000,9999.000,9999.000,9999.000,9999.000,9999.000,9999.000,9999.000
202604230848,   0.301,   1.010,9999.000,9999.000,9999.000,9999.000,9999.000,9999.000,9999.000
202604230854,   0.296,   1.000,9999.000,9999.000,9999.000,9999.000,9999.000,9999.000,9999.000
202604230900,   0.290,   1.000,   0.500,   0.210,   1.000,   0.500,   1.000,   0.500,   1.000
202604230906,   0.285,   0.990,9999.000,9999.000,9999.000,9999.000,9999.000,9999.000,9999.000
202604230912,   0.280,   0.990,9999.000,9999.000,9999.000,9999.000,9999.000,9999.000,9999.000
202604230918,   0.275,   0.980,9999.000,9999.000,9999.000,9999.000,9999.000,9999.000,9999.000
202604230924,   0.270,   0.980,9999.000,9999.000,9999.000,9999.000,9999.000,9999.000,9999.000
202604230930,   0.265,   0.970,9999.000,9999.000,9999.000,9999.000,9999.000,9999.000,9999.000
202604230936,   0.260,   0.970,9999.000,9999.000,9999.000,9999.000,9999.000,9999.000,9999.000
202604230942,   0.255,   0.961,9999.000,9999.000,9999.000,9999.000,9999.000,9999.000,9999.000
202604230948,   0.251,   0.951,9999.000,9999.000,9999.000,9999.000,9999.000,9999.000,9999.000
202604230954,   0.246,   0.951,9999.000,9999.000,9999.000,9999.000,9999.000,9999.000,9999.000
202604231000,   0.241,   0.951,   0.500,   0.210,   0.951,   0.500,   0.951,   0.500,   0.951
202604231006,   0.237,   0.951,9999.000,9999.000,9999.000,9999.000,9999.000,9999.000,9999.000
202604231012,   0.232,   0.951,9999.000,9999.000,9999.000,9999.000,9999.000,9999.000,9999.000
202604231018,   0.228,   0.941,9999.000,9999.000,9999.000,9999.000,9999.000,9999.000,9999.000
202604231024,   0.224,   0.941,9999.000,9999.000,9999.000,9999.000,9999.000,9999.000,9999.000
202604231030,   0.220,   0.941,9999.000,9999.000,9999.000,9999.000,9999.000,9999.000,9999.000
202604231036,   0.216,   0.928,9999.000,9999.000,9999.000,9999.000,9999.000,9999.000,9999.000
202604231042,   0.212,   0.928,9999.000,9999.000,9999.000,9999.000,9999.000,9999.000,9999.000
202604231048,   0.208,   0.928,9999.000,9999.000,9999.000,9999.000,9999.000,9999.000,9999.000
202604231054,   0.204,   0.918,9999.000,9999.000,9999.000,9999.000,9999.000,9999.000,9999.000
202604231100,   0.200,   0.918,   0.500,   0.218,   0.918,   0.500,   0.918,   0.500,   0.918
202604231106,   0.197,   0.928,9999.000,9999.000,9999.000,9999.000,9999.000,9999.000,9999.000
202604231112,   0.194,   0.928,9999.000,9999.000,9999.000,9999.000,9999.000,9999.000,9999.000
202604231118,   0.190,   0.918,9999.000,9999.000,9999.000,9999.000,9999.000,9999.000,9999.000
202604231124,   0.187,   0.918,9999.000,9999.000,9999.000,9999.000,9999.000,9999.000,9999.000
202604231130,   0.184,   0.918,9999.000,9999.000,9999.000,9999.000,9999.000,9999.000,9999.000
202604231136,   0.182,   0.908,9999.000,9999.000,9999.000,9999.000,9999.000,9999.000,9999.000
202604231142,   0.179,   0.908,9999.000,9999.000,9999.000,9999.000,9999.000,9999.000,9999.000
202604231148,   0.176,   0.898,9999.000,9999.000,9999.000,9999.000,9999.000,9999.000,9999.000
202604231154,   0.174,   0.898,9999.000,9999.000,9999.000,9999.000,9999.000,9999.000,9999.000
202604231200,   0.172,   0.898,   0.400,   0.326,   0.898,   0.400,   0.898,   0.400,   0.898
202604231206,   0.170,   0.898,9999.000,9999.000,9999.000,9999.000,9999.000,9999.000,9999.000
202604231212,   0.168,   0.898,9999.000,9999.000,9999.000,9999.000,9999.000,9999.000,9999.000
202604231218,   0.166,   0.908,9999.000,9999.000,9999.000,9999.000,9999.000,9999.000,9999.000
202604231224,   0.164,   0.908,9999.000,9999.000,9999.000,9999.000,9999.000,9999.000,9999.000
202604231230,   0.163,   0.908,9999.000,9999.000,9999.000,9999.000,9999.000,9999.000,9999.000
202604231236,   0.161,   0.908,9999.000,9999.000,9999.000,9999.000,9999.000,9999.000,9999.000
202604231242,   0.160,   0.908,9999.000,9999.000,9999.000,9999.000,9999.000,9999.000,9999.000
202604231248,   0.159,   0.898,9999.000,9999.000,9999.000,9999.000,9999.000,9999.000,9999.000
202604231254,   0.158,   0.898,9999.000,9999.000,9999.000,9999.000,9999.000,9999.000,9999.000
202604231300,   0.158,   0.908,   0.400,   0.350,   0.908,   0.400,   0.908,   0.400,   0.908
202604231306,   0.157,   0.908,9999.000,9999.000,9999.000,9999.000,9999.000,9999.000,9999.000
202604231312,   0.157,   0.918,9999.000,9999.000,9999.000,9999.000,9999.000,9999.000,9999.000
202604231318,   0.157,   0.918,9999.000,9999.000,9999.000,9999.000,9999.000,9999.000,9999.000
202604231324,   0.157,   0.918,9999.000,9999.000,9999.000,9999.000,9999.000,9999.000,9999.000
202604231330,   0.157,   0.918,9999.000,9999.000,9999.000,9999.000,9999.000,9999.000,9999.000
202604231336,   0.157,   0.918,9999.000,9999.000,9999.000,9999.000,9999.000,9999.000,9999.000
202604231342,   0.158,   0.918,9999.000,9999.000,9999.000,9999.000,9999.000,9999.000,9999.000
202604231348,   0.159,   0.908,9999.000,9999.000,9999.000,9999.000,9999.000,9999.000,9999.000
202604231354,   0.160,   0.908,9999.000,9999.000,9999.000,9999.000,9999.000,9999.000,9999.000
202604231400,   0.161,   0.908,   0.400,   0.347,   0.908,   0.400,   0.908,   0.400,   0.908
202604231406,   0.162,   0.918,9999.000,9999.000,9999.000,9999.000,9999.000,9999.000,9999.000
202604231412,   0.163,   0.908,9999.000,9999.000,9999.000,9999.000,9999.000,9999.000,9999.000
202604231418,   0.165,   0.908,9999.000,9999.000,9999.000,9999.000,9999.000,9999.000,9999.000
202604231424,   0.167,   0.918,9999.000,9999.000,9999.000,9999.000,9999.000,9999.000,9999.000
202604231430,   0.169,   0.908,9999.000,9999.000,9999.000,9999.000,9999.000,9999.000,9999.000
202604231436,   0.171,   0.908,9999.000,9999.000,9999.000,9999.000,9999.000,9999.000,9999.000
202604231442,   0.173,   0.908,9999.000,9999.000,9999.000,9999.000,9999.000,9999.000,9999.000
202604231448,   0.175,   0.908,9999.000,9999.000,9999.000,9999.000,9999.000,9999.000,9999.000
202604231454,   0.178,   0.908,9999.000,9999.000,9999.000,9999.000,9999.000,9999.000,9999.000
202604231500,   0.181,   0.918,   0.400,   0.337,   0.918,   0.400,   0.918,   0.400,   0.918
202604231506,   0.183,   0.918,9999.000,9999.000,9999.000,9999.000,9999.000,9999.000,9999.000
202604231512,   0.187,   0.918,9999.000,9999.000,9999.000,9999.000,9999.000,9999.000,9999.000
202604231518,   0.190,   0.918,9999.000,9999.000,9999.000,9999.000,9999.000,9999.000,9999.000
202604231524,   0.193,   0.918,9999.000,9999.000,9999.000,9999.000,9999.000,9999.000,9999.000
202604231530,   0.197,   0.928,9999.000,9999.000,9999.000,9999.000,9999.000,9999.000,9999.000
202604231536,   0.200,   0.928,9999.000,9999.000,9999.000,9999.000,9999.000,9999.000,9999.000
202604231542,   0.204,   0.928,9999.000,9999.000,9999.000,9999.000,9999.000,9999.000,9999.000
202604231548,   0.208,   0.918,9999.000,9999.000,9999.000,9999.000,9999.000,9999.000,9999.000
202604231554,   0.212,   0.928,9999.000,9999.000,9999.000,9999.000,9999.000,9999.000,9999.000
202604231600,   0.216,   0.941,   0.400,   0.325,   0.941,   0.400,   0.941,   0.400,   0.941
202604231606,   0.221,   0.941,9999.000,9999.000,9999.000,9999.000,9999.000,9999.000,9999.000
202604231612,   0.225,   0.941,9999.000,9999.000,9999.000,9999.000,9999.000,9999.000,9999.000
202604231618,   0.230,   0.951,9999.000,9999.000,9999.000,9999.000,9999.000,9999.000,9999.000
202604231624,   0.234,   0.961,9999.000,9999.000,9999.000,9999.000,9999.000,9999.000,9999.000
202604231630,   0.239,   0.961,9999.000,9999.000,9999.000,9999.000,9999.000,9999.000,9999.000
202604231636,   0.244,   0.970,9999.000,9999.000,9999.000,9999.000,9999.000,9999.000,9999.000
202604231642,   0.249,   0.970,9999.000,9999.000,9999.000,9999.000,9999.000,9999.000,9999.000
202604231648,   0.254,   0.980,9999.000,9999.000,9999.000,9999.000,9999.000,9999.000,9999.000
202604231654,   0.259,   0.980,9999.000,9999.000,9999.000,9999.000,9999.000,9999.000,9999.000
202604231700,   0.265,   0.990,   0.400,   0.325,   0.990,   0.400,   0.990,   0.400,   0.990
202604231706,   0.270,   0.980,9999.000,9999.000,9999.000,9999.000,9999.000,9999.000,9999.000
202604231712,   0.275,   1.000,9999.000,9999.000,9999.000,9999.000,9999.000,9999.000,9999.000
202604231718,   0.281,   1.010,9999.000,9999.000,9999.000,9999.000,9999.000,9999.000,9999.000
202604231724,   0.287,   1.010,9999.000,9999.000,9999.000,9999.000,9999.000,9999.000,9999.000
202604231730,   0.292,   1.029,9999.000,9999.000,9999.000,9999.000,9999.000,9999.000,9999.000
202604231736,   0.298,   1.039,9999.000,9999.000,9999.000,9999.000,9999.000,9999.000,9999.000
202604231742,   0.304,   1.039,9999.000,9999.000,9999.000,9999.000,9999.000,9999.000,9999.000
202604231748,   0.310,   1.039,9999.000,9999.000,9999.000,9999.000,9999.000,9999.000,9999.000
202604231754,   0.315,   1.039,9999.000,9999.000,9999.000,9999.000,9999.000,9999.000,9999.000
202604231800,   0.321,   1.049,   0.400,   0.328,   1.049,   0.400,   1.049,   0.500,   1.149
202604231806,   0.327,   1.059,9999.000,9999.000,9999.000,9999.000,9999.000,9999.000,9999.000
202604231812,   0.333,   1.059,9999.000,9999.000,9999.000,9999.000,9999.000,9999.000,9999.000
202604231818,   0.339,   1.059,9999.000,9999.000,9999.000,9999.000,9999.000,9999.000,9999.000
202604231824,   0.345,   1.069,9999.000,9999.000,9999.000,9999.000,9999.000,9999.000,9999.000
202604231830,   0.351,   1.079,9999.000,9999.000,9999.000,9999.000,9999.000,9999.000,9999.000
202604231836,   0.357,   1.088,9999.000,9999.000,9999.000,9999.000,9999.000,9999.000,9999.000
202604231842,   0.363,   1.088,9999.000,9999.000,9999.000,9999.000,9999.000,9999.000,9999.000
202604231848,   0.369,   1.088,9999.000,9999.000,9999.000,9999.000,9999.000,9999.000,9999.000
202604231854,   0.375,   1.098,9999.000,9999.000,9999.000,9999.000,9999.000,9999.000,9999.000
202604231900,   0.381,   1.108,   0.400,   0.327,   1.108,   0.400,   1.108,   0.500,   1.208
202604231906,   0.387,   1.108,9999.000,9999.000,9999.000,9999.000,9999.000,9999.000,9999.000
202604231912,   0.393,   1.128,9999.000,9999.000,9999.000,9999.000,9999.000,9999.000,9999.000
202604231918,   0.399,   1.128,9999.000,9999.000,9999.000,9999.000,9999.000,9999.000,9999.000
202604231924,   0.405,   1.128,9999.000,9999.000,9999.000,9999.000,9999.000,9999.000,9999.000
202604231930,   0.411,   1.128,9999.000,9999.000,9999.000,9999.000,9999.000,9999.000,9999.000
202604231936,   0.417,   1.138,9999.000,9999.000,9999.000,9999.000,9999.000,9999.000,9999.000
202604231942,   0.423,   1.151,9999.000,9999.000,9999.000,9999.000,9999.000,9999.000,9999.000
202604231948,   0.428,   1.138,9999.000,9999.000,9999.000,9999.000,9999.000,9999.000,9999.000
202604231954,   0.434,   1.151,9999.000,9999.000,9999.000,9999.000,9999.000,9999.000,9999.000
202604232000,   0.440,   1.170,   0.400,   0.330,   1.170,   0.400,   1.170,   0.500,   1.270
202604232006,   0.445,   1.180,9999.000,9999.000,9999.000,9999.000,9999.000,9999.000,9999.000
202604232012,   0.451,   1.170,9999.000,9999.000,9999.000,9999.000,9999.000,9999.000,9999.000
202604232018,   0.456,   1.161,9999.000,9999.000,9999.000,9999.000,9999.000,9999.000,9999.000
202604232024,   0.462,   1.180,9999.000,9999.000,9999.000,9999.000,9999.000,9999.000,9999.000
202604232030,   0.467,   1.180,9999.000,9999.000,9999.000,9999.000,9999.000,9999.000,9999.000
202604232036,   0.472,   1.200,9999.000,9999.000,9999.000,9999.000,9999.000,9999.000,9999.000
202604232042,   0.477,   1.190,9999.000,9999.000,9999.000,9999.000,9999.000,9999.000,9999.000
202604232048,   0.482,   1.200,9999.000,9999.000,9999.000,9999.000,9999.000,9999.000,9999.000
202604232054,   0.487,   1.210,9999.000,9999.000,9999.000,9999.000,9999.000,9999.000,9999.000
202604232100,   0.492,   1.210,   0.400,   0.318,   1.210,   0.400,   1.210,   0.400,   1.210
202604232106,   0.497,   1.210,9999.000,9999.000,9999.000,9999.000,9999.000,9999.000,9999.000
202604232112,   0.501,   1.220,9999.000,9999.000,9999.000,9999.000,9999.000,9999.000,9999.000
202604232118,   0.506,   1.229,9999.000,9999.000,9999.000,9999.000,9999.000,9999.000,9999.000
202604232124,   0.510,   1.229,9999.000,9999.000,9999.000,9999.000,9999.000,9999.000,9999.000
202604232130,   0.515,   1.239,9999.000,9999.000,9999.000,9999.000,9999.000,9999.000,9999.000
202604232136,   0.519,   1.249,9999.000,9999.000,9999.000,9999.000,9999.000,9999.000,9999.000
202604232142,   0.523,   1.239,9999.000,9999.000,9999.000,9999.000,9999.000,9999.000,9999.000
202604232148,   0.527,   1.269,9999.000,9999.000,9999.000,9999.000,9999.000,9999.000,9999.000
202604232154,   0.531,   1.259,9999.000,9999.000,9999.000,9999.000,9999.000,9999.000,9999.000
202604232200,   0.535,   1.249,   0.400,   0.314,   1.249,   0.400,   1.249,   0.400,   1.249
202604232206,   0.538,   1.279,9999.000,9999.000,9999.000,9999.000,9999.000,9999.000,9999.000
202604232212,   0.542,   1.269,9999.000,9999.000,9999.000,9999.000,9999.000,9999.000,9999.000
202604232218,   0.545,   1.279,9999.000,9999.000,9999.000,9999.000,9999.000,9999.000,9999.000
202604232224,   0.549,   1.279,9999.000,9999.000,9999.000,9999.000,9999.000,9999.000,9999.000
202604232230,   0.552,   1.269,9999.000,9999.000,9999.000,9999.000,9999.000,9999.000,9999.000
202604232236,   0.555,   1.269,9999.000,9999.000,9999.000,9999.000,9999.000,9999.000,9999.000
202604232242,   0.558,   1.249,9999.000,9999.000,9999.000,9999.000,9999.000,9999.000,9999.000
202604232248,   0.561,   1.289,9999.000,9999.000,9999.000,9999.000,9999.000,9999.000,9999.000
202604232254,   0.563,   1.279,9999.000,9999.000,9999.000,9999.000,9999.000,9999.000,9999.000
202604232300,   0.566,   1.289,   0.400,   0.323,   1.289,   0.400,   1.289,   0.400,   1.289
202604232306,   0.569,   1.279,9999.000,9999.000,9999.000,9999.000,9999.000,9999.000,9999.000
202604232312,   0.571,   1.308,9999.000,9999.000,9999.000,9999.000,9999.000,9999.000,9999.000
202604232318,   0.573,   1.289,9999.000,9999.000,9999.000,9999.000,9999.000,9999.000,9999.000
202604232324,   0.575,   1.279,9999.000,9999.000,9999.000,9999.000,9999.000,9999.000,9999.000
202604232330,   0.577,   1.279,9999.000,9999.000,9999.000,9999.000,9999.000,9999.000,9999.000
202604232336,   0.579,   1.289,9999.000,9999.000,9999.000,9999.000,9999.000,9999.000,9999.000
202604232342,   0.581,   1.308,9999.000,9999.000,9999.000,9999.000,9999.000,9999.000,9999.000
202604232348,   0.583,   1.289,9999.000,9999.000,9999.000,9999.000,9999.000,9999.000,9999.000
202604232354,   0.584,   1.289,9999.000,9999.000,9999.000,9999.000,9999.000,9999.000,9999.000
202604240000,   0.586,   1.308,   0.500,   0.222,   1.308,   0.500,   1.308,   0.600,   1.408
202604240006,   0.587,   1.298,9999.000,9999.000,9999.000,9999.000,9999.000,9999.000,9999.000
202604240012,   0.588,   1.318,9999.000,9999.000,9999.000,9999.000,9999.000,9999.000,9999.000
202604240018,   0.589,   1.298,9999.000,9999.000,9999.000,9999.000,9999.000,9999.000,9999.000
202604240024,   0.590,   1.308,9999.000,9999.000,9999.000,9999.000,9999.000,9999.000,9999.000
202604240030,   0.591,   1.318,9999.000,9999.000,9999.000,9999.000,9999.000,9999.000,9999.000
202604240036,   0.592,   1.318,9999.000,9999.000,9999.000,9999.000,9999.000,9999.000,9999.000
202604240042,   0.592,   1.308,9999.000,9999.000,9999.000,9999.000,9999.000,9999.000,9999.000
202604240048,   0.593,   1.328,9999.000,9999.000,9999.000,9999.000,9999.000,9999.000,9999.000
202604240054,   0.593,   1.308,9999.000,9999.000,9999.000,9999.000,9999.000,9999.000,9999.000
202604240100,   0.594,   1.318,   0.500,   0.224,   1.318,   0.500,   1.318,   0.600,   1.418
202604240106,   0.594,   1.328,9999.000,9999.000,9999.000,9999.000,9999.000,9999.000,9999.000
202604240112,   0.594,   1.328,9999.000,9999.000,9999.000,9999.000,9999.000,9999.000,9999.000
202604240118,   0.594,   1.308,9999.000,9999.000,9999.000,9999.000,9999.000,9999.000,9999.000
202604240124,   0.594,   1.318,9999.000,9999.000,9999.000,9999.000,9999.000,9999.000,9999.000
202604240130,   0.594,   1.318,9999.000,9999.000,9999.000,9999.000,9999.000,9999.000,9999.000
202604240136,   0.594,   1.298,9999.000,9999.000,9999.000,9999.000,9999.000,9999.000,9999.000
202604240142,   0.594,   1.308,9999.000,9999.000,9999.000,9999.000,9999.000,9999.000,9999.000
202604240148,   0.593,   1.318,9999.000,9999.000,9999.000,9999.000,9999.000,9999.000,9999.000
202604240154,   0.593,   1.308,9999.000,9999.000,9999.000,9999.000,9999.000,9999.000,9999.000
202604240200,   0.592,   1.308,   0.500,   0.216,   1.308,   0.500,   1.308,   0.600,   1.408
202604240206,   0.591,   1.318,9999.000,9999.000,9999.000,9999.000,9999.000,9999.000,9999.000
202604240212,   0.591,   1.308,9999.000,9999.000,9999.000,9999.000,9999.000,9999.000,9999.000
202604240218,   0.590,   1.318,9999.000,9999.000,9999.000,9999.000,9999.000,9999.000,9999.000
202604240224,   0.589,   1.308,9999.000,9999.000,9999.000,9999.000,9999.000,9999.000,9999.000
202604240230,   0.588,   1.298,9999.000,9999.000,9999.000,9999.000,9999.000,9999.000,9999.000
202604240236,   0.587,   1.308,9999.000,9999.000,9999.000,9999.000,9999.000,9999.000,9999.000
202604240242,   0.586,   1.298,9999.000,9999.000,9999.000,9999.000,9999.000,9999.000,9999.000
202604240248,   0.584,   1.308,9999.000,9999.000,9999.000,9999.000,9999.000,9999.000,9999.000
202604240254,   0.583,   1.298,9999.000,9999.000,9999.000,9999.000,9999.000,9999.000,9999.000
202604240300,   0.582,   1.279,   0.600,   0.097,   1.279,   0.500,   1.179,   0.600,   1.279
202604240306,   0.580,   1.279,9999.000,9999.000,9999.000,9999.000,9999.000,9999.000,9999.000
202604240312,   0.579,   1.279,9999.000,9999.000,9999.000,9999.000,9999.000,9999.000,9999.000
202604240318,   0.577,   1.279,9999.000,9999.000,9999.000,9999.000,9999.000,9999.000,9999.000
202604240324,   0.576,   1.279,9999.000,9999.000,9999.000,9999.000,9999.000,9999.000,9999.000
202604240330,   0.574,   1.269,9999.000,9999.000,9999.000,9999.000,9999.000,9999.000,9999.000
202604240336,   0.572,   1.249,9999.000,9999.000,9999.000,9999.000,9999.000,9999.000,9999.000
202604240342,   0.570,   1.259,9999.000,9999.000,9999.000,9999.000,9999.000,9999.000,9999.000
202604240348,   0.568,   1.249,9999.000,9999.000,9999.000,9999.000,9999.000,9999.000,9999.000
202604240354,   0.566,   1.249,9999.000,9999.000,9999.000,9999.000,9999.000,9999.000,9999.000
202604240400,   0.564,   1.249,   0.600,   0.085,   1.249,   0.500,   1.149,   0.600,   1.249
202604240406,   0.562,   1.249,9999.000,9999.000,9999.000,9999.000,9999.000,9999.000,9999.000
202604240412,   0.560,   1.239,9999.000,9999.000,9999.000,9999.000,9999.000,9999.000,9999.000
202604240418,   0.558,   1.249,9999.000,9999.000,9999.000,9999.000,9999.000,9999.000,9999.000
202604240424,   0.555,   1.239,9999.000,9999.000,9999.000,9999.000,9999.000,9999.000,9999.000
202604240430,   0.553,   1.229,9999.000,9999.000,9999.000,9999.000,9999.000,9999.000,9999.000
202604240436,   0.550,   1.229,9999.000,9999.000,9999.000,9999.000,9999.000,9999.000,9999.000
202604240442,   0.548,   1.229,9999.000,9999.000,9999.000,9999.000,9999.000,9999.000,9999.000
202604240448,   0.545,   1.220,9999.000,9999.000,9999.000,9999.000,9999.000,9999.000,9999.000
202604240454,   0.543,   1.220,9999.000,9999.000,9999.000,9999.000,9999.000,9999.000,9999.000
202604240500,   0.540,   1.220,   0.600,   0.080,   1.220,   0.500,   1.120,   0.600,   1.220
202604240506,   0.537,   1.220,9999.000,9999.000,9999.000,9999.000,9999.000,9999.000,9999.000
202604240512,   0.534,   1.210,9999.000,9999.000,9999.000,9999.000,9999.000,9999.000,9999.000
202604240518,   0.531,   1.210,9999.000,9999.000,9999.000,9999.000,9999.000,9999.000,9999.000
202604240524,   0.528,   1.210,9999.000,9999.000,9999.000,9999.000,9999.000,9999.000,9999.000
202604240530,   0.525,   1.200,9999.000,9999.000,9999.000,9999.000,9999.000,9999.000,9999.000
202604240536,   0.522,   1.200,9999.000,9999.000,9999.000,9999.000,9999.000,9999.000,9999.000
202604240542,   0.519,   1.190,9999.000,9999.000,9999.000,9999.000,9999.000,9999.000,9999.000
202604240548,   0.516,   1.200,9999.000,9999.000,9999.000,9999.000,9999.000,9999.000,9999.000
202604240554,   0.512,   1.200,9999.000,9999.000,9999.000,9999.000,9999.000,9999.000,9999.000
202604240600,   0.509,   1.190,   0.500,   0.181,   1.190,   0.500,   1.190,   0.500,   1.190
202604240606,   0.506,   1.190,9999.000,9999.000,9999.000,9999.000,9999.000,9999.000,9999.000
202604240612,   0.502,   1.190,9999.000,9999.000,9999.000,9999.000,9999.000,9999.000,9999.000
202604240618,   0.499,   1.180,9999.000,9999.000,9999.000,9999.000,9999.000,9999.000,9999.000
202604240624,   0.495,   1.180,9999.000,9999.000,9999.000,9999.000,9999.000,9999.000,9999.000
202604240630,   0.491,   1.170,9999.000,9999.000,9999.000,9999.000,9999.000,9999.000,9999.000
202604240636,   0.488,   1.170,9999.000,9999.000,9999.000,9999.000,9999.000,9999.000,9999.000
202604240642,   0.484,   1.170,9999.000,9999.000,9999.000,9999.000,9999.000,9999.000,9999.000
202604240648,   0.480,   1.170,9999.000,9999.000,9999.000,9999.000,9999.000,9999.000,9999.000
202604240654,   0.476,   1.151,9999.000,9999.000,9999.000,9999.000,9999.000,9999.000,9999.000
202604240700,   0.472,   1.151,   0.500,   0.179,   1.151,   0.500,   1.151,   0.600,   1.251
202604240706,   0.468,   1.151,9999.000,9999.000,9999.000,9999.000,9999.000,9999.000,9999.000
202604240712,   0.464,   1.151,9999.000,9999.000,9999.000,9999.000,9999.000,9999.000,9999.000
202604240718,   0.460,   1.138,9999.000,9999.000,9999.000,9999.000,9999.000,9999.000,9999.000
202604240724,   0.456,   1.128,9999.000,9999.000,9999.000,9999.000,9999.000,9999.000,9999.000
202604240730,   0.451,   1.128,9999.000,9999.000,9999.000,9999.000,9999.000,9999.000,9999.000
202604240736,   0.447,   1.128,9999.000,9999.000,9999.000,9999.000,9999.000,9999.000,9999.000
202604240742,   0.443,   1.118,9999.000,9999.000,9999.000,9999.000,9999.000,9999.000,9999.000
202604240748,   0.438,   1.118,9999.000,9999.000,9999.000,9999.000,9999.000,9999.000,9999.000
202604240754,   0.434,   1.118,9999.000,9999.000,9999.000,9999.000,9999.000,9999.000,9999.000
202604240800,   0.429,   1.118,   0.600,   0.089,   1.118,   0.500,   1.018,   0.600,   1.118
202604240806,   0.425,   1.108,9999.000,9999.000,9999.000,9999.000,9999.000,9999.000,9999.000
202604240812,   0.420,   1.098,9999.000,9999.000,9999.000,9999.000,9999.000,9999.000,9999.000
202604240818,   0.415,   1.098,9999.000,9999.000,9999.000,9999.000,9999.000,9999.000,9999.000
202604240824,   0.411,   1.079,9999.000,9999.000,9999.000,9999.000,9999.000,9999.000,9999.000
202604240830,   0.406,   1.079,9999.000,9999.000,9999.000,9999.000,9999.000,9999.000,9999.000
202604240836,   0.401,   1.079,9999.000,9999.000,9999.000,9999.000,9999.000,9999.000,9999.000
202604240842,   0.396,   1.069,9999.000,9999.000,9999.000,9999.000,9999.000,9999.000,9999.000
202604240848,   0.392,   1.059,9999.000,9999.000,9999.000,9999.000,9999.000,9999.000,9999.000
202604240854,   0.387,   1.059,9999.000,9999.000,9999.000,9999.000,9999.000,9999.000,9999.000
202604240900,   0.382,   1.049,   0.600,   0.067,   1.049,   0.500,   0.949,   0.600,   1.049
202604240906,   0.377,   1.039,9999.000,9999.000,9999.000,9999.000,9999.000,9999.000,9999.000
202604240912,   0.372,   1.039,9999.000,9999.000,9999.000,9999.000,9999.000,9999.000,9999.000
202604240918,   0.367,   1.029,9999.000,9999.000,9999.000,9999.000,9999.000,9999.000,9999.000
202604240924,   0.362,   1.029,9999.000,9999.000,9999.000,9999.000,9999.000,9999.000,9999.000
202604240930,   0.357,   1.020,9999.000,9999.000,9999.000,9999.000,9999.000,9999.000,9999.000
202604240936,   0.352,   1.020,9999.000,9999.000,9999.000,9999.000,9999.000,9999.000,9999.000
202604240942,   0.347,   1.010,9999.000,9999.000,9999.000,9999.000,9999.000,9999.000,9999.000
202604240948,   0.342,   1.000,9999.000,9999.000,9999.000,9999.000,9999.000,9999.000,9999.000
202604240954,   0.337,   1.000,9999.000,9999.000,9999.000,9999.000,9999.000,9999.000,9999.000
202604241000,   0.332,   1.000,   0.600,   0.068,   1.000,   0.500,   0.900,   0.600,   1.000
202604241006,   0.327,   0.990,9999.000,9999.000,9999.000,9999.000,9999.000,9999.000,9999.000
202604241012,   0.322,   0.990,9999.000,9999.000,9999.000,9999.000,9999.000,9999.000,9999.000
202604241018,   0.317,   0.980,9999.000,9999.000,9999.000,9999.000,9999.000,9999.000,9999.000
202604241024,   0.312,   0.980,9999.000,9999.000,9999.000,9999.000,9999.000,9999.000,9999.000
202604241030,   0.307,   0.970,9999.000,9999.000,9999.000,9999.000,9999.000,9999.000,9999.000
202604241036,   0.303,   0.970,9999.000,9999.000,9999.000,9999.000,9999.000,9999.000,9999.000
202604241042,   0.298,   0.970,9999.000,9999.000,9999.000,9999.000,9999.000,9999.000,9999.000
202604241048,   0.293,   0.961,9999.000,9999.000,9999.000,9999.000,9999.000,9999.000,9999.000
202604241054,   0.288,   1.948,9999.000,9999.000,9999.000,9999.000,9999.000,9999.000,9999.000
202604241100,   0.283,   3.070,   0.600,   2.187,   3.070,   0.500,   2.970,   0.600,   3.070
202604241106,   0.279,   0.951,9999.000,9999.000,9999.000,9999.000,9999.000,9999.000,9999.000
202604241112,   0.274,   0.941,9999.000,9999.000,9999.000,9999.000,9999.000,9999.000,9999.000
202604241118,   0.270,   0.941,9999.000,9999.000,9999.000,9999.000,9999.000,9999.000,9999.000
202604241124,   0.265,   0.961,9999.000,9999.000,9999.000,9999.000,9999.000,9999.000,9999.000
202604241130,   0.261,   2.830,9999.000,9999.000,9999.000,9999.000,9999.000,9999.000,9999.000
202604241136,   0.256,   1.010,9999.000,9999.000,9999.000,9999.000,9999.000,9999.000,9999.000
202604241142,   0.252,   1.000,9999.000,9999.000,9999.000,9999.000,9999.000,9999.000,9999.000
202604241148,   0.248,   1.000,9999.000,9999.000,9999.000,9999.000,9999.000,9999.000,9999.000
202604241154,   0.244,   1.000,9999.000,9999.000,9999.000,9999.000,9999.000,9999.000,9999.000
202604241200,   0.240,   1.000,   0.500,   0.260,   1.000,   0.500,   1.000,   0.500,   1.000
202604241206,   0.236,   1.000,9999.000,9999.000,9999.000,9999.000,9999.000,9999.000,9999.000
202604241212,   0.232,   1.000,9999.000,9999.000,9999.000,9999.000,9999.000,9999.000,9999.000
202604241218,   0.229,   1.000,9999.000,9999.000,9999.000,9999.000,9999.000,9999.000,9999.000
202604241224,   0.225,   1.000,9999.000,9999.000,9999.000,9999.000,9999.000,9999.000,9999.000
202604241230,   0.222,   1.000,9999.000,9999.000,9999.000,9999.000,9999.000,9999.000,9999.000
202604241236,   0.218,   1.000,9999.000,9999.000,9999.000,9999.000,9999.000,9999.000,9999.000
202604241242,   0.215,   1.000,9999.000,9999.000,9999.000,9999.000,9999.000,9999.000,9999.000
202604241248,   0.212,   1.000,9999.000,9999.000,9999.000,9999.000,9999.000,9999.000,9999.000
202604241254,   0.209,   0.990,9999.000,9999.000,9999.000,9999.000,9999.000,9999.000,9999.000
202604241300,   0.206,   0.990,   0.500,   0.284,   0.990,   0.500,   0.990,   0.600,   1.090
202604241306,   0.203,   0.990,9999.000,9999.000,9999.000,9999.000,9999.000,9999.000,9999.000
202604241312,   0.201,   1.000,9999.000,9999.000,9999.000,9999.000,9999.000,9999.000,9999.000
202604241318,   0.198,   0.990,9999.000,9999.000,9999.000,9999.000,9999.000,9999.000,9999.000
202604241324,   0.196,   0.980,9999.000,9999.000,9999.000,9999.000,9999.000,9999.000,9999.000
202604241330,   0.194,   1.000,9999.000,9999.000,9999.000,9999.000,9999.000,9999.000,9999.000
202604241336,   0.192,   1.000,9999.000,9999.000,9999.000,9999.000,9999.000,9999.000,9999.000
202604241342,   0.190,   1.000,9999.000,9999.000,9999.000,9999.000,9999.000,9999.000,9999.000
202604241348,   0.189,   1.010,9999.000,9999.000,9999.000,9999.000,9999.000,9999.000,9999.000
202604241354,   0.187,   1.010,9999.000,9999.000,9999.000,9999.000,9999.000,9999.000,9999.000
202604241400,   0.186,   1.010,   0.500,   0.324,   1.010,   0.500,   1.010,   0.600,   1.110
202604241406,   0.185,   1.010,9999.000,9999.000,9999.000,9999.000,9999.000,9999.000,9999.000
202604241412,   0.184,   1.010,9999.000,9999.000,9999.000,9999.000,9999.000,9999.000,9999.000
202604241418,   0.183,   1.020,9999.000,9999.000,9999.000,9999.000,9999.000,9999.000,9999.000
202604241424,   0.182,   1.020,9999.000,9999.000,9999.000,9999.000,9999.000,9999.000,9999.000
202604241430,   0.182,   1.020,9999.000,9999.000,9999.000,9999.000,9999.000,9999.000,9999.000
202604241436,   0.181,   0.951,9999.000,9999.000,9999.000,9999.000,9999.000,9999.000,9999.000
202604241442,   0.181,   0.951,9999.000,9999.000,9999.000,9999.000,9999.000,9999.000,9999.000
202604241448,   0.181,   0.941,9999.000,9999.000,9999.000,9999.000,9999.000,9999.000,9999.000
202604241454,   0.181,   0.951,9999.000,9999.000,9999.000,9999.000,9999.000,9999.000,9999.000
202604241500,   0.182,   0.941,   0.500,   0.259,   0.941,   0.500,   0.941,   0.600,   1.041
202604241506,   0.182,   0.951,9999.000,9999.000,9999.000,9999.000,9999.000,9999.000,9999.000
202604241512,   0.183,   0.951,9999.000,9999.000,9999.000,9999.000,9999.000,9999.000,9999.000
202604241518,   0.184,   0.951,9999.000,9999.000,9999.000,9999.000,9999.000,9999.000,9999.000
202604241524,   0.185,   0.961,9999.000,9999.000,9999.000,9999.000,9999.000,9999.000,9999.000
202604241530,   0.186,   0.961,9999.000,9999.000,9999.000,9999.000,9999.000,9999.000,9999.000
202604241536,   0.188,   0.951,9999.000,9999.000,9999.000,9999.000,9999.000,9999.000,9999.000
202604241542,   0.189,   0.951,9999.000,9999.000,9999.000,9999.000,9999.000,9999.000,9999.000
202604241548,   0.191,   0.951,9999.000,9999.000,9999.000,9999.000,9999.000,9999.000,9999.000
202604241554,   0.193,   0.951,9999.000,9999.000,9999.000,9999.000,9999.000,9999.000,9999.000
202604241600,   0.195,   0.961,   0.500,   0.266,   0.961,   0.500,   0.961,   0.600,   1.061
202604241606,   0.197,   0.941,9999.000,9999.000,9999.000,9999.000,9999.000,9999.000,9999.000
202604241612,   0.200,   0.961,9999.000,9999.000,9999.000,9999.000,9999.000,9999.000,9999.000
202604241618,   0.202,   0.961,9999.000,9999.000,9999.000,9999.000,9999.000,9999.000,9999.000
202604241624,   0.205,   0.970,9999.000,9999.000,9999.000,9999.000,9999.000,9999.000,9999.000
202604241630,   0.208,   0.970,9999.000,9999.000,9999.000,9999.000,9999.000,9999.000,9999.000
202604241636,   0.211,   0.961,9999.000,9999.000,9999.000,9999.000,9999.000,9999.000,9999.000
202604241642,   0.214,   0.980,9999.000,9999.000,9999.000,9999.000,9999.000,9999.000,9999.000
202604241648,   0.217,   0.980,9999.000,9999.000,9999.000,9999.000,9999.000,9999.000,9999.000
202604241654,   0.221,   0.990,9999.000,9999.000,9999.000,9999.000,9999.000,9999.000,9999.000
202604241700,   0.224,   0.990,   0.500,   0.266,   0.990,   0.500,   0.990,   0.600,   1.090
202604241706,   0.228,   1.000,9999.000,9999.000,9999.000,9999.000,9999.000,9999.000,9999.000
202604241712,   0.232,   1.010,9999.000,9999.000,9999.000,9999.000,9999.000,9999.000,9999.000
202604241718,   0.236,   1.020,9999.000,9999.000,9999.000,9999.000,9999.000,9999.000,9999.000
202604241724,   0.240,   1.000,9999.000,9999.000,9999.000,9999.000,9999.000,9999.000,9999.000
202604241730,   0.244,   1.010,9999.000,9999.000,9999.000,9999.000,9999.000,9999.000,9999.000
202604241736,   0.248,   1.020,9999.000,9999.000,9999.000,9999.000,9999.000,9999.000,9999.000
202604241742,   0.253,   1.020,9999.000,9999.000,9999.000,9999.000,9999.000,9999.000,9999.000
202604241748,   0.257,   1.029,9999.000,9999.000,9999.000,9999.000,9999.000,9999.000,9999.000
202604241754,   0.262,   1.039,9999.000,9999.000,9999.000,9999.000,9999.000,9999.000,9999.000
202604241800,   0.267,   1.029,   0.600,   0.162,   1.029,   0.600,   1.029,   0.600,   1.029
202604241806,   0.271,   1.039,9999.000,9999.000,9999.000,9999.000,9999.000,9999.000,9999.000
202604241812,   0.276,   1.049,9999.000,9999.000,9999.000,9999.000,9999.000,9999.000,9999.000
202604241818,   0.281,   1.059,9999.000,9999.000,9999.000,9999.000,9999.000,9999.000,9999.000
202604241824,   0.286,   1.059,9999.000,9999.000,9999.000,9999.000,9999.000,9999.000,9999.000
202604241830,   0.291,   1.059,9999.000,9999.000,9999.000,9999.000,9999.000,9999.000,9999.000
202604241836,   0.296,   1.069,9999.000,9999.000,9999.000,9999.000,9999.000,9999.000,9999.000
202604241842,   0.301,   1.079,9999.000,9999.000,9999.000,9999.000,9999.000,9999.000,9999.000
202604241848,   0.307,   1.088,9999.000,9999.000,9999.000,9999.000,9999.000,9999.000,9999.000
202604241854,   0.312,   1.908,9999.000,9999.000,9999.000,9999.000,9999.000,9999.000,9999.000
202604241900,   0.317,   1.800,   0.600,   0.883,   1.800,   0.600,   1.800,   0.600,   1.800
202604241906,   0.322,   1.108,9999.000,9999.000,9999.000,9999.000,9999.000,9999.000,9999.000
202604241912,   0.328,   1.098,9999.000,9999.000,9999.000,9999.000,9999.000,9999.000,9999.000
202604241918,   0.333,   1.108,9999.000,9999.000,9999.000,9999.000,9999.000,9999.000,9999.000
202604241924,   0.338,   1.118,9999.000,9999.000,9999.000,9999.000,9999.000,9999.000,9999.000
202604241930,   0.344,   1.118,9999.000,9999.000,9999.000,9999.000,9999.000,9999.000,9999.000
202604241936,   0.349,   1.128,9999.000,9999.000,9999.000,9999.000,9999.000,9999.000,9999.000
202604241942,   0.354,   1.128,9999.000,9999.000,9999.000,9999.000,9999.000,9999.000,9999.000
202604241948,   0.360,   1.138,9999.000,9999.000,9999.000,9999.000,9999.000,9999.000,9999.000
202604241954,   0.365,   1.151,9999.000,9999.000,9999.000,9999.000,9999.000,9999.000,9999.000
202604242000,   0.370,   1.151,   0.600,   0.181,   1.151,   0.600,   1.151,   0.600,   1.151
202604242006,   0.376,   1.170,9999.000,9999.000,9999.000,9999.000,9999.000,9999.000,9999.000
202604242012,   0.381,   1.170,9999.000,9999.000,9999.000,9999.000,9999.000,9999.000,9999.000
202604242018,   0.386,   1.170,9999.000,9999.000,9999.000,9999.000,9999.000,9999.000,9999.000
202604242024,   0.391,   1.190,9999.000,9999.000,9999.000,9999.000,9999.000,9999.000,9999.000
202604242030,   0.396,   1.190,9999.000,9999.000,9999.000,9999.000,9999.000,9999.000,9999.000
202604242036,   0.401,   1.200,9999.000,9999.000,9999.000,9999.000,9999.000,9999.000,9999.000
202604242042,   0.406,   1.210,9999.000,9999.000,9999.000,9999.000,9999.000,9999.000,9999.000
202604242048,   0.411,   1.220,9999.000,9999.000,9999.000,9999.000,9999.000,9999.000,9999.000
202604242054,   0.416,   1.220,9999.000,9999.000,9999.000,9999.000,9999.000,9999.000,9999.000
202604242100,   0.421,   1.220,   0.600,   0.199,   1.220,   0.600,   1.220,   0.600,   1.220
202604242106,   0.426,   1.229,9999.000,9999.000,9999.000,9999.000,9999.000,9999.000,9999.000
202604242112,   0.430,   1.239,9999.000,9999.000,9999.000,9999.000,9999.000,9999.000,9999.000
202604242118,   0.435,   1.239,9999.000,9999.000,9999.000,9999.000,9999.000,9999.000,9999.000
202604242124,   0.439,   1.249,9999.000,9999.000,9999.000,9999.000,9999.000,9999.000,9999.000
202604242130,   0.444,   1.259,9999.000,9999.000,9999.000,9999.000,9999.000,9999.000,9999.000
202604242136,   0.448,   1.269,9999.000,9999.000,9999.000,9999.000,9999.000,9999.000,9999.000
202604242142,   0.452,   1.269,9999.000,9999.000,9999.000,9999.000,9999.000,9999.000,9999.000
202604242148,   0.457,   1.269,9999.000,9999.000,9999.000,9999.000,9999.000,9999.000,9999.000
202604242154,   0.461,   1.269,9999.000,9999.000,9999.000,9999.000,9999.000,9999.000,9999.000
202604242200,   0.465,   1.269,   0.600,   0.204,   1.269,   0.600,   1.269,   0.600,   1.269
202604242206,   0.469,   1.269,9999.000,9999.000,9999.000,9999.000,9999.000,9999.000,9999.000
202604242212,   0.472,   1.279,9999.000,9999.000,9999.000,9999.000,9999.000,9999.000,9999.000
202604242218,   0.476,   1.259,9999.000,9999.000,9999.000,9999.000,9999.000,9999.000,9999.000
202604242224,   0.480,   1.269,9999.000,9999.000,9999.000,9999.000,9999.000,9999.000,9999.000
202604242230,   0.483,   1.269,9999.000,9999.000,9999.000,9999.000,9999.000,9999.000,9999.000
202604242236,   0.487,   1.259,9999.000,9999.000,9999.000,9999.000,9999.000,9999.000,9999.000
202604242242,   0.490,   1.269,9999.000,9999.000,9999.000,9999.000,9999.000,9999.000,9999.000
202604242248,   0.493,   1.289,9999.000,9999.000,9999.000,9999.000,9999.000,9999.000,9999.000
202604242254,   0.496,   1.289,9999.000,9999.000,9999.000,9999.000,9999.000,9999.000,9999.000
202604242300,   0.499,   1.289,   0.600,   0.190,   1.289,   0.600,   1.289,   0.600,   1.289
202604242306,   0.502,   1.298,9999.000,9999.000,9999.000,9999.000,9999.000,9999.000,9999.000
202604242312,   0.505,   1.298,9999.000,9999.000,9999.000,9999.000,9999.000,9999.000,9999.000
202604242318,   0.507,   1.289,9999.000,9999.000,9999.000,9999.000,9999.000,9999.000,9999.000
202604242324,   0.510,   1.289,9999.000,9999.000,9999.000,9999.000,9999.000,9999.000,9999.000
202604242330,   0.512,   1.289,9999.000,9999.000,9999.000,9999.000,9999.000,9999.000,9999.000
202604242336,   0.515,   1.298,9999.000,9999.000,9999.000,9999.000,9999.000,9999.000,9999.000
202604242342,   0.517,   1.289,9999.000,9999.000,9999.000,9999.000,9999.000,9999.000,9999.000
202604242348,   0.519,   1.289,9999.000,9999.000,9999.000,9999.000,9999.000,9999.000,9999.000
202604242354,   0.521,   1.289,9999.000,9999.000,9999.000,9999.000,9999.000,9999.000,9999.000
202604250000,   0.523,   1.289,   0.700,   0.066,   1.289,   0.700,   1.289,   0.700,   1.289
202604250006,   0.525,   1.289,9999.000,9999.000,9999.000,9999.000,9999.000,9999.000,9999.000
202604250012,   0.526,   1.289,9999.000,9999.000,9999.000,9999.000,9999.000,9999.000,9999.000
202604250018,   0.528,   1.289,9999.000,9999.000,9999.000,9999.000,9999.000,9999.000,9999.000
202604250024,   0.530,   1.298,9999.000,9999.000,9999.000,9999.000,9999.000,9999.000,9999.000
202604250030,   0.531,   1.298,9999.000,9999.000,9999.000,9999.000,9999.000,9999.000,9999.000
202604250036,   0.532,   1.308,9999.000,9999.000,9999.000,9999.000,9999.000,9999.000,9999.000
202604250042,   0.534,   1.308,9999.000,9999.000,9999.000,9999.000,9999.000,9999.000,9999.000
202604250048,   0.535,   1.318,9999.000,9999.000,9999.000,9999.000,9999.000,9999.000,9999.000
202604250054,   0.536,   1.298,9999.000,9999.000,9999.000,9999.000,9999.000,9999.000,9999.000
202604250100,   0.537,   1.298,   0.700,   0.061,   1.298,   0.700,   1.298,   0.700,   1.298
202604250106,   0.538,   1.298,9999.000,9999.000,9999.000,9999.000,9999.000,9999.000,9999.000
202604250112,   0.539,   1.289,9999.000,9999.000,9999.000,9999.000,9999.000,9999.000,9999.000
202604250118,   0.540,   1.289,9999.000,9999.000,9999.000,9999.000,9999.000,9999.000,9999.000
202604250124,   0.540,   1.289,9999.000,9999.000,9999.000,9999.000,9999.000,9999.000,9999.000
202604250130,   0.541,   1.298,9999.000,9999.000,9999.000,9999.000,9999.000,9999.000,9999.000
202604250136,   0.541,   1.298,9999.000,9999.000,9999.000,9999.000,9999.000,9999.000,9999.000
202604250142,   0.542,   1.298,9999.000,9999.000,9999.000,9999.000,9999.000,9999.000,9999.000
202604250148,   0.542,   1.298,9999.000,9999.000,9999.000,9999.000,9999.000,9999.000,9999.000
202604250154,   0.543,   1.289,9999.000,9999.000,9999.000,9999.000,9999.000,9999.000,9999.000
202604250200,   0.543,   1.289,   0.700,   0.046,   1.289,   0.700,   1.289,   0.700,   1.289
202604250206,   0.543,   1.279,9999.000,9999.000,9999.000,9999.000,9999.000,9999.000,9999.000
202604250212,   0.543,   1.289,9999.000,9999.000,9999.000,9999.000,9999.000,9999.000,9999.000
202604250218,   0.543,   1.289,9999.000,9999.000,9999.000,9999.000,9999.000,9999.000,9999.000
202604250224,   0.543,   1.298,9999.000,9999.000,9999.000,9999.000,9999.000,9999.000,9999.000
202604250230,   0.543,   1.298,9999.000,9999.000,9999.000,9999.000,9999.000,9999.000,9999.000
202604250236,   0.543,   1.298,9999.000,9999.000,9999.000,9999.000,9999.000,9999.000,9999.000
202604250242,   0.543,   1.289,9999.000,9999.000,9999.000,9999.000,9999.000,9999.000,9999.000
202604250248,   0.543,   1.298,9999.000,9999.000,9999.000,9999.000,9999.000,9999.000,9999.000
202604250254,   0.543,   1.298,9999.000,9999.000,9999.000,9999.000,9999.000,9999.000,9999.000
202604250300,   0.543,   1.289,   0.700,   0.046,   1.289,   0.700,   1.289,   0.700,   1.289
202604250306,   0.542,   1.298,9999.000,9999.000,9999.000,9999.000,9999.000,9999.000,9999.000
202604250312,   0.542,   1.298,9999.000,9999.000,9999.000,9999.000,9999.000,9999.000,9999.000
202604250318,   0.542,   1.298,9999.000,9999.000,9999.000,9999.000,9999.000,9999.000,9999.000
202604250324,   0.541,   1.289,9999.000,9999.000,9999.000,9999.000,9999.000,9999.000,9999.000
202604250330,   0.541,   1.298,9999.000,9999.000,9999.000,9999.000,9999.000,9999.000,9999.000
202604250336,   0.540,   1.298,9999.000,9999.000,9999.000,9999.000,9999.000,9999.000,9999.000
202604250342,   0.540,   1.298,9999.000,9999.000,9999.000,9999.000,9999.000,9999.000,9999.000
202604250348,   0.539,   1.289,9999.000,9999.000,9999.000,9999.000,9999.000,9999.000,9999.000
202604250354,   0.538,   1.298,9999.000,9999.000,9999.000,9999.000,9999.000,9999.000,9999.000
202604250400,   0.538,   1.298,   0.700,   0.060,   1.298,   0.700,   1.298,   0.700,   1.298
202604250406,   0.537,   1.289,9999.000,9999.000,9999.000,9999.000,9999.000,9999.000,9999.000
202604250412,   0.536,   1.289,9999.000,9999.000,9999.000,9999.000,9999.000,9999.000,9999.000
202604250418,   0.536,   1.279,9999.000,9999.000,9999.000,9999.000,9999.000,9999.000,9999.000
202604250424,   0.535,   1.279,9999.000,9999.000,9999.000,9999.000,9999.000,9999.000,9999.000
202604250430,   0.534,   1.269,9999.000,9999.000,9999.000,9999.000,9999.000,9999.000,9999.000
202604250436,   0.533,   1.269,9999.000,9999.000,9999.000,9999.000,9999.000,9999.000,9999.000
202604250442,   0.532,   1.259,9999.000,9999.000,9999.000,9999.000,9999.000,9999.000,9999.000
202604250448,   0.531,   1.259,9999.000,9999.000,9999.000,9999.000,9999.000,9999.000,9999.000
202604250454,   0.530,   1.259,9999.000,9999.000,9999.000,9999.000,9999.000,9999.000,9999.000
202604250500,   0.529,   1.249,   0.700,   0.020,   1.249,   0.700,   1.249,   0.700,   1.249
202604250506,   0.528,   1.249,9999.000,9999.000,9999.000,9999.000,9999.000,9999.000,9999.000
202604250512,   0.527,   1.249,9999.000,9999.000,9999.000,9999.000,9999.000,9999.000,9999.000
202604250518,   0.526,   1.249,9999.000,9999.000,9999.000,9999.000,9999.000,9999.000,9999.000
202604250524,   0.525,   1.239,9999.000,9999.000,9999.000,9999.000,9999.000,9999.000,9999.000
202604250530,   0.523,   1.229,9999.000,9999.000,9999.000,9999.000,9999.000,9999.000,9999.000
202604250536,   0.522,   1.239,9999.000,9999.000,9999.000,9999.000,9999.000,9999.000,9999.000
202604250542,   0.521,   1.229,9999.000,9999.000,9999.000,9999.000,9999.000,9999.000,9999.000
202604250548,   0.519,   1.220,9999.000,9999.000,9999.000,9999.000,9999.000,9999.000,9999.000
202604250554,   0.518,   1.220,9999.000,9999.000,9999.000,9999.000,9999.000,9999.000,9999.000
202604250600,   0.516,   1.220,   0.600,   0.104,   1.220,   0.600,   1.220,   0.700,   1.320
202604250606,   0.515,   1.210,9999.000,9999.000,9999.000,9999.000,9999.000,9999.000,9999.000
202604250612,   0.513,   1.200,9999.000,9999.000,9999.000,9999.000,9999.000,9999.000,9999.000
202604250618,   0.512,   1.190,9999.000,9999.000,9999.000,9999.000,9999.000,9999.000,9999.000
202604250624,   0.510,   1.200,9999.000,9999.000,9999.000,9999.000,9999.000,9999.000,9999.000
202604250630,   0.508,   1.190,9999.000,9999.000,9999.000,9999.000,9999.000,9999.000,9999.000
202604250636,   0.506,   1.190,9999.000,9999.000,9999.000,9999.000,9999.000,9999.000,9999.000
202604250642,   0.505,   1.170,9999.000,9999.000,9999.000,9999.000,9999.000,9999.000,9999.000
202604250648,   0.503,   1.180,9999.000,9999.000,9999.000,9999.000,9999.000,9999.000,9999.000
202604250654,   0.501,   1.170,9999.000,9999.000,9999.000,9999.000,9999.000,9999.000,9999.000
202604250700,   0.499,   1.170,   0.600,   0.071,   1.170,   0.600,   1.170,   0.700,   1.270
202604250706,   0.497,   1.170,9999.000,9999.000,9999.000,9999.000,9999.000,9999.000,9999.000
202604250712,   0.494,   1.161,9999.000,9999.000,9999.000,9999.000,9999.000,9999.000,9999.000
202604250718,   0.492,   1.170,9999.000,9999.000,9999.000,9999.000,9999.000,9999.000,9999.000
202604250724,   0.490,   1.161,9999.000,9999.000,9999.000,9999.000,9999.000,9999.000,9999.000
202604250730,   0.488,   1.151,9999.000,9999.000,9999.000,9999.000,9999.000,9999.000,9999.000
202604250736,   0.485,   1.151,9999.000,9999.000,9999.000,9999.000,9999.000,9999.000,9999.000
202604250742,   0.483,   1.151,9999.000,9999.000,9999.000,9999.000,9999.000,9999.000,9999.000
202604250748,   0.480,   1.161,9999.000,9999.000,9999.000,9999.000,9999.000,9999.000,9999.000
202604250754,   0.478,   1.151,9999.000,9999.000,9999.000,9999.000,9999.000,9999.000,9999.000
202604250800,   0.475,   1.151,   0.600,   0.076,   1.151,   0.600,   1.151,   0.700,   1.251
202604250806,   0.472,   1.138,9999.000,9999.000,9999.000,9999.000,9999.000,9999.000,9999.000
202604250812,   0.469,   1.138,9999.000,9999.000,9999.000,9999.000,9999.000,9999.000,9999.000
202604250818,   0.466,   1.128,9999.000,9999.000,9999.000,9999.000,9999.000,9999.000,9999.000
202604250824,   0.463,   1.128,9999.000,9999.000,9999.000,9999.000,9999.000,9999.000,9999.000
202604250830,   0.460,   1.128,9999.000,9999.000,9999.000,9999.000,9999.000,9999.000,9999.000
202604250836,   0.457,   1.128,9999.000,9999.000,9999.000,9999.000,9999.000,9999.000,9999.000
202604250842,   0.454,   1.128,9999.000,9999.000,9999.000,9999.000,9999.000,9999.000,9999.000
202604250848,   0.451,   1.118,9999.000,9999.000,9999.000,9999.000,9999.000,9999.000,9999.000
202604250854,   0.448,   1.118,9999.000,9999.000,9999.000,9999.000,9999.000,9999.000,9999.000
202604250900,   0.444,   1.118,   0.700,  -0.026,   1.118,   0.600,   1.018,   0.700,   1.118
202604250906,   0.441,   1.108,9999.000,9999.000,9999.000,9999.000,9999.000,9999.000,9999.000
202604250912,   0.437,   1.108,9999.000,9999.000,9999.000,9999.000,9999.000,9999.000,9999.000
202604250918,   0.434,   1.108,9999.000,9999.000,9999.000,9999.000,9999.000,9999.000,9999.000
202604250924,   0.430,   1.128,9999.000,9999.000,9999.000,9999.000,9999.000,9999.000,9999.000
202604250930,   0.426,   1.118,9999.000,9999.000,9999.000,9999.000,9999.000,9999.000,9999.000
202604250936,   0.423,   1.098,9999.000,9999.000,9999.000,9999.000,9999.000,9999.000,9999.000
202604250942,   0.419,   1.088,9999.000,9999.000,9999.000,9999.000,9999.000,9999.000,9999.000
202604250948,   0.415,   1.088,9999.000,9999.000,9999.000,9999.000,9999.000,9999.000,9999.000
202604250954,   0.411,   1.079,9999.000,9999.000,9999.000,9999.000,9999.000,9999.000,9999.000
202604251000,   0.407,   1.079,   0.700,  -0.028,   1.079,   0.600,   0.979,   0.700,   1.079
202604251006,   0.403,   1.088,9999.000,9999.000,9999.000,9999.000,9999.000,9999.000,9999.000
202604251012,   0.399,   1.098,9999.000,9999.000,9999.000,9999.000,9999.000,9999.000,9999.000
202604251018,   0.395,   1.079,9999.000,9999.000,9999.000,9999.000,9999.000,9999.000,9999.000
202604251024,   0.391,   1.069,9999.000,9999.000,9999.000,9999.000,9999.000,9999.000,9999.000
202604251030,   0.387,   1.059,9999.000,9999.000,9999.000,9999.000,9999.000,9999.000,9999.000
202604251036,   0.382,   1.059,9999.000,9999.000,9999.000,9999.000,9999.000,9999.000,9999.000
202604251042,   0.378,   1.059,9999.000,9999.000,9999.000,9999.000,9999.000,9999.000,9999.000
202604251048,   0.374,   1.781,9999.000,9999.000,9999.000,9999.000,9999.000,9999.000,9999.000
202604251054,   0.370,   2.509,9999.000,9999.000,9999.000,9999.000,9999.000,9999.000,9999.000
202604251100,   0.365,   2.519,   0.700,   1.454,   2.519,   0.600,   2.419,   0.700,   2.519
202604251106,   0.361,   2.469,9999.000,9999.000,9999.000,9999.000,9999.000,9999.000,9999.000
202604251112,   0.357,   1.039,9999.000,9999.000,9999.000,9999.000,9999.000,9999.000,9999.000
202604251118,   0.352,   1.039,9999.000,9999.000,9999.000,9999.000,9999.000,9999.000,9999.000
202604251124,   0.348,   1.049,9999.000,9999.000,9999.000,9999.000,9999.000,9999.000,9999.000
202604251130,   0.344,   1.039,9999.000,9999.000,9999.000,9999.000,9999.000,9999.000,9999.000
202604251136,   0.339,   1.029,9999.000,9999.000,9999.000,9999.000,9999.000,9999.000,9999.000
202604251142,   0.335,   1.029,9999.000,9999.000,9999.000,9999.000,9999.000,9999.000,9999.000
202604251148,   0.331,   1.020,9999.000,9999.000,9999.000,9999.000,9999.000,9999.000,9999.000
202604251154,   0.326,   1.020,9999.000,9999.000,9999.000,9999.000,9999.000,9999.000,9999.000
202604251200,   0.322,   1.000,   0.600,   0.078,   1.000,   0.600,   1.000,   0.700,   1.100
202604251206,   0.318,   1.000,9999.000,9999.000,9999.000,9999.000,9999.000,9999.000,9999.000
202604251212,   0.314,   0.990,9999.000,9999.000,9999.000,9999.000,9999.000,9999.000,9999.000
202604251218,   0.310,   0.990,9999.000,9999.000,9999.000,9999.000,9999.000,9999.000,9999.000
202604251224,   0.305,   0.980,9999.000,9999.000,9999.000,9999.000,9999.000,9999.000,9999.000
202604251230,   0.301,   0.970,9999.000,9999.000,9999.000,9999.000,9999.000,9999.000,9999.000
202604251236,   0.297,   0.970,9999.000,9999.000,9999.000,9999.000,9999.000,9999.000,9999.000
202604251242,   0.293,   0.970,9999.000,9999.000,9999.000,9999.000,9999.000,9999.000,9999.000
202604251248,   0.290,   0.961,9999.000,9999.000,9999.000,9999.000,9999.000,9999.000,9999.000
202604251254,   0.286,   0.961,9999.000,9999.000,9999.000,9999.000,9999.000,9999.000,9999.000
202604251300,   0.282,   0.961,   0.600,   0.079,   0.961,   0.600,   0.961,   0.700,   1.061
202604251306,   0.278,   0.951,9999.000,9999.000,9999.000,9999.000,9999.000,9999.000,9999.000
202604251312,   0.275,   0.951,9999.000,9999.000,9999.000,9999.000,9999.000,9999.000,9999.000
202604251318,   0.271,   0.951,9999.000,9999.000,9999.000,9999.000,9999.000,9999.000,9999.000
202604251324,   0.268,   0.951,9999.000,9999.000,9999.000,9999.000,9999.000,9999.000,9999.000
202604251330,   0.265,   0.941,9999.000,9999.000,9999.000,9999.000,9999.000,9999.000,9999.000
202604251336,   0.262,   0.928,9999.000,9999.000,9999.000,9999.000,9999.000,9999.000,9999.000
202604251342,   0.259,   0.928,9999.000,9999.000,9999.000,9999.000,9999.000,9999.000,9999.000
202604251348,   0.256,   0.941,9999.000,9999.000,9999.000,9999.000,9999.000,9999.000,9999.000
202604251354,   0.253,   0.928,9999.000,9999.000,9999.000,9999.000,9999.000,9999.000,9999.000
202604251400,   0.250,   0.928,   0.600,   0.078,   0.928,   0.600,   0.928,   0.700,   1.028
202604251406,   0.247,   0.928,9999.000,9999.000,9999.000,9999.000,9999.000,9999.000,9999.000
202604251412,   0.245,   0.928,9999.000,9999.000,9999.000,9999.000,9999.000,9999.000,9999.000
202604251418,   0.243,   0.928,9999.000,9999.000,9999.000,9999.000,9999.000,9999.000,9999.000
202604251424,   0.240,   0.941,9999.000,9999.000,9999.000,9999.000,9999.000,9999.000,9999.000
202604251430,   0.238,   0.941,9999.000,9999.000,9999.000,9999.000,9999.000,9999.000,9999.000
202604251436,   0.236,   0.941,9999.000,9999.000,9999.000,9999.000,9999.000,9999.000,9999.000
202604251442,   0.235,   0.941,9999.000,9999.000,9999.000,9999.000,9999.000,9999.000,9999.000
202604251448,   0.233,   0.941,9999.000,9999.000,9999.000,9999.000,9999.000,9999.000,9999.000
202604251454,   0.231,   0.928,9999.000,9999.000,9999.000,9999.000,9999.000,9999.000,9999.000
202604251500,   0.230,   0.928,   0.600,   0.098,   0.928,   0.600,   0.928,   0.700,   1.028
202604251506,   0.229,   0.941,9999.000,9999.000,9999.000,9999.000,9999.000,9999.000,9999.000
202604251512,   0.228,   0.941,9999.000,9999.000,9999.000,9999.000,9999.000,9999.000,9999.000
202604251518,   0.227,   0.941,9999.000,9999.000,9999.000,9999.000,9999.000,9999.000,9999.000
202604251524,   0.226,   0.941,9999.000,9999.000,9999.000,9999.000,9999.000,9999.000,9999.000
202604251530,   0.225,   0.941,9999.000,9999.000,9999.000,9999.000,9999.000,9999.000,9999.000
202604251536,   0.225,   0.941,9999.000,9999.000,9999.000,9999.000,9999.000,9999.000,9999.000
202604251542,   0.225,   0.941,9999.000,9999.000,9999.000,9999.000,9999.000,9999.000,9999.000
202604251548,   0.225,   0.941,9999.000,9999.000,9999.000,9999.000,9999.000,9999.000,9999.000
202604251554,   0.225,   0.941,9999.000,9999.000,9999.000,9999.000,9999.000,9999.000,9999.000
202604251600,   0.225,   0.941,   0.600,   0.116,   0.941,   0.600,   0.941,   0.700,   1.041
202604251606,   0.225,   0.941,9999.000,9999.000,9999.000,9999.000,9999.000,9999.000,9999.000
202604251612,   0.226,   0.941,9999.000,9999.000,9999.000,9999.000,9999.000,9999.000,9999.000
202604251618,   0.226,   0.951,9999.000,9999.000,9999.000,9999.000,9999.000,9999.000,9999.000
202604251624,   0.227,   0.941,9999.000,9999.000,9999.000,9999.000,9999.000,9999.000,9999.000
202604251630,   0.228,   0.951,9999.000,9999.000,9999.000,9999.000,9999.000,9999.000,9999.000
202604251636,   0.229,   0.951,9999.000,9999.000,9999.000,9999.000,9999.000,9999.000,9999.000
202604251642,   0.231,   0.951,9999.000,9999.000,9999.000,9999.000,9999.000,9999.000,9999.000
202604251648,   0.232,   0.951,9999.000,9999.000,9999.000,9999.000,9999.000,9999.000,9999.000
202604251654,   0.234,   0.951,9999.000,9999.000,9999.000,9999.000,9999.000,9999.000,9999.000
202604251700,   0.235,   0.951,   0.600,   0.116,   0.951,   0.600,   0.951,   0.600,   0.951
202604251706,   0.237,   0.951,9999.000,9999.000,9999.000,9999.000,9999.000,9999.000,9999.000
202604251712,   0.239,   0.961,9999.000,9999.000,9999.000,9999.000,9999.000,9999.000,9999.000
202604251718,   0.241,   0.961,9999.000,9999.000,9999.000,9999.000,9999.000,9999.000,9999.000
202604251724,   0.244,   0.961,9999.000,9999.000,9999.000,9999.000,9999.000,9999.000,9999.000
202604251730,   0.246,   0.970,9999.000,9999.000,9999.000,9999.000,9999.000,9999.000,9999.000
202604251736,   0.248,   0.980,9999.000,9999.000,9999.000,9999.000,9999.000,9999.000,9999.000
202604251742,   0.251,   0.961,9999.000,9999.000,9999.000,9999.000,9999.000,9999.000,9999.000
202604251748,   0.254,   0.990,9999.000,9999.000,9999.000,9999.000,9999.000,9999.000,9999.000
202604251754,   0.257,   1.049,9999.000,9999.000,9999.000,9999.000,9999.000,9999.000,9999.000
202604251800,   0.260,   1.049,   0.700,   0.089,   1.049,   0.700,   1.049,   0.700,   1.049
202604251806,   0.263,   1.049,9999.000,9999.000,9999.000,9999.000,9999.000,9999.000,9999.000
202604251812,   0.266,   0.990,9999.000,9999.000,9999.000,9999.000,9999.000,9999.000,9999.000
202604251818,   0.269,   0.990,9999.000,9999.000,9999.000,9999.000,9999.000,9999.000,9999.000
202604251824,   0.273,   1.000,9999.000,9999.000,9999.000,9999.000,9999.000,9999.000,9999.000
202604251830,   0.276,   1.010,9999.000,9999.000,9999.000,9999.000,9999.000,9999.000,9999.000
202604251836,   0.280,   1.010,9999.000,9999.000,9999.000,9999.000,9999.000,9999.000,9999.000
202604251842,   0.283,   1.010,9999.000,9999.000,9999.000,9999.000,9999.000,9999.000,9999.000
202604251848,   0.287,   1.010,9999.000,9999.000,9999.000,9999.000,9999.000,9999.000,9999.000
202604251854,   0.291,   1.020,9999.000,9999.000,9999.000,9999.000,9999.000,9999.000,9999.000
202604251900,   0.295,   1.020,   0.700,   0.025,   1.020,   0.700,   1.020,   0.700,   1.020
202604251906,   0.298,   1.029,9999.000,9999.000,9999.000,9999.000,9999.000,9999.000,9999.000
202604251912,   0.302,   1.039,9999.000,9999.000,9999.000,9999.000,9999.000,9999.000,9999.000
202604251918,   0.306,   1.039,9999.000,9999.000,9999.000,9999.000,9999.000,9999.000,9999.000
202604251924,   0.310,   1.039,9999.000,9999.000,9999.000,9999.000,9999.000,9999.000,9999.000
202604251930,   0.314,   1.049,9999.000,9999.000,9999.000,9999.000,9999.000,9999.000,9999.000
202604251936,   0.318,   1.039,9999.000,9999.000,9999.000,9999.000,9999.000,9999.000,9999.000
202604251942,   0.322,   1.039,9999.000,9999.000,9999.000,9999.000,9999.000,9999.000,9999.000
202604251948,   0.326,   1.049,9999.000,9999.000,9999.000,9999.000,9999.000,9999.000,9999.000
202604251954,   0.331,   1.049,9999.000,9999.000,9999.000,9999.000,9999.000,9999.000,9999.000
202604252000,   0.335,   1.059,   0.700,   0.024,   1.059,   0.700,   1.059,   0.700,   1.059
202604252006,   0.339,   1.069,9999.000,9999.000,9999.000,9999.000,9999.000,9999.000,9999.000
202604252012,   0.343,   1.059,9999.000,9999.000,9999.000,9999.000,9999.000,9999.000,9999.000
202604252018,   0.347,   1.079,9999.000,9999.000,9999.000,9999.000,9999.000,9999.000,9999.000
202604252024,   0.351,   1.079,9999.000,9999.000,9999.000,9999.000,9999.000,9999.000,9999.000
202604252030,   0.355,   1.079,9999.000,9999.000,9999.000,9999.000,9999.000,9999.000,9999.000
202604252036,   0.359,   1.088,9999.000,9999.000,9999.000,9999.000,9999.000,9999.000,9999.000
202604252042,   0.363,   1.108,9999.000,9999.000,9999.000,9999.000,9999.000,9999.000,9999.000
202604252048,   0.367,   1.118,9999.000,9999.000,9999.000,9999.000,9999.000,9999.000,9999.000
202604252054,   0.371,   1.108,9999.000,9999.000,9999.000,9999.000,9999.000,9999.000,9999.000
202604252100,   0.375,   1.128,   0.700,   0.053,   1.128,   0.700,   1.128,   0.700,   1.128
202604252106,   0.379,   1.151,9999.000,9999.000,9999.000,9999.000,9999.000,9999.000,9999.000
202604252112,   0.383,   1.128,9999.000,9999.000,9999.000,9999.000,9999.000,9999.000,9999.000
202604252118,   0.386,   1.138,9999.000,9999.000,9999.000,9999.000,9999.000,9999.000,9999.000
202604252124,   0.390,   1.151,9999.000,9999.000,9999.000,9999.000,9999.000,9999.000,9999.000
202604252130,   0.394,   1.151,9999.000,9999.000,9999.000,9999.000,9999.000,9999.000,9999.000
202604252136,   0.397,   1.161,9999.000,9999.000,9999.000,9999.000,9999.000,9999.000,9999.000
202604252142,   0.401,   1.170,9999.000,9999.000,9999.000,9999.000,9999.000,9999.000,9999.000
202604252148,   0.404,   1.170,9999.000,9999.000,9999.000,9999.000,9999.000,9999.000,9999.000
202604252154,   0.408,   1.170,9999.000,9999.000,9999.000,9999.000,9999.000,9999.000,9999.000
202604252200,   0.411,   1.180,   0.700,   0.069,   1.180,   0.700,   1.180,   0.700,   1.180
202604252206,   0.414,   1.170,9999.000,9999.000,9999.000,9999.000,9999.000,9999.000,9999.000
202604252212,   0.417,   1.170,9999.000,9999.000,9999.000,9999.000,9999.000,9999.000,9999.000
202604252218,   0.420,   1.180,9999.000,9999.000,9999.000,9999.000,9999.000,9999.000,9999.000
202604252224,   0.423,   1.180,9999.000,9999.000,9999.000,9999.000,9999.000,9999.000,9999.000
202604252230,   0.426,   1.180,9999.000,9999.000,9999.000,9999.000,9999.000,9999.000,9999.000
202604252236,   0.429,   1.190,9999.000,9999.000,9999.000,9999.000,9999.000,9999.000,9999.000
202604252242,   0.432,   1.200,9999.000,9999.000,9999.000,9999.000,9999.000,9999.000,9999.000
202604252248,   0.434,   1.200,9999.000,9999.000,9999.000,9999.000,9999.000,9999.000,9999.000
202604252254,   0.437,   1.200,9999.000,9999.000,9999.000,9999.000,9999.000,9999.000,9999.000
202604252300,   0.439,   1.200,   0.700,   0.061,   1.200,   0.700,   1.200,   0.700,   1.200
202604252306,   0.442,   1.200,9999.000,9999.000,9999.000,9999.000,9999.000,9999.000,9999.000
202604252312,   0.444,   1.210,9999.000,9999.000,9999.000,9999.000,9999.000,9999.000,9999.000
202604252318,   0.446,   1.200,9999.000,9999.000,9999.000,9999.000,9999.000,9999.000,9999.000
202604252324,   0.448,   1.210,9999.000,9999.000,9999.000,9999.000,9999.000,9999.000,9999.000
202604252330,   0.450,   1.210,9999.000,9999.000,9999.000,9999.000,9999.000,9999.000,9999.000
202604252336,   0.452,   1.210,9999.000,9999.000,9999.000,9999.000,9999.000,9999.000,9999.000
202604252342,   0.454,   1.220,9999.000,9999.000,9999.000,9999.000,9999.000,9999.000,9999.000
202604252348,   0.455,   1.220,9999.000,9999.000,9999.000,9999.000,9999.000,9999.000,9999.000
202604252354,   0.457,   1.220,9999.000,9999.000,9999.000,9999.000,9999.000,9999.000,9999.000
202604260000,   0.459,   1.220,   0.900,  -0.139,   1.220,   0.800,   1.120,   0.900,   1.220
202604260006,   0.460,   1.220,9999.000,9999.000,9999.000,9999.000,9999.000,9999.000,9999.000
202604260012,   0.462,   1.220,9999.000,9999.000,9999.000,9999.000,9999.000,9999.000,9999.000
202604260018,   0.463,   1.220,9999.000,9999.000,9999.000,9999.000,9999.000,9999.000,9999.000
202604260024,   0.464,   1.220,9999.000,9999.000,9999.000,9999.000,9999.000,9999.000,9999.000
202604260030,   0.465,   1.229,9999.000,9999.000,9999.000,9999.000,9999.000,9999.000,9999.000
202604260036,   0.466,   1.239,9999.000,9999.000,9999.000,9999.000,9999.000,9999.000,9999.000
202604260042,   0.467,   1.239,9999.000,9999.000,9999.000,9999.000,9999.000,9999.000,9999.000
202604260048,   0.468,   1.229,9999.000,9999.000,9999.000,9999.000,9999.000,9999.000,9999.000
202604260054,   0.469,   1.229,9999.000,9999.000,9999.000,9999.000,9999.000,9999.000,9999.000
202604260100,   0.470,   1.229,   0.900,  -0.141,   1.229,   0.800,   1.129,   0.900,   1.229
202604260106,   0.471,   1.239,9999.000,9999.000,9999.000,9999.000,9999.000,9999.000,9999.000
202604260112,   0.471,   1.239,9999.000,9999.000,9999.000,9999.000,9999.000,9999.000,9999.000
202604260118,   0.472,   1.239,9999.000,9999.000,9999.000,9999.000,9999.000,9999.000,9999.000
202604260124,   0.473,   1.239,9999.000,9999.000,9999.000,9999.000,9999.000,9999.000,9999.000
202604260130,   0.473,   1.229,9999.000,9999.000,9999.000,9999.000,9999.000,9999.000,9999.000
202604260136,   0.474,   1.229,9999.000,9999.000,9999.000,9999.000,9999.000,9999.000,9999.000
202604260142,   0.474,   1.229,9999.000,9999.000,9999.000,9999.000,9999.000,9999.000,9999.000
202604260148,   0.474,   1.220,9999.000,9999.000,9999.000,9999.000,9999.000,9999.000,9999.000
202604260154,   0.475,   1.239,9999.000,9999.000,9999.000,9999.000,9999.000,9999.000,9999.000
202604260200,   0.475,   1.220,   0.900,  -0.155,   1.220,   0.800,   1.120,   0.900,   1.220
202604260206,   0.475,   1.220,9999.000,9999.000,9999.000,9999.000,9999.000,9999.000,9999.000
202604260212,   0.475,   1.220,9999.000,9999.000,9999.000,9999.000,9999.000,9999.000,9999.000
202604260218,   0.476,   1.229,9999.000,9999.000,9999.000,9999.000,9999.000,9999.000,9999.000
202604260224,   0.476,   1.229,9999.000,9999.000,9999.000,9999.000,9999.000,9999.000,9999.000
202604260230,   0.476,   1.229,9999.000,9999.000,9999.000,9999.000,9999.000,9999.000,9999.000
202604260236,   0.476,   1.239,9999.000,9999.000,9999.000,9999.000,9999.000,9999.000,9999.000
202604260242,   0.476,   1.239,9999.000,9999.000,9999.000,9999.000,9999.000,9999.000,9999.000
202604260248,   0.476,   1.239,9999.000,9999.000,9999.000,9999.000,9999.000,9999.000,9999.000
202604260254,   0.476,   1.239,9999.000,9999.000,9999.000,9999.000,9999.000,9999.000,9999.000
202604260300,   0.476,   1.229,   0.900,  -0.147,   1.229,   0.900,   1.229,   0.900,   1.229
202604260306,   0.476,   1.220,9999.000,9999.000,9999.000,9999.000,9999.000,9999.000,9999.000
202604260312,   0.477,   1.220,9999.000,9999.000,9999.000,9999.000,9999.000,9999.000,9999.000
202604260318,   0.477,   1.220,9999.000,9999.000,9999.000,9999.000,9999.000,9999.000,9999.000
202604260324,   0.477,   1.210,9999.000,9999.000,9999.000,9999.000,9999.000,9999.000,9999.000
202604260330,   0.477,   1.220,9999.000,9999.000,9999.000,9999.000,9999.000,9999.000,9999.000
202604260336,   0.477,   1.220,9999.000,9999.000,9999.000,9999.000,9999.000,9999.000,9999.000
202604260342,   0.477,   1.220,9999.000,9999.000,9999.000,9999.000,9999.000,9999.000,9999.000
202604260348,   0.477,   1.220,9999.000,9999.000,9999.000,9999.000,9999.000,9999.000,9999.000
202604260354,   0.477,   1.210,9999.000,9999.000,9999.000,9999.000,9999.000,9999.000,9999.000
202604260400,   0.477,   1.210,   0.900,  -0.167,   1.210,   0.900,   1.210,   0.900,   1.210
202604260406,   0.477,   1.220,9999.000,9999.000,9999.000,9999.000,9999.000,9999.000,9999.000
202604260412,   0.477,   1.200,9999.000,9999.000,9999.000,9999.000,9999.000,9999.000,9999.000
202604260418,   0.477,   1.200,9999.000,9999.000,9999.000,9999.000,9999.000,9999.000,9999.000
202604260424,   0.477,   1.190,9999.000,9999.000,9999.000,9999.000,9999.000,9999.000,9999.000
202604260430,   0.477,   1.180,9999.000,9999.000,9999.000,9999.000,9999.000,9999.000,9999.000
202604260436,   0.477,   1.200,9999.000,9999.000,9999.000,9999.000,9999.000,9999.000,9999.000
202604260442,   0.477,   1.190,9999.000,9999.000,9999.000,9999.000,9999.000,9999.000,9999.000
202604260448,   0.477,   1.190,9999.000,9999.000,9999.000,9999.000,9999.000,9999.000,9999.000
202604260454,   0.477,   1.200,9999.000,9999.000,9999.000,9999.000,9999.000,9999.000,9999.000
202604260500,   0.477,   1.190,   0.900,  -0.187,   1.190,   0.900,   1.190,   0.900,   1.190
202604260506,   0.477,   1.200,9999.000,9999.000,9999.000,9999.000,9999.000,9999.000,9999.000
202604260512,   0.477,   1.190,9999.000,9999.000,9999.000,9999.000,9999.000,9999.000,9999.000
202604260518,   0.477,   1.190,9999.000,9999.000,9999.000,9999.000,9999.000,9999.000,9999.000
202604260524,   0.477,   1.190,9999.000,9999.000,9999.000,9999.000,9999.000,9999.000,9999.000
202604260530,   0.477,   1.180,9999.000,9999.000,9999.000,9999.000,9999.000,9999.000,9999.000
202604260536,   0.477,   1.180,9999.000,9999.000,9999.000,9999.000,9999.000,9999.000,9999.000
202604260542,   0.477,   1.180,9999.000,9999.000,9999.000,9999.000,9999.000,9999.000,9999.000
202604260548,   0.478,   1.180,9999.000,9999.000,9999.000,9999.000,9999.000,9999.000,9999.000
202604260554,   0.478,   1.170,9999.000,9999.000,9999.000,9999.000,9999.000,9999.000,9999.000
202604260600,   0.478,   1.180,   0.800,  -0.098,   1.180,   0.800,   1.180,   0.800,   1.180
202604260606,   0.478,   1.180,9999.000,9999.000,9999.000,9999.000,9999.000,9999.000,9999.000
202604260612,   0.478,   1.180,9999.000,9999.000,9999.000,9999.000,9999.000,9999.000,9999.000
202604260618,   0.478,   1.170,9999.000,9999.000,9999.000,9999.000,9999.000,9999.000,9999.000
202604260624,   0.478,   1.170,9999.000,9999.000,9999.000,9999.000,9999.000,9999.000,9999.000
202604260630,   0.478,   1.170,9999.000,9999.000,9999.000,9999.000,9999.000,9999.000,9999.000
202604260636,   0.477,   1.170,9999.000,9999.000,9999.000,9999.000,9999.000,9999.000,9999.000
202604260642,   0.477,   1.170,9999.000,9999.000,9999.000,9999.000,9999.000,9999.000,9999.000
202604260648,   0.477,   1.170,9999.000,9999.000,9999.000,9999.000,9999.000,9999.000,9999.000
202604260654,   0.477,   1.161,9999.000,9999.000,9999.000,9999.000,9999.000,9999.000,9999.000
202604260700,   0.477,   1.161,   0.800,  -0.116,   1.161,   0.800,   1.161,   0.800,   1.161
202604260706,   0.477,   1.161,9999.000,9999.000,9999.000,9999.000,9999.000,9999.000,9999.000
202604260712,   0.476,   1.151,9999.000,9999.000,9999.000,9999.000,9999.000,9999.000,9999.000
202604260718,   0.476,   1.161,9999.000,9999.000,9999.000,9999.000,9999.000,9999.000,9999.000
202604260724,   0.476,   1.151,9999.000,9999.000,9999.000,9999.000,9999.000,9999.000,9999.000
202604260730,   0.475,   1.151,9999.000,9999.000,9999.000,9999.000,9999.000,9999.000,9999.000
202604260736,   0.475,   1.151,9999.000,9999.000,9999.000,9999.000,9999.000,9999.000,9999.000
202604260742,   0.475,   1.151,9999.000,9999.000,9999.000,9999.000,9999.000,9999.000,9999.000
202604260748,   0.474,   1.151,9999.000,9999.000,9999.000,9999.000,9999.000,9999.000,9999.000
202604260754,   0.473,   1.151,9999.000,9999.000,9999.000,9999.000,9999.000,9999.000,9999.000
202604260800,   0.473,   1.138,   0.800,  -0.135,   1.138,   0.800,   1.138,   0.800,   1.138
202604260806,   0.472,   1.138,9999.000,9999.000,9999.000,9999.000,9999.000,9999.000,9999.000
202604260812,   0.471,   1.138,9999.000,9999.000,9999.000,9999.000,9999.000,9999.000,9999.000
202604260818,   0.471,   1.128,9999.000,9999.000,9999.000,9999.000,9999.000,9999.000,9999.000
202604260824,   0.470,   1.138,9999.000,9999.000,9999.000,9999.000,9999.000,9999.000,9999.000
202604260830,   0.469,   1.118,9999.000,9999.000,9999.000,9999.000,9999.000,9999.000,9999.000
202604260836,   0.468,   1.118,9999.000,9999.000,9999.000,9999.000,9999.000,9999.000,9999.000
202604260842,   0.467,   1.118,9999.000,9999.000,9999.000,9999.000,9999.000,9999.000,9999.000
202604260848,   0.465,   1.108,9999.000,9999.000,9999.000,9999.000,9999.000,9999.000,9999.000
202604260854,   0.464,   1.108,9999.000,9999.000,9999.000,9999.000,9999.000,9999.000,9999.000
202604260900,   0.463,   1.118,   0.800,  -0.145,   1.118,   0.800,   1.118,   0.800,   1.118
202604260906,   0.462,   1.108,9999.000,9999.000,9999.000,9999.000,9999.000,9999.000,9999.000
202604260912,   0.460,   1.108,9999.000,9999.000,9999.000,9999.000,9999.000,9999.000,9999.000
202604260918,   0.459,   1.098,9999.000,9999.000,9999.000,9999.000,9999.000,9999.000,9999.000
202604260924,   0.457,   1.098,9999.000,9999.000,9999.000,9999.000,9999.000,9999.000,9999.000
202604260930,   0.455,   1.098,9999.000,9999.000,9999.000,9999.000,9999.000,9999.000,9999.000
202604260936,   0.454,   1.088,9999.000,9999.000,9999.000,9999.000,9999.000,9999.000,9999.000
202604260942,   0.452,   1.079,9999.000,9999.000,9999.000,9999.000,9999.000,9999.000,9999.000
202604260948,   0.450,   1.079,9999.000,9999.000,9999.000,9999.000,9999.000,9999.000,9999.000
202604260954,   0.448,   1.069,9999.000,9999.000,9999.000,9999.000,9999.000,9999.000,9999.000
202604261000,   0.446,   1.069,   0.800,  -0.177,   1.069,   0.800,   1.069,   0.800,   1.069
202604261006,   0.444,   1.069,9999.000,9999.000,9999.000,9999.000,9999.000,9999.000,9999.000
202604261012,   0.442,   1.059,9999.000,9999.000,9999.000,9999.000,9999.000,9999.000,9999.000
202604261018,   0.439,   1.059,9999.000,9999.000,9999.000,9999.000,9999.000,9999.000,9999.000
202604261024,   0.437,   1.059,9999.000,9999.000,9999.000,9999.000,9999.000,9999.000,9999.000
202604261030,   0.435,   1.049,9999.000,9999.000,9999.000,9999.000,9999.000,9999.000,9999.000
202604261036,   0.432,   1.049,9999.000,9999.000,9999.000,9999.000,9999.000,9999.000,9999.000
202604261042,   0.430,   1.049,9999.000,9999.000,9999.000,9999.000,9999.000,9999.000,9999.000
202604261048,   0.427,   1.039,9999.000,9999.000,9999.000,9999.000,9999.000,9999.000,9999.000
202604261054,   0.424,   1.039,9999.000,9999.000,9999.000,9999.000,9999.000,9999.000,9999.000
202604261100,   0.422,   1.049,   0.800,  -0.173,   1.049,   0.800,   1.049,   0.800,   1.049
202604261106,   0.419,   1.039,9999.000,9999.000,9999.000,9999.000,9999.000,9999.000,9999.000
202604261112,   0.416,   1.039,9999.000,9999.000,9999.000,9999.000,9999.000,9999.000,9999.000
202604261118,   0.413,   1.029,9999.000,9999.000,9999.000,9999.000,9999.000,9999.000,9999.000
202604261124,   0.410,   1.020,9999.000,9999.000,9999.000,9999.000,9999.000,9999.000,9999.000
202604261130,   0.407,   1.020,9999.000,9999.000,9999.000,9999.000,9999.000,9999.000,9999.000
202604261136,   0.404,   1.020,9999.000,9999.000,9999.000,9999.000,9999.000,9999.000,9999.000
202604261142,   0.401,   1.010,9999.000,9999.000,9999.000,9999.000,9999.000,9999.000,9999.000
202604261148,   0.398,   1.020,9999.000,9999.000,9999.000,9999.000,9999.000,9999.000,9999.000
202604261154,   0.395,   1.020,9999.000,9999.000,9999.000,9999.000,9999.000,9999.000,9999.000
202604261200,   0.392,   1.010,   0.700,  -0.082,   1.010,   0.700,   1.010,   0.700,   1.010
202604261206,   0.388,   1.000,9999.000,9999.000,9999.000,9999.000,9999.000,9999.000,9999.000
202604261212,   0.385,   1.000,9999.000,9999.000,9999.000,9999.000,9999.000,9999.000,9999.000
202604261218,   0.382,   0.980,9999.000,9999.000,9999.000,9999.000,9999.000,9999.000,9999.000
202604261224,   0.379,   0.980,9999.000,9999.000,9999.000,9999.000,9999.000,9999.000,9999.000
202604261230,   0.375,   0.970,9999.000,9999.000,9999.000,9999.000,9999.000,9999.000,9999.000
202604261236,   0.372,   0.961,9999.000,9999.000,9999.000,9999.000,9999.000,9999.000,9999.000
202604261242,   0.369,   0.961,9999.000,9999.000,9999.000,9999.000,9999.000,9999.000,9999.000
202604261248,   0.366,   0.961,9999.000,9999.000,9999.000,9999.000,9999.000,9999.000,9999.000
202604261254,   0.362,   0.961,9999.000,9999.000,9999.000,9999.000,9999.000,9999.000,9999.000
202604261300,   0.359,   0.961,   0.700,  -0.098,   0.961,   0.700,   0.961,   0.700,   0.961
202604261306,   0.356,   0.961,9999.000,9999.000,9999.000,9999.000,9999.000,9999.000,9999.000
202604261312,   0.353,   0.961,9999.000,9999.000,9999.000,9999.000,9999.000,9999.000,9999.000
202604261318,   0.350,   0.951,9999.000,9999.000,9999.000,9999.000,9999.000,9999.000,9999.000
202604261324,   0.347,   0.951,9999.000,9999.000,9999.000,9999.000,9999.000,9999.000,9999.000
202604261330,   0.343,   0.941,9999.000,9999.000,9999.000,9999.000,9999.000,9999.000,9999.000
202604261336,   0.340,   0.951,9999.000,9999.000,9999.000,9999.000,9999.000,9999.000,9999.000
202604261342,   0.337,   0.941,9999.000,9999.000,9999.000,9999.000,9999.000,9999.000,9999.000
202604261348,   0.334,   0.928,9999.000,9999.000,9999.000,9999.000,9999.000,9999.000,9999.000
202604261354,   0.332,   0.918,9999.000,9999.000,9999.000,9999.000,9999.000,9999.000,9999.000
202604261400,   0.329,   0.918,   0.700,  -0.111,   0.918,   0.700,   0.918,   0.700,   0.918
202604261406,   0.326,   0.918,9999.000,9999.000,9999.000,9999.000,9999.000,9999.000,9999.000
202604261412,   0.323,   0.918,9999.000,9999.000,9999.000,9999.000,9999.000,9999.000,9999.000
202604261418,   0.321,   0.908,9999.000,9999.000,9999.000,9999.000,9999.000,9999.000,9999.000
202604261424,   0.318,   0.908,9999.000,9999.000,9999.000,9999.000,9999.000,9999.000,9999.000
202604261430,   0.316,   0.908,9999.000,9999.000,9999.000,9999.000,9999.000,9999.000,9999.000
202604261436,   0.313,   0.908,9999.000,9999.000,9999.000,9999.000,9999.000,9999.000,9999.000
202604261442,   0.311,   0.918,9999.000,9999.000,9999.000,9999.000,9999.000,9999.000,9999.000
202604261448,   0.309,   0.908,9999.000,9999.000,9999.000,9999.000,9999.000,9999.000,9999.000
202604261454,   0.307,   0.908,9999.000,9999.000,9999.000,9999.000,9999.000,9999.000,9999.000
202604261500,   0.304,   0.918,   0.700,  -0.086,   0.918,   0.700,   0.918,   0.700,   0.918
202604261506,   0.303,   0.908,9999.000,9999.000,9999.000,9999.000,9999.000,9999.000,9999.000
202604261512,   0.301,   0.918,9999.000,9999.000,9999.000,9999.000,9999.000,9999.000,9999.000
202604261518,   0.299,   0.928,9999.000,9999.000,9999.000,9999.000,9999.000,9999.000,9999.000
202604261524,   0.297,   0.928,9999.000,9999.000,9999.000,9999.000,9999.000,9999.000,9999.000
202604261530,   0.296,   0.918,9999.000,9999.000,9999.000,9999.000,9999.000,9999.000,9999.000
202604261536,   0.295,   0.908,9999.000,9999.000,9999.000,9999.000,9999.000,9999.000,9999.000
202604261542,   0.293,   0.908,9999.000,9999.000,9999.000,9999.000,9999.000,9999.000,9999.000
202604261548,   0.292,   0.908,9999.000,9999.000,9999.000,9999.000,9999.000,9999.000,9999.000
202604261554,   0.291,   0.908,9999.000,9999.000,9999.000,9999.000,9999.000,9999.000,9999.000
202604261600,   0.290,   0.908,   0.700,  -0.082,   0.908,   0.700,   0.908,   0.700,   0.908
202604261606,   0.289,   0.908,9999.000,9999.000,9999.000,9999.000,9999.000,9999.000,9999.000
202604261612,   0.289,   0.898,9999.000,9999.000,9999.000,9999.000,9999.000,9999.000,9999.000
202604261618,   0.288,   0.908,9999.000,9999.000,9999.000,9999.000,9999.000,9999.000,9999.000
202604261624,   0.288,   0.918,9999.000,9999.000,9999.000,9999.000,9999.000,9999.000,9999.000
202604261630,   0.288,   0.928,9999.000,9999.000,9999.000,9999.000,9999.000,9999.000,9999.000
202604261636,   0.287,   0.908,9999.000,9999.000,9999.000,9999.000,9999.000,9999.000,9999.000
202604261642,   0.287,   0.918,9999.000,9999.000,9999.000,9999.000,9999.000,9999.000,9999.000
202604261648,   0.287,   0.951,9999.000,9999.000,9999.000,9999.000,9999.000,9999.000,9999.000
202604261654,   0.288,   0.879,9999.000,9999.000,9999.000,9999.000,9999.000,9999.000,9999.000
202604261700,   0.288,   0.908,   0.700,  -0.080,   0.908,   0.600,   0.808,   0.700,   0.908
202604261706,   0.288,   0.908,9999.000,9999.000,9999.000,9999.000,9999.000,9999.000,9999.000
202604261712,   0.289,   0.908,9999.000,9999.000,9999.000,9999.000,9999.000,9999.000,9999.000
202604261718,   0.289,   0.918,9999.000,9999.000,9999.000,9999.000,9999.000,9999.000,9999.000
202604261724,   0.290,   0.918,9999.000,9999.000,9999.000,9999.000,9999.000,9999.000,9999.000
202604261730,   0.291,   0.918,9999.000,9999.000,9999.000,9999.000,9999.000,9999.000,9999.000
202604261736,   0.292,   0.908,9999.000,9999.000,9999.000,9999.000,9999.000,9999.000,9999.000
202604261742,   0.293,   0.918,9999.000,9999.000,9999.000,9999.000,9999.000,9999.000,9999.000
202604261748,   0.294,   0.918,9999.000,9999.000,9999.000,9999.000,9999.000,9999.000,9999.000
202604261754,   0.296,   0.918,9999.000,9999.000,9999.000,9999.000,9999.000,9999.000,9999.000
202604261800,   0.297,   0.908,   0.700,  -0.089,   0.908,   0.700,   0.908,   0.700,   0.908
202604261806,   0.299,   0.928,9999.000,9999.000,9999.000,9999.000,9999.000,9999.000,9999.000
202604261812,   0.300,   0.941,9999.000,9999.000,9999.000,9999.000,9999.000,9999.000,9999.000
202604261818,   0.302,   0.941,9999.000,9999.000,9999.000,9999.000,9999.000,9999.000,9999.000
202604261824,   0.304,   0.951,9999.000,9999.000,9999.000,9999.000,9999.000,9999.000,9999.000
202604261830,   0.305,   0.941,9999.000,9999.000,9999.000,9999.000,9999.000,9999.000,9999.000
202604261836,   0.307,   0.970,9999.000,9999.000,9999.000,9999.000,9999.000,9999.000,9999.000
202604261842,   0.309,   0.928,9999.000,9999.000,9999.000,9999.000,9999.000,9999.000,9999.000
202604261848,   0.311,   0.951,9999.000,9999.000,9999.000,9999.000,9999.000,9999.000,9999.000
202604261854,   0.314,   0.941,9999.000,9999.000,9999.000,9999.000,9999.000,9999.000,9999.000
202604261900,   0.316,   0.951,   0.700,  -0.065,   0.951,   0.600,   0.851,   0.700,   0.951
202604261906,   0.318,   0.951,9999.000,9999.000,9999.000,9999.000,9999.000,9999.000,9999.000
202604261912,   0.320,   0.951,9999.000,9999.000,9999.000,9999.000,9999.000,9999.000,9999.000
202604261918,   0.323,   0.961,9999.000,9999.000,9999.000,9999.000,9999.000,9999.000,9999.000
202604261924,   0.325,   0.970,9999.000,9999.000,9999.000,9999.000,9999.000,9999.000,9999.000
202604261930,   0.327,   0.970,9999.000,9999.000,9999.000,9999.000,9999.000,9999.000,9999.000
202604261936,   0.330,   0.970,9999.000,9999.000,9999.000,9999.000,9999.000,9999.000,9999.000
202604261942,   0.332,   0.990,9999.000,9999.000,9999.000,9999.000,9999.000,9999.000,9999.000
202604261948,   0.335,   0.980,9999.000,9999.000,9999.000,9999.000,9999.000,9999.000,9999.000
202604261954,   0.337,   0.990,9999.000,9999.000,9999.000,9999.000,9999.000,9999.000,9999.000
202604262000,   0.340,   1.000,   0.700,  -0.040,   1.000,   0.600,   0.900,   0.700,   1.000
202604262006,   0.342,   1.000,9999.000,9999.000,9999.000,9999.000,9999.000,9999.000,9999.000
202604262012,   0.345,   1.000,9999.000,9999.000,9999.000,9999.000,9999.000,9999.000,9999.000
202604262018,   0.347,   1.010,9999.000,9999.000,9999.000,9999.000,9999.000,9999.000,9999.000
202604262024,   0.350,   1.010,9999.000,9999.000,9999.000,9999.000,9999.000,9999.000,9999.000
202604262030,   0.352,   1.020,9999.000,9999.000,9999.000,9999.000,9999.000,9999.000,9999.000
202604262036,   0.355,   1.020,9999.000,9999.000,9999.000,9999.000,9999.000,9999.000,9999.000
202604262042,   0.357,   1.029,9999.000,9999.000,9999.000,9999.000,9999.000,9999.000,9999.000
202604262048,   0.360,   1.029,9999.000,9999.000,9999.000,9999.000,9999.000,9999.000,9999.000
202604262054,   0.362,   1.029,9999.000,9999.000,9999.000,9999.000,9999.000,9999.000,9999.000
202604262100,   0.365,   1.049,   0.600,   0.084,   1.049,   0.600,   1.049,   0.700,   1.149
202604262106,   0.367,   1.049,9999.000,9999.000,9999.000,9999.000,9999.000,9999.000,9999.000
202604262112,   0.369,   1.069,9999.000,9999.000,9999.000,9999.000,9999.000,9999.000,9999.000
202604262118,   0.372,   1.069,9999.000,9999.000,9999.000,9999.000,9999.000,9999.000,9999.000
202604262124,   0.374,   1.069,9999.000,9999.000,9999.000,9999.000,9999.000,9999.000,9999.000
202604262130,   0.376,   1.069,9999.000,9999.000,9999.000,9999.000,9999.000,9999.000,9999.000
202604262136,   0.378,   1.079,9999.000,9999.000,9999.000,9999.000,9999.000,9999.000,9999.000
202604262142,   0.380,   1.079,9999.000,9999.000,9999.000,9999.000,9999.000,9999.000,9999.000
202604262148,   0.382,   1.088,9999.000,9999.000,9999.000,9999.000,9999.000,9999.000,9999.000
202604262154,   0.384,   1.098,9999.000,9999.000,9999.000,9999.000,9999.000,9999.000,9999.000
202604262200,   0.386,   1.108,   0.600,   0.122,   1.108,   0.600,   1.108,   0.700,   1.208
202604262206,   0.388,   1.108,9999.000,9999.000,9999.000,9999.000,9999.000,9999.000,9999.000
202604262212,   0.390,   1.108,9999.000,9999.000,9999.000,9999.000,9999.000,9999.000,9999.000
202604262218,   0.392,   1.118,9999.000,9999.000,9999.000,9999.000,9999.000,9999.000,9999.000
202604262224,   0.393,   1.128,9999.000,9999.000,9999.000,9999.000,9999.000,9999.000,9999.000
202604262230,   0.395,   1.128,9999.000,9999.000,9999.000,9999.000,9999.000,9999.000,9999.000
202604262236,   0.396,   1.118,9999.000,9999.000,9999.000,9999.000,9999.000,9999.000,9999.000
202604262242,   0.398,   1.128,9999.000,9999.000,9999.000,9999.000,9999.000,9999.000,9999.000
202604262248,   0.399,   1.128,9999.000,9999.000,9999.000,9999.000,9999.000,9999.000,9999.000
202604262254,   0.400,   1.138,9999.000,9999.000,9999.000,9999.000,9999.000,9999.000,9999.000
202604262300,   0.402,   1.151,   0.600,   0.149,   1.151,   0.600,   1.151,   0.700,   1.251
202604262306,   0.403,   1.151,9999.000,9999.000,9999.000,9999.000,9999.000,9999.000,9999.000
202604262312,   0.404,   1.138,9999.000,9999.000,9999.000,9999.000,9999.000,9999.000,9999.000
202604262318,   0.405,   1.151,9999.000,9999.000,9999.000,9999.000,9999.000,9999.000,9999.000
202604262324,   0.405,   1.151,9999.000,9999.000,9999.000,9999.000,9999.000,9999.000,9999.000
202604262330,   0.406,   1.151,9999.000,9999.000,9999.000,9999.000,9999.000,9999.000,9999.000
202604262336,   0.407,   1.138,9999.000,9999.000,9999.000,9999.000,9999.000,9999.000,9999.000
202604262342,   0.408,   1.151,9999.000,9999.000,9999.000,9999.000,9999.000,9999.000,9999.000
202604262348,   0.408,   1.128,9999.000,9999.000,9999.000,9999.000,9999.000,9999.000,9999.000
202604262354,   0.409,   1.138,9999.000,9999.000,9999.000,9999.000,9999.000,9999.000,9999.000
202604270000,   0.409,   1.151,   0.800,  -0.058,   1.151,   0.800,   1.151,   0.800,   1.151
202604270006,   0.410,   1.138,9999.000,9999.000,9999.000,9999.000,9999.000,9999.000,9999.000
202604270012,   0.410,   1.128,9999.000,9999.000,9999.000,9999.000,9999.000,9999.000,9999.000
202604270018,   0.410,   1.118,9999.000,9999.000,9999.000,9999.000,9999.000,9999.000,9999.000
202604270024,   0.410,   1.128,9999.000,9999.000,9999.000,9999.000,9999.000,9999.000,9999.000
202604270030,   0.410,   1.118,9999.000,9999.000,9999.000,9999.000,9999.000,9999.000,9999.000
202604270036,   0.410,   1.128,9999.000,9999.000,9999.000,9999.000,9999.000,9999.000,9999.000
202604270042,   0.410,   1.128,9999.000,9999.000,9999.000,9999.000,9999.000,9999.000,9999.000
202604270048,   0.410,   1.138,9999.000,9999.000,9999.000,9999.000,9999.000,9999.000,9999.000
202604270054,   0.410,   1.128,9999.000,9999.000,9999.000,9999.000,9999.000,9999.000,9999.000
202604270100,   0.410,   1.118,   0.800,  -0.092,   1.118,   0.800,   1.118,   0.900,   1.218
202604270106,   0.410,   1.128,9999.000,9999.000,9999.000,9999.000,9999.000,9999.000,9999.000
202604270112,   0.410,   1.128,9999.000,9999.000,9999.000,9999.000,9999.000,9999.000,9999.000
202604270118,   0.409,   1.098,9999.000,9999.000,9999.000,9999.000,9999.000,9999.000,9999.000
202604270124,   0.409,   1.128,9999.000,9999.000,9999.000,9999.000,9999.000,9999.000,9999.000
202604270130,   0.409,   1.108,9999.000,9999.000,9999.000,9999.000,9999.000,9999.000,9999.000
202604270136,   0.408,   1.098,9999.000,9999.000,9999.000,9999.000,9999.000,9999.000,9999.000
202604270142,   0.408,   1.118,9999.000,9999.000,9999.000,9999.000,9999.000,9999.000,9999.000
202604270148,   0.408,   1.118,9999.000,9999.000,9999.000,9999.000,9999.000,9999.000,9999.000
202604270154,   0.407,   1.118,9999.000,9999.000,9999.000,9999.000,9999.000,9999.000,9999.000
202604270200,   0.407,   1.118,   0.800,  -0.089,   1.118,   0.800,   1.118,   0.900,   1.218
202604270206,   0.406,   1.128,9999.000,9999.000,9999.000,9999.000,9999.000,9999.000,9999.000
202604270212,   0.406,   1.118,9999.000,9999.000,9999.000,9999.000,9999.000,9999.000,9999.000
202604270218,   0.405,   1.128,9999.000,9999.000,9999.000,9999.000,9999.000,9999.000,9999.000
202604270224,   0.405,   1.118,9999.000,9999.000,9999.000,9999.000,9999.000,9999.000,9999.000
202604270230,   0.404,   1.118,9999.000,9999.000,9999.000,9999.000,9999.000,9999.000,9999.000
202604270236,   0.404,   1.128,9999.000,9999.000,9999.000,9999.000,9999.000,9999.000,9999.000
202604270242,   0.404,   1.138,9999.000,9999.000,9999.000,9999.000,9999.000,9999.000,9999.000
202604270248,   0.403,   1.108,9999.000,9999.000,9999.000,9999.000,9999.000,9999.000,9999.000
202604270254,   0.403,   1.118,9999.000,9999.000,9999.000,9999.000,9999.000,9999.000,9999.000
202604270300,   0.402,   1.128,   0.800,  -0.074,   1.128,   0.800,   1.128,   0.800,   1.128
202604270306,   0.402,   1.138,9999.000,9999.000,9999.000,9999.000,9999.000,9999.000,9999.000
202604270312,   0.402,   1.128,9999.000,9999.000,9999.000,9999.000,9999.000,9999.000,9999.000
202604270318,   0.401,   1.138,9999.000,9999.000,9999.000,9999.000,9999.000,9999.000,9999.000
202604270324,   0.401,   1.128,9999.000,9999.000,9999.000,9999.000,9999.000,9999.000,9999.000
202604270330,   0.401,   1.138,9999.000,9999.000,9999.000,9999.000,9999.000,9999.000,9999.000
202604270336,   0.401,   1.138,9999.000,9999.000,9999.000,9999.000,9999.000,9999.000,9999.000
202604270342,   0.400,   1.118,9999.000,9999.000,9999.000,9999.000,9999.000,9999.000,9999.000
202604270348,   0.400,   1.128,9999.000,9999.000,9999.000,9999.000,9999.000,9999.000,9999.000
202604270354,   0.400,   1.128,9999.000,9999.000,9999.000,9999.000,9999.000,9999.000,9999.000
202604270400,   0.400,   1.128,   0.800,  -0.072,   1.128,   0.800,   1.128,   0.800,   1.128
202604270406,   0.400,   1.118,9999.000,9999.000,9999.000,9999.000,9999.000,9999.000,9999.000
202604270412,   0.400,   1.118,9999.000,9999.000,9999.000,9999.000,9999.000,9999.000,9999.000
202604270418,   0.400,   1.118,9999.000,9999.000,9999.000,9999.000,9999.000,9999.000,9999.000
202604270424,   0.400,   1.118,9999.000,9999.000,9999.000,9999.000,9999.000,9999.000,9999.000
202604270430,   0.401,   1.108,9999.000,9999.000,9999.000,9999.000,9999.000,9999.000,9999.000
202604270436,   0.401,   1.108,9999.000,9999.000,9999.000,9999.000,9999.000,9999.000,9999.000
202604270442,   0.401,   1.108,9999.000,9999.000,9999.000,9999.000,9999.000,9999.000,9999.000
202604270448,   0.401,   1.118,9999.000,9999.000,9999.000,9999.000,9999.000,9999.000,9999.000
202604270454,   0.402,   1.108,9999.000,9999.000,9999.000,9999.000,9999.000,9999.000,9999.000
202604270500,   0.402,   1.118,   0.800,  -0.084,   1.118,   0.800,   1.118,   0.800,   1.118
202604270506,   0.403,   1.118,9999.000,9999.000,9999.000,9999.000,9999.000,9999.000,9999.000
202604270512,   0.403,   1.118,9999.000,9999.000,9999.000,9999.000,9999.000,9999.000,9999.000
202604270518,   0.404,   1.118,9999.000,9999.000,9999.000,9999.000,9999.000,9999.000,9999.000
202604270524,   0.404,   1.118,9999.000,9999.000,9999.000,9999.000,9999.000,9999.000,9999.000
202604270530,   0.405,   1.118,9999.000,9999.000,9999.000,9999.000,9999.000,9999.000,9999.000
202604270536,   0.406,   1.138,9999.000,9999.000,9999.000,9999.000,9999.000,9999.000,9999.000
202604270542,   0.407,   1.151,9999.000,9999.000,9999.000,9999.000,9999.000,9999.000,9999.000
202604270548,   0.407,   1.138,9999.000,9999.000,9999.000,9999.000,9999.000,9999.000,9999.000
202604270554,   0.408,   1.151,9999.000,9999.000,9999.000,9999.000,9999.000,9999.000,9999.000
202604270600,   0.409,   1.151,   0.900,  -0.158,   1.151,   0.900,   1.151,   0.900,   1.151
202604270606,   0.410,   1.151,9999.000,9999.000,9999.000,9999.000,9999.000,9999.000,9999.000
202604270612,   0.411,   1.151,9999.000,9999.000,9999.000,9999.000,9999.000,9999.000,9999.000
202604270618,   0.412,   1.151,9999.000,9999.000,9999.000,9999.000,9999.000,9999.000,9999.000
202604270624,   0.413,   1.151,9999.000,9999.000,9999.000,9999.000,9999.000,9999.000,9999.000
202604270630,   0.414,   1.151,9999.000,9999.000,9999.000,9999.000,9999.000,9999.000,9999.000
202604270636,   0.415,   1.151,9999.000,9999.000,9999.000,9999.000,9999.000,9999.000,9999.000
202604270642,   0.416,   1.138,9999.000,9999.000,9999.000,9999.000,9999.000,9999.000,9999.000
202604270648,   0.417,   1.151,9999.000,9999.000,9999.000,9999.000,9999.000,9999.000,9999.000
202604270654,   0.419,   1.151,9999.000,9999.000,9999.000,9999.000,9999.000,9999.000,9999.000
202604270700,   0.420,   1.151,   0.900,  -0.169,   1.151,   0.900,   1.151,   0.900,   1.151
202604270706,   0.421,   1.151,9999.000,9999.000,9999.000,9999.000,9999.000,9999.000,9999.000
202604270712,   0.422,   1.151,9999.000,9999.000,9999.000,9999.000,9999.000,9999.000,9999.000
202604270718,   0.423,   1.151,9999.000,9999.000,9999.000,9999.000,9999.000,9999.000,9999.000
202604270724,   0.424,   1.151,9999.000,9999.000,9999.000,9999.000,9999.000,9999.000,9999.000
202604270730,   0.426,   1.161,9999.000,9999.000,9999.000,9999.000,9999.000,9999.000,9999.000
202604270736,   0.427,   1.170,9999.000,9999.000,9999.000,9999.000,9999.000,9999.000,9999.000
202604270742,   0.428,   1.161,9999.000,9999.000,9999.000,9999.000,9999.000,9999.000,9999.000
202604270748,   0.429,   1.180,9999.000,9999.000,9999.000,9999.000,9999.000,9999.000,9999.000
202604270754,   0.430,   1.161,9999.000,9999.000,9999.000,9999.000,9999.000,9999.000,9999.000
202604270800,   0.431,   1.180,   0.900,  -0.151,   1.180,   0.900,   1.180,   0.900,   1.180
202604270806,   0.433,   1.180,9999.000,9999.000,9999.000,9999.000,9999.000,9999.000,9999.000
202604270812,   0.434,   1.180,9999.000,9999.000,9999.000,9999.000,9999.000,9999.000,9999.000
202604270818,   0.435,   1.180,9999.000,9999.000,9999.000,9999.000,9999.000,9999.000,9999.000
202604270824,   0.436,   1.180,9999.000,9999.000,9999.000,9999.000,9999.000,9999.000,9999.000
202604270830,   0.437,   1.180,9999.000,9999.000,9999.000,9999.000,9999.000,9999.000,9999.000
202604270836,   0.438,   1.200,9999.000,9999.000,9999.000,9999.000,9999.000,9999.000,9999.000
202604270842,   0.438,   1.200,9999.000,9999.000,9999.000,9999.000,9999.000,9999.000,9999.000
202604270848,   0.439,   1.200,9999.000,9999.000,9999.000,9999.000,9999.000,9999.000,9999.000
202604270854,   0.440,   1.210,9999.000,9999.000,9999.000,9999.000,9999.000,9999.000,9999.000
202604270900,   0.441,   1.220,   0.900,  -0.121,   1.220,   0.900,   1.220,   0.900,   1.220
202604270906,   0.442,   1.229,9999.000,9999.000,9999.000,9999.000,9999.000,9999.000,9999.000
202604270912,   0.442,   1.229,9999.000,9999.000,9999.000,9999.000,9999.000,9999.000,9999.000
202604270918,   0.443,   1.229,9999.000,9999.000,9999.000,9999.000,9999.000,9999.000,9999.000
202604270924,   0.443,   1.239,9999.000,9999.000,9999.000,9999.000,9999.000,9999.000,9999.000
202604270930,   0.444,   1.239,9999.000,9999.000,9999.000,9999.000,9999.000,9999.000,9999.000
202604270936,   0.444,   1.229,9999.000,9999.000,9999.000,9999.000,9999.000,9999.000,9999.000
202604270942,   0.445,   1.220,9999.000,9999.000,9999.000,9999.000,9999.000,9999.000,9999.000
202604270948,   0.445,   1.220,9999.000,9999.000,9999.000,9999.000,9999.000,9999.000,9999.000
202604270954,   0.445,   1.229,9999.000,9999.000,9999.000,9999.000,9999.000,9999.000,9999.000
202604271000,   0.445,   1.229,   0.900,  -0.116,   1.229,   0.900,   1.229,   0.900,   1.229
202604271006,   0.445,   1.229,9999.000,9999.000,9999.000,9999.000,9999.000,9999.000,9999.000
202604271012,   0.445,   1.239,9999.000,9999.000,9999.000,9999.000,9999.000,9999.000,9999.000
202604271018,   0.445,   1.229,9999.000,9999.000,9999.000,9999.000,9999.000,9999.000,9999.000
202604271024,   0.445,   1.229,9999.000,9999.000,9999.000,9999.000,9999.000,9999.000,9999.000
202604271030,   0.445,   1.239,9999.000,9999.000,9999.000,9999.000,9999.000,9999.000,9999.000
202604271036,   0.444,   1.229,9999.000,9999.000,9999.000,9999.000,9999.000,9999.000,9999.000
202604271042,   0.444,   1.229,9999.000,9999.000,9999.000,9999.000,9999.000,9999.000,9999.000
202604271048,   0.444,   1.229,9999.000,9999.000,9999.000,9999.000,9999.000,9999.000,9999.000
202604271054,   0.443,   1.229,9999.000,9999.000,9999.000,9999.000,9999.000,9999.000,9999.000
202604271100,   0.442,   1.229,   0.900,  -0.113,   1.229,   0.900,   1.229,   0.900,   1.229
202604271106,   0.442,   1.220,9999.000,9999.000,9999.000,9999.000,9999.000,9999.000,9999.000
202604271112,   0.441,   1.220,9999.000,9999.000,9999.000,9999.000,9999.000,9999.000,9999.000
202604271118,   0.440,   1.220,9999.000,9999.000,9999.000,9999.000,9999.000,9999.000,9999.000
202604271124,   0.439,   1.220,9999.000,9999.000,9999.000,9999.000,9999.000,9999.000,9999.000
202604271130,   0.438,   1.220,9999.000,9999.000,9999.000,9999.000,9999.000,9999.000,9999.000
202604271136,   0.437,   1.200,9999.000,9999.000,9999.000,9999.000,9999.000,9999.000,9999.000
202604271142,   0.436,   1.210,9999.000,9999.000,9999.000,9999.000,9999.000,9999.000,9999.000
202604271148,   0.435,   1.180,9999.000,9999.000,9999.000,9999.000,9999.000,9999.000,9999.000
202604271154,   0.434,   1.210,9999.000,9999.000,9999.000,9999.000,9999.000,9999.000,9999.000
202604271200,   0.432,   1.200,   0.900,  -0.132,   1.200,   0.900,   1.200,   0.900,   1.200
202604271206,   0.431,   1.200,9999.000,9999.000,9999.000,9999.000,9999.000,9999.000,9999.000
202604271212,   0.430,   1.200,9999.000,9999.000,9999.000,9999.000,9999.000,9999.000,9999.000
202604271218,   0.428,   1.190,9999.000,9999.000,9999.000,9999.000,9999.000,9999.000,9999.000
202604271224,   0.427,   1.190,9999.000,9999.000,9999.000,9999.000,9999.000,9999.000,9999.000
202604271230,   0.425,   1.200,9999.000,9999.000,9999.000,9999.000,9999.000,9999.000,9999.000
202604271236,   0.423,   1.180,9999.000,9999.000,9999.000,9999.000,9999.000,9999.000,9999.000
202604271242,   0.422,   1.190,9999.000,9999.000,9999.000,9999.000,9999.000,9999.000,9999.000
202604271248,   0.420,   1.180,9999.000,9999.000,9999.000,9999.000,9999.000,9999.000,9999.000
202604271254,   0.418,   1.170,9999.000,9999.000,9999.000,9999.000,9999.000,9999.000,9999.000
202604271300,   0.417,   1.170,   0.900,  -0.147,   1.170,   0.900,   1.170,   0.900,   1.170
202604271306,   0.415,   1.161,9999.000,9999.000,9999.000,9999.000,9999.000,9999.000,9999.000
202604271312,   0.413,   1.161,9999.000,9999.000,9999.000,9999.000,9999.000,9999.000,9999.000
202604271318,   0.411,   1.151,9999.000,9999.000,9999.000,9999.000,9999.000,9999.000,9999.000
202604271324,   0.409,   1.151,9999.000,9999.000,9999.000,9999.000,9999.000,9999.000,9999.000
202604271330,   0.407,   1.151,9999.000,9999.000,9999.000,9999.000,9999.000,9999.000,9999.000
202604271336,   0.405,   1.151,9999.000,9999.000,9999.000,9999.000,9999.000,9999.000,9999.000
202604271342,   0.404,   1.138,9999.000,9999.000,9999.000,9999.000,9999.000,9999.000,9999.000
202604271348,   0.402,   1.151,9999.000,9999.000,9999.000,9999.000,9999.000,9999.000,9999.000
202604271354,   0.400,   1.151,9999.000,9999.000,9999.000,9999.000,9999.000,9999.000,9999.000
202604271400,   0.398,   1.151,   0.900,  -0.147,   1.151,   0.900,   1.151,   0.900,   1.151
202604271406,   0.396,   1.138,9999.000,9999.000,9999.000,9999.000,9999.000,9999.000,9999.000
202604271412,   0.394,   1.151,9999.000,9999.000,9999.000,9999.000,9999.000,9999.000,9999.000
202604271418,   0.392,   1.138,9999.000,9999.000,9999.000,9999.000,9999.000,9999.000,9999.000
202604271424,   0.390,   1.138,9999.000,9999.000,9999.000,9999.000,9999.000,9999.000,9999.000
202604271430,   0.389,   1.128,9999.000,9999.000,9999.000,9999.000,9999.000,9999.000,9999.000
202604271436,   0.387,   1.138,9999.000,9999.000,9999.000,9999.000,9999.000,9999.000,9999.000
202604271442,   0.385,   1.118,9999.000,9999.000,9999.000,9999.000,9999.000,9999.000,9999.000
202604271448,   0.383,   1.128,9999.000,9999.000,9999.000,9999.000,9999.000,9999.000,9999.000
202604271454,   0.382,   1.118,9999.000,9999.000,9999.000,9999.000,9999.000,9999.000,9999.000
202604271500,   0.380,   1.128,   0.900,  -0.152,   1.128,   0.900,   1.128,   0.900,   1.128
202604271506,   0.379,   1.128,9999.000,9999.000,9999.000,9999.000,9999.000,9999.000,9999.000
202604271512,   0.377,   1.128,9999.000,9999.000,9999.000,9999.000,9999.000,9999.000,9999.000
202604271518,   0.375,   1.128,9999.000,9999.000,9999.000,9999.000,9999.000,9999.000,9999.000
202604271524,   0.374,   1.138,9999.000,9999.000,9999.000,9999.000,9999.000,9999.000,9999.000
202604271530,   0.373,   1.128,9999.000,9999.000,9999.000,9999.000,9999.000,9999.000,9999.000
202604271536,   0.371,   1.138,9999.000,9999.000,9999.000,9999.000,9999.000,9999.000,9999.000
202604271542,   0.370,   1.138,9999.000,9999.000,9999.000,9999.000,9999.000,9999.000,9999.000
202604271548,   0.369,   1.138,9999.000,9999.000,9999.000,9999.000,9999.000,9999.000,9999.000
202604271554,   0.368,   1.138,9999.000,9999.000,9999.000,9999.000,9999.000,9999.000,9999.000
202604271600,   0.367,   1.128,   0.900,  -0.139,   1.128,   0.900,   1.128,   0.900,   1.128
202604271606,   0.366,   1.138,9999.000,9999.000,9999.000,9999.000,9999.000,9999.000,9999.000
202604271612,   0.365,   1.128,9999.000,9999.000,9999.000,9999.000,9999.000,9999.000,9999.000
202604271618,   0.364,   1.128,9999.000,9999.000,9999.000,9999.000,9999.000,9999.000,9999.000
202604271624,   0.363,   1.118,9999.000,9999.000,9999.000,9999.000,9999.000,9999.000,9999.000
202604271630,   0.362,   1.118,9999.000,9999.000,9999.000,9999.000,9999.000,9999.000,9999.000
202604271636,   0.362,   1.118,9999.000,9999.000,9999.000,9999.000,9999.000,9999.000,9999.000
202604271642,   0.361,   1.108,9999.000,9999.000,9999.000,9999.000,9999.000,9999.000,9999.000
202604271648,   0.361,   1.108,9999.000,9999.000,9999.000,9999.000,9999.000,9999.000,9999.000
202604271654,   0.360,   1.098,9999.000,9999.000,9999.000,9999.000,9999.000,9999.000,9999.000
202604271700,   0.360,   1.098,   0.900,  -0.162,   1.098,   0.900,   1.098,   0.900,   1.098
202604271706,   0.360,   1.088,9999.000,9999.000,9999.000,9999.000,9999.000,9999.000,9999.000
202604271712,   0.360,   1.088,9999.000,9999.000,9999.000,9999.000,9999.000,9999.000,9999.000
202604271718,   0.360,   1.088,9999.000,9999.000,9999.000,9999.000,9999.000,9999.000,9999.000
202604271724,   0.359,   1.088,9999.000,9999.000,9999.000,9999.000,9999.000,9999.000,9999.000
202604271730,   0.360,   1.088,9999.000,9999.000,9999.000,9999.000,9999.000,9999.000,9999.000
202604271736,   0.360,   1.098,9999.000,9999.000,9999.000,9999.000,9999.000,9999.000,9999.000
202604271742,   0.360,   1.088,9999.000,9999.000,9999.000,9999.000,9999.000,9999.000,9999.000
202604271748,   0.360,   1.088,9999.000,9999.000,9999.000,9999.000,9999.000,9999.000,9999.000
202604271754,   0.360,   1.098,9999.000,9999.000,9999.000,9999.000,9999.000,9999.000,9999.000
202604271800,   0.361,   1.098,   0.900,  -0.163,   1.098,   0.900,   1.098,   0.900,   1.098
202604271806,   0.361,   1.098,9999.000,9999.000,9999.000,9999.000,9999.000,9999.000,9999.000
202604271812,   0.362,   1.098,9999.000,9999.000,9999.000,9999.000,9999.000,9999.000,9999.000
202604271818,   0.362,   1.098,9999.000,9999.000,9999.000,9999.000,9999.000,9999.000,9999.000
202604271824,   0.363,   1.098,9999.000,9999.000,9999.000,9999.000,9999.000,9999.000,9999.000
202604271830,   0.363,   1.088,9999.000,9999.000,9999.000,9999.000,9999.000,9999.000,9999.000
202604271836,   0.364,   1.098,9999.000,9999.000,9999.000,9999.000,9999.000,9999.000,9999.000
202604271842,   0.365,   1.108,9999.000,9999.000,9999.000,9999.000,9999.000,9999.000,9999.000
202604271848,   0.366,   1.098,9999.000,9999.000,9999.000,9999.000,9999.000,9999.000,9999.000
202604271854,   0.367,   1.108,9999.000,9999.000,9999.000,9999.000,9999.000,9999.000,9999.000
202604271900,   0.367,   1.118,   0.900,  -0.149,   1.118,   0.900,   1.118,   0.900,   1.118
202604271906,   0.368,   1.108,9999.000,9999.000,9999.000,9999.000,9999.000,9999.000,9999.000
202604271912,   0.369,   1.118,9999.000,9999.000,9999.000,9999.000,9999.000,9999.000,9999.000
202604271918,   0.370,   1.118,9999.000,9999.000,9999.000,9999.000,9999.000,9999.000,9999.000
202604271924,   0.371,   1.108,9999.000,9999.000,9999.000,9999.000,9999.000,9999.000,9999.000
202604271930,   0.372,   1.118,9999.000,9999.000,9999.000,9999.000,9999.000,9999.000,9999.000
202604271936,   0.373,   1.098,9999.000,9999.000,9999.000,9999.000,9999.000,9999.000,9999.000
202604271942,   0.374,   1.098,9999.000,9999.000,9999.000,9999.000,9999.000,9999.000,9999.000
202604271948,   0.375,   1.108,9999.000,9999.000,9999.000,9999.000,9999.000,9999.000,9999.000
202604271954,   0.376,   1.088,9999.000,9999.000,9999.000,9999.000,9999.000,9999.000,9999.000
202604272000,   0.377,   1.098,   0.900,  -0.179,   1.098,   0.900,   1.098,   0.900,   1.098
202604272006,   0.378,   1.098,9999.000,9999.000,9999.000,9999.000,9999.000,9999.000,9999.000
202604272012,   0.379,   1.098,9999.000,9999.000,9999.000,9999.000,9999.000,9999.000,9999.000
202604272018,   0.380,   1.088,9999.000,9999.000,9999.000,9999.000,9999.000,9999.000,9999.000
202604272024,   0.381,   1.098,9999.000,9999.000,9999.000,9999.000,9999.000,9999.000,9999.000
202604272030,   0.382,   1.088,9999.000,9999.000,9999.000,9999.000,9999.000,9999.000,9999.000
202604272036,   0.383,   1.098,9999.000,9999.000,9999.000,9999.000,9999.000,9999.000,9999.000
202604272042,   0.384,   1.108,9999.000,9999.000,9999.000,9999.000,9999.000,9999.000,9999.000
202604272048,   0.385,   1.108,9999.000,9999.000,9999.000,9999.000,9999.000,9999.000,9999.000
202604272054,   0.386,   1.098,9999.000,9999.000,9999.000,9999.000,9999.000,9999.000,9999.000
202604272100,   0.387,   1.088,   0.900,  -0.199,   1.088,   0.900,   1.088,   0.900,   1.088
202604272106,   0.387,   1.108,9999.000,9999.000,9999.000,9999.000,9999.000,9999.000,9999.000
202604272112,   0.388,   1.118,9999.000,9999.000,9999.000,9999.000,9999.000,9999.000,9999.000
202604272118,   0.389,   1.108,9999.000,9999.000,9999.000,9999.000,9999.000,9999.000,9999.000
202604272124,   0.389,   1.108,9999.000,9999.000,9999.000,9999.000,9999.000,9999.000,9999.000
202604272130,   0.390,   1.108,9999.000,9999.000,9999.000,9999.000,9999.000,9999.000,9999.000
202604272136,   0.390,   1.108,9999.000,9999.000,9999.000,9999.000,9999.000,9999.000,9999.000
202604272142,   0.391,   1.118,9999.000,9999.000,9999.000,9999.000,9999.000,9999.000,9999.000
202604272148,   0.391,   1.108,9999.000,9999.000,9999.000,9999.000,9999.000,9999.000,9999.000
202604272154,   0.392,   1.118,9999.000,9999.000,9999.000,9999.000,9999.000,9999.000,9999.000
202604272200,   0.392,   1.118,   0.900,  -0.174,   1.118,   0.900,   1.118,   0.900,   1.118
202604272206,   0.392,   1.108,9999.000,9999.000,9999.000,9999.000,9999.000,9999.000,9999.000
202604272212,   0.392,   1.108,9999.000,9999.000,9999.000,9999.000,9999.000,9999.000,9999.000
202604272218,   0.392,   1.108,9999.000,9999.000,9999.000,9999.000,9999.000,9999.000,9999.000
202604272224,   0.392,   1.098,9999.000,9999.000,9999.000,9999.000,9999.000,9999.000,9999.000
202604272230,   0.392,   1.098,9999.000,9999.000,9999.000,9999.000,9999.000,9999.000,9999.000
202604272236,   0.392,   1.079,9999.000,9999.000,9999.000,9999.000,9999.000,9999.000,9999.000
202604272242,   0.392,   1.079,9999.000,9999.000,9999.000,9999.000,9999.000,9999.000,9999.000
202604272248,   0.392,   1.088,9999.000,9999.000,9999.000,9999.000,9999.000,9999.000,9999.000
202604272254,   0.391,   1.059,9999.000,9999.000,9999.000,9999.000,9999.000,9999.000,9999.000
202604272300,   0.391,   1.079,   0.900,  -0.212,   1.079,   0.900,   1.079,   0.900,   1.079
202604272306,   0.390,   1.069,9999.000,9999.000,9999.000,9999.000,9999.000,9999.000,9999.000
202604272312,   0.390,   1.079,9999.000,9999.000,9999.000,9999.000,9999.000,9999.000,9999.000
202604272318,   0.389,   1.079,9999.000,9999.000,9999.000,9999.000,9999.000,9999.000,9999.000
202604272324,   0.388,   1.088,9999.000,9999.000,9999.000,9999.000,9999.000,9999.000,9999.000
202604272330,   0.388,   1.069,9999.000,9999.000,9999.000,9999.000,9999.000,9999.000,9999.000
202604272336,   0.387,   1.079,9999.000,9999.000,9999.000,9999.000,9999.000,9999.000,9999.000
202604272342,   0.386,   1.069,9999.000,9999.000,9999.000,9999.000,9999.000,9999.000,9999.000
202604272348,   0.385,   1.059,9999.000,9999.000,9999.000,9999.000,9999.000,9999.000,9999.000
202604272354,   0.384,   1.069,9999.000,9999.000,9999.000,9999.000,9999.000,9999.000,9999.000
202604280000,   0.383,   1.059,   0.900,  -0.224,   1.059,   0.900,   1.059,   0.900,   1.059
202604280006,   0.382,   1.059,9999.000,9999.000,9999.000,9999.000,9999.000,9999.000,9999.000
202604280012,   0.380,   1.069,9999.000,9999.000,9999.000,9999.000,9999.000,9999.000,9999.000
202604280018,   0.379,   1.079,9999.000,9999.000,9999.000,9999.000,9999.000,9999.000,9999.000
202604280024,   0.378,   1.079,9999.000,9999.000,9999.000,9999.000,9999.000,9999.000,9999.000
202604280030,   0.376,   1.088,9999.000,9999.000,9999.000,9999.000,9999.000,9999.000,9999.000
202604280036,   0.375,   1.088,9999.000,9999.000,9999.000,9999.000,9999.000,9999.000,9999.000
202604280042,   0.373,   1.088,9999.000,9999.000,9999.000,9999.000,9999.000,9999.000,9999.000
202604280048,   0.372,   1.088,9999.000,9999.000,9999.000,9999.000,9999.000,9999.000,9999.000
202604280054,   0.370,   1.088,9999.000,9999.000,9999.000,9999.000,9999.000,9999.000,9999.000
202604280100,   0.369,   1.088,   0.900,  -0.181,   1.088,   0.900,   1.088,   0.900,   1.088
202604280106,   0.367,   1.088,9999.000,9999.000,9999.000,9999.000,9999.000,9999.000,9999.000
202604280112,   0.366,   1.098,9999.000,9999.000,9999.000,9999.000,9999.000,9999.000,9999.000
202604280118,   0.364,   1.079,9999.000,9999.000,9999.000,9999.000,9999.000,9999.000,9999.000
202604280124,   0.362,   1.079,9999.000,9999.000,9999.000,9999.000,9999.000,9999.000,9999.000
202604280130,   0.361,   1.079,9999.000,9999.000,9999.000,9999.000,9999.000,9999.000,9999.000
202604280136,   0.359,   1.069,9999.000,9999.000,9999.000,9999.000,9999.000,9999.000,9999.000
202604280142,   0.357,   1.069,9999.000,9999.000,9999.000,9999.000,9999.000,9999.000,9999.000
202604280148,   0.356,   1.059,9999.000,9999.000,9999.000,9999.000,9999.000,9999.000,9999.000
202604280154,   0.354,   1.059,9999.000,9999.000,9999.000,9999.000,9999.000,9999.000,9999.000
202604280200,   0.352,   1.049,   0.900,  -0.203,   1.049,   0.900,   1.049,   0.900,   1.049
202604280206,   0.350,   1.049,9999.000,9999.000,9999.000,9999.000,9999.000,9999.000,9999.000
202604280212,   0.349,   1.049,9999.000,9999.000,9999.000,9999.000,9999.000,9999.000,9999.000
202604280218,   0.347,   1.049,9999.000,9999.000,9999.000,9999.000,9999.000,9999.000,9999.000
202604280224,   0.346,   1.029,9999.000,9999.000,9999.000,9999.000,9999.000,9999.000,9999.000
202604280230,   0.344,   1.020,9999.000,9999.000,9999.000,9999.000,9999.000,9999.000,9999.000
202604280236,   0.342,   1.020,9999.000,9999.000,9999.000,9999.000,9999.000,9999.000,9999.000
202604280242,   0.341,   1.020,9999.000,9999.000,9999.000,9999.000,9999.000,9999.000,9999.000
202604280248,   0.340,   1.020,9999.000,9999.000,9999.000,9999.000,9999.000,9999.000,9999.000
202604280254,   0.338,   1.020,9999.000,9999.000,9999.000,9999.000,9999.000,9999.000,9999.000
202604280300,   0.337,   1.010,   0.900,  -0.227,   1.010,   0.900,   1.010,   0.900,   1.010
202604280306,   0.335,   1.010,9999.000,9999.000,9999.000,9999.000,9999.000,9999.000,9999.000
202604280312,   0.334,   1.020,9999.000,9999.000,9999.000,9999.000,9999.000,9999.000,9999.000
202604280318,   0.333,   1.010,9999.000,9999.000,9999.000,9999.000,9999.000,9999.000,9999.000
202604280324,   0.332,   1.000,9999.000,9999.000,9999.000,9999.000,9999.000,9999.000,9999.000
202604280330,   0.331,   1.000,9999.000,9999.000,9999.000,9999.000,9999.000,9999.000,9999.000
202604280336,   0.330,   0.990,9999.000,9999.000,9999.000,9999.000,9999.000,9999.000,9999.000
202604280342,   0.329,   0.990,9999.000,9999.000,9999.000,9999.000,9999.000,9999.000,9999.000
202604280348,   0.328,   0.990,9999.000,9999.000,9999.000,9999.000,9999.000,9999.000,9999.000
202604280354,   0.327,   1.000,9999.000,9999.000,9999.000,9999.000,9999.000,9999.000,9999.000
202604280400,   0.326,   0.990,   0.900,  -0.236,   0.990,   0.900,   0.990,   0.900,   0.990
202604280406,   0.326,   0.990,9999.000,9999.000,9999.000,9999.000,9999.000,9999.000,9999.000
202604280412,   0.325,   1.000,9999.000,9999.000,9999.000,9999.000,9999.000,9999.000,9999.000
202604280418,   0.325,   1.010,9999.000,9999.000,9999.000,9999.000,9999.000,9999.000,9999.000
202604280424,   0.325,   1.020,9999.000,9999.000,9999.000,9999.000,9999.000,9999.000,9999.000
202604280430,   0.324,   1.029,9999.000,9999.000,9999.000,9999.000,9999.000,9999.000,9999.000
202604280436,   0.324,   1.029,9999.000,9999.000,9999.000,9999.000,9999.000,9999.000,9999.000
202604280442,   0.324,   1.029,9999.000,9999.000,9999.000,9999.000,9999.000,9999.000,9999.000
202604280448,   0.324,   1.020,9999.000,9999.000,9999.000,9999.000,9999.000,9999.000,9999.000
202604280454,   0.324,   1.029,9999.000,9999.000,9999.000,9999.000,9999.000,9999.000,9999.000
202604280500,   0.324,   1.010,   0.900,  -0.214,   1.010,   0.900,   1.010,   0.900,   1.010
202604280506,   0.325,   1.010,9999.000,9999.000,9999.000,9999.000,9999.000,9999.000,9999.000
202604280512,   0.325,   1.010,9999.000,9999.000,9999.000,9999.000,9999.000,9999.000,9999.000
202604280518,   0.326,   1.010,9999.000,9999.000,9999.000,9999.000,9999.000,9999.000,9999.000
202604280524,   0.326,   1.010,9999.000,9999.000,9999.000,9999.000,9999.000,9999.000,9999.000
202604280530,   0.327,   1.010,9999.000,9999.000,9999.000,9999.000,9999.000,9999.000,9999.000
202604280536,   0.328,   1.010,9999.000,9999.000,9999.000,9999.000,9999.000,9999.000,9999.000
202604280542,   0.328,   1.020,9999.000,9999.000,9999.000,9999.000,9999.000,9999.000,9999.000
202604280548,   0.329,   1.020,9999.000,9999.000,9999.000,9999.000,9999.000,9999.000,9999.000
202604280554,   0.330,   1.020,9999.000,9999.000,9999.000,9999.000,9999.000,9999.000,9999.000
202604280600,   0.332,   1.020,   0.800,  -0.112,   1.020,   0.800,   1.020,   0.900,   1.120
202604280606,   0.333,   1.010,9999.000,9999.000,9999.000,9999.000,9999.000,9999.000,9999.000
202604280612,   0.334,   1.010,9999.000,9999.000,9999.000,9999.000,9999.000,9999.000,9999.000
202604280618,   0.336,   1.020,9999.000,9999.000,9999.000,9999.000,9999.000,9999.000,9999.000
202604280624,   0.337,   1.020,9999.000,9999.000,9999.000,9999.000,9999.000,9999.000,9999.000
202604280630,   0.339,   1.020,9999.000,9999.000,9999.000,9999.000,9999.000,9999.000,9999.000
202604280636,   0.340,   1.010,9999.000,9999.000,9999.000,9999.000,9999.000,9999.000,9999.000
202604280642,   0.342,   1.010,9999.000,9999.000,9999.000,9999.000,9999.000,9999.000,9999.000
202604280648,   0.344,   1.010,9999.000,9999.000,9999.000,9999.000,9999.000,9999.000,9999.000
202604280654,   0.346,   1.020,9999.000,9999.000,9999.000,9999.000,9999.000,9999.000,9999.000
202604280700,   0.347,   1.020,   0.800,  -0.127,   1.020,   0.800,   1.020,   0.900,   1.120
202604280706,   0.349,   1.020,9999.000,9999.000,9999.000,9999.000,9999.000,9999.000,9999.000
202604280712,   0.351,   1.010,9999.000,9999.000,9999.000,9999.000,9999.000,9999.000,9999.000
202604280718,   0.354,   1.020,9999.000,9999.000,9999.000,9999.000,9999.000,9999.000,9999.000
202604280724,   0.356,   1.020,9999.000,9999.000,9999.000,9999.000,9999.000,9999.000,9999.000
202604280730,   0.358,   1.029,9999.000,9999.000,9999.000,9999.000,9999.000,9999.000,9999.000
202604280736,   0.360,   1.029,9999.000,9999.000,9999.000,9999.000,9999.000,9999.000,9999.000
202604280742,   0.362,   1.029,9999.000,9999.000,9999.000,9999.000,9999.000,9999.000,9999.000
202604280748,   0.365,   1.029,9999.000,9999.000,9999.000,9999.000,9999.000,9999.000,9999.000
202604280754,   0.367,   1.029,9999.000,9999.000,9999.000,9999.000,9999.000,9999.000,9999.000
202604280800,   0.369,   1.029,   0.800,  -0.140,   1.029,   0.800,   1.029,   0.900,   1.129
202604280806,   0.372,   1.029,9999.000,9999.000,9999.000,9999.000,9999.000,9999.000,9999.000
202604280812,   0.374,   1.029,9999.000,9999.000,9999.000,9999.000,9999.000,9999.000,9999.000
202604280818,   0.376,   1.029,9999.000,9999.000,9999.000,9999.000,9999.000,9999.000,9999.000
202604280824,   0.379,   1.029,9999.000,9999.000,9999.000,9999.000,9999.000,9999.000,9999.000
202604280830,   0.381,   1.039,9999.000,9999.000,9999.000,9999.000,9999.000,9999.000,9999.000
202604280836,   0.384,   1.039,9999.000,9999.000,9999.000,9999.000,9999.000,9999.000,9999.000
202604280842,   0.386,   1.029,9999.000,9999.000,9999.000,9999.000,9999.000,9999.000,9999.000
202604280848,   0.389,   1.039,9999.000,9999.000,9999.000,9999.000,9999.000,9999.000,9999.000
202604280854,   0.391,   1.049,9999.000,9999.000,9999.000,9999.000,9999.000,9999.000,9999.000
202604280900,   0.393,   1.039,   0.800,  -0.154,   1.039,   0.800,   1.039,   0.900,   1.139
202604280906,   0.396,   1.049,9999.000,9999.000,9999.000,9999.000,9999.000,9999.000,9999.000
202604280912,   0.398,   1.069,9999.000,9999.000,9999.000,9999.000,9999.000,9999.000,9999.000
202604280918,   0.400,   1.079,9999.000,9999.000,9999.000,9999.000,9999.000,9999.000,9999.000
202604280924,   0.403,   1.079,9999.000,9999.000,9999.000,9999.000,9999.000,9999.000,9999.000
202604280930,   0.405,   1.079,9999.000,9999.000,9999.000,9999.000,9999.000,9999.000,9999.000
202604280936,   0.407,   1.079,9999.000,9999.000,9999.000,9999.000,9999.000,9999.000,9999.000
202604280942,   0.409,   1.079,9999.000,9999.000,9999.000,9999.000,9999.000,9999.000,9999.000
202604280948,   0.412,   1.079,9999.000,9999.000,9999.000,9999.000,9999.000,9999.000,9999.000
202604280954,   0.414,   1.098,9999.000,9999.000,9999.000,9999.000,9999.000,9999.000,9999.000
202604281000,   0.416,   1.108,   0.800,  -0.108,   1.108,   0.800,   1.108,   0.900,   1.208
202604281006,   0.418,   1.108,9999.000,9999.000,9999.000,9999.000,9999.000,9999.000,9999.000
202604281012,   0.420,   1.108,9999.000,9999.000,9999.000,9999.000,9999.000,9999.000,9999.000
202604281018,   0.422,   1.118,9999.000,9999.000,9999.000,9999.000,9999.000,9999.000,9999.000
202604281024,   0.423,   1.118,9999.000,9999.000,9999.000,9999.000,9999.000,9999.000,9999.000
202604281030,   0.425,   1.128,9999.000,9999.000,9999.000,9999.000,9999.000,9999.000,9999.000
202604281036,   0.427,   1.138,9999.000,9999.000,9999.000,9999.000,9999.000,9999.000,9999.000
202604281042,   0.428,   1.128,9999.000,9999.000,9999.000,9999.000,9999.000,9999.000,9999.000
202604281048,   0.430,   1.138,9999.000,9999.000,9999.000,9999.000,9999.000,9999.000,9999.000
202604281054,   0.432,   1.151,9999.000,9999.000,9999.000,9999.000,9999.000,9999.000,9999.000
202604281100,   0.433,   1.151,   0.800,  -0.082,   1.151,   0.800,   1.151,   0.900,   1.251
202604281106,   0.434,   1.161,9999.000,9999.000,9999.000,9999.000,9999.000,9999.000,9999.000
202604281112,   0.436,   1.151,9999.000,9999.000,9999.000,9999.000,9999.000,9999.000,9999.000
202604281118,   0.437,   1.161,9999.000,9999.000,9999.000,9999.000,9999.000,9999.000,9999.000
202604281124,   0.438,   1.161,9999.000,9999.000,9999.000,9999.000,9999.000,9999.000,9999.000
202604281130,   0.439,   1.170,9999.000,9999.000,9999.000,9999.000,9999.000,9999.000,9999.000
202604281136,   0.440,   1.170,9999.000,9999.000,9999.000,9999.000,9999.000,9999.000,9999.000
202604281142,   0.441,   1.170,9999.000,9999.000,9999.000,9999.000,9999.000,9999.000,9999.000
202604281148,   0.442,   1.170,9999.000,9999.000,9999.000,9999.000,9999.000,9999.000,9999.000
202604281154,   0.443,9999.000,9999.000,9999.000,9999.000,9999.000,9999.000,9999.000,9999.000
202604281200,   0.443,9999.000,   0.900,  -0.070,   1.273,   0.800,   1.173,   0.900,   1.273
202604281206,   0.444,9999.000,9999.000,9999.000,9999.000,9999.000,9999.000,9999.000,9999.000
202604281212,   0.445,9999.000,9999.000,9999.000,9999.000,9999.000,9999.000,9999.000,9999.000
202604281218,   0.445,9999.000,9999.000,9999.000,9999.000,9999.000,9999.000,9999.000,9999.000
202604281224,   0.445,9999.000,9999.000,9999.000,9999.000,9999.000,9999.000,9999.000,9999.000
202604281230,   0.446,9999.000,9999.000,9999.000,9999.000,9999.000,9999.000,9999.000,9999.000
202604281236,   0.446,9999.000,9999.000,9999.000,9999.000,9999.000,9999.000,9999.000,9999.000
202604281242,   0.446,9999.000,9999.000,9999.000,9999.000,9999.000,9999.000,9999.000,9999.000
202604281248,   0.446,9999.000,9999.000,9999.000,9999.000,9999.000,9999.000,9999.000,9999.000
202604281254,   0.447,9999.000,9999.000,9999.000,9999.000,9999.000,9999.000,9999.000,9999.000
202604281300,   0.447,9999.000,   0.900,  -0.058,   1.289,   0.800,   1.189,   0.900,   1.289
202604281306,   0.447,9999.000,9999.000,9999.000,9999.000,9999.000,9999.000,9999.000,9999.000
202604281312,   0.446,9999.000,9999.000,9999.000,9999.000,9999.000,9999.000,9999.000,9999.000
202604281318,   0.446,9999.000,9999.000,9999.000,9999.000,9999.000,9999.000,9999.000,9999.000
202604281324,   0.446,9999.000,9999.000,9999.000,9999.000,9999.000,9999.000,9999.000,9999.000
202604281330,   0.446,9999.000,9999.000,9999.000,9999.000,9999.000,9999.000,9999.000,9999.000
202604281336,   0.446,9999.000,9999.000,9999.000,9999.000,9999.000,9999.000,9999.000,9999.000
202604281342,   0.445,9999.000,9999.000,9999.000,9999.000,9999.000,9999.000,9999.000,9999.000
202604281348,   0.445,9999.000,9999.000,9999.000,9999.000,9999.000,9999.000,9999.000,9999.000
202604281354,   0.445,9999.000,9999.000,9999.000,9999.000,9999.000,9999.000,9999.000,9999.000
202604281400,   0.444,9999.000,   0.800,  -0.046,   1.198,   0.800,   1.198,   0.900,   1.298
202604281406,   0.444,9999.000,9999.000,9999.000,9999.000,9999.000,9999.000,9999.000,9999.000
202604281412,   0.443,9999.000,9999.000,9999.000,9999.000,9999.000,9999.000,9999.000,9999.000
202604281418,   0.443,9999.000,9999.000,9999.000,9999.000,9999.000,9999.000,9999.000,9999.000
202604281424,   0.442,9999.000,9999.000,9999.000,9999.000,9999.000,9999.000,9999.000,9999.000
202604281430,   0.442,9999.000,9999.000,9999.000,9999.000,9999.000,9999.000,9999.000,9999.000
202604281436,   0.441,9999.000,9999.000,9999.000,9999.000,9999.000,9999.000,9999.000,9999.000
202604281442,   0.441,9999.000,9999.000,9999.000,9999.000,9999.000,9999.000,9999.000,9999.000
202604281448,   0.440,9999.000,9999.000,9999.000,9999.000,9999.000,9999.000,9999.000,9999.000
202604281454,   0.439,9999.000,9999.000,9999.000,9999.000,9999.000,9999.000,9999.000,9999.000
202604281500,   0.439,9999.000,   0.800,  -0.034,   1.205,   0.800,   1.205,   0.800,   1.205
202604281506,   0.438,9999.000,9999.000,9999.000,9999.000,9999.000,9999.000,9999.000,9999.000
202604281512,   0.438,9999.000,9999.000,9999.000,9999.000,9999.000,9999.000,9999.000,9999.000
202604281518,   0.437,9999.000,9999.000,9999.000,9999.000,9999.000,9999.000,9999.000,9999.000
202604281524,   0.436,9999.000,9999.000,9999.000,9999.000,9999.000,9999.000,9999.000,9999.000
202604281530,   0.436,9999.000,9999.000,9999.000,9999.000,9999.000,9999.000,9999.000,9999.000
202604281536,   0.435,9999.000,9999.000,9999.000,9999.000,9999.000,9999.000,9999.000,9999.000
202604281542,   0.435,9999.000,9999.000,9999.000,9999.000,9999.000,9999.000,9999.000,9999.000
202604281548,   0.434,9999.000,9999.000,9999.000,9999.000,9999.000,9999.000,9999.000,9999.000
202604281554,   0.434,9999.000,9999.000,9999.000,9999.000,9999.000,9999.000,9999.000,9999.000
202604281600,   0.433,9999.000,   0.800,  -0.022,   1.211,   0.800,   1.211,   0.800,   1.211
202604281606,   0.433,9999.000,9999.000,9999.000,9999.000,9999.000,9999.000,9999.000,9999.000
202604281612,   0.432,9999.000,9999.000,9999.000,9999.000,9999.000,9999.000,9999.000,9999.000
202604281618,   0.432,9999.000,9999.000,9999.000,9999.000,9999.000,9999.000,9999.000,9999.000
202604281624,   0.431,9999.000,9999.000,9999.000,9999.000,9999.000,9999.000,9999.000,9999.000
202604281630,   0.431,9999.000,9999.000,9999.000,9999.000,9999.000,9999.000,9999.000,9999.000
202604281636,   0.431,9999.000,9999.000,9999.000,9999.000,9999.000,9999.000,9999.000,9999.000
202604281642,   0.430,9999.000,9999.000,9999.000,9999.000,9999.000,9999.000,9999.000,9999.000
202604281648,   0.430,9999.000,9999.000,9999.000,9999.000,9999.000,9999.000,9999.000,9999.000
202604281654,   0.430,9999.000,9999.000,9999.000,9999.000,9999.000,9999.000,9999.000,9999.000
202604281700,   0.429,9999.000,   0.800,  -0.010,   1.219,   0.800,   1.219,   0.800,   1.219
202604281706,   0.429,9999.000,9999.000,9999.000,9999.000,9999.000,9999.000,9999.000,9999.000
202604281712,   0.429,9999.000,9999.000,9999.000,9999.000,9999.000,9999.000,9999.000,9999.000
202604281718,   0.429,9999.000,9999.000,9999.000,9999.000,9999.000,9999.000,9999.000,9999.000
202604281724,   0.429,9999.000,9999.000,9999.000,9999.000,9999.000,9999.000,9999.000,9999.000
202604281730,   0.429,9999.000,9999.000,9999.000,9999.000,9999.000,9999.000,9999.000,9999.000
202604281736,   0.428,9999.000,9999.000,9999.000,9999.000,9999.000,9999.000,9999.000,9999.000
202604281742,   0.428,9999.000,9999.000,9999.000,9999.000,9999.000,9999.000,9999.000,9999.000
202604281748,   0.428,9999.000,9999.000,9999.000,9999.000,9999.000,9999.000,9999.000,9999.000
202604281754,   0.428,9999.000,9999.000,9999.000,9999.000,9999.000,9999.000,9999.000,9999.000
202604281800,   0.428,9999.000,   0.800,   0.002,   1.230,   0.800,   1.230,   0.800,   1.230
202604281806,   0.428,9999.000,9999.000,9999.000,9999.000,9999.000,9999.000,9999.000,9999.000
202604281812,   0.428,9999.000,9999.000,9999.000,9999.000,9999.000,9999.000,9999.000,9999.000
202604281818,   0.428,9999.000,9999.000,9999.000,9999.000,9999.000,9999.000,9999.000,9999.000
202604281824,   0.428,9999.000,9999.000,9999.000,9999.000,9999.000,9999.000,9999.000,9999.000
202604281830,   0.429,9999.000,9999.000,9999.000,9999.000,9999.000,9999.000,9999.000,9999.000
202604281836,   0.429,9999.000,9999.000,9999.000,9999.000,9999.000,9999.000,9999.000,9999.000
202604281842,   0.429,9999.000,9999.000,9999.000,9999.000,9999.000,9999.000,9999.000,9999.000
202604281848,   0.429,9999.000,9999.000,9999.000,9999.000,9999.000,9999.000,9999.000,9999.000
202604281854,   0.429,9999.000,9999.000,9999.000,9999.000,9999.000,9999.000,9999.000,9999.000
202604281900,   0.429,9999.000,   0.800,   0.014,   1.243,   0.800,   1.243,   0.800,   1.243
202604281906,   0.429,9999.000,9999.000,9999.000,9999.000,9999.000,9999.000,9999.000,9999.000
202604281912,   0.429,9999.000,9999.000,9999.000,9999.000,9999.000,9999.000,9999.000,9999.000
202604281918,   0.429,9999.000,9999.000,9999.000,9999.000,9999.000,9999.000,9999.000,9999.000
202604281924,   0.429,9999.000,9999.000,9999.000,9999.000,9999.000,9999.000,9999.000,9999.000
202604281930,   0.429,9999.000,9999.000,9999.000,9999.000,9999.000,9999.000,9999.000,9999.000
202604281936,   0.430,9999.000,9999.000,9999.000,9999.000,9999.000,9999.000,9999.000,9999.000
202604281942,   0.430,9999.000,9999.000,9999.000,9999.000,9999.000,9999.000,9999.000,9999.000
202604281948,   0.430,9999.000,9999.000,9999.000,9999.000,9999.000,9999.000,9999.000,9999.000
202604281954,   0.430,9999.000,9999.000,9999.000,9999.000,9999.000,9999.000,9999.000,9999.000
202604282000,   0.429,9999.000,   0.800,   0.026,   1.255,   0.800,   1.255,   0.800,   1.255
202604282006,   0.429,9999.000,9999.000,9999.000,9999.000,9999.000,9999.000,9999.000,9999.000
202604282012,   0.429,9999.000,9999.000,9999.000,9999.000,9999.000,9999.000,9999.000,9999.000
202604282018,   0.429,9999.000,9999.000,9999.000,9999.000,9999.000,9999.000,9999.000,9999.000
202604282024,   0.429,9999.000,9999.000,9999.000,9999.000,9999.000,9999.000,9999.000,9999.000
202604282030,   0.429,9999.000,9999.000,9999.000,9999.000,9999.000,9999.000,9999.000,9999.000
202604282036,   0.428,9999.000,9999.000,9999.000,9999.000,9999.000,9999.000,9999.000,9999.000
202604282042,   0.428,9999.000,9999.000,9999.000,9999.000,9999.000,9999.000,9999.000,9999.000
202604282048,   0.428,9999.000,9999.000,9999.000,9999.000,9999.000,9999.000,9999.000,9999.000
202604282054,   0.427,9999.000,9999.000,9999.000,9999.000,9999.000,9999.000,9999.000,9999.000
202604282100,   0.427,9999.000,   0.800,   0.037,   1.264,   0.800,   1.264,   0.800,   1.264
202604282106,   0.426,9999.000,9999.000,9999.000,9999.000,9999.000,9999.000,9999.000,9999.000
202604282112,   0.426,9999.000,9999.000,9999.000,9999.000,9999.000,9999.000,9999.000,9999.000
202604282118,   0.425,9999.000,9999.000,9999.000,9999.000,9999.000,9999.000,9999.000,9999.000
202604282124,   0.424,9999.000,9999.000,9999.000,9999.000,9999.000,9999.000,9999.000,9999.000
202604282130,   0.423,9999.000,9999.000,9999.000,9999.000,9999.000,9999.000,9999.000,9999.000
202604282136,   0.422,9999.000,9999.000,9999.000,9999.000,9999.000,9999.000,9999.000,9999.000
202604282142,   0.422,9999.000,9999.000,9999.000,9999.000,9999.000,9999.000,9999.000,9999.000
202604282148,   0.420,9999.000,9999.000,9999.000,9999.000,9999.000,9999.000,9999.000,9999.000
202604282154,   0.419,9999.000,9999.000,9999.000,9999.000,9999.000,9999.000,9999.000,9999.000
202604282200,   0.418,9999.000,   0.800,   0.049,   1.267,   0.800,   1.267,   0.800,   1.267
202604282206,   0.417,9999.000,9999.000,9999.000,9999.000,9999.000,9999.000,9999.000,9999.000
202604282212,   0.416,9999.000,9999.000,9999.000,9999.000,9999.000,9999.000,9999.000,9999.000
202604282218,   0.414,9999.000,9999.000,9999.000,9999.000,9999.000,9999.000,9999.000,9999.000
202604282224,   0.413,9999.000,9999.000,9999.000,9999.000,9999.000,9999.000,9999.000,9999.000
202604282230,   0.411,9999.000,9999.000,9999.000,9999.000,9999.000,9999.000,9999.000,9999.000
202604282236,   0.409,9999.000,9999.000,9999.000,9999.000,9999.000,9999.000,9999.000,9999.000
202604282242,   0.408,9999.000,9999.000,9999.000,9999.000,9999.000,9999.000,9999.000,9999.000
202604282248,   0.406,9999.000,9999.000,9999.000,9999.000,9999.000,9999.000,9999.000,9999.000
202604282254,   0.404,9999.000,9999.000,9999.000,9999.000,9999.000,9999.000,9999.000,9999.000
202604282300,   0.402,9999.000,   0.800,   0.061,   1.263,   0.800,   1.263,   0.800,   1.263
202604282306,   0.400,9999.000,9999.000,9999.000,9999.000,9999.000,9999.000,9999.000,9999.000
202604282312,   0.398,9999.000,9999.000,9999.000,9999.000,9999.000,9999.000,9999.000,9999.000
202604282318,   0.396,9999.000,9999.000,9999.000,9999.000,9999.000,9999.000,9999.000,9999.000
202604282324,   0.393,9999.000,9999.000,9999.000,9999.000,9999.000,9999.000,9999.000,9999.000
202604282330,   0.391,9999.000,9999.000,9999.000,9999.000,9999.000,9999.000,9999.000,9999.000
202604282336,   0.388,9999.000,9999.000,9999.000,9999.000,9999.000,9999.000,9999.000,9999.000
202604282342,   0.386,9999.000,9999.000,9999.000,9999.000,9999.000,9999.000,9999.000,9999.000
202604282348,   0.383,9999.000,9999.000,9999.000,9999.000,9999.000,9999.000,9999.000,9999.000
202604282354,   0.381,9999.000,9999.000,9999.000,9999.000,9999.000,9999.000,9999.000,9999.000
202604290000,   0.378,9999.000,   0.800,   0.061,   1.239,   0.800,   1.239,   0.800,   1.239
202604290006,   0.375,9999.000,9999.000,9999.000,9999.000,9999.000,9999.000,9999.000,9999.000
202604290012,   0.373,9999.000,9999.000,9999.000,9999.000,9999.000,9999.000,9999.000,9999.000
202604290018,   0.370,9999.000,9999.000,9999.000,9999.000,9999.000,9999.000,9999.000,9999.000
202604290024,   0.367,9999.000,9999.000,9999.000,9999.000,9999.000,9999.000,9999.000,9999.000
202604290030,   0.364,9999.000,9999.000,9999.000,9999.000,9999.000,9999.000,9999.000,9999.000
202604290036,   0.361,9999.000,9999.000,9999.000,9999.000,9999.000,9999.000,9999.000,9999.000
202604290042,   0.358,9999.000,9999.000,9999.000,9999.000,9999.000,9999.000,9999.000,9999.000
202604290048,   0.355,9999.000,9999.000,9999.000,9999.000,9999.000,9999.000,9999.000,9999.000
202604290054,   0.352,9999.000,9999.000,9999.000,9999.000,9999.000,9999.000,9999.000,9999.000
202604290100,   0.349,9999.000,   0.800,   0.061,   1.210,   0.800,   1.210,   0.800,   1.210
202604290106,   0.345,9999.000,9999.000,9999.000,9999.000,9999.000,9999.000,9999.000,9999.000
202604290112,   0.342,9999.000,9999.000,9999.000,9999.000,9999.000,9999.000,9999.000,9999.000
202604290118,   0.339,9999.000,9999.000,9999.000,9999.000,9999.000,9999.000,9999.000,9999.000
202604290124,   0.336,9999.000,9999.000,9999.000,9999.000,9999.000,9999.000,9999.000,9999.000
202604290130,   0.333,9999.000,9999.000,9999.000,9999.000,9999.000,9999.000,9999.000,9999.000
202604290136,   0.330,9999.000,9999.000,9999.000,9999.000,9999.000,9999.000,9999.000,9999.000
202604290142,   0.326,9999.000,9999.000,9999.000,9999.000,9999.000,9999.000,9999.000,9999.000
202604290148,   0.323,9999.000,9999.000,9999.000,9999.000,9999.000,9999.000,9999.000,9999.000
202604290154,   0.320,9999.000,9999.000,9999.000,9999.000,9999.000,9999.000,9999.000,9999.000
202604290200,   0.317,9999.000,   0.800,   0.061,   1.178,   0.800,   1.178,   0.800,   1.178
202604290206,   0.314,9999.000,9999.000,9999.000,9999.000,9999.000,9999.000,9999.000,9999.000
202604290212,   0.311,9999.000,9999.000,9999.000,9999.000,9999.000,9999.000,9999.000,9999.000
202604290218,   0.308,9999.000,9999.000,9999.000,9999.000,9999.000,9999.000,9999.000,9999.000
202604290224,   0.305,9999.000,9999.000,9999.000,9999.000,9999.000,9999.000,9999.000,9999.000
202604290230,   0.302,9999.000,9999.000,9999.000,9999.000,9999.000,9999.000,9999.000,9999.000
202604290236,   0.299,9999.000,9999.000,9999.000,9999.000,9999.000,9999.000,9999.000,9999.000
202604290242,   0.296,9999.000,9999.000,9999.000,9999.000,9999.000,9999.000,9999.000,9999.000
202604290248,   0.294,9999.000,9999.000,9999.000,9999.000,9999.000,9999.000,9999.000,9999.000
202604290254,   0.291,9999.000,9999.000,9999.000,9999.000,9999.000,9999.000,9999.000,9999.000
202604290300,   0.288,9999.000,   0.800,   0.061,   1.149,   0.800,   1.149,   0.800,   1.149
202604290306,   0.286,9999.000,9999.000,9999.000,9999.000,9999.000,9999.000,9999.000,9999.000
202604290312,   0.283,9999.000,9999.000,9999.000,9999.000,9999.000,9999.000,9999.000,9999.000
202604290318,   0.281,9999.000,9999.000,9999.000,9999.000,9999.000,9999.000,9999.000,9999.000
202604290324,   0.279,9999.000,9999.000,9999.000,9999.000,9999.000,9999.000,9999.000,9999.000
202604290330,   0.277,9999.000,9999.000,9999.000,9999.000,9999.000,9999.000,9999.000,9999.000
202604290336,   0.274,9999.000,9999.000,9999.000,9999.000,9999.000,9999.000,9999.000,9999.000
202604290342,   0.272,9999.000,9999.000,9999.000,9999.000,9999.000,9999.000,9999.000,9999.000
202604290348,   0.271,9999.000,9999.000,9999.000,9999.000,9999.000,9999.000,9999.000,9999.000
202604290354,   0.269,9999.000,9999.000,9999.000,9999.000,9999.000,9999.000,9999.000,9999.000
202604290400,   0.267,9999.000,   0.800,   0.061,   1.128,   0.800,   1.128,   0.800,   1.128
202604290406,   0.266,9999.000,9999.000,9999.000,9999.000,9999.000,9999.000,9999.000,9999.000
202604290412,   0.264,9999.000,9999.000,9999.000,9999.000,9999.000,9999.000,9999.000,9999.000
202604290418,   0.263,9999.000,9999.000,9999.000,9999.000,9999.000,9999.000,9999.000,9999.000
202604290424,   0.262,9999.000,9999.000,9999.000,9999.000,9999.000,9999.000,9999.000,9999.000
202604290430,   0.261,9999.000,9999.000,9999.000,9999.000,9999.000,9999.000,9999.000,9999.000
202604290436,   0.260,9999.000,9999.000,9999.000,9999.000,9999.000,9999.000,9999.000,9999.000
202604290442,   0.259,9999.000,9999.000,9999.000,9999.000,9999.000,9999.000,9999.000,9999.000
202604290448,   0.258,9999.000,9999.000,9999.000,9999.000,9999.000,9999.000,9999.000,9999.000
202604290454,   0.258,9999.000,9999.000,9999.000,9999.000,9999.000,9999.000,9999.000,9999.000
202604290500,   0.257,9999.000,   0.800,   0.061,   1.118,   0.800,   1.118,   0.800,   1.118
202604290506,   0.257,9999.000,9999.000,9999.000,9999.000,9999.000,9999.000,9999.000,9999.000
202604290512,   0.257,9999.000,9999.000,9999.000,9999.000,9999.000,9999.000,9999.000,9999.000
202604290518,   0.257,9999.000,9999.000,9999.000,9999.000,9999.000,9999.000,9999.000,9999.000
202604290524,   0.257,9999.000,9999.000,9999.000,9999.000,9999.000,9999.000,9999.000,9999.000
202604290530,   0.257,9999.000,9999.000,9999.000,9999.000,9999.000,9999.000,9999.000,9999.000
202604290536,   0.258,9999.000,9999.000,9999.000,9999.000,9999.000,9999.000,9999.000,9999.000
202604290542,   0.258,9999.000,9999.000,9999.000,9999.000,9999.000,9999.000,9999.000,9999.000
202604290548,   0.259,9999.000,9999.000,9999.000,9999.000,9999.000,9999.000,9999.000,9999.000
202604290554,   0.260,9999.000,9999.000,9999.000,9999.000,9999.000,9999.000,9999.000,9999.000
202604290600,   0.261,9999.000,   0.800,   0.061,   1.122,   0.800,   1.122,   0.800,   1.122
202604290606,   0.262,9999.000,9999.000,9999.000,9999.000,9999.000,9999.000,9999.000,9999.000
202604290612,   0.263,9999.000,9999.000,9999.000,9999.000,9999.000,9999.000,9999.000,9999.000
202604290618,   0.264,9999.000,9999.000,9999.000,9999.000,9999.000,9999.000,9999.000,9999.000
202604290624,   0.266,9999.000,9999.000,9999.000,9999.000,9999.000,9999.000,9999.000,9999.000
202604290630,   0.268,9999.000,9999.000,9999.000,9999.000,9999.000,9999.000,9999.000,9999.000
202604290636,   0.269,9999.000,9999.000,9999.000,9999.000,9999.000,9999.000,9999.000,9999.000
202604290642,   0.271,9999.000,9999.000,9999.000,9999.000,9999.000,9999.000,9999.000,9999.000
202604290648,   0.273,9999.000,9999.000,9999.000,9999.000,9999.000,9999.000,9999.000,9999.000
202604290654,   0.275,9999.000,9999.000,9999.000,9999.000,9999.000,9999.000,9999.000,9999.000
202604290700,   0.277,9999.000,   0.800,   0.061,   1.138,   0.800,   1.138,   0.800,   1.138
202604290706,   0.280,9999.000,9999.000,9999.000,9999.000,9999.000,9999.000,9999.000,9999.000
202604290712,   0.282,9999.000,9999.000,9999.000,9999.000,9999.000,9999.000,9999.000,9999.000
202604290718,   0.284,9999.000,9999.000,9999.000,9999.000,9999.000,9999.000,9999.000,9999.000
202604290724,   0.287,9999.000,9999.000,9999.000,9999.000,9999.000,9999.000,9999.000,9999.000
202604290730,   0.290,9999.000,9999.000,9999.000,9999.000,9999.000,9999.000,9999.000,9999.000
202604290736,   0.293,9999.000,9999.000,9999.000,9999.000,9999.000,9999.000,9999.000,9999.000
202604290742,   0.295,9999.000,9999.000,9999.000,9999.000,9999.000,9999.000,9999.000,9999.000
202604290748,   0.298,9999.000,9999.000,9999.000,9999.000,9999.000,9999.000,9999.000,9999.000
202604290754,   0.301,9999.000,9999.000,9999.000,9999.000,9999.000,9999.000,9999.000,9999.000
202604290800,   0.304,9999.000,   0.800,   0.061,   1.165,   0.800,   1.165,   0.800,   1.165
202604290806,   0.308,9999.000,9999.000,9999.000,9999.000,9999.000,9999.000,9999.000,9999.000
202604290812,   0.311,9999.000,9999.000,9999.000,9999.000,9999.000,9999.000,9999.000,9999.000
202604290818,   0.314,9999.000,9999.000,9999.000,9999.000,9999.000,9999.000,9999.000,9999.000
202604290824,   0.317,9999.000,9999.000,9999.000,9999.000,9999.000,9999.000,9999.000,9999.000
202604290830,   0.321,9999.000,9999.000,9999.000,9999.000,9999.000,9999.000,9999.000,9999.000
202604290836,   0.324,9999.000,9999.000,9999.000,9999.000,9999.000,9999.000,9999.000,9999.000
202604290842,   0.328,9999.000,9999.000,9999.000,9999.000,9999.000,9999.000,9999.000,9999.000
202604290848,   0.331,9999.000,9999.000,9999.000,9999.000,9999.000,9999.000,9999.000,9999.000
202604290854,   0.334,9999.000,9999.000,9999.000,9999.000,9999.000,9999.000,9999.000,9999.000
202604290900,   0.338,9999.000,   0.800,   0.061,   1.199,   0.800,   1.199,   0.800,   1.199
202604290906,   0.342,9999.000,9999.000,9999.000,9999.000,9999.000,9999.000,9999.000,9999.000
202604290912,   0.345,9999.000,9999.000,9999.000,9999.000,9999.000,9999.000,9999.000,9999.000
202604290918,   0.349,9999.000,9999.000,9999.000,9999.000,9999.000,9999.000,9999.000,9999.000
202604290924,   0.352,9999.000,9999.000,9999.000,9999.000,9999.000,9999.000,9999.000,9999.000
202604290930,   0.356,9999.000,9999.000,9999.000,9999.000,9999.000,9999.000,9999.000,9999.000
202604290936,   0.359,9999.000,9999.000,9999.000,9999.000,9999.000,9999.000,9999.000,9999.000
202604290942,   0.363,9999.000,9999.000,9999.000,9999.000,9999.000,9999.000,9999.000,9999.000
202604290948,   0.366,9999.000,9999.000,9999.000,9999.000,9999.000,9999.000,9999.000,9999.000
202604290954,   0.370,9999.000,9999.000,9999.000,9999.000,9999.000,9999.000,9999.000,9999.000
202604291000,   0.374,9999.000,   0.800,   0.061,   1.235,   0.800,   1.235,   0.800,   1.235
202604291006,   0.377,9999.000,9999.000,9999.000,9999.000,9999.000,9999.000,9999.000,9999.000
202604291012,   0.380,9999.000,9999.000,9999.000,9999.000,9999.000,9999.000,9999.000,9999.000
202604291018,   0.384,9999.000,9999.000,9999.000,9999.000,9999.000,9999.000,9999.000,9999.000
202604291024,   0.387,9999.000,9999.000,9999.000,9999.000,9999.000,9999.000,9999.000,9999.000
202604291030,   0.391,9999.000,9999.000,9999.000,9999.000,9999.000,9999.000,9999.000,9999.000
202604291036,   0.394,9999.000,9999.000,9999.000,9999.000,9999.000,9999.000,9999.000,9999.000
202604291042,   0.397,9999.000,9999.000,9999.000,9999.000,9999.000,9999.000,9999.000,9999.000
202604291048,   0.400,9999.000,9999.000,9999.000,9999.000,9999.000,9999.000,9999.000,9999.000
202604291054,   0.403,9999.000,9999.000,9999.000,9999.000,9999.000,9999.000,9999.000,9999.000
202604291100,   0.407,9999.000,   0.800,   0.061,   1.268,   0.800,   1.268,   0.800,   1.268
202604291106,   0.410,9999.000,9999.000,9999.000,9999.000,9999.000,9999.000,9999.000,9999.000
202604291112,   0.413,9999.000,9999.000,9999.000,9999.000,9999.000,9999.000,9999.000,9999.000
202604291118,   0.416,9999.000,9999.000,9999.000,9999.000,9999.000,9999.000,9999.000,9999.000
202604291124,   0.418,9999.000,9999.000,9999.000,9999.000,9999.000,9999.000,9999.000,9999.000
202604291130,   0.421,9999.000,9999.000,9999.000,9999.000,9999.000,9999.000,9999.000,9999.000
202604291136,   0.424,9999.000,9999.000,9999.000,9999.000,9999.000,9999.000,9999.000,9999.000
202604291142,   0.426,9999.000,9999.000,9999.000,9999.000,9999.000,9999.000,9999.000,9999.000
202604291148,   0.429,9999.000,9999.000,9999.000,9999.000,9999.000,9999.000,9999.000,9999.000
202604291154,   0.432,9999.000,9999.000,9999.000,9999.000,9999.000,9999.000,9999.000,9999.000
202604291200,   0.434,9999.000,   0.800,   0.061,   1.295,   0.800,   1.295,   0.800,   1.295
202604291206,   0.436,9999.000,9999.000,9999.000,9999.000,9999.000,9999.000,9999.000,9999.000
202604291212,   0.439,9999.000,9999.000,9999.000,9999.000,9999.000,9999.000,9999.000,9999.000
202604291218,   0.441,9999.000,9999.000,9999.000,9999.000,9999.000,9999.000,9999.000,9999.000
202604291224,   0.443,9999.000,9999.000,9999.000,9999.000,9999.000,9999.000,9999.000,9999.000
202604291230,   0.445,9999.000,9999.000,9999.000,9999.000,9999.000,9999.000,9999.000,9999.000
202604291236,   0.447,9999.000,9999.000,9999.000,9999.000,9999.000,9999.000,9999.000,9999.000
202604291242,   0.449,9999.000,9999.000,9999.000,9999.000,9999.000,9999.000,9999.000,9999.000
202604291248,   0.451,9999.000,9999.000,9999.000,9999.000,9999.000,9999.000,9999.000,9999.000
202604291254,   0.453,9999.000,9999.000,9999.000,9999.000,9999.000,9999.000,9999.000,9999.000
202604291300,   0.454,9999.000,   0.800,   0.061,   1.315,   0.800,   1.315,   0.800,   1.315
202604291306,   0.456,9999.000,9999.000,9999.000,9999.000,9999.000,9999.000,9999.000,9999.000
202604291312,   0.457,9999.000,9999.000,9999.000,9999.000,9999.000,9999.000,9999.000,9999.000
202604291318,   0.459,9999.000,9999.000,9999.000,9999.000,9999.000,9999.000,9999.000,9999.000
202604291324,   0.460,9999.000,9999.000,9999.000,9999.000,9999.000,9999.000,9999.000,9999.000
202604291330,   0.462,9999.000,9999.000,9999.000,9999.000,9999.000,9999.000,9999.000,9999.000
202604291336,   0.463,9999.000,9999.000,9999.000,9999.000,9999.000,9999.000,9999.000,9999.000
202604291342,   0.464,9999.000,9999.000,9999.000,9999.000,9999.000,9999.000,9999.000,9999.000
202604291348,   0.465,9999.000,9999.000,9999.000,9999.000,9999.000,9999.000,9999.000,9999.000
202604291354,   0.466,9999.000,9999.000,9999.000,9999.000,9999.000,9999.000,9999.000,9999.000
202604291400,   0.468,9999.000,   0.800,   0.061,   1.329,   0.800,   1.329,   0.800,   1.329
202604291406,   0.469,9999.000,9999.000,9999.000,9999.000,9999.000,9999.000,9999.000,9999.000
202604291412,   0.469,9999.000,9999.000,9999.000,9999.000,9999.000,9999.000,9999.000,9999.000
202604291418,   0.470,9999.000,9999.000,9999.000,9999.000,9999.000,9999.000,9999.000,9999.000
202604291424,   0.471,9999.000,9999.000,9999.000,9999.000,9999.000,9999.000,9999.000,9999.000
202604291430,   0.472,9999.000,9999.000,9999.000,9999.000,9999.000,9999.000,9999.000,9999.000
202604291436,   0.473,9999.000,9999.000,9999.000,9999.000,9999.000,9999.000,9999.000,9999.000
202604291442,   0.473,9999.000,9999.000,9999.000,9999.000,9999.000,9999.000,9999.000,9999.000
202604291448,   0.474,9999.000,9999.000,9999.000,9999.000,9999.000,9999.000,9999.000,9999.000
202604291454,   0.475,9999.000,9999.000,9999.000,9999.000,9999.000,9999.000,9999.000,9999.000
202604291500,   0.475,9999.000,   0.800,   0.061,   1.336,   0.800,   1.336,   0.800,   1.336
202604291506,   0.476,9999.000,9999.000,9999.000,9999.000,9999.000,9999.000,9999.000,9999.000
202604291512,   0.476,9999.000,9999.000,9999.000,9999.000,9999.000,9999.000,9999.000,9999.000
202604291518,   0.477,9999.000,9999.000,9999.000,9999.000,9999.000,9999.000,9999.000,9999.000
202604291524,   0.477,9999.000,9999.000,9999.000,9999.000,9999.000,9999.000,9999.000,9999.000
202604291530,   0.478,9999.000,9999.000,9999.000,9999.000,9999.000,9999.000,9999.000,9999.000
202604291536,   0.478,9999.000,9999.000,9999.000,9999.000,9999.000,9999.000,9999.000,9999.000
202604291542,   0.479,9999.000,9999.000,9999.000,9999.000,9999.000,9999.000,9999.000,9999.000
202604291548,   0.479,9999.000,9999.000,9999.000,9999.000,9999.000,9999.000,9999.000,9999.000
202604291554,   0.479,9999.000,9999.000,9999.000,9999.000,9999.000,9999.000,9999.000,9999.000
202604291600,   0.480,9999.000,   0.800,   0.061,   1.341,   0.800,   1.341,   0.800,   1.341
202604291606,   0.480,9999.000,9999.000,9999.000,9999.000,9999.000,9999.000,9999.000,9999.000
202604291612,   0.480,9999.000,9999.000,9999.000,9999.000,9999.000,9999.000,9999.000,9999.000
202604291618,   0.480,9999.000,9999.000,9999.000,9999.000,9999.000,9999.000,9999.000,9999.000
202604291624,   0.481,9999.000,9999.000,9999.000,9999.000,9999.000,9999.000,9999.000,9999.000
202604291630,   0.481,9999.000,9999.000,9999.000,9999.000,9999.000,9999.000,9999.000,9999.000
202604291636,   0.481,9999.000,9999.000,9999.000,9999.000,9999.000,9999.000,9999.000,9999.000
202604291642,   0.481,9999.000,9999.000,9999.000,9999.000,9999.000,9999.000,9999.000,9999.000
202604291648,   0.482,9999.000,9999.000,9999.000,9999.000,9999.000,9999.000,9999.000,9999.000
202604291654,   0.482,9999.000,9999.000,9999.000,9999.000,9999.000,9999.000,9999.000,9999.000
202604291700,   0.482,9999.000,   0.800,   0.061,   1.343,   0.800,   1.343,   0.800,   1.343
202604291706,   0.482,9999.000,9999.000,9999.000,9999.000,9999.000,9999.000,9999.000,9999.000
202604291712,   0.482,9999.000,9999.000,9999.000,9999.000,9999.000,9999.000,9999.000,9999.000
202604291718,   0.482,9999.000,9999.000,9999.000,9999.000,9999.000,9999.000,9999.000,9999.000
202604291724,   0.483,9999.000,9999.000,9999.000,9999.000,9999.000,9999.000,9999.000,9999.000
202604291730,   0.483,9999.000,9999.000,9999.000,9999.000,9999.000,9999.000,9999.000,9999.000
202604291736,   0.483,9999.000,9999.000,9999.000,9999.000,9999.000,9999.000,9999.000,9999.000
202604291742,   0.483,9999.000,9999.000,9999.000,9999.000,9999.000,9999.000,9999.000,9999.000
202604291748,   0.483,9999.000,9999.000,9999.000,9999.000,9999.000,9999.000,9999.000,9999.000
202604291754,   0.483,9999.000,9999.000,9999.000,9999.000,9999.000,9999.000,9999.000,9999.000
202604291800,   0.483,9999.000,   0.800,   0.061,   1.344,   0.800,   1.344,   0.800,   1.344
202604291806,   0.483,9999.000,9999.000,9999.000,9999.000,9999.000,9999.000,9999.000,9999.000
202604291812,   0.483,9999.000,9999.000,9999.000,9999.000,9999.000,9999.000,9999.000,9999.000
202604291818,   0.483,9999.000,9999.000,9999.000,9999.000,9999.000,9999.000,9999.000,9999.000
202604291824,   0.483,9999.000,9999.000,9999.000,9999.000,9999.000,9999.000,9999.000,9999.000
202604291830,   0.483,9999.000,9999.000,9999.000,9999.000,9999.000,9999.000,9999.000,9999.000
202604291836,   0.483,9999.000,9999.000,9999.000,9999.000,9999.000,9999.000,9999.000,9999.000
202604291842,   0.483,9999.000,9999.000,9999.000,9999.000,9999.000,9999.000,9999.000,9999.000
202604291848,   0.483,9999.000,9999.000,9999.000,9999.000,9999.000,9999.000,9999.000,9999.000
202604291854,   0.483,9999.000,9999.000,9999.000,9999.000,9999.000,9999.000,9999.000,9999.000
202604291900,   0.483,9999.000,   0.800,   0.061,   1.344,   0.800,   1.344,   0.800,   1.344
202604291906,   0.483,9999.000,9999.000,9999.000,9999.000,9999.000,9999.000,9999.000,9999.000
202604291912,   0.483,9999.000,9999.000,9999.000,9999.000,9999.000,9999.000,9999.000,9999.000
202604291918,   0.482,9999.000,9999.000,9999.000,9999.000,9999.000,9999.000,9999.000,9999.000
202604291924,   0.482,9999.000,9999.000,9999.000,9999.000,9999.000,9999.000,9999.000,9999.000
202604291930,   0.482,9999.000,9999.000,9999.000,9999.000,9999.000,9999.000,9999.000,9999.000
202604291936,   0.481,9999.000,9999.000,9999.000,9999.000,9999.000,9999.000,9999.000,9999.000
202604291942,   0.481,9999.000,9999.000,9999.000,9999.000,9999.000,9999.000,9999.000,9999.000
202604291948,   0.480,9999.000,9999.000,9999.000,9999.000,9999.000,9999.000,9999.000,9999.000
202604291954,   0.480,9999.000,9999.000,9999.000,9999.000,9999.000,9999.000,9999.000,9999.000
202604292000,   0.479,9999.000,   0.800,   0.061,   1.340,   0.800,   1.340,   0.800,   1.340
202604292006,   0.478,9999.000,9999.000,9999.000,9999.000,9999.000,9999.000,9999.000,9999.000
202604292012,   0.478,9999.000,9999.000,9999.000,9999.000,9999.000,9999.000,9999.000,9999.000
202604292018,   0.477,9999.000,9999.000,9999.000,9999.000,9999.000,9999.000,9999.000,9999.000
202604292024,   0.476,9999.000,9999.000,9999.000,9999.000,9999.000,9999.000,9999.000,9999.000
202604292030,   0.475,9999.000,9999.000,9999.000,9999.000,9999.000,9999.000,9999.000,9999.000
202604292036,   0.474,9999.000,9999.000,9999.000,9999.000,9999.000,9999.000,9999.000,9999.000
202604292042,   0.473,9999.000,9999.000,9999.000,9999.000,9999.000,9999.000,9999.000,9999.000
202604292048,   0.472,9999.000,9999.000,9999.000,9999.000,9999.000,9999.000,9999.000,9999.000
202604292054,   0.471,9999.000,9999.000,9999.000,9999.000,9999.000,9999.000,9999.000,9999.000
202604292100,   0.469,9999.000,   0.800,   0.061,   1.330,   0.800,   1.330,   0.800,   1.330
202604292106,   0.468,9999.000,9999.000,9999.000,9999.000,9999.000,9999.000,9999.000,9999.000
202604292112,   0.467,9999.000,9999.000,9999.000,9999.000,9999.000,9999.000,9999.000,9999.000
202604292118,   0.465,9999.000,9999.000,9999.000,9999.000,9999.000,9999.000,9999.000,9999.000
202604292124,   0.463,9999.000,9999.000,9999.000,9999.000,9999.000,9999.000,9999.000,9999.000
202604292130,   0.462,9999.000,9999.000,9999.000,9999.000,9999.000,9999.000,9999.000,9999.000
202604292136,   0.460,9999.000,9999.000,9999.000,9999.000,9999.000,9999.000,9999.000,9999.000
202604292142,   0.458,9999.000,9999.000,9999.000,9999.000,9999.000,9999.000,9999.000,9999.000
202604292148,   0.456,9999.000,9999.000,9999.000,9999.000,9999.000,9999.000,9999.000,9999.000
202604292154,   0.454,9999.000,9999.000,9999.000,9999.000,9999.000,9999.000,9999.000,9999.000
202604292200,   0.452,9999.000,   0.800,   0.061,   1.313,   0.800,   1.313,   0.800,   1.313
202604292206,   0.449,9999.000,9999.000,9999.000,9999.000,9999.000,9999.000,9999.000,9999.000
202604292212,   0.447,9999.000,9999.000,9999.000,9999.000,9999.000,9999.000,9999.000,9999.000
202604292218,   0.444,9999.000,9999.000,9999.000,9999.000,9999.000,9999.000,9999.000,9999.000
202604292224,   0.442,9999.000,9999.000,9999.000,9999.000,9999.000,9999.000,9999.000,9999.000
202604292230,   0.439,9999.000,9999.000,9999.000,9999.000,9999.000,9999.000,9999.000,9999.000
202604292236,   0.436,9999.000,9999.000,9999.000,9999.000,9999.000,9999.000,9999.000,9999.000
202604292242,   0.433,9999.000,9999.000,9999.000,9999.000,9999.000,9999.000,9999.000,9999.000
202604292248,   0.431,9999.000,9999.000,9999.000,9999.000,9999.000,9999.000,9999.000,9999.000
202604292254,   0.427,9999.000,9999.000,9999.000,9999.000,9999.000,9999.000,9999.000,9999.000
202604292300,   0.424,9999.000,   0.800,   0.061,   1.285,   0.800,   1.285,   0.800,   1.285
202604292306,   0.421,9999.000,9999.000,9999.000,9999.000,9999.000,9999.000,9999.000,9999.000
202604292312,   0.418,9999.000,9999.000,9999.000,9999.000,9999.000,9999.000,9999.000,9999.000
202604292318,   0.414,9999.000,9999.000,9999.000,9999.000,9999.000,9999.000,9999.000,9999.000
202604292324,   0.411,9999.000,9999.000,9999.000,9999.000,9999.000,9999.000,9999.000,9999.000
202604292330,   0.407,9999.000,9999.000,9999.000,9999.000,9999.000,9999.000,9999.000,9999.000
202604292336,   0.404,9999.000,9999.000,9999.000,9999.000,9999.000,9999.000,9999.000,9999.000
202604292342,   0.400,9999.000,9999.000,9999.000,9999.000,9999.000,9999.000,9999.000,9999.000
202604292348,   0.396,9999.000,9999.000,9999.000,9999.000,9999.000,9999.000,9999.000,9999.000
202604292354,   0.392,9999.000,9999.000,9999.000,9999.000,9999.000,9999.000,9999.000,9999.000
202604300000,   0.388,9999.000,   0.800,   0.061,   1.249,   0.800,   1.249,   0.800,   1.249
202604300006,   0.384,9999.000,9999.000,9999.000,9999.000,9999.000,9999.000,9999.000,9999.000
202604300012,   0.380,9999.000,9999.000,9999.000,9999.000,9999.000,9999.000,9999.000,9999.000
202604300018,   0.376,9999.000,9999.000,9999.000,9999.000,9999.000,9999.000,9999.000,9999.000
202604300024,   0.372,9999.000,9999.000,9999.000,9999.000,9999.000,9999.000,9999.000,9999.000
202604300030,   0.367,9999.000,9999.000,9999.000,9999.000,9999.000,9999.000,9999.000,9999.000
202604300036,   0.363,9999.000,9999.000,9999.000,9999.000,9999.000,9999.000,9999.000,9999.000
202604300042,   0.359,9999.000,9999.000,9999.000,9999.000,9999.000,9999.000,9999.000,9999.000
202604300048,   0.354,9999.000,9999.000,9999.000,9999.000,9999.000,9999.000,9999.000,9999.000
202604300054,   0.350,9999.000,9999.000,9999.000,9999.000,9999.000,9999.000,9999.000,9999.000
202604300100,   0.345,9999.000,   0.800,   0.061,   1.206,   0.800,   1.206,   0.800,   1.206
202604300106,   0.341,9999.000,9999.000,9999.000,9999.000,9999.000,9999.000,9999.000,9999.000
202604300112,   0.336,9999.000,9999.000,9999.000,9999.000,9999.000,9999.000,9999.000,9999.000
202604300118,   0.332,9999.000,9999.000,9999.000,9999.000,9999.000,9999.000,9999.000,9999.000
202604300124,   0.327,9999.000,9999.000,9999.000,9999.000,9999.000,9999.000,9999.000,9999.000
202604300130,   0.323,9999.000,9999.000,9999.000,9999.000,9999.000,9999.000,9999.000,9999.000
202604300136,   0.318,9999.000,9999.000,9999.000,9999.000,9999.000,9999.000,9999.000,9999.000
202604300142,   0.314,9999.000,9999.000,9999.000,9999.000,9999.000,9999.000,9999.000,9999.000
202604300148,   0.309,9999.000,9999.000,9999.000,9999.000,9999.000,9999.000,9999.000,9999.000
202604300154,   0.305,9999.000,9999.000,9999.000,9999.000,9999.000,9999.000,9999.000,9999.000
202604300200,   0.301,9999.000,   0.800,   0.061,   1.162,   0.800,   1.162,   0.800,   1.162
202604300206,   0.296,9999.000,9999.000,9999.000,9999.000,9999.000,9999.000,9999.000,9999.000
202604300212,   0.292,9999.000,9999.000,9999.000,9999.000,9999.000,9999.000,9999.000,9999.000
202604300218,   0.287,9999.000,9999.000,9999.000,9999.000,9999.000,9999.000,9999.000,9999.000
202604300224,   0.283,9999.000,9999.000,9999.000,9999.000,9999.000,9999.000,9999.000,9999.000
202604300230,   0.279,9999.000,9999.000,9999.000,9999.000,9999.000,9999.000,9999.000,9999.000
202604300236,   0.275,9999.000,9999.000,9999.000,9999.000,9999.000,9999.000,9999.000,9999.000
202604300242,   0.271,9999.000,9999.000,9999.000,9999.000,9999.000,9999.000,9999.000,9999.000
202604300248,   0.267,9999.000,9999.000,9999.000,9999.000,9999.000,9999.000,9999.000,9999.000
202604300254,   0.263,9999.000,9999.000,9999.000,9999.000,9999.000,9999.000,9999.000,9999.000
202604300300,   0.259,9999.000,   0.800,   0.061,   1.120,   0.800,   1.120,   0.800,   1.120
202604300306,   0.255,9999.000,9999.000,9999.000,9999.000,9999.000,9999.000,9999.000,9999.000
202604300312,   0.252,9999.000,9999.000,9999.000,9999.000,9999.000,9999.000,9999.000,9999.000
202604300318,   0.248,9999.000,9999.000,9999.000,9999.000,9999.000,9999.000,9999.000,9999.000
202604300324,   0.245,9999.000,9999.000,9999.000,9999.000,9999.000,9999.000,9999.000,9999.000
202604300330,   0.241,9999.000,9999.000,9999.000,9999.000,9999.000,9999.000,9999.000,9999.000
202604300336,   0.238,9999.000,9999.000,9999.000,9999.000,9999.000,9999.000,9999.000,9999.000
202604300342,   0.235,9999.000,9999.000,9999.000,9999.000,9999.000,9999.000,9999.000,9999.000
202604300348,   0.232,9999.000,9999.000,9999.000,9999.000,9999.000,9999.000,9999.000,9999.000
202604300354,   0.229,9999.000,9999.000,9999.000,9999.000,9999.000,9999.000,9999.000,9999.000
202604300400,   0.226,9999.000,   0.800,   0.061,   1.087,   0.800,   1.087,   0.800,   1.087
202604300406,   0.224,9999.000,9999.000,9999.000,9999.000,9999.000,9999.000,9999.000,9999.000
202604300412,   0.221,9999.000,9999.000,9999.000,9999.000,9999.000,9999.000,9999.000,9999.000
202604300418,   0.220,9999.000,9999.000,9999.000,9999.000,9999.000,9999.000,9999.000,9999.000
202604300424,   0.217,9999.000,9999.000,9999.000,9999.000,9999.000,9999.000,9999.000,9999.000
202604300430,   0.215,9999.000,9999.000,9999.000,9999.000,9999.000,9999.000,9999.000,9999.000
202604300436,   0.213,9999.000,9999.000,9999.000,9999.000,9999.000,9999.000,9999.000,9999.000
202604300442,   0.211,9999.000,9999.000,9999.000,9999.000,9999.000,9999.000,9999.000,9999.000
202604300448,   0.210,9999.000,9999.000,9999.000,9999.000,9999.000,9999.000,9999.000,9999.000
202604300454,   0.209,9999.000,9999.000,9999.000,9999.000,9999.000,9999.000,9999.000,9999.000
202604300500,   0.207,9999.000,   0.800,   0.061,   1.068,   0.800,   1.068,   0.900,   1.168
202604300506,   0.206,9999.000,9999.000,9999.000,9999.000,9999.000,9999.000,9999.000,9999.000
202604300512,   0.206,9999.000,9999.000,9999.000,9999.000,9999.000,9999.000,9999.000,9999.000
202604300518,   0.205,9999.000,9999.000,9999.000,9999.000,9999.000,9999.000,9999.000,9999.000
202604300524,   0.204,9999.000,9999.000,9999.000,9999.000,9999.000,9999.000,9999.000,9999.000
202604300530,   0.204,9999.000,9999.000,9999.000,9999.000,9999.000,9999.000,9999.000,9999.000
202604300536,   0.204,9999.000,9999.000,9999.000,9999.000,9999.000,9999.000,9999.000,9999.000
202604300542,   0.204,9999.000,9999.000,9999.000,9999.000,9999.000,9999.000,9999.000,9999.000
202604300548,   0.204,9999.000,9999.000,9999.000,9999.000,9999.000,9999.000,9999.000,9999.000
202604300554,   0.204,9999.000,9999.000,9999.000,9999.000,9999.000,9999.000,9999.000,9999.000
202604300600,   0.205,9999.000,   0.800,   0.061,   1.066,   0.800,   1.066,   0.900,   1.166
202604300606,   0.205,9999.000,9999.000,9999.000,9999.000,9999.000,9999.000,9999.000,9999.000
202604300612,   0.206,9999.000,9999.000,9999.000,9999.000,9999.000,9999.000,9999.000,9999.000
202604300618,   0.207,9999.000,9999.000,9999.000,9999.000,9999.000,9999.000,9999.000,9999.000
202604300624,   0.208,9999.000,9999.000,9999.000,9999.000,9999.000,9999.000,9999.000,9999.000
202604300630,   0.210,9999.000,9999.000,9999.000,9999.000,9999.000,9999.000,9999.000,9999.000
202604300636,   0.211,9999.000,9999.000,9999.000,9999.000,9999.000,9999.000,9999.000,9999.000
202604300642,   0.213,9999.000,9999.000,9999.000,9999.000,9999.000,9999.000,9999.000,9999.000
202604300648,   0.215,9999.000,9999.000,9999.000,9999.000,9999.000,9999.000,9999.000,9999.000
202604300654,   0.217,9999.000,9999.000,9999.000,9999.000,9999.000,9999.000,9999.000,9999.000
202604300700,   0.220,9999.000,   0.800,   0.061,   1.081,   0.800,   1.081,   0.900,   1.181
202604300706,   0.221,9999.000,9999.000,9999.000,9999.000,9999.000,9999.000,9999.000,9999.000
202604300712,   0.223,9999.000,9999.000,9999.000,9999.000,9999.000,9999.000,9999.000,9999.000
202604300718,   0.226,9999.000,9999.000,9999.000,9999.000,9999.000,9999.000,9999.000,9999.000
202604300724,   0.229,9999.000,9999.000,9999.000,9999.000,9999.000,9999.000,9999.000,9999.000
202604300730,   0.231,9999.000,9999.000,9999.000,9999.000,9999.000,9999.000,9999.000,9999.000
202604300736,   0.234,9999.000,9999.000,9999.000,9999.000,9999.000,9999.000,9999.000,9999.000
202604300742,   0.237,9999.000,9999.000,9999.000,9999.000,9999.000,9999.000,9999.000,9999.000
202604300748,   0.240,9999.000,9999.000,9999.000,9999.000,9999.000,9999.000,9999.000,9999.000
202604300754,   0.244,9999.000,9999.000,9999.000,9999.000,9999.000,9999.000,9999.000,9999.000
202604300800,   0.247,9999.000,   0.800,   0.061,   1.108,   0.800,   1.108,   0.900,   1.208
202604300806,   0.251,9999.000,9999.000,9999.000,9999.000,9999.000,9999.000,9999.000,9999.000
202604300812,   0.254,9999.000,9999.000,9999.000,9999.000,9999.000,9999.000,9999.000,9999.000
202604300818,   0.258,9999.000,9999.000,9999.000,9999.000,9999.000,9999.000,9999.000,9999.000
202604300824,   0.262,9999.000,9999.000,9999.000,9999.000,9999.000,9999.000,9999.000,9999.000
202604300830,   0.266,9999.000,9999.000,9999.000,9999.000,9999.000,9999.000,9999.000,9999.000
202604300836,   0.270,9999.000,9999.000,9999.000,9999.000,9999.000,9999.000,9999.000,9999.000
202604300842,   0.274,9999.000,9999.000,9999.000,9999.000,9999.000,9999.000,9999.000,9999.000
202604300848,   0.278,9999.000,9999.000,9999.000,9999.000,9999.000,9999.000,9999.000,9999.000
202604300854,   0.282,9999.000,9999.000,9999.000,9999.000,9999.000,9999.000,9999.000,9999.000
202604300900,   0.286,9999.000,   0.800,   0.061,   1.147,   0.800,   1.147,   0.900,   1.247
202604300906,   0.290,9999.000,9999.000,9999.000,9999.000,9999.000,9999.000,9999.000,9999.000
202604300912,   0.295,9999.000,9999.000,9999.000,9999.000,9999.000,9999.000,9999.000,9999.000
202604300918,   0.299,9999.000,9999.000,9999.000,9999.000,9999.000,9999.000,9999.000,9999.000
202604300924,   0.303,9999.000,9999.000,9999.000,9999.000,9999.000,9999.000,9999.000,9999.000
202604300930,   0.308,9999.000,9999.000,9999.000,9999.000,9999.000,9999.000,9999.000,9999.000
202604300936,   0.312,9999.000,9999.000,9999.000,9999.000,9999.000,9999.000,9999.000,9999.000
202604300942,   0.317,9999.000,9999.000,9999.000,9999.000,9999.000,9999.000,9999.000,9999.000
202604300948,   0.321,9999.000,9999.000,9999.000,9999.000,9999.000,9999.000,9999.000,9999.000
202604300954,   0.326,9999.000,9999.000,9999.000,9999.000,9999.000,9999.000,9999.000,9999.000
202604301000,   0.330,9999.000,   0.800,   0.061,   1.191,   0.800,   1.191,   0.900,   1.291
202604301006,   0.335,9999.000,9999.000,9999.000,9999.000,9999.000,9999.000,9999.000,9999.000
202604301012,   0.339,9999.000,9999.000,9999.000,9999.000,9999.000,9999.000,9999.000,9999.000
202604301018,   0.344,9999.000,9999.000,9999.000,9999.000,9999.000,9999.000,9999.000,9999.000
202604301024,   0.348,9999.000,9999.000,9999.000,9999.000,9999.000,9999.000,9999.000,9999.000
202604301030,   0.353,9999.000,9999.000,9999.000,9999.000,9999.000,9999.000,9999.000,9999.000
202604301036,   0.357,9999.000,9999.000,9999.000,9999.000,9999.000,9999.000,9999.000,9999.000
202604301042,   0.362,9999.000,9999.000,9999.000,9999.000,9999.000,9999.000,9999.000,9999.000
202604301048,   0.366,9999.000,9999.000,9999.000,9999.000,9999.000,9999.000,9999.000,9999.000
202604301054,   0.371,9999.000,9999.000,9999.000,9999.000,9999.000,9999.000,9999.000,9999.000
202604301100,   0.375,9999.000,   0.800,   0.061,   1.236,   0.800,   1.236,   0.900,   1.336
202604301106,   0.379,9999.000,9999.000,9999.000,9999.000,9999.000,9999.000,9999.000,9999.000
202604301112,   0.383,9999.000,9999.000,9999.000,9999.000,9999.000,9999.000,9999.000,9999.000
202604301118,   0.388,9999.000,9999.000,9999.000,9999.000,9999.000,9999.000,9999.000,9999.000
202604301124,   0.392,9999.000,9999.000,9999.000,9999.000,9999.000,9999.000,9999.000,9999.000
202604301130,   0.396,9999.000,9999.000,9999.000,9999.000,9999.000,9999.000,9999.000,9999.000
202604301136,   0.400,9999.000,9999.000,9999.000,9999.000,9999.000,9999.000,9999.000,9999.000
202604301142,   0.404,9999.000,9999.000,9999.000,9999.000,9999.000,9999.000,9999.000,9999.000
202604301148,   0.408,9999.000,9999.000,9999.000,9999.000,9999.000,9999.000,9999.000,9999.000
202604301154,   0.411,9999.000,9999.000,9999.000,9999.000,9999.000,9999.000,9999.000,9999.000
202604301200,   0.415,9999.000,   0.800,   0.061,   1.276,   0.800,   1.276,   0.900,   1.376
202604301206,   0.419,9999.000,9999.000,9999.000,9999.000,9999.000,9999.000,9999.000,9999.000
202604301212,   0.422,9999.000,9999.000,9999.000,9999.000,9999.000,9999.000,9999.000,9999.000
202604301218,   0.426,9999.000,9999.000,9999.000,9999.000,9999.000,9999.000,9999.000,9999.000
202604301224,   0.429,9999.000,9999.000,9999.000,9999.000,9999.000,9999.000,9999.000,9999.000
202604301230,   0.433,9999.000,9999.000,9999.000,9999.000,9999.000,9999.000,9999.000,9999.000
202604301236,   0.436,9999.000,9999.000,9999.000,9999.000,9999.000,9999.000,9999.000,9999.000
202604301242,   0.439,9999.000,9999.000,9999.000,9999.000,9999.000,9999.000,9999.000,9999.000
202604301248,   0.443,9999.000,9999.000,9999.000,9999.000,9999.000,9999.000,9999.000,9999.000
202604301254,   0.446,9999.000,9999.000,9999.000,9999.000,9999.000,9999.000,9999.000,9999.000
202604301300,   0.449,9999.000,   0.800,   0.061,   1.310,   0.800,   1.310,   0.900,   1.410
202604301306,   0.452,9999.000,9999.000,9999.000,9999.000,9999.000,9999.000,9999.000,9999.000
202604301312,   0.454,9999.000,9999.000,9999.000,9999.000,9999.000,9999.000,9999.000,9999.000
202604301318,   0.457,9999.000,9999.000,9999.000,9999.000,9999.000,9999.000,9999.000,9999.000
202604301324,   0.460,9999.000,9999.000,9999.000,9999.000,9999.000,9999.000,9999.000,9999.000
202604301330,   0.463,9999.000,9999.000,9999.000,9999.000,9999.000,9999.000,9999.000,9999.000
202604301336,   0.465,9999.000,9999.000,9999.000,9999.000,9999.000,9999.000,9999.000,9999.000
202604301342,   0.468,9999.000,9999.000,9999.000,9999.000,9999.000,9999.000,9999.000,9999.000
202604301348,   0.470,9999.000,9999.000,9999.000,9999.000,9999.000,9999.000,9999.000,9999.000
202604301354,   0.472,9999.000,9999.000,9999.000,9999.000,9999.000,9999.000,9999.000,9999.000
202604301400,   0.475,9999.000,   0.800,   0.061,   1.336,   0.800,   1.336,   0.900,   1.436
202604301406,   0.477,9999.000,9999.000,9999.000,9999.000,9999.000,9999.000,9999.000,9999.000
202604301412,   0.479,9999.000,9999.000,9999.000,9999.000,9999.000,9999.000,9999.000,9999.000
202604301418,   0.481,9999.000,9999.000,9999.000,9999.000,9999.000,9999.000,9999.000,9999.000
202604301424,   0.483,9999.000,9999.000,9999.000,9999.000,9999.000,9999.000,9999.000,9999.000
202604301430,   0.485,9999.000,9999.000,9999.000,9999.000,9999.000,9999.000,9999.000,9999.000
202604301436,   0.487,9999.000,9999.000,9999.000,9999.000,9999.000,9999.000,9999.000,9999.000
202604301442,   0.488,9999.000,9999.000,9999.000,9999.000,9999.000,9999.000,9999.000,9999.000
202604301448,   0.490,9999.000,9999.000,9999.000,9999.000,9999.000,9999.000,9999.000,9999.000
202604301454,   0.492,9999.000,9999.000,9999.000,9999.000,9999.000,9999.000,9999.000,9999.000
202604301500,   0.493,9999.000,   0.800,   0.061,   1.354,   0.800,   1.354,   0.900,   1.454
202604301506,   0.495,9999.000,9999.000,9999.000,9999.000,9999.000,9999.000,9999.000,9999.000
202604301512,   0.496,9999.000,9999.000,9999.000,9999.000,9999.000,9999.000,9999.000,9999.000
202604301518,   0.498,9999.000,9999.000,9999.000,9999.000,9999.000,9999.000,9999.000,9999.000
202604301524,   0.499,9999.000,9999.000,9999.000,9999.000,9999.000,9999.000,9999.000,9999.000
202604301530,   0.500,9999.000,9999.000,9999.000,9999.000,9999.000,9999.000,9999.000,9999.000
202604301536,   0.502,9999.000,9999.000,9999.000,9999.000,9999.000,9999.000,9999.000,9999.000
202604301542,   0.503,9999.000,9999.000,9999.000,9999.000,9999.000,9999.000,9999.000,9999.000
202604301548,   0.504,9999.000,9999.000,9999.000,9999.000,9999.000,9999.000,9999.000,9999.000
202604301554,   0.505,9999.000,9999.000,9999.000,9999.000,9999.000,9999.000,9999.000,9999.000
202604301600,   0.506,9999.000,   0.800,   0.061,   1.367,   0.800,   1.367,   0.900,   1.467
202604301606,   0.507,9999.000,9999.000,9999.000,9999.000,9999.000,9999.000,9999.000,9999.000
202604301612,   0.508,9999.000,9999.000,9999.000,9999.000,9999.000,9999.000,9999.000,9999.000
202604301618,   0.509,9999.000,9999.000,9999.000,9999.000,9999.000,9999.000,9999.000,9999.000
202604301624,   0.510,9999.000,9999.000,9999.000,9999.000,9999.000,9999.000,9999.000,9999.000
202604301630,   0.511,9999.000,9999.000,9999.000,9999.000,9999.000,9999.000,9999.000,9999.000
202604301636,   0.512,9999.000,9999.000,9999.000,9999.000,9999.000,9999.000,9999.000,9999.000
202604301642,   0.513,9999.000,9999.000,9999.000,9999.000,9999.000,9999.000,9999.000,9999.000
202604301648,   0.513,9999.000,9999.000,9999.000,9999.000,9999.000,9999.000,9999.000,9999.000
202604301654,   0.514,9999.000,9999.000,9999.000,9999.000,9999.000,9999.000,9999.000,9999.000
202604301700,   0.515,9999.000,   0.800,   0.061,   1.376,   0.800,   1.376,   0.900,   1.476
202604301706,   0.516,9999.000,9999.000,9999.000,9999.000,9999.000,9999.000,9999.000,9999.000
202604301712,   0.516,9999.000,9999.000,9999.000,9999.000,9999.000,9999.000,9999.000,9999.000
202604301718,   0.517,9999.000,9999.000,9999.000,9999.000,9999.000,9999.000,9999.000,9999.000
202604301724,   0.517,9999.000,9999.000,9999.000,9999.000,9999.000,9999.000,9999.000,9999.000
202604301730,   0.518,9999.000,9999.000,9999.000,9999.000,9999.000,9999.000,9999.000,9999.000
202604301736,   0.518,9999.000,9999.000,9999.000,9999.000,9999.000,9999.000,9999.000,9999.000
202604301742,   0.519,9999.000,9999.000,9999.000,9999.000,9999.000,9999.000,9999.000,9999.000
202604301748,   0.519,9999.000,9999.000,9999.000,9999.000,9999.000,9999.000,9999.000,9999.000
202604301754,   0.520,9999.000,9999.000,9999.000,9999.000,9999.000,9999.000,9999.000,9999.000
202604301800,   0.520,9999.000,   0.800,   0.061,   1.381,   0.800,   1.381,   0.800,   1.381
202604301806,   0.520,9999.000,9999.000,9999.000,9999.000,9999.000,9999.000,9999.000,9999.000
202604301812,   0.520,9999.000,9999.000,9999.000,9999.000,9999.000,9999.000,9999.000,9999.000
202604301818,   0.521,9999.000,9999.000,9999.000,9999.000,9999.000,9999.000,9999.000,9999.000
202604301824,   0.521,9999.000,9999.000,9999.000,9999.000,9999.000,9999.000,9999.000,9999.000
202604301830,   0.521,9999.000,9999.000,9999.000,9999.000,9999.000,9999.000,9999.000,9999.000
202604301836,   0.521,9999.000,9999.000,9999.000,9999.000,9999.000,9999.000,9999.000,9999.000
202604301842,   0.521,9999.000,9999.000,9999.000,9999.000,9999.000,9999.000,9999.000,9999.000
202604301848,   0.521,9999.000,9999.000,9999.000,9999.000,9999.000,9999.000,9999.000,9999.000
202604301854,   0.521,9999.000,9999.000,9999.000,9999.000,9999.000,9999.000,9999.000,9999.000
202604301900,   0.521,9999.000,   0.800,   0.061,   1.382,   0.800,   1.382,   0.800,   1.382
202604301906,   0.521,9999.000,9999.000,9999.000,9999.000,9999.000,9999.000,9999.000,9999.000
202604301912,   0.520,9999.000,9999.000,9999.000,9999.000,9999.000,9999.000,9999.000,9999.000
202604301918,   0.520,9999.000,9999.000,9999.000,9999.000,9999.000,9999.000,9999.000,9999.000
202604301924,   0.520,9999.000,9999.000,9999.000,9999.000,9999.000,9999.000,9999.000,9999.000
202604301930,   0.519,9999.000,9999.000,9999.000,9999.000,9999.000,9999.000,9999.000,9999.000
202604301936,   0.519,9999.000,9999.000,9999.000,9999.000,9999.000,9999.000,9999.000,9999.000
202604301942,   0.518,9999.000,9999.000,9999.000,9999.000,9999.000,9999.000,9999.000,9999.000
202604301948,   0.518,9999.000,9999.000,9999.000,9999.000,9999.000,9999.000,9999.000,9999.000
202604301954,   0.517,9999.000,9999.000,9999.000,9999.000,9999.000,9999.000,9999.000,9999.000
202604302000,   0.516,9999.000,   0.800,   0.061,   1.377,   0.800,   1.377,   0.800,   1.377
202604302006,   0.515,9999.000,9999.000,9999.000,9999.000,9999.000,9999.000,9999.000,9999.000
202604302012,   0.514,9999.000,9999.000,9999.000,9999.000,9999.000,9999.000,9999.000,9999.000
202604302018,   0.513,9999.000,9999.000,9999.000,9999.000,9999.000,9999.000,9999.000,9999.000
202604302024,   0.512,9999.000,9999.000,9999.000,9999.000,9999.000,9999.000,9999.000,9999.000
202604302030,   0.511,9999.000,9999.000,9999.000,9999.000,9999.000,9999.000,9999.000,9999.000
202604302036,   0.510,9999.000,9999.000,9999.000,9999.000,9999.000,9999.000,9999.000,9999.000
202604302042,   0.509,9999.000,9999.000,9999.000,9999.000,9999.000,9999.000,9999.000,9999.000
202604302048,   0.507,9999.000,9999.000,9999.000,9999.000,9999.000,9999.000,9999.000,9999.000
202604302054,   0.506,9999.000,9999.000,9999.000,9999.000,9999.000,9999.000,9999.000,9999.000
202604302100,   0.504,9999.000,   0.800,   0.061,   1.365,   0.800,   1.365,   0.800,   1.365
202604302106,   0.502,9999.000,9999.000,9999.000,9999.000,9999.000,9999.000,9999.000,9999.000
202604302112,   0.500,9999.000,9999.000,9999.000,9999.000,9999.000,9999.000,9999.000,9999.000
202604302118,   0.498,9999.000,9999.000,9999.000,9999.000,9999.000,9999.000,9999.000,9999.000
202604302124,   0.496,9999.000,9999.000,9999.000,9999.000,9999.000,9999.000,9999.000,9999.000
202604302130,   0.494,9999.000,9999.000,9999.000,9999.000,9999.000,9999.000,9999.000,9999.000
202604302136,   0.492,9999.000,9999.000,9999.000,9999.000,9999.000,9999.000,9999.000,9999.000
202604302142,   0.490,9999.000,9999.000,9999.000,9999.000,9999.000,9999.000,9999.000,9999.000
202604302148,   0.487,9999.000,9999.000,9999.000,9999.000,9999.000,9999.000,9999.000,9999.000
202604302154,   0.484,9999.000,9999.000,9999.000,9999.000,9999.000,9999.000,9999.000,9999.000
202604302200,   0.482,9999.000,   0.800,   0.061,   1.343,   0.800,   1.343,   0.800,   1.343
202604302206,   0.479,9999.000,9999.000,9999.000,9999.000,9999.000,9999.000,9999.000,9999.000
202604302212,   0.476,9999.000,9999.000,9999.000,9999.000,9999.000,9999.000,9999.000,9999.000
202604302218,   0.473,9999.000,9999.000,9999.000,9999.000,9999.000,9999.000,9999.000,9999.000
202604302224,   0.470,9999.000,9999.000,9999.000,9999.000,9999.000,9999.000,9999.000,9999.000
202604302230,   0.467,9999.000,9999.000,9999.000,9999.000,9999.000,9999.000,9999.000,9999.000
202604302236,   0.463,9999.000,9999.000,9999.000,9999.000,9999.000,9999.000,9999.000,9999.000
202604302242,   0.460,9999.000,9999.000,9999.000,9999.000,9999.000,9999.000,9999.000,9999.000
202604302248,   0.456,9999.000,9999.000,9999.000,9999.000,9999.000,9999.000,9999.000,9999.000
202604302254,   0.452,9999.000,9999.000,9999.000,9999.000,9999.000,9999.000,9999.000,9999.000
202604302300,   0.449,9999.000,   0.800,   0.061,   1.310,   0.800,   1.310,   0.800,   1.310
202604302306,   0.445,9999.000,9999.000,9999.000,9999.000,9999.000,9999.000,9999.000,9999.000
202604302312,   0.441,9999.000,9999.000,9999.000,9999.000,9999.000,9999.000,9999.000,9999.000
202604302318,   0.437,9999.000,9999.000,9999.000,9999.000,9999.000,9999.000,9999.000,9999.000
202604302324,   0.432,9999.000,9999.000,9999.000,9999.000,9999.000,9999.000,9999.000,9999.000
202604302330,   0.428,9999.000,9999.000,9999.000,9999.000,9999.000,9999.000,9999.000,9999.000
202604302336,   0.424,9999.000,9999.000,9999.000,9999.000,9999.000,9999.000,9999.000,9999.000
202604302342,   0.419,9999.000,9999.000,9999.000,9999.000,9999.000,9999.000,9999.000,9999.000
202604302348,   0.415,9999.000,9999.000,9999.000,9999.000,9999.000,9999.000,9999.000,9999.000
202604302354,   0.410,9999.000,9999.000,9999.000,9999.000,9999.000,9999.000,9999.000,9999.000
202605010000,   0.405,9999.000,   0.800,   0.061,   1.266,   0.800,   1.266,   0.800,   1.266
202605010006,   0.400,9999.000,9999.000,9999.000,9999.000,9999.000,9999.000,9999.000,9999.000
202605010012,   0.395,9999.000,9999.000,9999.000,9999.000,9999.000,9999.000,9999.000,9999.000
202605010018,   0.390,9999.000,9999.000,9999.000,9999.000,9999.000,9999.000,9999.000,9999.000
202605010024,   0.385,9999.000,9999.000,9999.000,9999.000,9999.000,9999.000,9999.000,9999.000
202605010030,   0.380,9999.000,9999.000,9999.000,9999.000,9999.000,9999.000,9999.000,9999.000
202605010036,   0.375,9999.000,9999.000,9999.000,9999.000,9999.000,9999.000,9999.000,9999.000
202605010042,   0.370,9999.000,9999.000,9999.000,9999.000,9999.000,9999.000,9999.000,9999.000
202605010048,   0.364,9999.000,9999.000,9999.000,9999.000,9999.000,9999.000,9999.000,9999.000
202605010054,   0.359,9999.000,9999.000,9999.000,9999.000,9999.000,9999.000,9999.000,9999.000
202605010100,   0.354,9999.000,   0.800,   0.061,   1.215,   0.800,   1.215,   0.900,   1.315
202605010106,   0.348,9999.000,9999.000,9999.000,9999.000,9999.000,9999.000,9999.000,9999.000
202605010112,   0.343,9999.000,9999.000,9999.000,9999.000,9999.000,9999.000,9999.000,9999.000
202605010118,   0.338,9999.000,9999.000,9999.000,9999.000,9999.000,9999.000,9999.000,9999.000
202605010124,   0.332,9999.000,9999.000,9999.000,9999.000,9999.000,9999.000,9999.000,9999.000
202605010130,   0.327,9999.000,9999.000,9999.000,9999.000,9999.000,9999.000,9999.000,9999.000
202605010136,   0.321,9999.000,9999.000,9999.000,9999.000,9999.000,9999.000,9999.000,9999.000
202605010142,   0.316,9999.000,9999.000,9999.000,9999.000,9999.000,9999.000,9999.000,9999.000
202605010148,   0.310,9999.000,9999.000,9999.000,9999.000,9999.000,9999.000,9999.000,9999.000
202605010154,   0.305,9999.000,9999.000,9999.000,9999.000,9999.000,9999.000,9999.000,9999.000
202605010200,   0.299,9999.000,   0.800,   0.061,   1.160,   0.800,   1.160,   0.900,   1.260
202605010206,   0.294,9999.000,9999.000,9999.000,9999.000,9999.000,9999.000,9999.000,9999.000
202605010212,   0.288,9999.000,9999.000,9999.000,9999.000,9999.000,9999.000,9999.000,9999.000
202605010218,   0.283,9999.000,9999.000,9999.000,9999.000,9999.000,9999.000,9999.000,9999.000
202605010224,   0.278,9999.000,9999.000,9999.000,9999.000,9999.000,9999.000,9999.000,9999.000
202605010230,   0.272,9999.000,9999.000,9999.000,9999.000,9999.000,9999.000,9999.000,9999.000
202605010236,   0.267,9999.000,9999.000,9999.000,9999.000,9999.000,9999.000,9999.000,9999.000
202605010242,   0.262,9999.000,9999.000,9999.000,9999.000,9999.000,9999.000,9999.000,9999.000
202605010248,   0.257,9999.000,9999.000,9999.000,9999.000,9999.000,9999.000,9999.000,9999.000
202605010254,   0.252,9999.000,9999.000,9999.000,9999.000,9999.000,9999.000,9999.000,9999.000
202605010300,   0.247,9999.000,   0.800,   0.061,   1.108,   0.800,   1.108,   0.900,   1.208
202605010306,   0.242,9999.000,9999.000,9999.000,9999.000,9999.000,9999.000,9999.000,9999.000
202605010312,   0.238,9999.000,9999.000,9999.000,9999.000,9999.000,9999.000,9999.000,9999.000
202605010318,   0.233,9999.000,9999.000,9999.000,9999.000,9999.000,9999.000,9999.000,9999.000
202605010324,   0.229,9999.000,9999.000,9999.000,9999.000,9999.000,9999.000,9999.000,9999.000
202605010330,   0.224,9999.000,9999.000,9999.000,9999.000,9999.000,9999.000,9999.000,9999.000
202605010336,   0.220,9999.000,9999.000,9999.000,9999.000,9999.000,9999.000,9999.000,9999.000
202605010342,   0.216,9999.000,9999.000,9999.000,9999.000,9999.000,9999.000,9999.000,9999.000
202605010348,   0.212,9999.000,9999.000,9999.000,9999.000,9999.000,9999.000,9999.000,9999.000
202605010354,   0.208,9999.000,9999.000,9999.000,9999.000,9999.000,9999.000,9999.000,9999.000
202605010400,   0.204,9999.000,   0.800,   0.061,   1.065,   0.800,   1.065,   0.900,   1.165
202605010406,   0.201,9999.000,9999.000,9999.000,9999.000,9999.000,9999.000,9999.000,9999.000
202605010412,   0.197,9999.000,9999.000,9999.000,9999.000,9999.000,9999.000,9999.000,9999.000
202605010418,   0.194,9999.000,9999.000,9999.000,9999.000,9999.000,9999.000,9999.000,9999.000
202605010424,   0.191,9999.000,9999.000,9999.000,9999.000,9999.000,9999.000,9999.000,9999.000
202605010430,   0.188,9999.000,9999.000,9999.000,9999.000,9999.000,9999.000,9999.000,9999.000
202605010436,   0.185,9999.000,9999.000,9999.000,9999.000,9999.000,9999.000,9999.000,9999.000
202605010442,   0.182,9999.000,9999.000,9999.000,9999.000,9999.000,9999.000,9999.000,9999.000
202605010448,   0.180,9999.000,9999.000,9999.000,9999.000,9999.000,9999.000,9999.000,9999.000
202605010454,   0.178,9999.000,9999.000,9999.000,9999.000,9999.000,9999.000,9999.000,9999.000
202605010500,   0.176,9999.000,   0.800,   0.061,   1.037,   0.800,   1.037,   0.900,   1.137
202605010506,   0.174,9999.000,9999.000,9999.000,9999.000,9999.000,9999.000,9999.000,9999.000
202605010512,   0.172,9999.000,9999.000,9999.000,9999.000,9999.000,9999.000,9999.000,9999.000
202605010518,   0.170,9999.000,9999.000,9999.000,9999.000,9999.000,9999.000,9999.000,9999.000
202605010524,   0.169,9999.000,9999.000,9999.000,9999.000,9999.000,9999.000,9999.000,9999.000
202605010530,   0.168,9999.000,9999.000,9999.000,9999.000,9999.000,9999.000,9999.000,9999.000
202605010536,   0.167,9999.000,9999.000,9999.000,9999.000,9999.000,9999.000,9999.000,9999.000
202605010542,   0.166,9999.000,9999.000,9999.000,9999.000,9999.000,9999.000,9999.000,9999.000
202605010548,   0.166,9999.000,9999.000,9999.000,9999.000,9999.000,9999.000,9999.000,9999.000
202605010554,   0.165,9999.000,9999.000,9999.000,9999.000,9999.000,9999.000,9999.000,9999.000
202605010600,   0.165,9999.000,   0.800,   0.061,   1.026,   0.800,   1.026,   0.900,   1.126
202605010606,   0.165,9999.000,9999.000,9999.000,9999.000,9999.000,9999.000,9999.000,9999.000
202605010612,   0.165,9999.000,9999.000,9999.000,9999.000,9999.000,9999.000,9999.000,9999.000
202605010618,   0.166,9999.000,9999.000,9999.000,9999.000,9999.000,9999.000,9999.000,9999.000
202605010624,   0.166,9999.000,9999.000,9999.000,9999.000,9999.000,9999.000,9999.000,9999.000
202605010630,   0.167,9999.000,9999.000,9999.000,9999.000,9999.000,9999.000,9999.000,9999.000
202605010636,   0.168,9999.000,9999.000,9999.000,9999.000,9999.000,9999.000,9999.000,9999.000
202605010642,   0.169,9999.000,9999.000,9999.000,9999.000,9999.000,9999.000,9999.000,9999.000
202605010648,   0.170,9999.000,9999.000,9999.000,9999.000,9999.000,9999.000,9999.000,9999.000
202605010654,   0.172,9999.000,9999.000,9999.000,9999.000,9999.000,9999.000,9999.000,9999.000
202605010700,   0.174,9999.000,   0.800,   0.061,   1.035,   0.800,   1.035,   0.900,   1.135
202605010706,   0.176,9999.000,9999.000,9999.000,9999.000,9999.000,9999.000,9999.000,9999.000
202605010712,   0.178,9999.000,9999.000,9999.000,9999.000,9999.000,9999.000,9999.000,9999.000
202605010718,   0.180,9999.000,9999.000,9999.000,9999.000,9999.000,9999.000,9999.000,9999.000
202605010724,   0.182,9999.000,9999.000,9999.000,9999.000,9999.000,9999.000,9999.000,9999.000
202605010730,   0.185,9999.000,9999.000,9999.000,9999.000,9999.000,9999.000,9999.000,9999.000
202605010736,   0.188,9999.000,9999.000,9999.000,9999.000,9999.000,9999.000,9999.000,9999.000
202605010742,   0.190,9999.000,9999.000,9999.000,9999.000,9999.000,9999.000,9999.000,9999.000
202605010748,   0.194,9999.000,9999.000,9999.000,9999.000,9999.000,9999.000,9999.000,9999.000
202605010754,   0.197,9999.000,9999.000,9999.000,9999.000,9999.000,9999.000,9999.000,9999.000
202605010800,   0.200,9999.000,   0.800,   0.061,   1.061,   0.800,   1.061,   0.900,   1.161
202605010806,   0.204,9999.000,9999.000,9999.000,9999.000,9999.000,9999.000,9999.000,9999.000
202605010812,   0.207,9999.000,9999.000,9999.000,9999.000,9999.000,9999.000,9999.000,9999.000
202605010818,   0.211,9999.000,9999.000,9999.000,9999.000,9999.000,9999.000,9999.000,9999.000
202605010824,   0.215,9999.000,9999.000,9999.000,9999.000,9999.000,9999.000,9999.000,9999.000
202605010830,   0.220,9999.000,9999.000,9999.000,9999.000,9999.000,9999.000,9999.000,9999.000
202605010836,   0.223,9999.000,9999.000,9999.000,9999.000,9999.000,9999.000,9999.000,9999.000
202605010842,   0.227,9999.000,9999.000,9999.000,9999.000,9999.000,9999.000,9999.000,9999.000
202605010848,   0.232,9999.000,9999.000,9999.000,9999.000,9999.000,9999.000,9999.000,9999.000
202605010854,   0.236,9999.000,9999.000,9999.000,9999.000,9999.000,9999.000,9999.000,9999.000
202605010900,   0.240,9999.000,   0.800,   0.061,   1.101,   0.800,   1.101,   0.900,   1.201
202605010906,   0.245,9999.000,9999.000,9999.000,9999.000,9999.000,9999.000,9999.000,9999.000
202605010912,   0.250,9999.000,9999.000,9999.000,9999.000,9999.000,9999.000,9999.000,9999.000
202605010918,   0.255,9999.000,9999.000,9999.000,9999.000,9999.000,9999.000,9999.000,9999.000
202605010924,   0.259,9999.000,9999.000,9999.000,9999.000,9999.000,9999.000,9999.000,9999.000
202605010930,   0.264,9999.000,9999.000,9999.000,9999.000,9999.000,9999.000,9999.000,9999.000
202605010936,   0.269,9999.000,9999.000,9999.000,9999.000,9999.000,9999.000,9999.000,9999.000
202605010942,   0.274,9999.000,9999.000,9999.000,9999.000,9999.000,9999.000,9999.000,9999.000
202605010948,   0.279,9999.000,9999.000,9999.000,9999.000,9999.000,9999.000,9999.000,9999.000
202605010954,   0.284,9999.000,9999.000,9999.000,9999.000,9999.000,9999.000,9999.000,9999.000
202605011000,   0.289,9999.000,   0.900,   0.061,   1.250,   0.800,   1.150,   0.900,   1.250
202605011006,   0.295,9999.000,9999.000,9999.000,9999.000,9999.000,9999.000,9999.000,9999.000
202605011012,   0.300,9999.000,9999.000,9999.000,9999.000,9999.000,9999.000,9999.000,9999.000
202605011018,   0.305,9999.000,9999.000,9999.000,9999.000,9999.000,9999.000,9999.000,9999.000
202605011024,   0.310,9999.000,9999.000,9999.000,9999.000,9999.000,9999.000,9999.000,9999.000
202605011030,   0.315,9999.000,9999.000,9999.000,9999.000,9999.000,9999.000,9999.000,9999.000
202605011036,   0.321,9999.000,9999.000,9999.000,9999.000,9999.000,9999.000,9999.000,9999.000
202605011042,   0.326,9999.000,9999.000,9999.000,9999.000,9999.000,9999.000,9999.000,9999.000
202605011048,   0.331,9999.000,9999.000,9999.000,9999.000,9999.000,9999.000,9999.000,9999.000
202605011054,   0.336,9999.000,9999.000,9999.000,9999.000,9999.000,9999.000,9999.000,9999.000
202605011100,   0.341,9999.000,   0.900,   0.061,   1.302,   0.800,   1.202,   0.900,   1.302
202605011106,   0.347,9999.000,9999.000,9999.000,9999.000,9999.000,9999.000,9999.000,9999.000
202605011112,   0.352,9999.000,9999.000,9999.000,9999.000,9999.000,9999.000,9999.000,9999.000
202605011118,   0.357,9999.000,9999.000,9999.000,9999.000,9999.000,9999.000,9999.000,9999.000
202605011124,   0.362,9999.000,9999.000,9999.000,9999.000,9999.000,9999.000,9999.000,9999.000
202605011130,   0.367,9999.000,9999.000,9999.000,9999.000,9999.000,9999.000,9999.000,9999.000
202605011136,   0.372,9999.000,9999.000,9999.000,9999.000,9999.000,9999.000,9999.000,9999.000
202605011142,   0.377,9999.000,9999.000,9999.000,9999.000,9999.000,9999.000,9999.000,9999.000
202605011148,   0.382,9999.000,9999.000,9999.000,9999.000,9999.000,9999.000,9999.000,9999.000
202605011154,   0.386,9999.000,9999.000,9999.000,9999.000,9999.000,9999.000,9999.000,9999.000
202605011200,   0.391,9999.000,   0.900,   0.061,   1.352,   0.800,   1.252,   0.900,   1.352
202605011206,   0.396,9999.000,9999.000,9999.000,9999.000,9999.000,9999.000,9999.000,9999.000
202605011212,   0.400,9999.000,9999.000,9999.000,9999.000,9999.000,9999.000,9999.000,9999.000
202605011218,   0.405,9999.000,9999.000,9999.000,9999.000,9999.000,9999.000,9999.000,9999.000
202605011224,   0.409,9999.000,9999.000,9999.000,9999.000,9999.000,9999.000,9999.000,9999.000
202605011230,   0.414,9999.000,9999.000,9999.000,9999.000,9999.000,9999.000,9999.000,9999.000
202605011236,   0.418,9999.000,9999.000,9999.000,9999.000,9999.000,9999.000,9999.000,9999.000
202605011242,   0.422,9999.000,9999.000,9999.000,9999.000,9999.000,9999.000,9999.000,9999.000
202605011248,   0.427,9999.000,9999.000,9999.000,9999.000,9999.000,9999.000,9999.000,9999.000
202605011254,   0.431,9999.000,9999.000,9999.000,9999.000,9999.000,9999.000,9999.000,9999.000
202605011300,   0.435,9999.000,   0.900,   0.061,   1.396,   0.800,   1.296,   0.900,   1.396
202605011306,   0.439,9999.000,9999.000,9999.000,9999.000,9999.000,9999.000,9999.000,9999.000
202605011312,   0.443,9999.000,9999.000,9999.000,9999.000,9999.000,9999.000,9999.000,9999.000
202605011318,   0.446,9999.000,9999.000,9999.000,9999.000,9999.000,9999.000,9999.000,9999.000
202605011324,   0.450,9999.000,9999.000,9999.000,9999.000,9999.000,9999.000,9999.000,9999.000
202605011330,   0.454,9999.000,9999.000,9999.000,9999.000,9999.000,9999.000,9999.000,9999.000
202605011336,   0.457,9999.000,9999.000,9999.000,9999.000,9999.000,9999.000,9999.000,9999.000
202605011342,   0.461,9999.000,9999.000,9999.000,9999.000,9999.000,9999.000,9999.000,9999.000
202605011348,   0.464,9999.000,9999.000,9999.000,9999.000,9999.000,9999.000,9999.000,9999.000
202605011354,   0.467,9999.000,9999.000,9999.000,9999.000,9999.000,9999.000,9999.000,9999.000
202605011400,   0.471,9999.000,   0.900,   0.061,   1.432,   0.800,   1.332,   0.900,   1.432
202605011406,   0.474,9999.000,9999.000,9999.000,9999.000,9999.000,9999.000,9999.000,9999.000
202605011412,   0.477,9999.000,9999.000,9999.000,9999.000,9999.000,9999.000,9999.000,9999.000
202605011418,   0.480,9999.000,9999.000,9999.000,9999.000,9999.000,9999.000,9999.000,9999.000
202605011424,   0.482,9999.000,9999.000,9999.000,9999.000,9999.000,9999.000,9999.000,9999.000
202605011430,   0.485,9999.000,9999.000,9999.000,9999.000,9999.000,9999.000,9999.000,9999.000
202605011436,   0.488,9999.000,9999.000,9999.000,9999.000,9999.000,9999.000,9999.000,9999.000
202605011442,   0.491,9999.000,9999.000,9999.000,9999.000,9999.000,9999.000,9999.000,9999.000
202605011448,   0.493,9999.000,9999.000,9999.000,9999.000,9999.000,9999.000,9999.000,9999.000
202605011454,   0.496,9999.000,9999.000,9999.000,9999.000,9999.000,9999.000,9999.000,9999.000
202605011500,   0.498,9999.000,   0.900,   0.061,   1.459,   0.800,   1.359,   0.900,   1.459
202605011506,   0.500,9999.000,9999.000,9999.000,9999.000,9999.000,9999.000,9999.000,9999.000
202605011512,   0.503,9999.000,9999.000,9999.000,9999.000,9999.000,9999.000,9999.000,9999.000
202605011518,   0.505,9999.000,9999.000,9999.000,9999.000,9999.000,9999.000,9999.000,9999.000
202605011524,   0.507,9999.000,9999.000,9999.000,9999.000,9999.000,9999.000,9999.000,9999.000
202605011530,   0.509,9999.000,9999.000,9999.000,9999.000,9999.000,9999.000,9999.000,9999.000
202605011536,   0.511,9999.000,9999.000,9999.000,9999.000,9999.000,9999.000,9999.000,9999.000
202605011542,   0.513,9999.000,9999.000,9999.000,9999.000,9999.000,9999.000,9999.000,9999.000
202605011548,   0.514,9999.000,9999.000,9999.000,9999.000,9999.000,9999.000,9999.000,9999.000
202605011554,   0.516,9999.000,9999.000,9999.000,9999.000,9999.000,9999.000,9999.000,9999.000
202605011600,   0.518,9999.000,   0.900,   0.061,   1.479,   0.800,   1.379,   0.900,   1.479
202605011606,   0.520,9999.000,9999.000,9999.000,9999.000,9999.000,9999.000,9999.000,9999.000
202605011612,   0.521,9999.000,9999.000,9999.000,9999.000,9999.000,9999.000,9999.000,9999.000
202605011618,   0.523,9999.000,9999.000,9999.000,9999.000,9999.000,9999.000,9999.000,9999.000
202605011624,   0.524,9999.000,9999.000,9999.000,9999.000,9999.000,9999.000,9999.000,9999.000
202605011630,   0.526,9999.000,9999.000,9999.000,9999.000,9999.000,9999.000,9999.000,9999.000
202605011636,   0.527,9999.000,9999.000,9999.000,9999.000,9999.000,9999.000,9999.000,9999.000
202605011642,   0.528,9999.000,9999.000,9999.000,9999.000,9999.000,9999.000,9999.000,9999.000
202605011648,   0.529,9999.000,9999.000,9999.000,9999.000,9999.000,9999.000,9999.000,9999.000
202605011654,   0.531,9999.000,9999.000,9999.000,9999.000,9999.000,9999.000,9999.000,9999.000
202605011700,   0.532,9999.000,   0.900,   0.061,   1.493,   0.800,   1.393,   0.900,   1.493
202605011706,   0.533,9999.000,9999.000,9999.000,9999.000,9999.000,9999.000,9999.000,9999.000
202605011712,   0.534,9999.000,9999.000,9999.000,9999.000,9999.000,9999.000,9999.000,9999.000
202605011718,   0.535,9999.000,9999.000,9999.000,9999.000,9999.000,9999.000,9999.000,9999.000
202605011724,   0.536,9999.000,9999.000,9999.000,9999.000,9999.000,9999.000,9999.000,9999.000
202605011730,   0.537,9999.000,9999.000,9999.000,9999.000,9999.000,9999.000,9999.000,9999.000
202605011736,   0.537,9999.000,9999.000,9999.000,9999.000,9999.000,9999.000,9999.000,9999.000
202605011742,   0.538,9999.000,9999.000,9999.000,9999.000,9999.000,9999.000,9999.000,9999.000
202605011748,   0.539,9999.000,9999.000,9999.000,9999.000,9999.000,9999.000,9999.000,9999.000
202605011754,   0.540,9999.000,9999.000,9999.000,9999.000,9999.000,9999.000,9999.000,9999.000
202605011800,   0.540,9999.000,   0.900,   0.061,   1.501,   0.800,   1.401,   0.900,   1.501
202605011806,   0.541,9999.000,9999.000,9999.000,9999.000,9999.000,9999.000,9999.000,9999.000
202605011812,   0.541,9999.000,9999.000,9999.000,9999.000,9999.000,9999.000,9999.000,9999.000
202605011818,   0.542,9999.000,9999.000,9999.000,9999.000,9999.000,9999.000,9999.000,9999.000
202605011824,   0.542,9999.000,9999.000,9999.000,9999.000,9999.000,9999.000,9999.000,9999.000
202605011830,   0.542,9999.000,9999.000,9999.000,9999.000,9999.000,9999.000,9999.000,9999.000
202605011836,   0.543,9999.000,9999.000,9999.000,9999.000,9999.000,9999.000,9999.000,9999.000
202605011842,   0.543,9999.000,9999.000,9999.000,9999.000,9999.000,9999.000,9999.000,9999.000
202605011848,   0.543,9999.000,9999.000,9999.000,9999.000,9999.000,9999.000,9999.000,9999.000
202605011854,   0.543,9999.000,9999.000,9999.000,9999.000,9999.000,9999.000,9999.000,9999.000
202605011900,   0.543,9999.000,   0.900,   0.061,   1.504,   0.800,   1.404,   0.900,   1.504
202605011906,   0.543,9999.000,9999.000,9999.000,9999.000,9999.000,9999.000,9999.000,9999.000
202605011912,   0.543,9999.000,9999.000,9999.000,9999.000,9999.000,9999.000,9999.000,9999.000
202605011918,   0.543,9999.000,9999.000,9999.000,9999.000,9999.000,9999.000,9999.000,9999.000
202605011924,   0.542,9999.000,9999.000,9999.000,9999.000,9999.000,9999.000,9999.000,9999.000
202605011930,   0.542,9999.000,9999.000,9999.000,9999.000,9999.000,9999.000,9999.000,9999.000
202605011936,   0.542,9999.000,9999.000,9999.000,9999.000,9999.000,9999.000,9999.000,9999.000
202605011942,   0.541,9999.000,9999.000,9999.000,9999.000,9999.000,9999.000,9999.000,9999.000
202605011948,   0.541,9999.000,9999.000,9999.000,9999.000,9999.000,9999.000,9999.000,9999.000
202605011954,   0.540,9999.000,9999.000,9999.000,9999.000,9999.000,9999.000,9999.000,9999.000
202605012000,   0.539,9999.000,   0.900,   0.061,   1.500,   0.800,   1.400,   0.900,   1.500
202605012006,   0.539,9999.000,9999.000,9999.000,9999.000,9999.000,9999.000,9999.000,9999.000
202605012012,   0.538,9999.000,9999.000,9999.000,9999.000,9999.000,9999.000,9999.000,9999.000
202605012018,   0.537,9999.000,9999.000,9999.000,9999.000,9999.000,9999.000,9999.000,9999.000
202605012024,   0.536,9999.000,9999.000,9999.000,9999.000,9999.000,9999.000,9999.000,9999.000
202605012030,   0.535,9999.000,9999.000,9999.000,9999.000,9999.000,9999.000,9999.000,9999.000
202605012036,   0.533,9999.000,9999.000,9999.000,9999.000,9999.000,9999.000,9999.000,9999.000
202605012042,   0.532,9999.000,9999.000,9999.000,9999.000,9999.000,9999.000,9999.000,9999.000
202605012048,   0.531,9999.000,9999.000,9999.000,9999.000,9999.000,9999.000,9999.000,9999.000
202605012054,   0.529,9999.000,9999.000,9999.000,9999.000,9999.000,9999.000,9999.000,9999.000
202605012100,   0.527,9999.000,   0.900,   0.061,   1.488,   0.800,   1.388,   0.900,   1.488
202605012106,   0.526,9999.000,9999.000,9999.000,9999.000,9999.000,9999.000,9999.000,9999.000
202605012112,   0.524,9999.000,9999.000,9999.000,9999.000,9999.000,9999.000,9999.000,9999.000
202605012118,   0.522,9999.000,9999.000,9999.000,9999.000,9999.000,9999.000,9999.000,9999.000
202605012124,   0.520,9999.000,9999.000,9999.000,9999.000,9999.000,9999.000,9999.000,9999.000
202605012130,   0.518,9999.000,9999.000,9999.000,9999.000,9999.000,9999.000,9999.000,9999.000
202605012136,   0.515,9999.000,9999.000,9999.000,9999.000,9999.000,9999.000,9999.000,9999.000
202605012142,   0.513,9999.000,9999.000,9999.000,9999.000,9999.000,9999.000,9999.000,9999.000
202605012148,   0.510,9999.000,9999.000,9999.000,9999.000,9999.000,9999.000,9999.000,9999.000
202605012154,   0.508,9999.000,9999.000,9999.000,9999.000,9999.000,9999.000,9999.000,9999.000
202605012200,   0.505,9999.000,   0.900,   0.061,   1.466,   0.800,   1.366,   1.000,   1.566
202605012206,   0.502,9999.000,9999.000,9999.000,9999.000,9999.000,9999.000,9999.000,9999.000
202605012212,   0.499,9999.000,9999.000,9999.000,9999.000,9999.000,9999.000,9999.000,9999.000
202605012218,   0.496,9999.000,9999.000,9999.000,9999.000,9999.000,9999.000,9999.000,9999.000
202605012224,   0.493,9999.000,9999.000,9999.000,9999.000,9999.000,9999.000,9999.000,9999.000
202605012230,   0.489,9999.000,9999.000,9999.000,9999.000,9999.000,9999.000,9999.000,9999.000
202605012236,   0.486,9999.000,9999.000,9999.000,9999.000,9999.000,9999.000,9999.000,9999.000
202605012242,   0.482,9999.000,9999.000,9999.000,9999.000,9999.000,9999.000,9999.000,9999.000
202605012248,   0.479,9999.000,9999.000,9999.000,9999.000,9999.000,9999.000,9999.000,9999.000
202605012254,   0.475,9999.000,9999.000,9999.000,9999.000,9999.000,9999.000,9999.000,9999.000
202605012300,   0.471,9999.000,   0.900,   0.061,   1.432,   0.800,   1.332,   1.000,   1.532
202605012306,   0.467,9999.000,9999.000,9999.000,9999.000,9999.000,9999.000,9999.000,9999.000
202605012312,   0.463,9999.000,9999.000,9999.000,9999.000,9999.000,9999.000,9999.000,9999.000
202605012318,   0.458,9999.000,9999.000,9999.000,9999.000,9999.000,9999.000,9999.000,9999.000
202605012324,   0.454,9999.000,9999.000,9999.000,9999.000,9999.000,9999.000,9999.000,9999.000
202605012330,   0.449,9999.000,9999.000,9999.000,9999.000,9999.000,9999.000,9999.000,9999.000
202605012336,   0.445,9999.000,9999.000,9999.000,9999.000,9999.000,9999.000,9999.000,9999.000
202605012342,   0.440,9999.000,9999.000,9999.000,9999.000,9999.000,9999.000,9999.000,9999.000
202605012348,   0.435,9999.000,9999.000,9999.000,9999.000,9999.000,9999.000,9999.000,9999.000
202605012354,   0.430,9999.000,9999.000,9999.000,9999.000,9999.000,9999.000,9999.000,9999.000
202605020000,   0.425,9999.000,   0.900,   0.061,   1.386,   0.800,   1.286,   1.000,   1.486
202605020006,   0.420,9999.000,9999.000,9999.000,9999.000,9999.000,9999.000,9999.000,9999.000
202605020012,   0.415,9999.000,9999.000,9999.000,9999.000,9999.000,9999.000,9999.000,9999.000
202605020018,   0.410,9999.000,9999.000,9999.000,9999.000,9999.000,9999.000,9999.000,9999.000
202605020024,   0.404,9999.000,9999.000,9999.000,9999.000,9999.000,9999.000,9999.000,9999.000
202605020030,   0.399,9999.000,9999.000,9999.000,9999.000,9999.000,9999.000,9999.000,9999.000
202605020036,   0.393,9999.000,9999.000,9999.000,9999.000,9999.000,9999.000,9999.000,9999.000
202605020042,   0.388,9999.000,9999.000,9999.000,9999.000,9999.000,9999.000,9999.000,9999.000
202605020048,   0.382,9999.000,9999.000,9999.000,9999.000,9999.000,9999.000,9999.000,9999.000
202605020054,   0.376,9999.000,9999.000,9999.000,9999.000,9999.000,9999.000,9999.000,9999.000
202605020100,   0.371,9999.000,   0.900,   0.061,   1.332,   0.800,   1.232,   1.000,   1.432
202605020106,   0.365,9999.000,9999.000,9999.000,9999.000,9999.000,9999.000,9999.000,9999.000
202605020112,   0.359,9999.000,9999.000,9999.000,9999.000,9999.000,9999.000,9999.000,9999.000
202605020118,   0.353,9999.000,9999.000,9999.000,9999.000,9999.000,9999.000,9999.000,9999.000
202605020124,   0.347,9999.000,9999.000,9999.000,9999.000,9999.000,9999.000,9999.000,9999.000
202605020130,   0.341,9999.000,9999.000,9999.000,9999.000,9999.000,9999.000,9999.000,9999.000
202605020136,   0.335,9999.000,9999.000,9999.000,9999.000,9999.000,9999.000,9999.000,9999.000
202605020142,   0.329,9999.000,9999.000,9999.000,9999.000,9999.000,9999.000,9999.000,9999.000
202605020148,   0.323,9999.000,9999.000,9999.000,9999.000,9999.000,9999.000,9999.000,9999.000
202605020154,   0.317,9999.000,9999.000,9999.000,9999.000,9999.000,9999.000,9999.000,9999.000
202605020200,   0.311,9999.000,   0.900,   0.061,   1.272,   0.900,   1.272,   1.100,   1.472
202605020206,   0.305,9999.000,9999.000,9999.000,9999.000,9999.000,9999.000,9999.000,9999.000
202605020212,   0.299,9999.000,9999.000,9999.000,9999.000,9999.000,9999.000,9999.000,9999.000
202605020218,   0.293,9999.000,9999.000,9999.000,9999.000,9999.000,9999.000,9999.000,9999.000
202605020224,   0.287,9999.000,9999.000,9999.000,9999.000,9999.000,9999.000,9999.000,9999.000
202605020230,   0.281,9999.000,9999.000,9999.000,9999.000,9999.000,9999.000,9999.000,9999.000
202605020236,   0.275,9999.000,9999.000,9999.000,9999.000,9999.000,9999.000,9999.000,9999.000
202605020242,   0.269,9999.000,9999.000,9999.000,9999.000,9999.000,9999.000,9999.000,9999.000
202605020248,   0.263,9999.000,9999.000,9999.000,9999.000,9999.000,9999.000,9999.000,9999.000
202605020254,   0.258,9999.000,9999.000,9999.000,9999.000,9999.000,9999.000,9999.000,9999.000
202605020300,   0.252,9999.000,   1.000,   0.061,   1.313,   0.900,   1.213,   1.100,   1.413
202605020306,   0.246,9999.000,9999.000,9999.000,9999.000,9999.000,9999.000,9999.000,9999.000
202605020312,   0.241,9999.000,9999.000,9999.000,9999.000,9999.000,9999.000,9999.000,9999.000
202605020318,   0.235,9999.000,9999.000,9999.000,9999.000,9999.000,9999.000,9999.000,9999.000
202605020324,   0.230,9999.000,9999.000,9999.000,9999.000,9999.000,9999.000,9999.000,9999.000
202605020330,   0.225,9999.000,9999.000,9999.000,9999.000,9999.000,9999.000,9999.000,9999.000
202605020336,   0.220,9999.000,9999.000,9999.000,9999.000,9999.000,9999.000,9999.000,9999.000
202605020342,   0.215,9999.000,9999.000,9999.000,9999.000,9999.000,9999.000,9999.000,9999.000
202605020348,   0.210,9999.000,9999.000,9999.000,9999.000,9999.000,9999.000,9999.000,9999.000
202605020354,   0.205,9999.000,9999.000,9999.000,9999.000,9999.000,9999.000,9999.000,9999.000
202605020400,   0.200,9999.000,   1.000,   0.061,   1.261,   0.900,   1.161,   1.200,   1.461
202605020406,   0.196,9999.000,9999.000,9999.000,9999.000,9999.000,9999.000,9999.000,9999.000
202605020412,   0.192,9999.000,9999.000,9999.000,9999.000,9999.000,9999.000,9999.000,9999.000
202605020418,   0.187,9999.000,9999.000,9999.000,9999.000,9999.000,9999.000,9999.000,9999.000
202605020424,   0.183,9999.000,9999.000,9999.000,9999.000,9999.000,9999.000,9999.000,9999.000
202605020430,   0.179,9999.000,9999.000,9999.000,9999.000,9999.000,9999.000,9999.000,9999.000
202605020436,   0.176,9999.000,9999.000,9999.000,9999.000,9999.000,9999.000,9999.000,9999.000
202605020442,   0.172,9999.000,9999.000,9999.000,9999.000,9999.000,9999.000,9999.000,9999.000
202605020448,   0.169,9999.000,9999.000,9999.000,9999.000,9999.000,9999.000,9999.000,9999.000
202605020454,   0.165,9999.000,9999.000,9999.000,9999.000,9999.000,9999.000,9999.000,9999.000
202605020500,   0.162,9999.000,   1.000,   0.061,   1.223,   0.900,   1.123,   1.200,   1.423
202605020506,   0.159,9999.000,9999.000,9999.000,9999.000,9999.000,9999.000,9999.000,9999.000
202605020512,   0.157,9999.000,9999.000,9999.000,9999.000,9999.000,9999.000,9999.000,9999.000
202605020518,   0.154,9999.000,9999.000,9999.000,9999.000,9999.000,9999.000,9999.000,9999.000
202605020524,   0.152,9999.000,9999.000,9999.000,9999.000,9999.000,9999.000,9999.000,9999.000
202605020530,   0.150,9999.000,9999.000,9999.000,9999.000,9999.000,9999.000,9999.000,9999.000
202605020536,   0.148,9999.000,9999.000,9999.000,9999.000,9999.000,9999.000,9999.000,9999.000
202605020542,   0.146,9999.000,9999.000,9999.000,9999.000,9999.000,9999.000,9999.000,9999.000
202605020548,   0.145,9999.000,9999.000,9999.000,9999.000,9999.000,9999.000,9999.000,9999.000
202605020554,   0.143,9999.000,9999.000,9999.000,9999.000,9999.000,9999.000,9999.000,9999.000
202605020600,   0.142,9999.000,   1.000,   0.061,   1.203,   0.900,   1.103,   1.100,   1.303
202605020606,   0.141,9999.000,9999.000,9999.000,9999.000,9999.000,9999.000,9999.000,9999.000
202605020612,   0.141,9999.000,9999.000,9999.000,9999.000,9999.000,9999.000,9999.000,9999.000
202605020618,   0.140,9999.000,9999.000,9999.000,9999.000,9999.000,9999.000,9999.000,9999.000
202605020624,   0.140,9999.000,9999.000,9999.000,9999.000,9999.000,9999.000,9999.000,9999.000
202605020630,   0.140,9999.000,9999.000,9999.000,9999.000,9999.000,9999.000,9999.000,9999.000
202605020636,   0.140,9999.000,9999.000,9999.000,9999.000,9999.000,9999.000,9999.000,9999.000
202605020642,   0.140,9999.000,9999.000,9999.000,9999.000,9999.000,9999.000,9999.000,9999.000
202605020648,   0.141,9999.000,9999.000,9999.000,9999.000,9999.000,9999.000,9999.000,9999.000
202605020654,   0.142,9999.000,9999.000,9999.000,9999.000,9999.000,9999.000,9999.000,9999.000
202605020700,   0.142,9999.000,   1.000,   0.061,   1.203,   0.900,   1.103,   1.100,   1.303
202605020706,   0.144,9999.000,9999.000,9999.000,9999.000,9999.000,9999.000,9999.000,9999.000
202605020712,   0.145,9999.000,9999.000,9999.000,9999.000,9999.000,9999.000,9999.000,9999.000
202605020718,   0.147,9999.000,9999.000,9999.000,9999.000,9999.000,9999.000,9999.000,9999.000
202605020724,   0.148,9999.000,9999.000,9999.000,9999.000,9999.000,9999.000,9999.000,9999.000
202605020730,   0.150,9999.000,9999.000,9999.000,9999.000,9999.000,9999.000,9999.000,9999.000
202605020736,   0.152,9999.000,9999.000,9999.000,9999.000,9999.000,9999.000,9999.000,9999.000
202605020742,   0.155,9999.000,9999.000,9999.000,9999.000,9999.000,9999.000,9999.000,9999.000
202605020748,   0.157,9999.000,9999.000,9999.000,9999.000,9999.000,9999.000,9999.000,9999.000
202605020754,   0.160,9999.000,9999.000,9999.000,9999.000,9999.000,9999.000,9999.000,9999.000
202605020800,   0.163,9999.000,   1.000,   0.061,   1.224,   0.900,   1.124,   1.200,   1.424
202605020806,   0.166,9999.000,9999.000,9999.000,9999.000,9999.000,9999.000,9999.000,9999.000
202605020812,   0.169,9999.000,9999.000,9999.000,9999.000,9999.000,9999.000,9999.000,9999.000
202605020818,   0.172,9999.000,9999.000,9999.000,9999.000,9999.000,9999.000,9999.000,9999.000
202605020824,   0.176,9999.000,9999.000,9999.000,9999.000,9999.000,9999.000,9999.000,9999.000
202605020830,   0.179,9999.000,9999.000,9999.000,9999.000,9999.000,9999.000,9999.000,9999.000
202605020836,   0.183,9999.000,9999.000,9999.000,9999.000,9999.000,9999.000,9999.000,9999.000
202605020842,   0.187,9999.000,9999.000,9999.000,9999.000,9999.000,9999.000,9999.000,9999.000
202605020848,   0.191,9999.000,9999.000,9999.000,9999.000,9999.000,9999.000,9999.000,9999.000
202605020854,   0.195,9999.000,9999.000,9999.000,9999.000,9999.000,9999.000,9999.000,9999.000
202605020900,   0.200,9999.000,   1.000,   0.061,   1.261,   1.000,   1.261,   1.200,   1.461
202605020906,   0.204,9999.000,9999.000,9999.000,9999.000,9999.000,9999.000,9999.000,9999.000
202605020912,   0.209,9999.000,9999.000,9999.000,9999.000,9999.000,9999.000,9999.000,9999.000
202605020918,   0.213,9999.000,9999.000,9999.000,9999.000,9999.000,9999.000,9999.000,9999.000
202605020924,   0.218,9999.000,9999.000,9999.000,9999.000,9999.000,9999.000,9999.000,9999.000
202605020930,   0.223,9999.000,9999.000,9999.000,9999.000,9999.000,9999.000,9999.000,9999.000
202605020936,   0.228,9999.000,9999.000,9999.000,9999.000,9999.000,9999.000,9999.000,9999.000
202605020942,   0.233,9999.000,9999.000,9999.000,9999.000,9999.000,9999.000,9999.000,9999.000
202605020948,   0.238,9999.000,9999.000,9999.000,9999.000,9999.000,9999.000,9999.000,9999.000
202605020954,   0.243,9999.000,9999.000,9999.000,9999.000,9999.000,9999.000,9999.000,9999.000
202605021000,   0.248,9999.000,   1.100,   0.061,   1.409,   1.000,   1.309,   1.200,   1.509
202605021006,   0.254,9999.000,9999.000,9999.000,9999.000,9999.000,9999.000,9999.000,9999.000
202605021012,   0.259,9999.000,9999.000,9999.000,9999.000,9999.000,9999.000,9999.000,9999.000
202605021018,   0.265,9999.000,9999.000,9999.000,9999.000,9999.000,9999.000,9999.000,9999.000
202605021024,   0.270,9999.000,9999.000,9999.000,9999.000,9999.000,9999.000,9999.000,9999.000
202605021030,   0.276,9999.000,9999.000,9999.000,9999.000,9999.000,9999.000,9999.000,9999.000
202605021036,   0.281,9999.000,9999.000,9999.000,9999.000,9999.000,9999.000,9999.000,9999.000
202605021042,   0.287,9999.000,9999.000,9999.000,9999.000,9999.000,9999.000,9999.000,9999.000
202605021048,   0.292,9999.000,9999.000,9999.000,9999.000,9999.000,9999.000,9999.000,9999.000
202605021054,   0.298,9999.000,9999.000,9999.000,9999.000,9999.000,9999.000,9999.000,9999.000
202605021100,   0.304,9999.000,   1.100,   0.061,   1.465,   1.000,   1.365,   1.200,   1.565
202605021106,   0.309,9999.000,9999.000,9999.000,9999.000,9999.000,9999.000,9999.000,9999.000
202605021112,   0.315,9999.000,9999.000,9999.000,9999.000,9999.000,9999.000,9999.000,9999.000
202605021118,   0.320,9999.000,9999.000,9999.000,9999.000,9999.000,9999.000,9999.000,9999.000
202605021124,   0.326,9999.000,9999.000,9999.000,9999.000,9999.000,9999.000,9999.000,9999.000
202605021130,   0.332,9999.000,9999.000,9999.000,9999.000,9999.000,9999.000,9999.000,9999.000
202605021136,   0.337,9999.000,9999.000,9999.000,9999.000,9999.000,9999.000,9999.000,9999.000
202605021142,   0.343,9999.000,9999.000,9999.000,9999.000,9999.000,9999.000,9999.000,9999.000
202605021148,   0.348,9999.000,9999.000,9999.000,9999.000,9999.000,9999.000,9999.000,9999.000
202605021154,   0.354,9999.000,9999.000,9999.000,9999.000,9999.000,9999.000,9999.000,9999.000
202605021200,   0.359,9999.000,   1.100,   0.061,   1.520,   1.000,   1.420,   1.200,   1.620
