        TIME,    TIDE,      OB,   SURGE,    BIAS,     TWL,SURGE90p,  TWL90p,SURGE10p,   TWL10p
202605080600,   0.257,   0.488,   0.300,  -0.069,   0.488,   0.300,   0.488,   0.400,   0.588
202605080606,   0.245,9999.000,9999.000,9999.000,9999.000,9999.000,9999.000,9999.000,9999.000
202605080612,   0.233,   0.459,9999.000,9999.000,9999.000,9999.000,9999.000,9999.000,9999.000
202605080618,   0.222,9999.000,9999.000,9999.000,9999.000,9999.000,9999.000,9999.000,9999.000
202605080624,   0.211,   0.469,9999.000,9999.000,9999.000,9999.000,9999.000,9999.000,9999.000
202605080630,   0.200,9999.000,9999.000,9999.000,9999.000,9999.000,9999.000,9999.000,9999.000
202605080636,   0.190,   0.439,9999.000,9999.000,9999.000,9999.000,9999.000,9999.000,9999.000
202605080642,   0.180,9999.000,9999.000,9999.000,9999.000,9999.000,9999.000,9999.000,9999.000
202605080648,   0.171,   0.478,9999.000,9999.000,9999.000,9999.000,9999.000,9999.000,9999.000
202605080654,   0.161,9999.000,9999.000,9999.000,9999.000,9999.000,9999.000,9999.000,9999.000
202605080700,   0.153,9999.000,   0.400,9999.000,   0.553,   0.300,   0.453,   0.400,   0.553
202605080706,   0.144,9999.000,9999.000,9999.000,9999.000,9999.000,9999.000,9999.000,9999.000
202605080712,   0.136,9999.000,9999.000,9999.000,9999.000,9999.000,9999.000,9999.000,9999.000
202605080718,   0.129,9999.000,9999.000,9999.000,9999.000,9999.000,9999.000,9999.000,9999.000
202605080724,   0.122,9999.000,9999.000,9999.000,9999.000,9999.000,9999.000,9999.000,9999.000
202605080730,   0.116,   0.488,9999.000,9999.000,9999.000,9999.000,9999.000,9999.000,9999.000
202605080736,   0.110,   0.488,9999.000,9999.000,9999.000,9999.000,9999.000,9999.000,9999.000
202605080742,   0.105,   0.498,9999.000,9999.000,9999.000,9999.000,9999.000,9999.000,9999.000
202605080748,   0.100,   0.518,9999.000,9999.000,9999.000,9999.000,9999.000,9999.000,9999.000
202605080754,   0.096,   0.498,9999.000,9999.000,9999.000,9999.000,9999.000,9999.000,9999.000
202605080800,   0.093,   0.518,   0.300,   0.125,   0.518,   0.300,   0.518,   0.400,   0.618
202605080806,   0.090,   0.531,9999.000,9999.000,9999.000,9999.000,9999.000,9999.000,9999.000
202605080812,   0.088,   0.518,9999.000,9999.000,9999.000,9999.000,9999.000,9999.000,9999.000
202605080818,   0.087,   0.531,9999.000,9999.000,9999.000,9999.000,9999.000,9999.000,9999.000
202605080824,   0.086,   0.551,9999.000,9999.000,9999.000,9999.000,9999.000,9999.000,9999.000
202605080830,   0.086,   0.551,9999.000,9999.000,9999.000,9999.000,9999.000,9999.000,9999.000
202605080836,   0.087,   0.560,9999.000,9999.000,9999.000,9999.000,9999.000,9999.000,9999.000
202605080842,   0.088,   0.580,9999.000,9999.000,9999.000,9999.000,9999.000,9999.000,9999.000
202605080848,   0.090,   0.590,9999.000,9999.000,9999.000,9999.000,9999.000,9999.000,9999.000
202605080854,   0.093,   0.610,9999.000,9999.000,9999.000,9999.000,9999.000,9999.000,9999.000
202605080900,   0.097,   0.619,   0.300,   0.222,   0.619,   0.300,   0.619,   0.400,   0.719
202605080906,   0.101,   0.649,9999.000,9999.000,9999.000,9999.000,9999.000,9999.000,9999.000
202605080912,   0.106,   0.659,9999.000,9999.000,9999.000,9999.000,9999.000,9999.000,9999.000
202605080918,   0.112,   0.669,9999.000,9999.000,9999.000,9999.000,9999.000,9999.000,9999.000
202605080924,   0.118,   0.698,9999.000,9999.000,9999.000,9999.000,9999.000,9999.000,9999.000
202605080930,   0.125,   0.718,9999.000,9999.000,9999.000,9999.000,9999.000,9999.000,9999.000
202605080936,   0.133,   0.708,9999.000,9999.000,9999.000,9999.000,9999.000,9999.000,9999.000
202605080942,   0.142,   0.751,9999.000,9999.000,9999.000,9999.000,9999.000,9999.000,9999.000
202605080948,   0.151,   0.790,9999.000,9999.000,9999.000,9999.000,9999.000,9999.000,9999.000
202605080954,   0.161,   0.800,9999.000,9999.000,9999.000,9999.000,9999.000,9999.000,9999.000
202605081000,   0.172,   0.829,   0.300,   0.357,   0.829,   0.300,   0.829,   0.400,   0.929
202605081006,   0.183,   0.839,9999.000,9999.000,9999.000,9999.000,9999.000,9999.000,9999.000
202605081012,   0.195,   0.879,9999.000,9999.000,9999.000,9999.000,9999.000,9999.000,9999.000
202605081018,   0.208,   0.898,9999.000,9999.000,9999.000,9999.000,9999.000,9999.000,9999.000
202605081024,   0.221,   0.951,9999.000,9999.000,9999.000,9999.000,9999.000,9999.000,9999.000
202605081030,   0.235,   0.980,9999.000,9999.000,9999.000,9999.000,9999.000,9999.000,9999.000
202605081036,   0.250,   1.000,9999.000,9999.000,9999.000,9999.000,9999.000,9999.000,9999.000
202605081042,   0.265,   1.029,9999.000,9999.000,9999.000,9999.000,9999.000,9999.000,9999.000
202605081048,   0.281,   1.059,9999.000,9999.000,9999.000,9999.000,9999.000,9999.000,9999.000
202605081054,   0.297,   1.079,9999.000,9999.000,9999.000,9999.000,9999.000,9999.000,9999.000
202605081100,   0.315,   1.108,   0.400,   0.393,   1.108,   0.300,   1.008,   0.400,   1.108
202605081106,   0.332,   1.138,9999.000,9999.000,9999.000,9999.000,9999.000,9999.000,9999.000
202605081112,   0.351,   1.180,9999.000,9999.000,9999.000,9999.000,9999.000,9999.000,9999.000
202605081118,   0.370,   1.210,9999.000,9999.000,9999.000,9999.000,9999.000,9999.000,9999.000
202605081124,   0.389,   1.229,9999.000,9999.000,9999.000,9999.000,9999.000,9999.000,9999.000
202605081130,   0.409,   1.279,9999.000,9999.000,9999.000,9999.000,9999.000,9999.000,9999.000
202605081136,   0.430,   1.298,9999.000,9999.000,9999.000,9999.000,9999.000,9999.000,9999.000
202605081142,   0.451,   1.298,9999.000,9999.000,9999.000,9999.000,9999.000,9999.000,9999.000
202605081148,   0.472,   1.328,9999.000,9999.000,9999.000,9999.000,9999.000,9999.000,9999.000
202605081154,   0.494,   1.361,9999.000,9999.000,9999.000,9999.000,9999.000,9999.000,9999.000
202605081200,   0.516,   1.361,   0.400,   0.445,   1.361,   0.300,   1.261,   0.400,   1.361
202605081206,   0.539,   1.390,9999.000,9999.000,9999.000,9999.000,9999.000,9999.000,9999.000
202605081212,   0.562,   1.410,9999.000,9999.000,9999.000,9999.000,9999.000,9999.000,9999.000
202605081218,   0.585,   1.410,9999.000,9999.000,9999.000,9999.000,9999.000,9999.000,9999.000
202605081224,   0.608,   1.430,9999.000,9999.000,9999.000,9999.000,9999.000,9999.000,9999.000
202605081230,   0.632,   1.449,9999.000,9999.000,9999.000,9999.000,9999.000,9999.000,9999.000
202605081236,   0.656,   1.489,9999.000,9999.000,9999.000,9999.000,9999.000,9999.000,9999.000
202605081242,   0.680,   1.498,9999.000,9999.000,9999.000,9999.000,9999.000,9999.000,9999.000
202605081248,   0.704,   1.528,9999.000,9999.000,9999.000,9999.000,9999.000,9999.000,9999.000
202605081254,   0.728,   1.557,9999.000,9999.000,9999.000,9999.000,9999.000,9999.000,9999.000
202605081300,   0.753,   1.571,   0.400,   0.418,   1.571,   0.300,   1.471,   0.400,   1.571
202605081306,   0.777,   1.590,9999.000,9999.000,9999.000,9999.000,9999.000,9999.000,9999.000
202605081312,   0.801,   1.600,9999.000,9999.000,9999.000,9999.000,9999.000,9999.000,9999.000
202605081318,   0.825,   1.630,9999.000,9999.000,9999.000,9999.000,9999.000,9999.000,9999.000
202605081324,   0.849,   1.659,9999.000,9999.000,9999.000,9999.000,9999.000,9999.000,9999.000
202605081330,   0.873,   1.689,9999.000,9999.000,9999.000,9999.000,9999.000,9999.000,9999.000
202605081336,   0.897,   1.699,9999.000,9999.000,9999.000,9999.000,9999.000,9999.000,9999.000
202605081342,   0.921,   1.728,9999.000,9999.000,9999.000,9999.000,9999.000,9999.000,9999.000
202605081348,   0.944,   1.748,9999.000,9999.000,9999.000,9999.000,9999.000,9999.000,9999.000
202605081354,   0.967,   1.767,9999.000,9999.000,9999.000,9999.000,9999.000,9999.000,9999.000
202605081400,   0.990,   1.767,   0.400,   0.377,   1.767,   0.400,   1.767,   0.400,   1.767
202605081406,   1.013,   1.800,9999.000,9999.000,9999.000,9999.000,9999.000,9999.000,9999.000
202605081412,   1.035,   1.820,9999.000,9999.000,9999.000,9999.000,9999.000,9999.000,9999.000
202605081418,   1.058,   1.830,9999.000,9999.000,9999.000,9999.000,9999.000,9999.000,9999.000
202605081424,   1.080,   1.859,9999.000,9999.000,9999.000,9999.000,9999.000,9999.000,9999.000
202605081430,   1.101,   1.849,9999.000,9999.000,9999.000,9999.000,9999.000,9999.000,9999.000
202605081436,   1.123,   1.869,9999.000,9999.000,9999.000,9999.000,9999.000,9999.000,9999.000
202605081442,   1.144,   1.889,9999.000,9999.000,9999.000,9999.000,9999.000,9999.000,9999.000
202605081448,   1.165,   1.908,9999.000,9999.000,9999.000,9999.000,9999.000,9999.000,9999.000
202605081454,   1.186,   1.899,9999.000,9999.000,9999.000,9999.000,9999.000,9999.000,9999.000
202605081500,   1.206,   1.899,   0.400,   0.293,   1.899,   0.400,   1.899,   0.400,   1.899
202605081506,   1.226,   1.928,9999.000,9999.000,9999.000,9999.000,9999.000,9999.000,9999.000
202605081512,   1.246,   1.948,9999.000,9999.000,9999.000,9999.000,9999.000,9999.000,9999.000
202605081518,   1.266,   1.981,9999.000,9999.000,9999.000,9999.000,9999.000,9999.000,9999.000
202605081524,   1.286,   1.981,9999.000,9999.000,9999.000,9999.000,9999.000,9999.000,9999.000
202605081530,   1.305,   1.981,9999.000,9999.000,9999.000,9999.000,9999.000,9999.000,9999.000
202605081536,   1.324,   2.020,9999.000,9999.000,9999.000,9999.000,9999.000,9999.000,9999.000
202605081542,   1.344,   2.040,9999.000,9999.000,9999.000,9999.000,9999.000,9999.000,9999.000
202605081548,   1.363,   2.069,9999.000,9999.000,9999.000,9999.000,9999.000,9999.000,9999.000
202605081554,   1.381,   2.079,9999.000,9999.000,9999.000,9999.000,9999.000,9999.000,9999.000
202605081600,   1.400,   2.138,   0.400,   0.338,   2.138,   0.400,   2.138,   0.500,   2.238
202605081606,   1.418,   2.128,9999.000,9999.000,9999.000,9999.000,9999.000,9999.000,9999.000
202605081612,   1.437,   2.158,9999.000,9999.000,9999.000,9999.000,9999.000,9999.000,9999.000
202605081618,   1.455,   2.168,9999.000,9999.000,9999.000,9999.000,9999.000,9999.000,9999.000
202605081624,   1.473,   2.200,9999.000,9999.000,9999.000,9999.000,9999.000,9999.000,9999.000
202605081630,   1.491,   2.230,9999.000,9999.000,9999.000,9999.000,9999.000,9999.000,9999.000
202605081636,   1.509,   2.259,9999.000,9999.000,9999.000,9999.000,9999.000,9999.000,9999.000
202605081642,   1.527,   2.269,9999.000,9999.000,9999.000,9999.000,9999.000,9999.000,9999.000
202605081648,   1.545,   2.289,9999.000,9999.000,9999.000,9999.000,9999.000,9999.000,9999.000
202605081654,   1.562,   2.309,9999.000,9999.000,9999.000,9999.000,9999.000,9999.000,9999.000
202605081700,   1.579,   2.328,   0.400,   0.349,   2.328,   0.400,   2.328,   0.500,   2.428
202605081706,   1.597,   2.358,9999.000,9999.000,9999.000,9999.000,9999.000,9999.000,9999.000
202605081712,   1.613,   2.377,9999.000,9999.000,9999.000,9999.000,9999.000,9999.000,9999.000
202605081718,   1.630,   2.387,9999.000,9999.000,9999.000,9999.000,9999.000,9999.000,9999.000
202605081724,   1.647,   2.400,9999.000,9999.000,9999.000,9999.000,9999.000,9999.000,9999.000
202605081730,   1.663,   2.410,9999.000,9999.000,9999.000,9999.000,9999.000,9999.000,9999.000
202605081736,   1.679,   2.440,9999.000,9999.000,9999.000,9999.000,9999.000,9999.000,9999.000
202605081742,   1.695,   2.459,9999.000,9999.000,9999.000,9999.000,9999.000,9999.000,9999.000
202605081748,   1.711,   2.459,9999.000,9999.000,9999.000,9999.000,9999.000,9999.000,9999.000
202605081754,   1.726,   2.469,9999.000,9999.000,9999.000,9999.000,9999.000,9999.000,9999.000
202605081800,   1.741,   2.489,   0.600,   0.148,   2.489,   0.600,   2.489,   0.700,   2.589
202605081806,   1.756,   2.489,9999.000,9999.000,9999.000,9999.000,9999.000,9999.000,9999.000
202605081812,   1.770,   2.509,9999.000,9999.000,9999.000,9999.000,9999.000,9999.000,9999.000
202605081818,   1.785,   2.509,9999.000,9999.000,9999.000,9999.000,9999.000,9999.000,9999.000
202605081824,   1.798,   2.519,9999.000,9999.000,9999.000,9999.000,9999.000,9999.000,9999.000
202605081830,   1.812,   2.528,9999.000,9999.000,9999.000,9999.000,9999.000,9999.000,9999.000
202605081836,   1.825,   2.519,9999.000,9999.000,9999.000,9999.000,9999.000,9999.000,9999.000
202605081842,   1.838,   2.538,9999.000,9999.000,9999.000,9999.000,9999.000,9999.000,9999.000
202605081848,   1.850,   2.538,9999.000,9999.000,9999.000,9999.000,9999.000,9999.000,9999.000
202605081854,   1.862,   2.568,9999.000,9999.000,9999.000,9999.000,9999.000,9999.000,9999.000
202605081900,   1.873,   2.578,   0.600,   0.105,   2.578,   0.600,   2.578,   0.700,   2.678
202605081906,   1.884,   2.568,9999.000,9999.000,9999.000,9999.000,9999.000,9999.000,9999.000
202605081912,   1.895,   2.587,9999.000,9999.000,9999.000,9999.000,9999.000,9999.000,9999.000
202605081918,   1.905,   2.597,9999.000,9999.000,9999.000,9999.000,9999.000,9999.000,9999.000
202605081924,   1.915,   2.597,9999.000,9999.000,9999.000,9999.000,9999.000,9999.000,9999.000
202605081930,   1.924,   2.610,9999.000,9999.000,9999.000,9999.000,9999.000,9999.000,9999.000
202605081936,   1.933,   2.620,9999.000,9999.000,9999.000,9999.000,9999.000,9999.000,9999.000
202605081942,   1.941,   2.610,9999.000,9999.000,9999.000,9999.000,9999.000,9999.000,9999.000
202605081948,   1.949,   2.597,9999.000,9999.000,9999.000,9999.000,9999.000,9999.000,9999.000
202605081954,   1.957,   2.587,9999.000,9999.000,9999.000,9999.000,9999.000,9999.000,9999.000
202605082000,   1.963,   2.578,   0.600,   0.015,   2.578,   0.600,   2.578,   0.700,   2.678
202605082006,   1.969,   2.578,9999.000,9999.000,9999.000,9999.000,9999.000,9999.000,9999.000
202605082012,   1.975,   2.578,9999.000,9999.000,9999.000,9999.000,9999.000,9999.000,9999.000
202605082018,   1.980,   2.568,9999.000,9999.000,9999.000,9999.000,9999.000,9999.000,9999.000
202605082024,   1.984,   2.558,9999.000,9999.000,9999.000,9999.000,9999.000,9999.000,9999.000
202605082030,   1.988,   2.568,9999.000,9999.000,9999.000,9999.000,9999.000,9999.000,9999.000
202605082036,   1.991,   2.528,9999.000,9999.000,9999.000,9999.000,9999.000,9999.000,9999.000
202605082042,   1.993,   2.499,9999.000,9999.000,9999.000,9999.000,9999.000,9999.000,9999.000
202605082048,   1.995,   2.479,9999.000,9999.000,9999.000,9999.000,9999.000,9999.000,9999.000
202605082054,   1.996,   2.479,9999.000,9999.000,9999.000,9999.000,9999.000,9999.000,9999.000
202605082100,   1.996,   2.489,   0.700,  -0.207,   2.489,   0.600,   2.389,   0.700,   2.489
202605082106,   1.996,   2.469,9999.000,9999.000,9999.000,9999.000,9999.000,9999.000,9999.000
202605082112,   1.994,   2.420,9999.000,9999.000,9999.000,9999.000,9999.000,9999.000,9999.000
202605082118,   1.992,   2.358,9999.000,9999.000,9999.000,9999.000,9999.000,9999.000,9999.000
202605082124,   1.989,   2.338,9999.000,9999.000,9999.000,9999.000,9999.000,9999.000,9999.000
202605082130,   1.985,   2.299,9999.000,9999.000,9999.000,9999.000,9999.000,9999.000,9999.000
202605082136,   1.980,   2.279,9999.000,9999.000,9999.000,9999.000,9999.000,9999.000,9999.000
202605082142,   1.975,   2.279,9999.000,9999.000,9999.000,9999.000,9999.000,9999.000,9999.000
202605082148,   1.968,   2.250,9999.000,9999.000,9999.000,9999.000,9999.000,9999.000,9999.000
202605082154,   1.961,   2.220,9999.000,9999.000,9999.000,9999.000,9999.000,9999.000,9999.000
202605082200,   1.953,   2.240,   0.700,  -0.413,   2.240,   0.600,   2.140,   0.700,   2.240
202605082206,   1.944,   2.210,9999.000,9999.000,9999.000,9999.000,9999.000,9999.000,9999.000
202605082212,   1.934,   2.158,9999.000,9999.000,9999.000,9999.000,9999.000,9999.000,9999.000
202605082218,   1.923,   2.118,9999.000,9999.000,9999.000,9999.000,9999.000,9999.000,9999.000
202605082224,   1.911,   2.089,9999.000,9999.000,9999.000,9999.000,9999.000,9999.000,9999.000
202605082230,   1.899,   2.069,9999.000,9999.000,9999.000,9999.000,9999.000,9999.000,9999.000
202605082236,   1.885,   2.059,9999.000,9999.000,9999.000,9999.000,9999.000,9999.000,9999.000
202605082242,   1.871,   2.020,9999.000,9999.000,9999.000,9999.000,9999.000,9999.000,9999.000
202605082248,   1.856,   1.981,9999.000,9999.000,9999.000,9999.000,9999.000,9999.000,9999.000
202605082254,   1.841,   1.967,9999.000,9999.000,9999.000,9999.000,9999.000,9999.000,9999.000
202605082300,   1.824,   1.948,   0.700,  -0.576,   1.948,   0.600,   1.848,   0.700,   1.948
202605082306,   1.807,   1.918,9999.000,9999.000,9999.000,9999.000,9999.000,9999.000,9999.000
202605082312,   1.789,   1.879,9999.000,9999.000,9999.000,9999.000,9999.000,9999.000,9999.000
202605082318,   1.771,   1.869,9999.000,9999.000,9999.000,9999.000,9999.000,9999.000,9999.000
202605082324,   1.752,   1.879,9999.000,9999.000,9999.000,9999.000,9999.000,9999.000,9999.000
202605082330,   1.733,   1.899,9999.000,9999.000,9999.000,9999.000,9999.000,9999.000,9999.000
202605082336,   1.713,   1.889,9999.000,9999.000,9999.000,9999.000,9999.000,9999.000,9999.000
202605082342,   1.692,   1.840,9999.000,9999.000,9999.000,9999.000,9999.000,9999.000,9999.000
202605082348,   1.671,   1.840,9999.000,9999.000,9999.000,9999.000,9999.000,9999.000,9999.000
202605082354,   1.650,   1.820,9999.000,9999.000,9999.000,9999.000,9999.000,9999.000,9999.000
202605090000,   1.628,   1.840,   0.700,  -0.488,   1.840,   0.700,   1.840,   0.800,   1.940
202605090006,   1.606,   1.849,9999.000,9999.000,9999.000,9999.000,9999.000,9999.000,9999.000
202605090012,   1.583,   1.820,9999.000,9999.000,9999.000,9999.000,9999.000,9999.000,9999.000
202605090018,   1.561,   1.830,9999.000,9999.000,9999.000,9999.000,9999.000,9999.000,9999.000
202605090024,   1.538,   1.820,9999.000,9999.000,9999.000,9999.000,9999.000,9999.000,9999.000
202605090030,   1.515,   1.830,9999.000,9999.000,9999.000,9999.000,9999.000,9999.000,9999.000
202605090036,   1.491,   1.810,9999.000,9999.000,9999.000,9999.000,9999.000,9999.000,9999.000
202605090042,   1.468,   1.800,9999.000,9999.000,9999.000,9999.000,9999.000,9999.000,9999.000
202605090048,   1.444,   1.800,9999.000,9999.000,9999.000,9999.000,9999.000,9999.000,9999.000
202605090054,   1.421,   1.810,9999.000,9999.000,9999.000,9999.000,9999.000,9999.000,9999.000
202605090100,   1.397,   1.859,   0.800,  -0.338,   1.859,   0.700,   1.759,   0.900,   1.959
202605090106,   1.373,   1.879,9999.000,9999.000,9999.000,9999.000,9999.000,9999.000,9999.000
202605090112,   1.349,   1.889,9999.000,9999.000,9999.000,9999.000,9999.000,9999.000,9999.000
202605090118,   1.325,   1.938,9999.000,9999.000,9999.000,9999.000,9999.000,9999.000,9999.000
202605090124,   1.302,   1.938,9999.000,9999.000,9999.000,9999.000,9999.000,9999.000,9999.000
202605090130,   1.278,   1.938,9999.000,9999.000,9999.000,9999.000,9999.000,9999.000,9999.000
202605090136,   1.254,   1.908,9999.000,9999.000,9999.000,9999.000,9999.000,9999.000,9999.000
202605090142,   1.230,   1.918,9999.000,9999.000,9999.000,9999.000,9999.000,9999.000,9999.000
202605090148,   1.206,   1.948,9999.000,9999.000,9999.000,9999.000,9999.000,9999.000,9999.000
202605090154,   1.183,   1.967,9999.000,9999.000,9999.000,9999.000,9999.000,9999.000,9999.000
202605090200,   1.159,   1.948,   0.800,  -0.011,   1.948,   0.700,   1.848,   0.900,   2.048
202605090206,   1.136,   1.918,9999.000,9999.000,9999.000,9999.000,9999.000,9999.000,9999.000
202605090212,   1.113,   1.889,9999.000,9999.000,9999.000,9999.000,9999.000,9999.000,9999.000
202605090218,   1.089,   1.879,9999.000,9999.000,9999.000,9999.000,9999.000,9999.000,9999.000
202605090224,   1.066,   1.849,9999.000,9999.000,9999.000,9999.000,9999.000,9999.000,9999.000
202605090230,   1.043,   1.849,9999.000,9999.000,9999.000,9999.000,9999.000,9999.000,9999.000
202605090236,   1.021,   1.849,9999.000,9999.000,9999.000,9999.000,9999.000,9999.000,9999.000
202605090242,   0.998,   1.800,9999.000,9999.000,9999.000,9999.000,9999.000,9999.000,9999.000
202605090248,   0.976,   1.810,9999.000,9999.000,9999.000,9999.000,9999.000,9999.000,9999.000
202605090254,   0.954,   1.781,9999.000,9999.000,9999.000,9999.000,9999.000,9999.000,9999.000
202605090300,   0.932,   1.738,   0.800,   0.006,   1.738,   0.700,   1.638,   0.900,   1.838
202605090306,   0.910,   1.699,9999.000,9999.000,9999.000,9999.000,9999.000,9999.000,9999.000
202605090312,   0.889,   1.708,9999.000,9999.000,9999.000,9999.000,9999.000,9999.000,9999.000
202605090318,   0.868,   1.689,9999.000,9999.000,9999.000,9999.000,9999.000,9999.000,9999.000
202605090324,   0.847,   1.699,9999.000,9999.000,9999.000,9999.000,9999.000,9999.000,9999.000
202605090330,   0.826,   1.689,9999.000,9999.000,9999.000,9999.000,9999.000,9999.000,9999.000
202605090336,   0.806,   1.748,9999.000,9999.000,9999.000,9999.000,9999.000,9999.000,9999.000
202605090342,   0.786,   1.758,9999.000,9999.000,9999.000,9999.000,9999.000,9999.000,9999.000
202605090348,   0.766,   1.790,9999.000,9999.000,9999.000,9999.000,9999.000,9999.000,9999.000
202605090354,   0.747,   1.790,9999.000,9999.000,9999.000,9999.000,9999.000,9999.000,9999.000
202605090400,   0.728,   1.790,   0.900,   0.162,   1.790,   0.700,   1.590,   1.000,   1.890
202605090406,   0.709,   1.810,9999.000,9999.000,9999.000,9999.000,9999.000,9999.000,9999.000
202605090412,   0.691,   1.820,9999.000,9999.000,9999.000,9999.000,9999.000,9999.000,9999.000
202605090418,   0.673,   1.849,9999.000,9999.000,9999.000,9999.000,9999.000,9999.000,9999.000
202605090424,   0.655,   1.849,9999.000,9999.000,9999.000,9999.000,9999.000,9999.000,9999.000
202605090430,   0.637,   1.859,9999.000,9999.000,9999.000,9999.000,9999.000,9999.000,9999.000
202605090436,   0.620,   1.908,9999.000,9999.000,9999.000,9999.000,9999.000,9999.000,9999.000
202605090442,   0.604,   1.928,9999.000,9999.000,9999.000,9999.000,9999.000,9999.000,9999.000
202605090448,   0.587,   1.928,9999.000,9999.000,9999.000,9999.000,9999.000,9999.000,9999.000
202605090454,   0.571,   1.938,9999.000,9999.000,9999.000,9999.000,9999.000,9999.000,9999.000
202605090500,   0.555,   1.938,   0.900,   0.483,   1.938,   0.800,   1.838,   1.100,   2.138
202605090506,   0.540,   1.948,9999.000,9999.000,9999.000,9999.000,9999.000,9999.000,9999.000
202605090512,   0.525,   1.948,9999.000,9999.000,9999.000,9999.000,9999.000,9999.000,9999.000
202605090518,   0.510,   1.938,9999.000,9999.000,9999.000,9999.000,9999.000,9999.000,9999.000
202605090524,   0.495,   1.918,9999.000,9999.000,9999.000,9999.000,9999.000,9999.000,9999.000
202605090530,   0.481,   1.889,9999.000,9999.000,9999.000,9999.000,9999.000,9999.000,9999.000
202605090536,   0.466,   1.869,9999.000,9999.000,9999.000,9999.000,9999.000,9999.000,9999.000
202605090542,   0.452,   1.840,9999.000,9999.000,9999.000,9999.000,9999.000,9999.000,9999.000
202605090548,   0.439,   1.820,9999.000,9999.000,9999.000,9999.000,9999.000,9999.000,9999.000
202605090554,   0.425,   1.800,9999.000,9999.000,9999.000,9999.000,9999.000,9999.000,9999.000
202605090600,   0.412,   1.781,   0.800,   0.569,   1.781,   0.600,   1.581,   0.900,   1.881
202605090606,   0.399,   1.767,9999.000,9999.000,9999.000,9999.000,9999.000,9999.000,9999.000
202605090612,   0.386,   1.728,9999.000,9999.000,9999.000,9999.000,9999.000,9999.000,9999.000
202605090618,   0.374,   1.679,9999.000,9999.000,9999.000,9999.000,9999.000,9999.000,9999.000
202605090624,   0.361,   1.639,9999.000,9999.000,9999.000,9999.000,9999.000,9999.000,9999.000
202605090630,   0.349,   1.708,9999.000,9999.000,9999.000,9999.000,9999.000,9999.000,9999.000
202605090636,   0.337,   1.659,9999.000,9999.000,9999.000,9999.000,9999.000,9999.000,9999.000
202605090642,   0.325,   1.390,9999.000,9999.000,9999.000,9999.000,9999.000,9999.000,9999.000
202605090648,   0.314,   1.528,9999.000,9999.000,9999.000,9999.000,9999.000,9999.000,9999.000
202605090654,   0.303,   1.449,9999.000,9999.000,9999.000,9999.000,9999.000,9999.000,9999.000
202605090700,   0.292,   1.279,   0.800,   0.187,   1.279,   0.600,   1.079,   0.900,   1.379
202605090706,   0.281,   1.249,9999.000,9999.000,9999.000,9999.000,9999.000,9999.000,9999.000
202605090712,   0.271,   1.338,9999.000,9999.000,9999.000,9999.000,9999.000,9999.000,9999.000
202605090718,   0.261,   1.318,9999.000,9999.000,9999.000,9999.000,9999.000,9999.000,9999.000
202605090724,   0.252,   1.259,9999.000,9999.000,9999.000,9999.000,9999.000,9999.000,9999.000
202605090730,   0.243,   1.279,9999.000,9999.000,9999.000,9999.000,9999.000,9999.000,9999.000
202605090736,   0.234,   1.259,9999.000,9999.000,9999.000,9999.000,9999.000,9999.000,9999.000
202605090742,   0.226,   1.220,9999.000,9999.000,9999.000,9999.000,9999.000,9999.000,9999.000
202605090748,   0.218,   1.249,9999.000,9999.000,9999.000,9999.000,9999.000,9999.000,9999.000
202605090754,   0.211,   1.229,9999.000,9999.000,9999.000,9999.000,9999.000,9999.000,9999.000
202605090800,   0.204,   1.190,   0.800,   0.186,   1.190,   0.700,   1.090,   0.900,   1.290
202605090806,   0.198,   1.239,9999.000,9999.000,9999.000,9999.000,9999.000,9999.000,9999.000
202605090812,   0.192,   1.269,9999.000,9999.000,9999.000,9999.000,9999.000,9999.000,9999.000
202605090818,   0.187,   1.249,9999.000,9999.000,9999.000,9999.000,9999.000,9999.000,9999.000
202605090824,   0.182,   1.210,9999.000,9999.000,9999.000,9999.000,9999.000,9999.000,9999.000
202605090830,   0.179,   1.210,9999.000,9999.000,9999.000,9999.000,9999.000,9999.000,9999.000
202605090836,   0.175,   1.180,9999.000,9999.000,9999.000,9999.000,9999.000,9999.000,9999.000
202605090842,   0.173,   1.210,9999.000,9999.000,9999.000,9999.000,9999.000,9999.000,9999.000
202605090848,   0.171,   1.220,9999.000,9999.000,9999.000,9999.000,9999.000,9999.000,9999.000
202605090854,   0.170,   1.220,9999.000,9999.000,9999.000,9999.000,9999.000,9999.000,9999.000
202605090900,   0.169,   1.259,   0.800,   0.290,   1.259,   0.700,   1.159,   0.900,   1.359
202605090906,   0.169,   1.259,9999.000,9999.000,9999.000,9999.000,9999.000,9999.000,9999.000
202605090912,   0.170,   1.220,9999.000,9999.000,9999.000,9999.000,9999.000,9999.000,9999.000
202605090918,   0.172,   1.229,9999.000,9999.000,9999.000,9999.000,9999.000,9999.000,9999.000
202605090924,   0.174,   1.249,9999.000,9999.000,9999.000,9999.000,9999.000,9999.000,9999.000
202605090930,   0.177,   1.259,9999.000,9999.000,9999.000,9999.000,9999.000,9999.000,9999.000
202605090936,   0.181,   1.279,9999.000,9999.000,9999.000,9999.000,9999.000,9999.000,9999.000
202605090942,   0.185,   1.279,9999.000,9999.000,9999.000,9999.000,9999.000,9999.000,9999.000
202605090948,   0.190,   1.259,9999.000,9999.000,9999.000,9999.000,9999.000,9999.000,9999.000
202605090954,   0.196,   1.239,9999.000,9999.000,9999.000,9999.000,9999.000,9999.000,9999.000
202605091000,   0.202,   1.279,   0.800,   0.277,   1.279,   0.700,   1.179,   0.900,   1.379
202605091006,   0.209,   1.279,9999.000,9999.000,9999.000,9999.000,9999.000,9999.000,9999.000
202605091012,   0.217,   1.318,9999.000,9999.000,9999.000,9999.000,9999.000,9999.000,9999.000
202605091018,   0.225,   1.348,9999.000,9999.000,9999.000,9999.000,9999.000,9999.000,9999.000
202605091024,   0.234,   1.390,9999.000,9999.000,9999.000,9999.000,9999.000,9999.000,9999.000
202605091030,   0.244,   1.328,9999.000,9999.000,9999.000,9999.000,9999.000,9999.000,9999.000
202605091036,   0.254,   1.361,9999.000,9999.000,9999.000,9999.000,9999.000,9999.000,9999.000
202605091042,   0.265,   1.439,9999.000,9999.000,9999.000,9999.000,9999.000,9999.000,9999.000
202605091048,   0.277,   1.449,9999.000,9999.000,9999.000,9999.000,9999.000,9999.000,9999.000
202605091054,   0.289,   1.430,9999.000,9999.000,9999.000,9999.000,9999.000,9999.000,9999.000
202605091100,   0.302,   1.430,   0.800,   0.328,   1.430,   0.700,   1.330,   0.900,   1.530
202605091106,   0.315,   1.469,9999.000,9999.000,9999.000,9999.000,9999.000,9999.000,9999.000
202605091112,   0.329,   1.489,9999.000,9999.000,9999.000,9999.000,9999.000,9999.000,9999.000
202605091118,   0.343,   1.518,9999.000,9999.000,9999.000,9999.000,9999.000,9999.000,9999.000
202605091124,   0.358,   1.410,9999.000,9999.000,9999.000,9999.000,9999.000,9999.000,9999.000
202605091130,   0.374,   1.371,9999.000,9999.000,9999.000,9999.000,9999.000,9999.000,9999.000
202605091136,   0.390,   1.390,9999.000,9999.000,9999.000,9999.000,9999.000,9999.000,9999.000
202605091142,   0.407,   1.439,9999.000,9999.000,9999.000,9999.000,9999.000,9999.000,9999.000
202605091148,   0.424,   1.400,9999.000,9999.000,9999.000,9999.000,9999.000,9999.000,9999.000
202605091154,   0.441,   1.380,9999.000,9999.000,9999.000,9999.000,9999.000,9999.000,9999.000
202605091200,   0.460,   1.361,   0.800,   0.101,   1.361,   0.700,   1.261,   0.900,   1.461
202605091206,   0.478,   1.298,9999.000,9999.000,9999.000,9999.000,9999.000,9999.000,9999.000
202605091212,   0.497,   1.249,9999.000,9999.000,9999.000,9999.000,9999.000,9999.000,9999.000
202605091218,   0.517,   1.220,9999.000,9999.000,9999.000,9999.000,9999.000,9999.000,9999.000
202605091224,   0.537,   1.190,9999.000,9999.000,9999.000,9999.000,9999.000,9999.000,9999.000
202605091230,   0.557,   1.190,9999.000,9999.000,9999.000,9999.000,9999.000,9999.000,9999.000
202605091236,   0.578,   1.190,9999.000,9999.000,9999.000,9999.000,9999.000,9999.000,9999.000
202605091242,   0.599,   1.180,9999.000,9999.000,9999.000,9999.000,9999.000,9999.000,9999.000
202605091248,   0.621,   1.190,9999.000,9999.000,9999.000,9999.000,9999.000,9999.000,9999.000
202605091254,   0.643,   1.220,9999.000,9999.000,9999.000,9999.000,9999.000,9999.000,9999.000
202605091300,   0.665,   1.279,   0.800,  -0.186,   1.279,   0.700,   1.179,   0.900,   1.379
202605091306,   0.687,   1.279,9999.000,9999.000,9999.000,9999.000,9999.000,9999.000,9999.000
202605091312,   0.710,   1.229,9999.000,9999.000,9999.000,9999.000,9999.000,9999.000,9999.000
202605091318,   0.732,   1.489,9999.000,9999.000,9999.000,9999.000,9999.000,9999.000,9999.000
202605091324,   0.755,   1.781,9999.000,9999.000,9999.000,9999.000,9999.000,9999.000,9999.000
202605091330,   0.778,   1.718,9999.000,9999.000,9999.000,9999.000,9999.000,9999.000,9999.000
202605091336,   0.801,   1.479,9999.000,9999.000,9999.000,9999.000,9999.000,9999.000,9999.000
202605091342,   0.824,   1.088,9999.000,9999.000,9999.000,9999.000,9999.000,9999.000,9999.000
202605091348,   0.847,   0.908,9999.000,9999.000,9999.000,9999.000,9999.000,9999.000,9999.000
202605091354,   0.870,   0.918,9999.000,9999.000,9999.000,9999.000,9999.000,9999.000,9999.000
202605091400,   0.893,   0.888,   0.800,  -0.805,   0.888,   0.700,   0.788,   0.900,   0.988
202605091406,   0.916,   1.020,9999.000,9999.000,9999.000,9999.000,9999.000,9999.000,9999.000
202605091412,   0.939,   1.108,9999.000,9999.000,9999.000,9999.000,9999.000,9999.000,9999.000
202605091418,   0.961,   1.049,9999.000,9999.000,9999.000,9999.000,9999.000,9999.000,9999.000
202605091424,   0.984,   1.088,9999.000,9999.000,9999.000,9999.000,9999.000,9999.000,9999.000
202605091430,   1.006,   1.118,9999.000,9999.000,9999.000,9999.000,9999.000,9999.000,9999.000
202605091436,   1.028,   1.098,9999.000,9999.000,9999.000,9999.000,9999.000,9999.000,9999.000
202605091442,   1.049,   1.200,9999.000,9999.000,9999.000,9999.000,9999.000,9999.000,9999.000
202605091448,   1.071,   1.259,9999.000,9999.000,9999.000,9999.000,9999.000,9999.000,9999.000
202605091454,   1.092,   1.318,9999.000,9999.000,9999.000,9999.000,9999.000,9999.000,9999.000
202605091500,   1.112,   1.328,   0.800,  -0.584,   1.328,   0.700,   1.228,   0.900,   1.428
202605091506,   1.133,   1.348,9999.000,9999.000,9999.000,9999.000,9999.000,9999.000,9999.000
202605091512,   1.153,   1.420,9999.000,9999.000,9999.000,9999.000,9999.000,9999.000,9999.000
202605091518,   1.172,   1.498,9999.000,9999.000,9999.000,9999.000,9999.000,9999.000,9999.000
202605091524,   1.191,   1.590,9999.000,9999.000,9999.000,9999.000,9999.000,9999.000,9999.000
202605091530,   1.210,   1.630,9999.000,9999.000,9999.000,9999.000,9999.000,9999.000,9999.000
202605091536,   1.229,   1.728,9999.000,9999.000,9999.000,9999.000,9999.000,9999.000,9999.000
202605091542,   1.247,   1.820,9999.000,9999.000,9999.000,9999.000,9999.000,9999.000,9999.000
202605091548,   1.265,   1.918,9999.000,9999.000,9999.000,9999.000,9999.000,9999.000,9999.000
202605091554,   1.282,   1.948,9999.000,9999.000,9999.000,9999.000,9999.000,9999.000,9999.000
202605091600,   1.299,   1.928,   0.700,  -0.071,   1.928,   0.600,   1.828,   0.800,   2.028
202605091606,   1.316,   1.899,9999.000,9999.000,9999.000,9999.000,9999.000,9999.000,9999.000
202605091612,   1.333,   1.918,9999.000,9999.000,9999.000,9999.000,9999.000,9999.000,9999.000
202605091618,   1.349,   1.908,9999.000,9999.000,9999.000,9999.000,9999.000,9999.000,9999.000
202605091624,   1.365,   1.928,9999.000,9999.000,9999.000,9999.000,9999.000,9999.000,9999.000
202605091630,   1.380,   1.967,9999.000,9999.000,9999.000,9999.000,9999.000,9999.000,9999.000
202605091636,   1.395,   2.040,9999.000,9999.000,9999.000,9999.000,9999.000,9999.000,9999.000
202605091642,   1.410,   2.030,9999.000,9999.000,9999.000,9999.000,9999.000,9999.000,9999.000
202605091648,   1.425,   2.059,9999.000,9999.000,9999.000,9999.000,9999.000,9999.000,9999.000
202605091654,   1.439,   2.049,9999.000,9999.000,9999.000,9999.000,9999.000,9999.000,9999.000
202605091700,   1.453,   2.059,   0.700,  -0.094,   2.059,   0.600,   1.959,   0.800,   2.159
202605091706,   1.467,   2.089,9999.000,9999.000,9999.000,9999.000,9999.000,9999.000,9999.000
202605091712,   1.481,   2.128,9999.000,9999.000,9999.000,9999.000,9999.000,9999.000,9999.000
202605091718,   1.494,   2.138,9999.000,9999.000,9999.000,9999.000,9999.000,9999.000,9999.000
202605091724,   1.508,   2.118,9999.000,9999.000,9999.000,9999.000,9999.000,9999.000,9999.000
202605091730,   1.520,   2.128,9999.000,9999.000,9999.000,9999.000,9999.000,9999.000,9999.000
202605091736,   1.533,   2.168,9999.000,9999.000,9999.000,9999.000,9999.000,9999.000,9999.000
202605091742,   1.546,   2.191,9999.000,9999.000,9999.000,9999.000,9999.000,9999.000,9999.000
202605091748,   1.558,   2.240,9999.000,9999.000,9999.000,9999.000,9999.000,9999.000,9999.000
202605091754,   1.570,   2.220,9999.000,9999.000,9999.000,9999.000,9999.000,9999.000,9999.000
202605091800,   1.582,   2.230,   0.900,  -0.252,   2.230,   0.700,   2.030,   1.100,   2.430
202605091806,   1.593,   2.250,9999.000,9999.000,9999.000,9999.000,9999.000,9999.000,9999.000
202605091812,   1.604,   2.299,9999.000,9999.000,9999.000,9999.000,9999.000,9999.000,9999.000
202605091818,   1.615,   2.309,9999.000,9999.000,9999.000,9999.000,9999.000,9999.000,9999.000
202605091824,   1.626,   2.318,9999.000,9999.000,9999.000,9999.000,9999.000,9999.000,9999.000
202605091830,   1.636,   2.338,9999.000,9999.000,9999.000,9999.000,9999.000,9999.000,9999.000
202605091836,   1.647,   2.358,9999.000,9999.000,9999.000,9999.000,9999.000,9999.000,9999.000
202605091842,   1.657,   2.328,9999.000,9999.000,9999.000,9999.000,9999.000,9999.000,9999.000
202605091848,   1.666,   2.358,9999.000,9999.000,9999.000,9999.000,9999.000,9999.000,9999.000
202605091854,   1.676,   2.387,9999.000,9999.000,9999.000,9999.000,9999.000,9999.000,9999.000
202605091900,   1.685,   2.400,   0.900,  -0.185,   2.400,   0.700,   2.200,   1.100,   2.600
202605091906,   1.694,   2.410,9999.000,9999.000,9999.000,9999.000,9999.000,9999.000,9999.000
202605091912,   1.702,   2.410,9999.000,9999.000,9999.000,9999.000,9999.000,9999.000,9999.000
202605091918,   1.711,   2.430,9999.000,9999.000,9999.000,9999.000,9999.000,9999.000,9999.000
202605091924,   1.719,   2.469,9999.000,9999.000,9999.000,9999.000,9999.000,9999.000,9999.000
202605091930,   1.726,   2.479,9999.000,9999.000,9999.000,9999.000,9999.000,9999.000,9999.000
202605091936,   1.734,   2.489,9999.000,9999.000,9999.000,9999.000,9999.000,9999.000,9999.000
202605091942,   1.741,   2.528,9999.000,9999.000,9999.000,9999.000,9999.000,9999.000,9999.000
202605091948,   1.748,   2.519,9999.000,9999.000,9999.000,9999.000,9999.000,9999.000,9999.000
202605091954,   1.754,   2.528,9999.000,9999.000,9999.000,9999.000,9999.000,9999.000,9999.000
202605092000,   1.760,   2.538,   0.900,  -0.122,   2.538,   0.700,   2.338,   1.100,   2.738
202605092006,   1.766,   2.558,9999.000,9999.000,9999.000,9999.000,9999.000,9999.000,9999.000
202605092012,   1.772,   2.558,9999.000,9999.000,9999.000,9999.000,9999.000,9999.000,9999.000
202605092018,   1.777,   2.568,9999.000,9999.000,9999.000,9999.000,9999.000,9999.000,9999.000
202605092024,   1.782,   2.578,9999.000,9999.000,9999.000,9999.000,9999.000,9999.000,9999.000
202605092030,   1.787,   2.597,9999.000,9999.000,9999.000,9999.000,9999.000,9999.000,9999.000
202605092036,   1.791,   2.597,9999.000,9999.000,9999.000,9999.000,9999.000,9999.000,9999.000
202605092042,   1.795,   2.578,9999.000,9999.000,9999.000,9999.000,9999.000,9999.000,9999.000
202605092048,   1.798,   2.620,9999.000,9999.000,9999.000,9999.000,9999.000,9999.000,9999.000
202605092054,   1.801,   2.630,9999.000,9999.000,9999.000,9999.000,9999.000,9999.000,9999.000
202605092100,   1.804,   2.650,   0.800,   0.046,   2.650,   0.600,   2.450,   1.100,   2.950
202605092106,   1.807,   2.660,9999.000,9999.000,9999.000,9999.000,9999.000,9999.000,9999.000
202605092112,   1.808,   2.669,9999.000,9999.000,9999.000,9999.000,9999.000,9999.000,9999.000
202605092118,   1.810,   2.689,9999.000,9999.000,9999.000,9999.000,9999.000,9999.000,9999.000
202605092124,   1.811,   2.699,9999.000,9999.000,9999.000,9999.000,9999.000,9999.000,9999.000
202605092130,   1.811,   2.679,9999.000,9999.000,9999.000,9999.000,9999.000,9999.000,9999.000
202605092136,   1.811,   2.738,9999.000,9999.000,9999.000,9999.000,9999.000,9999.000,9999.000
202605092142,   1.811,   2.768,9999.000,9999.000,9999.000,9999.000,9999.000,9999.000,9999.000
202605092148,   1.810,   2.778,9999.000,9999.000,9999.000,9999.000,9999.000,9999.000,9999.000
202605092154,   1.808,   2.830,9999.000,9999.000,9999.000,9999.000,9999.000,9999.000,9999.000
202605092200,   1.806,   2.850,   0.800,   0.244,   2.850,   0.600,   2.650,   1.000,   3.050
202605092206,   1.803,   2.850,9999.000,9999.000,9999.000,9999.000,9999.000,9999.000,9999.000
202605092212,   1.799,   2.889,9999.000,9999.000,9999.000,9999.000,9999.000,9999.000,9999.000
202605092218,   1.795,   2.929,9999.000,9999.000,9999.000,9999.000,9999.000,9999.000,9999.000
202605092224,   1.790,   2.958,9999.000,9999.000,9999.000,9999.000,9999.000,9999.000,9999.000
202605092230,   1.785,   2.988,9999.000,9999.000,9999.000,9999.000,9999.000,9999.000,9999.000
202605092236,   1.778,   2.997,9999.000,9999.000,9999.000,9999.000,9999.000,9999.000,9999.000
202605092242,   1.771,   3.017,9999.000,9999.000,9999.000,9999.000,9999.000,9999.000,9999.000
202605092248,   1.764,   3.060,9999.000,9999.000,9999.000,9999.000,9999.000,9999.000,9999.000
202605092254,   1.756,   3.050,9999.000,9999.000,9999.000,9999.000,9999.000,9999.000,9999.000
202605092300,   1.747,   3.040,   0.800,   0.493,   3.040,   0.600,   2.840,   1.000,   3.240
202605092306,   1.737,   3.060,9999.000,9999.000,9999.000,9999.000,9999.000,9999.000,9999.000
202605092312,   1.727,   3.040,9999.000,9999.000,9999.000,9999.000,9999.000,9999.000,9999.000
202605092318,   1.716,   3.060,9999.000,9999.000,9999.000,9999.000,9999.000,9999.000,9999.000
202605092324,   1.704,   3.079,9999.000,9999.000,9999.000,9999.000,9999.000,9999.000,9999.000
202605092330,   1.692,   3.060,9999.000,9999.000,9999.000,9999.000,9999.000,9999.000,9999.000
202605092336,   1.679,   3.070,9999.000,9999.000,9999.000,9999.000,9999.000,9999.000,9999.000
202605092342,   1.666,   3.040,9999.000,9999.000,9999.000,9999.000,9999.000,9999.000,9999.000
202605092348,   1.652,   2.997,9999.000,9999.000,9999.000,9999.000,9999.000,9999.000,9999.000
202605092354,   1.637,   2.988,9999.000,9999.000,9999.000,9999.000,9999.000,9999.000,9999.000
202605100000,   1.622,   2.968,   0.800,   0.546,   2.968,   0.700,   2.868,   1.000,   3.168
202605100006,   1.607,   2.919,9999.000,9999.000,9999.000,9999.000,9999.000,9999.000,9999.000
202605100012,   1.591,   2.879,9999.000,9999.000,9999.000,9999.000,9999.000,9999.000,9999.000
202605100018,   1.574,   2.807,9999.000,9999.000,9999.000,9999.000,9999.000,9999.000,9999.000
202605100024,   1.558,   2.758,9999.000,9999.000,9999.000,9999.000,9999.000,9999.000,9999.000
202605100030,   1.540,   2.719,9999.000,9999.000,9999.000,9999.000,9999.000,9999.000,9999.000
202605100036,   1.523,   2.660,9999.000,9999.000,9999.000,9999.000,9999.000,9999.000,9999.000
202605100042,   1.505,   2.620,9999.000,9999.000,9999.000,9999.000,9999.000,9999.000,9999.000
202605100048,   1.488,   2.548,9999.000,9999.000,9999.000,9999.000,9999.000,9999.000,9999.000
202605100054,   1.470,   2.479,9999.000,9999.000,9999.000,9999.000,9999.000,9999.000,9999.000
202605100100,   1.451,   2.420,   0.800,   0.169,   2.420,   0.700,   2.320,   1.000,   2.620
202605100106,   1.433,   2.368,9999.000,9999.000,9999.000,9999.000,9999.000,9999.000,9999.000
202605100112,   1.414,   2.279,9999.000,9999.000,9999.000,9999.000,9999.000,9999.000,9999.000
202605100118,   1.396,   2.220,9999.000,9999.000,9999.000,9999.000,9999.000,9999.000,9999.000
202605100124,   1.377,   2.191,9999.000,9999.000,9999.000,9999.000,9999.000,9999.000,9999.000
202605100130,   1.358,   2.148,9999.000,9999.000,9999.000,9999.000,9999.000,9999.000,9999.000
202605100136,   1.339,   2.109,9999.000,9999.000,9999.000,9999.000,9999.000,9999.000,9999.000
202605100142,   1.320,   2.049,9999.000,9999.000,9999.000,9999.000,9999.000,9999.000,9999.000
202605100148,   1.301,   1.981,9999.000,9999.000,9999.000,9999.000,9999.000,9999.000,9999.000
202605100154,   1.283,   1.967,9999.000,9999.000,9999.000,9999.000,9999.000,9999.000,9999.000
202605100200,   1.264,   1.889,   0.800,  -0.175,   1.889,   0.700,   1.789,   1.000,   2.089
202605100206,   1.245,   1.830,9999.000,9999.000,9999.000,9999.000,9999.000,9999.000,9999.000
202605100212,   1.226,   1.790,9999.000,9999.000,9999.000,9999.000,9999.000,9999.000,9999.000
202605100218,   1.207,   1.767,9999.000,9999.000,9999.000,9999.000,9999.000,9999.000,9999.000
202605100224,   1.188,   1.728,9999.000,9999.000,9999.000,9999.000,9999.000,9999.000,9999.000
202605100230,   1.170,   1.689,9999.000,9999.000,9999.000,9999.000,9999.000,9999.000,9999.000
202605100236,   1.151,   1.669,9999.000,9999.000,9999.000,9999.000,9999.000,9999.000,9999.000
202605100242,   1.133,   1.659,9999.000,9999.000,9999.000,9999.000,9999.000,9999.000,9999.000
202605100248,   1.114,   1.718,9999.000,9999.000,9999.000,9999.000,9999.000,9999.000,9999.000
202605100254,   1.096,   1.659,9999.000,9999.000,9999.000,9999.000,9999.000,9999.000,9999.000
202605100300,   1.077,   1.620,   0.800,  -0.257,   1.620,   0.700,   1.520,   0.900,   1.720
202605100306,   1.059,   1.620,9999.000,9999.000,9999.000,9999.000,9999.000,9999.000,9999.000
202605100312,   1.040,   1.600,9999.000,9999.000,9999.000,9999.000,9999.000,9999.000,9999.000
202605100318,   1.022,   1.571,9999.000,9999.000,9999.000,9999.000,9999.000,9999.000,9999.000
202605100324,   1.004,   1.557,9999.000,9999.000,9999.000,9999.000,9999.000,9999.000,9999.000
202605100330,   0.986,   1.548,9999.000,9999.000,9999.000,9999.000,9999.000,9999.000,9999.000
202605100336,   0.968,   1.538,9999.000,9999.000,9999.000,9999.000,9999.000,9999.000,9999.000
202605100342,   0.950,   1.528,9999.000,9999.000,9999.000,9999.000,9999.000,9999.000,9999.000
202605100348,   0.932,   1.498,9999.000,9999.000,9999.000,9999.000,9999.000,9999.000,9999.000
202605100354,   0.915,   1.469,9999.000,9999.000,9999.000,9999.000,9999.000,9999.000,9999.000
202605100400,   0.897,   1.459,   0.800,  -0.238,   1.459,   0.700,   1.359,   0.900,   1.559
202605100406,   0.880,   1.430,9999.000,9999.000,9999.000,9999.000,9999.000,9999.000,9999.000
202605100412,   0.862,   1.400,9999.000,9999.000,9999.000,9999.000,9999.000,9999.000,9999.000
202605100418,   0.845,   1.380,9999.000,9999.000,9999.000,9999.000,9999.000,9999.000,9999.000
202605100424,   0.828,   1.380,9999.000,9999.000,9999.000,9999.000,9999.000,9999.000,9999.000
202605100430,   0.811,   1.361,9999.000,9999.000,9999.000,9999.000,9999.000,9999.000,9999.000
202605100436,   0.795,   1.318,9999.000,9999.000,9999.000,9999.000,9999.000,9999.000,9999.000
202605100442,   0.778,   1.279,9999.000,9999.000,9999.000,9999.000,9999.000,9999.000,9999.000
202605100448,   0.762,   1.269,9999.000,9999.000,9999.000,9999.000,9999.000,9999.000,9999.000
202605100454,   0.746,   1.249,9999.000,9999.000,9999.000,9999.000,9999.000,9999.000,9999.000
202605100500,   0.730,   1.239,   0.800,  -0.291,   1.239,   0.700,   1.139,   0.800,   1.239
202605100506,   0.715,   1.210,9999.000,9999.000,9999.000,9999.000,9999.000,9999.000,9999.000
202605100512,   0.699,   1.170,9999.000,9999.000,9999.000,9999.000,9999.000,9999.000,9999.000
202605100518,   0.684,   1.170,9999.000,9999.000,9999.000,9999.000,9999.000,9999.000,9999.000
202605100524,   0.669,   1.151,9999.000,9999.000,9999.000,9999.000,9999.000,9999.000,9999.000
202605100530,   0.654,   1.151,9999.000,9999.000,9999.000,9999.000,9999.000,9999.000,9999.000
202605100536,   0.640,   1.108,9999.000,9999.000,9999.000,9999.000,9999.000,9999.000,9999.000
202605100542,   0.626,   1.098,9999.000,9999.000,9999.000,9999.000,9999.000,9999.000,9999.000
202605100548,   0.612,   1.069,9999.000,9999.000,9999.000,9999.000,9999.000,9999.000,9999.000
202605100554,   0.598,   1.059,9999.000,9999.000,9999.000,9999.000,9999.000,9999.000,9999.000
202605100600,   0.585,   1.049,   0.700,  -0.236,   1.049,   0.700,   1.049,   0.800,   1.149
202605100606,   0.571,   1.039,9999.000,9999.000,9999.000,9999.000,9999.000,9999.000,9999.000
202605100612,   0.558,   1.049,9999.000,9999.000,9999.000,9999.000,9999.000,9999.000,9999.000
202605100618,   0.546,   1.039,9999.000,9999.000,9999.000,9999.000,9999.000,9999.000,9999.000
202605100624,   0.533,   1.049,9999.000,9999.000,9999.000,9999.000,9999.000,9999.000,9999.000
202605100630,   0.521,   1.039,9999.000,9999.000,9999.000,9999.000,9999.000,9999.000,9999.000
202605100636,   0.509,   1.020,9999.000,9999.000,9999.000,9999.000,9999.000,9999.000,9999.000
202605100642,   0.498,   1.010,9999.000,9999.000,9999.000,9999.000,9999.000,9999.000,9999.000
202605100648,   0.486,   1.010,9999.000,9999.000,9999.000,9999.000,9999.000,9999.000,9999.000
202605100654,   0.475,   0.990,9999.000,9999.000,9999.000,9999.000,9999.000,9999.000,9999.000
202605100700,   0.464,   0.980,   0.700,  -0.184,   0.980,   0.700,   0.980,   0.800,   1.080
202605100706,   0.454,   0.980,9999.000,9999.000,9999.000,9999.000,9999.000,9999.000,9999.000
202605100712,   0.443,   1.010,9999.000,9999.000,9999.000,9999.000,9999.000,9999.000,9999.000
202605100718,   0.433,   1.000,9999.000,9999.000,9999.000,9999.000,9999.000,9999.000,9999.000
202605100724,   0.424,   1.010,9999.000,9999.000,9999.000,9999.000,9999.000,9999.000,9999.000
202605100730,   0.414,   1.010,9999.000,9999.000,9999.000,9999.000,9999.000,9999.000,9999.000
202605100736,   0.405,   1.029,9999.000,9999.000,9999.000,9999.000,9999.000,9999.000,9999.000
202605100742,   0.396,   1.020,9999.000,9999.000,9999.000,9999.000,9999.000,9999.000,9999.000
202605100748,   0.388,   1.010,9999.000,9999.000,9999.000,9999.000,9999.000,9999.000,9999.000
202605100754,   0.380,   1.000,9999.000,9999.000,9999.000,9999.000,9999.000,9999.000,9999.000
202605100800,   0.373,   1.010,   0.700,  -0.063,   1.010,   0.700,   1.010,   0.800,   1.110
202605100806,   0.365,   1.020,9999.000,9999.000,9999.000,9999.000,9999.000,9999.000,9999.000
202605100812,   0.359,   1.020,9999.000,9999.000,9999.000,9999.000,9999.000,9999.000,9999.000
202605100818,   0.353,   1.029,9999.000,9999.000,9999.000,9999.000,9999.000,9999.000,9999.000
202605100824,   0.347,   1.039,9999.000,9999.000,9999.000,9999.000,9999.000,9999.000,9999.000
202605100830,   0.342,   1.029,9999.000,9999.000,9999.000,9999.000,9999.000,9999.000,9999.000
202605100836,   0.337,   1.039,9999.000,9999.000,9999.000,9999.000,9999.000,9999.000,9999.000
202605100842,   0.333,   1.029,9999.000,9999.000,9999.000,9999.000,9999.000,9999.000,9999.000
202605100848,   0.329,   1.010,9999.000,9999.000,9999.000,9999.000,9999.000,9999.000,9999.000
202605100854,   0.326,   1.010,9999.000,9999.000,9999.000,9999.000,9999.000,9999.000,9999.000
202605100900,   0.323,   0.990,   0.700,  -0.033,   0.990,   0.700,   0.990,   0.800,   1.090
202605100906,   0.321,   0.970,9999.000,9999.000,9999.000,9999.000,9999.000,9999.000,9999.000
202605100912,   0.320,   0.970,9999.000,9999.000,9999.000,9999.000,9999.000,9999.000,9999.000
202605100918,   0.319,   0.961,9999.000,9999.000,9999.000,9999.000,9999.000,9999.000,9999.000
202605100924,   0.319,   0.951,9999.000,9999.000,9999.000,9999.000,9999.000,9999.000,9999.000
202605100930,   0.320,   0.941,9999.000,9999.000,9999.000,9999.000,9999.000,9999.000,9999.000
202605100936,   0.321,   0.941,9999.000,9999.000,9999.000,9999.000,9999.000,9999.000,9999.000
202605100942,   0.323,   0.928,9999.000,9999.000,9999.000,9999.000,9999.000,9999.000,9999.000
202605100948,   0.325,   0.928,9999.000,9999.000,9999.000,9999.000,9999.000,9999.000,9999.000
202605100954,   0.328,   0.941,9999.000,9999.000,9999.000,9999.000,9999.000,9999.000,9999.000
202605101000,   0.331,   0.980,   0.700,  -0.051,   0.980,   0.700,   0.980,   0.800,   1.080
202605101006,   0.336,   1.000,9999.000,9999.000,9999.000,9999.000,9999.000,9999.000,9999.000
202605101012,   0.340,   1.010,9999.000,9999.000,9999.000,9999.000,9999.000,9999.000,9999.000
202605101018,   0.346,   1.020,9999.000,9999.000,9999.000,9999.000,9999.000,9999.000,9999.000
202605101024,   0.352,   1.059,9999.000,9999.000,9999.000,9999.000,9999.000,9999.000,9999.000
202605101030,   0.358,   1.079,9999.000,9999.000,9999.000,9999.000,9999.000,9999.000,9999.000
202605101036,   0.365,   1.118,9999.000,9999.000,9999.000,9999.000,9999.000,9999.000,9999.000
202605101042,   0.373,   1.151,9999.000,9999.000,9999.000,9999.000,9999.000,9999.000,9999.000
202605101048,   0.381,   1.180,9999.000,9999.000,9999.000,9999.000,9999.000,9999.000,9999.000
202605101054,   0.390,   1.220,9999.000,9999.000,9999.000,9999.000,9999.000,9999.000,9999.000
202605101100,   0.399,   1.259,   0.700,   0.160,   1.259,   0.700,   1.259,   0.800,   1.359
202605101106,   0.409,   1.279,9999.000,9999.000,9999.000,9999.000,9999.000,9999.000,9999.000
202605101112,   0.419,   1.298,9999.000,9999.000,9999.000,9999.000,9999.000,9999.000,9999.000
202605101118,   0.430,   1.338,9999.000,9999.000,9999.000,9999.000,9999.000,9999.000,9999.000
202605101124,   0.441,   1.380,9999.000,9999.000,9999.000,9999.000,9999.000,9999.000,9999.000
202605101130,   0.452,   1.410,9999.000,9999.000,9999.000,9999.000,9999.000,9999.000,9999.000
202605101136,   0.464,   1.469,9999.000,9999.000,9999.000,9999.000,9999.000,9999.000,9999.000
202605101142,   0.477,   1.498,9999.000,9999.000,9999.000,9999.000,9999.000,9999.000,9999.000
202605101148,   0.490,   1.508,9999.000,9999.000,9999.000,9999.000,9999.000,9999.000,9999.000
202605101154,   0.503,   1.508,9999.000,9999.000,9999.000,9999.000,9999.000,9999.000,9999.000
202605101200,   0.517,   1.528,   0.700,   0.311,   1.528,   0.700,   1.528,   0.800,   1.628
202605101206,   0.531,   1.557,9999.000,9999.000,9999.000,9999.000,9999.000,9999.000,9999.000
202605101212,   0.546,   1.571,9999.000,9999.000,9999.000,9999.000,9999.000,9999.000,9999.000
202605101218,   0.561,   1.590,9999.000,9999.000,9999.000,9999.000,9999.000,9999.000,9999.000
202605101224,   0.576,   1.610,9999.000,9999.000,9999.000,9999.000,9999.000,9999.000,9999.000
202605101230,   0.592,   1.620,9999.000,9999.000,9999.000,9999.000,9999.000,9999.000,9999.000
202605101236,   0.608,   1.630,9999.000,9999.000,9999.000,9999.000,9999.000,9999.000,9999.000
202605101242,   0.624,   1.630,9999.000,9999.000,9999.000,9999.000,9999.000,9999.000,9999.000
202605101248,   0.641,   1.639,9999.000,9999.000,9999.000,9999.000,9999.000,9999.000,9999.000
202605101254,   0.658,   1.630,9999.000,9999.000,9999.000,9999.000,9999.000,9999.000,9999.000
202605101300,   0.676,   1.639,   0.700,   0.263,   1.639,   0.700,   1.639,   0.800,   1.739
202605101306,   0.694,   1.630,9999.000,9999.000,9999.000,9999.000,9999.000,9999.000,9999.000
202605101312,   0.712,   1.639,9999.000,9999.000,9999.000,9999.000,9999.000,9999.000,9999.000
202605101318,   0.731,   1.630,9999.000,9999.000,9999.000,9999.000,9999.000,9999.000,9999.000
202605101324,   0.749,   1.659,9999.000,9999.000,9999.000,9999.000,9999.000,9999.000,9999.000
202605101330,   0.769,   1.649,9999.000,9999.000,9999.000,9999.000,9999.000,9999.000,9999.000
202605101336,   0.788,   1.649,9999.000,9999.000,9999.000,9999.000,9999.000,9999.000,9999.000
202605101342,   0.807,   1.669,9999.000,9999.000,9999.000,9999.000,9999.000,9999.000,9999.000
202605101348,   0.827,   1.669,9999.000,9999.000,9999.000,9999.000,9999.000,9999.000,9999.000
202605101354,   0.847,   1.679,9999.000,9999.000,9999.000,9999.000,9999.000,9999.000,9999.000
202605101400,   0.867,   1.699,   0.700,   0.132,   1.699,   0.700,   1.699,   0.800,   1.799
202605101406,   0.887,   1.699,9999.000,9999.000,9999.000,9999.000,9999.000,9999.000,9999.000
202605101412,   0.907,   1.718,9999.000,9999.000,9999.000,9999.000,9999.000,9999.000,9999.000
202605101418,   0.927,   1.748,9999.000,9999.000,9999.000,9999.000,9999.000,9999.000,9999.000
202605101424,   0.947,   1.781,9999.000,9999.000,9999.000,9999.000,9999.000,9999.000,9999.000
202605101430,   0.967,   1.781,9999.000,9999.000,9999.000,9999.000,9999.000,9999.000,9999.000
202605101436,   0.987,   1.790,9999.000,9999.000,9999.000,9999.000,9999.000,9999.000,9999.000
202605101442,   1.006,   1.790,9999.000,9999.000,9999.000,9999.000,9999.000,9999.000,9999.000
202605101448,   1.026,   1.800,9999.000,9999.000,9999.000,9999.000,9999.000,9999.000,9999.000
202605101454,   1.045,   1.840,9999.000,9999.000,9999.000,9999.000,9999.000,9999.000,9999.000
202605101500,   1.064,   1.859,   0.700,   0.095,   1.859,   0.700,   1.859,   0.800,   1.959
202605101506,   1.083,   1.869,9999.000,9999.000,9999.000,9999.000,9999.000,9999.000,9999.000
202605101512,   1.102,   1.869,9999.000,9999.000,9999.000,9999.000,9999.000,9999.000,9999.000
202605101518,   1.120,   1.889,9999.000,9999.000,9999.000,9999.000,9999.000,9999.000,9999.000
202605101524,   1.138,   1.899,9999.000,9999.000,9999.000,9999.000,9999.000,9999.000,9999.000
202605101530,   1.155,   1.928,9999.000,9999.000,9999.000,9999.000,9999.000,9999.000,9999.000
202605101536,   1.172,   1.948,9999.000,9999.000,9999.000,9999.000,9999.000,9999.000,9999.000
202605101542,   1.188,   1.967,9999.000,9999.000,9999.000,9999.000,9999.000,9999.000,9999.000
202605101548,   1.204,   1.967,9999.000,9999.000,9999.000,9999.000,9999.000,9999.000,9999.000
202605101554,   1.220,   1.981,9999.000,9999.000,9999.000,9999.000,9999.000,9999.000,9999.000
202605101600,   1.235,   2.000,   0.700,   0.065,   2.000,   0.600,   1.900,   0.700,   2.000
202605101606,   1.249,   2.020,9999.000,9999.000,9999.000,9999.000,9999.000,9999.000,9999.000
202605101612,   1.263,   2.049,9999.000,9999.000,9999.000,9999.000,9999.000,9999.000,9999.000
202605101618,   1.277,   2.079,9999.000,9999.000,9999.000,9999.000,9999.000,9999.000,9999.000
202605101624,   1.290,   2.109,9999.000,9999.000,9999.000,9999.000,9999.000,9999.000,9999.000
202605101630,   1.303,   2.109,9999.000,9999.000,9999.000,9999.000,9999.000,9999.000,9999.000
202605101636,   1.315,   2.109,9999.000,9999.000,9999.000,9999.000,9999.000,9999.000,9999.000
202605101642,   1.326,   2.069,9999.000,9999.000,9999.000,9999.000,9999.000,9999.000,9999.000
202605101648,   1.337,   2.079,9999.000,9999.000,9999.000,9999.000,9999.000,9999.000,9999.000
202605101654,   1.348,   2.099,9999.000,9999.000,9999.000,9999.000,9999.000,9999.000,9999.000
202605101700,   1.358,   2.128,   0.700,   0.070,   2.128,   0.600,   2.028,   0.700,   2.128
202605101706,   1.367,   2.109,9999.000,9999.000,9999.000,9999.000,9999.000,9999.000,9999.000
202605101712,   1.377,   2.118,9999.000,9999.000,9999.000,9999.000,9999.000,9999.000,9999.000
202605101718,   1.386,   2.128,9999.000,9999.000,9999.000,9999.000,9999.000,9999.000,9999.000
202605101724,   1.394,   2.168,9999.000,9999.000,9999.000,9999.000,9999.000,9999.000,9999.000
202605101730,   1.402,   2.168,9999.000,9999.000,9999.000,9999.000,9999.000,9999.000,9999.000
202605101736,   1.410,   2.191,9999.000,9999.000,9999.000,9999.000,9999.000,9999.000,9999.000
202605101742,   1.417,   2.210,9999.000,9999.000,9999.000,9999.000,9999.000,9999.000,9999.000
202605101748,   1.424,   2.220,9999.000,9999.000,9999.000,9999.000,9999.000,9999.000,9999.000
202605101754,   1.431,   2.250,9999.000,9999.000,9999.000,9999.000,9999.000,9999.000,9999.000
202605101800,   1.438,   2.250,   0.700,   0.112,   2.250,   0.700,   2.250,   0.800,   2.350
202605101806,   1.444,   2.289,9999.000,9999.000,9999.000,9999.000,9999.000,9999.000,9999.000
202605101812,   1.450,   2.279,9999.000,9999.000,9999.000,9999.000,9999.000,9999.000,9999.000
202605101818,   1.455,   2.289,9999.000,9999.000,9999.000,9999.000,9999.000,9999.000,9999.000
202605101824,   1.461,   2.289,9999.000,9999.000,9999.000,9999.000,9999.000,9999.000,9999.000
202605101830,   1.466,   2.309,9999.000,9999.000,9999.000,9999.000,9999.000,9999.000,9999.000
202605101836,   1.471,   2.309,9999.000,9999.000,9999.000,9999.000,9999.000,9999.000,9999.000
202605101842,   1.476,   2.299,9999.000,9999.000,9999.000,9999.000,9999.000,9999.000,9999.000
202605101848,   1.481,   2.299,9999.000,9999.000,9999.000,9999.000,9999.000,9999.000,9999.000
202605101854,   1.485,   2.309,9999.000,9999.000,9999.000,9999.000,9999.000,9999.000,9999.000
202605101900,   1.490,   2.309,   0.700,   0.119,   2.309,   0.700,   2.309,   0.800,   2.409
202605101906,   1.494,   2.299,9999.000,9999.000,9999.000,9999.000,9999.000,9999.000,9999.000
202605101912,   1.498,   2.309,9999.000,9999.000,9999.000,9999.000,9999.000,9999.000,9999.000
202605101918,   1.501,   2.299,9999.000,9999.000,9999.000,9999.000,9999.000,9999.000,9999.000
202605101924,   1.505,   2.309,9999.000,9999.000,9999.000,9999.000,9999.000,9999.000,9999.000
202605101930,   1.509,   2.328,9999.000,9999.000,9999.000,9999.000,9999.000,9999.000,9999.000
202605101936,   1.512,   2.309,9999.000,9999.000,9999.000,9999.000,9999.000,9999.000,9999.000
202605101942,   1.515,   2.299,9999.000,9999.000,9999.000,9999.000,9999.000,9999.000,9999.000
202605101948,   1.518,   2.289,9999.000,9999.000,9999.000,9999.000,9999.000,9999.000,9999.000
202605101954,   1.521,   2.289,9999.000,9999.000,9999.000,9999.000,9999.000,9999.000,9999.000
202605102000,   1.524,   2.299,   0.700,   0.075,   2.299,   0.700,   2.299,   0.800,   2.399
202605102006,   1.527,   2.309,9999.000,9999.000,9999.000,9999.000,9999.000,9999.000,9999.000
202605102012,   1.530,   2.309,9999.000,9999.000,9999.000,9999.000,9999.000,9999.000,9999.000
202605102018,   1.532,   2.299,9999.000,9999.000,9999.000,9999.000,9999.000,9999.000,9999.000
202605102024,   1.535,   2.299,9999.000,9999.000,9999.000,9999.000,9999.000,9999.000,9999.000
202605102030,   1.537,   2.309,9999.000,9999.000,9999.000,9999.000,9999.000,9999.000,9999.000
202605102036,   1.539,   2.318,9999.000,9999.000,9999.000,9999.000,9999.000,9999.000,9999.000
202605102042,   1.541,   2.328,9999.000,9999.000,9999.000,9999.000,9999.000,9999.000,9999.000
202605102048,   1.543,   2.328,9999.000,9999.000,9999.000,9999.000,9999.000,9999.000,9999.000
202605102054,   1.545,   2.328,9999.000,9999.000,9999.000,9999.000,9999.000,9999.000,9999.000
202605102100,   1.547,   2.328,   0.700,   0.081,   2.328,   0.700,   2.328,   0.800,   2.428
202605102106,   1.548,   2.328,9999.000,9999.000,9999.000,9999.000,9999.000,9999.000,9999.000
202605102112,   1.550,   2.328,9999.000,9999.000,9999.000,9999.000,9999.000,9999.000,9999.000
202605102118,   1.551,   2.328,9999.000,9999.000,9999.000,9999.000,9999.000,9999.000,9999.000
202605102124,   1.552,   2.309,9999.000,9999.000,9999.000,9999.000,9999.000,9999.000,9999.000
202605102130,   1.553,   2.309,9999.000,9999.000,9999.000,9999.000,9999.000,9999.000,9999.000
202605102136,   1.554,   2.309,9999.000,9999.000,9999.000,9999.000,9999.000,9999.000,9999.000
202605102142,   1.555,   2.328,9999.000,9999.000,9999.000,9999.000,9999.000,9999.000,9999.000
202605102148,   1.555,   2.318,9999.000,9999.000,9999.000,9999.000,9999.000,9999.000,9999.000
202605102154,   1.556,   2.338,9999.000,9999.000,9999.000,9999.000,9999.000,9999.000,9999.000
202605102200,   1.556,   2.338,   0.800,  -0.018,   2.338,   0.700,   2.238,   0.800,   2.338
202605102206,   1.555,   2.338,9999.000,9999.000,9999.000,9999.000,9999.000,9999.000,9999.000
202605102212,   1.555,   2.328,9999.000,9999.000,9999.000,9999.000,9999.000,9999.000,9999.000
202605102218,   1.554,   2.318,9999.000,9999.000,9999.000,9999.000,9999.000,9999.000,9999.000
202605102224,   1.553,   2.309,9999.000,9999.000,9999.000,9999.000,9999.000,9999.000,9999.000
202605102230,   1.552,   2.309,9999.000,9999.000,9999.000,9999.000,9999.000,9999.000,9999.000
202605102236,   1.550,   2.318,9999.000,9999.000,9999.000,9999.000,9999.000,9999.000,9999.000
202605102242,   1.548,   2.289,9999.000,9999.000,9999.000,9999.000,9999.000,9999.000,9999.000
202605102248,   1.545,   2.289,9999.000,9999.000,9999.000,9999.000,9999.000,9999.000,9999.000
202605102254,   1.543,   2.299,9999.000,9999.000,9999.000,9999.000,9999.000,9999.000,9999.000
202605102300,   1.539,   2.299,   0.800,  -0.040,   2.299,   0.700,   2.199,   0.800,   2.299
202605102306,   1.536,   2.279,9999.000,9999.000,9999.000,9999.000,9999.000,9999.000,9999.000
202605102312,   1.531,   2.250,9999.000,9999.000,9999.000,9999.000,9999.000,9999.000,9999.000
202605102318,   1.527,   2.210,9999.000,9999.000,9999.000,9999.000,9999.000,9999.000,9999.000
202605102324,   1.522,   2.191,9999.000,9999.000,9999.000,9999.000,9999.000,9999.000,9999.000
202605102330,   1.516,   2.191,9999.000,9999.000,9999.000,9999.000,9999.000,9999.000,9999.000
202605102336,   1.510,   2.177,9999.000,9999.000,9999.000,9999.000,9999.000,9999.000,9999.000
202605102342,   1.504,   2.168,9999.000,9999.000,9999.000,9999.000,9999.000,9999.000,9999.000
202605102348,   1.497,   2.128,9999.000,9999.000,9999.000,9999.000,9999.000,9999.000,9999.000
202605102354,   1.490,   2.109,9999.000,9999.000,9999.000,9999.000,9999.000,9999.000,9999.000
202605110000,   1.482,   2.079,   0.700,  -0.103,   2.079,   0.700,   2.079,   0.800,   2.179
202605110006,   1.473,   2.059,9999.000,9999.000,9999.000,9999.000,9999.000,9999.000,9999.000
202605110012,   1.465,   2.049,9999.000,9999.000,9999.000,9999.000,9999.000,9999.000,9999.000
202605110018,   1.456,   2.040,9999.000,9999.000,9999.000,9999.000,9999.000,9999.000,9999.000
202605110024,   1.446,   2.030,9999.000,9999.000,9999.000,9999.000,9999.000,9999.000,9999.000
202605110030,   1.436,   2.010,9999.000,9999.000,9999.000,9999.000,9999.000,9999.000,9999.000
202605110036,   1.426,   1.990,9999.000,9999.000,9999.000,9999.000,9999.000,9999.000,9999.000
202605110042,   1.416,   1.958,9999.000,9999.000,9999.000,9999.000,9999.000,9999.000,9999.000
202605110048,   1.405,   1.967,9999.000,9999.000,9999.000,9999.000,9999.000,9999.000,9999.000
202605110054,   1.394,   1.958,9999.000,9999.000,9999.000,9999.000,9999.000,9999.000,9999.000
202605110100,   1.383,   1.918,   0.700,  -0.165,   1.918,   0.700,   1.918,   0.800,   2.018
202605110106,   1.371,   1.889,9999.000,9999.000,9999.000,9999.000,9999.000,9999.000,9999.000
202605110112,   1.360,   1.869,9999.000,9999.000,9999.000,9999.000,9999.000,9999.000,9999.000
202605110118,   1.348,   1.869,9999.000,9999.000,9999.000,9999.000,9999.000,9999.000,9999.000
202605110124,   1.336,   1.830,9999.000,9999.000,9999.000,9999.000,9999.000,9999.000,9999.000
202605110130,   1.324,   1.810,9999.000,9999.000,9999.000,9999.000,9999.000,9999.000,9999.000
202605110136,   1.312,   1.790,9999.000,9999.000,9999.000,9999.000,9999.000,9999.000,9999.000
202605110142,   1.300,   1.767,9999.000,9999.000,9999.000,9999.000,9999.000,9999.000,9999.000
202605110148,   1.288,   1.738,9999.000,9999.000,9999.000,9999.000,9999.000,9999.000,9999.000
202605110154,   1.275,   1.718,9999.000,9999.000,9999.000,9999.000,9999.000,9999.000,9999.000
202605110200,   1.263,   1.708,   0.700,  -0.255,   1.708,   0.700,   1.708,   0.700,   1.708
202605110206,   1.251,   1.689,9999.000,9999.000,9999.000,9999.000,9999.000,9999.000,9999.000
202605110212,   1.239,   1.679,9999.000,9999.000,9999.000,9999.000,9999.000,9999.000,9999.000
202605110218,   1.226,   1.679,9999.000,9999.000,9999.000,9999.000,9999.000,9999.000,9999.000
202605110224,   1.214,   1.689,9999.000,9999.000,9999.000,9999.000,9999.000,9999.000,9999.000
202605110230,   1.202,   1.639,9999.000,9999.000,9999.000,9999.000,9999.000,9999.000,9999.000
202605110236,   1.190,   1.649,9999.000,9999.000,9999.000,9999.000,9999.000,9999.000,9999.000
202605110242,   1.178,   1.630,9999.000,9999.000,9999.000,9999.000,9999.000,9999.000,9999.000
202605110248,   1.166,   1.600,9999.000,9999.000,9999.000,9999.000,9999.000,9999.000,9999.000
202605110254,   1.154,   1.600,9999.000,9999.000,9999.000,9999.000,9999.000,9999.000,9999.000
202605110300,   1.142,   1.580,   0.700,  -0.262,   1.580,   0.700,   1.580,   0.700,   1.580
202605110306,   1.130,   1.571,9999.000,9999.000,9999.000,9999.000,9999.000,9999.000,9999.000
202605110312,   1.118,   1.557,9999.000,9999.000,9999.000,9999.000,9999.000,9999.000,9999.000
202605110318,   1.106,   1.548,9999.000,9999.000,9999.000,9999.000,9999.000,9999.000,9999.000
202605110324,   1.094,   1.538,9999.000,9999.000,9999.000,9999.000,9999.000,9999.000,9999.000
202605110330,   1.082,   1.538,9999.000,9999.000,9999.000,9999.000,9999.000,9999.000,9999.000
202605110336,   1.070,   1.557,9999.000,9999.000,9999.000,9999.000,9999.000,9999.000,9999.000
202605110342,   1.058,   1.548,9999.000,9999.000,9999.000,9999.000,9999.000,9999.000,9999.000
202605110348,   1.046,   1.528,9999.000,9999.000,9999.000,9999.000,9999.000,9999.000,9999.000
202605110354,   1.034,   1.498,9999.000,9999.000,9999.000,9999.000,9999.000,9999.000,9999.000
202605110400,   1.021,   1.489,   0.700,  -0.232,   1.489,   0.700,   1.489,   0.700,   1.489
202605110406,   1.009,   1.489,9999.000,9999.000,9999.000,9999.000,9999.000,9999.000,9999.000
202605110412,   0.997,   1.489,9999.000,9999.000,9999.000,9999.000,9999.000,9999.000,9999.000
202605110418,   0.984,   1.479,9999.000,9999.000,9999.000,9999.000,9999.000,9999.000,9999.000
202605110424,   0.971,   1.469,9999.000,9999.000,9999.000,9999.000,9999.000,9999.000,9999.000
202605110430,   0.959,   1.469,9999.000,9999.000,9999.000,9999.000,9999.000,9999.000,9999.000
202605110436,   0.946,   1.469,9999.000,9999.000,9999.000,9999.000,9999.000,9999.000,9999.000
202605110442,   0.933,   1.449,9999.000,9999.000,9999.000,9999.000,9999.000,9999.000,9999.000
202605110448,   0.920,   1.449,9999.000,9999.000,9999.000,9999.000,9999.000,9999.000,9999.000
202605110454,   0.908,   1.449,9999.000,9999.000,9999.000,9999.000,9999.000,9999.000,9999.000
202605110500,   0.895,   1.439,   0.700,  -0.156,   1.439,   0.700,   1.439,   0.700,   1.439
202605110506,   0.882,   1.430,9999.000,9999.000,9999.000,9999.000,9999.000,9999.000,9999.000
202605110512,   0.869,   1.449,9999.000,9999.000,9999.000,9999.000,9999.000,9999.000,9999.000
202605110518,   0.856,   1.449,9999.000,9999.000,9999.000,9999.000,9999.000,9999.000,9999.000
202605110524,   0.843,   1.439,9999.000,9999.000,9999.000,9999.000,9999.000,9999.000,9999.000
202605110530,   0.830,   1.410,9999.000,9999.000,9999.000,9999.000,9999.000,9999.000,9999.000
202605110536,   0.818,   1.390,9999.000,9999.000,9999.000,9999.000,9999.000,9999.000,9999.000
202605110542,   0.805,   1.371,9999.000,9999.000,9999.000,9999.000,9999.000,9999.000,9999.000
202605110548,   0.792,   1.361,9999.000,9999.000,9999.000,9999.000,9999.000,9999.000,9999.000
202605110554,   0.780,   1.328,9999.000,9999.000,9999.000,9999.000,9999.000,9999.000,9999.000
202605110600,   0.768,   1.318,   0.600,  -0.050,   1.318,   0.600,   1.318,   0.600,   1.318
202605110606,   0.756,   1.298,9999.000,9999.000,9999.000,9999.000,9999.000,9999.000,9999.000
202605110612,   0.744,   1.259,9999.000,9999.000,9999.000,9999.000,9999.000,9999.000,9999.000
202605110618,   0.732,   1.249,9999.000,9999.000,9999.000,9999.000,9999.000,9999.000,9999.000
202605110624,   0.720,   1.239,9999.000,9999.000,9999.000,9999.000,9999.000,9999.000,9999.000
202605110630,   0.709,   1.210,9999.000,9999.000,9999.000,9999.000,9999.000,9999.000,9999.000
202605110636,   0.698,   1.190,9999.000,9999.000,9999.000,9999.000,9999.000,9999.000,9999.000
202605110642,   0.687,   1.170,9999.000,9999.000,9999.000,9999.000,9999.000,9999.000,9999.000
202605110648,   0.677,   1.161,9999.000,9999.000,9999.000,9999.000,9999.000,9999.000,9999.000
202605110654,   0.666,   1.128,9999.000,9999.000,9999.000,9999.000,9999.000,9999.000,9999.000
202605110700,   0.656,   1.108,   0.600,  -0.148,   1.108,   0.600,   1.108,   0.600,   1.108
202605110706,   0.647,   1.098,9999.000,9999.000,9999.000,9999.000,9999.000,9999.000,9999.000
202605110712,   0.637,   1.079,9999.000,9999.000,9999.000,9999.000,9999.000,9999.000,9999.000
202605110718,   0.628,   1.059,9999.000,9999.000,9999.000,9999.000,9999.000,9999.000,9999.000
202605110724,   0.619,   1.049,9999.000,9999.000,9999.000,9999.000,9999.000,9999.000,9999.000
202605110730,   0.611,   1.039,9999.000,9999.000,9999.000,9999.000,9999.000,9999.000,9999.000
202605110736,   0.603,   1.020,9999.000,9999.000,9999.000,9999.000,9999.000,9999.000,9999.000
202605110742,   0.595,   1.010,9999.000,9999.000,9999.000,9999.000,9999.000,9999.000,9999.000
202605110748,   0.588,   0.990,9999.000,9999.000,9999.000,9999.000,9999.000,9999.000,9999.000
202605110754,   0.581,   0.980,9999.000,9999.000,9999.000,9999.000,9999.000,9999.000,9999.000
202605110800,   0.574,   0.970,   0.600,  -0.204,   0.970,   0.600,   0.970,   0.600,   0.970
202605110806,   0.568,   0.970,9999.000,9999.000,9999.000,9999.000,9999.000,9999.000,9999.000
202605110812,   0.562,   0.961,9999.000,9999.000,9999.000,9999.000,9999.000,9999.000,9999.000
202605110818,   0.557,   0.961,9999.000,9999.000,9999.000,9999.000,9999.000,9999.000,9999.000
202605110824,   0.552,   0.951,9999.000,9999.000,9999.000,9999.000,9999.000,9999.000,9999.000
202605110830,   0.547,   0.941,9999.000,9999.000,9999.000,9999.000,9999.000,9999.000,9999.000
202605110836,   0.543,   0.928,9999.000,9999.000,9999.000,9999.000,9999.000,9999.000,9999.000
202605110842,   0.539,   0.928,9999.000,9999.000,9999.000,9999.000,9999.000,9999.000,9999.000
202605110848,   0.536,   0.908,9999.000,9999.000,9999.000,9999.000,9999.000,9999.000,9999.000
202605110854,   0.533,   0.898,9999.000,9999.000,9999.000,9999.000,9999.000,9999.000,9999.000
202605110900,   0.531,   0.898,   0.600,  -0.233,   0.898,   0.600,   0.898,   0.600,   0.898
202605110906,   0.529,   0.898,9999.000,9999.000,9999.000,9999.000,9999.000,9999.000,9999.000
202605110912,   0.527,   0.918,9999.000,9999.000,9999.000,9999.000,9999.000,9999.000,9999.000
202605110918,   0.527,   0.918,9999.000,9999.000,9999.000,9999.000,9999.000,9999.000,9999.000
202605110924,   0.526,   0.941,9999.000,9999.000,9999.000,9999.000,9999.000,9999.000,9999.000
202605110930,   0.526,   0.941,9999.000,9999.000,9999.000,9999.000,9999.000,9999.000,9999.000
202605110936,   0.527,   0.941,9999.000,9999.000,9999.000,9999.000,9999.000,9999.000,9999.000
202605110942,   0.528,   0.970,9999.000,9999.000,9999.000,9999.000,9999.000,9999.000,9999.000
202605110948,   0.530,   0.990,9999.000,9999.000,9999.000,9999.000,9999.000,9999.000,9999.000
202605110954,   0.532,   1.020,9999.000,9999.000,9999.000,9999.000,9999.000,9999.000,9999.000
202605111000,   0.535,   1.049,   0.600,  -0.086,   1.049,   0.600,   1.049,   0.600,   1.049
202605111006,   0.538,   1.039,9999.000,9999.000,9999.000,9999.000,9999.000,9999.000,9999.000
202605111012,   0.542,   1.049,9999.000,9999.000,9999.000,9999.000,9999.000,9999.000,9999.000
202605111018,   0.546,   1.049,9999.000,9999.000,9999.000,9999.000,9999.000,9999.000,9999.000
202605111024,   0.551,   1.059,9999.000,9999.000,9999.000,9999.000,9999.000,9999.000,9999.000
202605111030,   0.556,   1.069,9999.000,9999.000,9999.000,9999.000,9999.000,9999.000,9999.000
202605111036,   0.561,   1.079,9999.000,9999.000,9999.000,9999.000,9999.000,9999.000,9999.000
202605111042,   0.568,   1.088,9999.000,9999.000,9999.000,9999.000,9999.000,9999.000,9999.000
202605111048,   0.574,   1.088,9999.000,9999.000,9999.000,9999.000,9999.000,9999.000,9999.000
202605111054,   0.581,   1.098,9999.000,9999.000,9999.000,9999.000,9999.000,9999.000,9999.000
202605111100,   0.589,   1.098,   0.600,  -0.091,   1.098,   0.500,   0.998,   0.600,   1.098
202605111106,   0.596,   1.108,9999.000,9999.000,9999.000,9999.000,9999.000,9999.000,9999.000
202605111112,   0.605,   1.108,9999.000,9999.000,9999.000,9999.000,9999.000,9999.000,9999.000
202605111118,   0.613,   1.118,9999.000,9999.000,9999.000,9999.000,9999.000,9999.000,9999.000
202605111124,   0.622,   1.118,9999.000,9999.000,9999.000,9999.000,9999.000,9999.000,9999.000
202605111130,   0.631,   1.118,9999.000,9999.000,9999.000,9999.000,9999.000,9999.000,9999.000
202605111136,   0.641,   1.128,9999.000,9999.000,9999.000,9999.000,9999.000,9999.000,9999.000
202605111142,   0.651,   1.138,9999.000,9999.000,9999.000,9999.000,9999.000,9999.000,9999.000
202605111148,   0.661,   1.128,9999.000,9999.000,9999.000,9999.000,9999.000,9999.000,9999.000
202605111154,   0.671,   1.118,9999.000,9999.000,9999.000,9999.000,9999.000,9999.000,9999.000
202605111200,   0.682,   1.118,   0.400,   0.036,   1.118,   0.400,   1.118,   0.400,   1.118
202605111206,   0.693,   1.118,9999.000,9999.000,9999.000,9999.000,9999.000,9999.000,9999.000
202605111212,   0.704,   1.128,9999.000,9999.000,9999.000,9999.000,9999.000,9999.000,9999.000
202605111218,   0.715,   1.098,9999.000,9999.000,9999.000,9999.000,9999.000,9999.000,9999.000
202605111224,   0.727,   1.088,9999.000,9999.000,9999.000,9999.000,9999.000,9999.000,9999.000
202605111230,   0.739,   1.088,9999.000,9999.000,9999.000,9999.000,9999.000,9999.000,9999.000
202605111236,   0.751,   1.069,9999.000,9999.000,9999.000,9999.000,9999.000,9999.000,9999.000
202605111242,   0.763,   1.069,9999.000,9999.000,9999.000,9999.000,9999.000,9999.000,9999.000
202605111248,   0.776,   1.088,9999.000,9999.000,9999.000,9999.000,9999.000,9999.000,9999.000
202605111254,   0.788,   1.098,9999.000,9999.000,9999.000,9999.000,9999.000,9999.000,9999.000
202605111300,   0.801,   1.118,   0.400,  -0.083,   1.118,   0.400,   1.118,   0.400,   1.118
202605111306,   0.814,   1.118,9999.000,9999.000,9999.000,9999.000,9999.000,9999.000,9999.000
202605111312,   0.828,   1.108,9999.000,9999.000,9999.000,9999.000,9999.000,9999.000,9999.000
202605111318,   0.841,   1.098,9999.000,9999.000,9999.000,9999.000,9999.000,9999.000,9999.000
202605111324,   0.855,   1.108,9999.000,9999.000,9999.000,9999.000,9999.000,9999.000,9999.000
202605111330,   0.869,   1.108,9999.000,9999.000,9999.000,9999.000,9999.000,9999.000,9999.000
202605111336,   0.883,   1.138,9999.000,9999.000,9999.000,9999.000,9999.000,9999.000,9999.000
202605111342,   0.897,   1.138,9999.000,9999.000,9999.000,9999.000,9999.000,9999.000,9999.000
202605111348,   0.911,   1.151,9999.000,9999.000,9999.000,9999.000,9999.000,9999.000,9999.000
202605111354,   0.926,   1.180,9999.000,9999.000,9999.000,9999.000,9999.000,9999.000,9999.000
202605111400,   0.940,   1.210,   0.400,  -0.130,   1.210,   0.400,   1.210,   0.400,   1.210
202605111406,   0.955,   1.249,9999.000,9999.000,9999.000,9999.000,9999.000,9999.000,9999.000
202605111412,   0.970,   1.259,9999.000,9999.000,9999.000,9999.000,9999.000,9999.000,9999.000
202605111418,   0.985,   1.269,9999.000,9999.000,9999.000,9999.000,9999.000,9999.000,9999.000
202605111424,   1.000,   1.298,9999.000,9999.000,9999.000,9999.000,9999.000,9999.000,9999.000
202605111430,   1.015,   1.328,9999.000,9999.000,9999.000,9999.000,9999.000,9999.000,9999.000
202605111436,   1.030,   1.361,9999.000,9999.000,9999.000,9999.000,9999.000,9999.000,9999.000
202605111442,   1.045,   1.390,9999.000,9999.000,9999.000,9999.000,9999.000,9999.000,9999.000
202605111448,   1.060,   1.410,9999.000,9999.000,9999.000,9999.000,9999.000,9999.000,9999.000
202605111454,   1.075,   1.449,9999.000,9999.000,9999.000,9999.000,9999.000,9999.000,9999.000
202605111500,   1.090,   1.479,   0.400,  -0.011,   1.479,   0.400,   1.479,   0.400,   1.479
202605111506,   1.105,   1.508,9999.000,9999.000,9999.000,9999.000,9999.000,9999.000,9999.000
202605111512,   1.119,   1.518,9999.000,9999.000,9999.000,9999.000,9999.000,9999.000,9999.000
202605111518,   1.134,   1.538,9999.000,9999.000,9999.000,9999.000,9999.000,9999.000,9999.000
202605111524,   1.148,   1.548,9999.000,9999.000,9999.000,9999.000,9999.000,9999.000,9999.000
202605111530,   1.162,   1.571,9999.000,9999.000,9999.000,9999.000,9999.000,9999.000,9999.000
202605111536,   1.175,   1.590,9999.000,9999.000,9999.000,9999.000,9999.000,9999.000,9999.000
202605111542,   1.188,   1.620,9999.000,9999.000,9999.000,9999.000,9999.000,9999.000,9999.000
202605111548,   1.201,   1.620,9999.000,9999.000,9999.000,9999.000,9999.000,9999.000,9999.000
202605111554,   1.213,   1.659,9999.000,9999.000,9999.000,9999.000,9999.000,9999.000,9999.000
202605111600,   1.224,   1.669,   0.400,   0.045,   1.669,   0.400,   1.669,   0.400,   1.669
202605111606,   1.236,   1.679,9999.000,9999.000,9999.000,9999.000,9999.000,9999.000,9999.000
202605111612,   1.246,   1.689,9999.000,9999.000,9999.000,9999.000,9999.000,9999.000,9999.000
202605111618,   1.256,   1.699,9999.000,9999.000,9999.000,9999.000,9999.000,9999.000,9999.000
202605111624,   1.266,   1.708,9999.000,9999.000,9999.000,9999.000,9999.000,9999.000,9999.000
202605111630,   1.275,   1.718,9999.000,9999.000,9999.000,9999.000,9999.000,9999.000,9999.000
202605111636,   1.283,   1.708,9999.000,9999.000,9999.000,9999.000,9999.000,9999.000,9999.000
202605111642,   1.291,   1.708,9999.000,9999.000,9999.000,9999.000,9999.000,9999.000,9999.000
202605111648,   1.298,   1.689,9999.000,9999.000,9999.000,9999.000,9999.000,9999.000,9999.000
202605111654,   1.304,   1.718,9999.000,9999.000,9999.000,9999.000,9999.000,9999.000,9999.000
202605111700,   1.310,   1.708,   0.400,  -0.002,   1.708,   0.400,   1.708,   0.400,   1.708
202605111706,   1.315,   1.708,9999.000,9999.000,9999.000,9999.000,9999.000,9999.000,9999.000
202605111712,   1.320,   1.708,9999.000,9999.000,9999.000,9999.000,9999.000,9999.000,9999.000
202605111718,   1.324,   1.708,9999.000,9999.000,9999.000,9999.000,9999.000,9999.000,9999.000
202605111724,   1.327,   1.699,9999.000,9999.000,9999.000,9999.000,9999.000,9999.000,9999.000
202605111730,   1.330,   1.708,9999.000,9999.000,9999.000,9999.000,9999.000,9999.000,9999.000
202605111736,   1.332,   1.708,9999.000,9999.000,9999.000,9999.000,9999.000,9999.000,9999.000
202605111742,   1.334,   1.708,9999.000,9999.000,9999.000,9999.000,9999.000,9999.000,9999.000
202605111748,   1.335,   1.718,9999.000,9999.000,9999.000,9999.000,9999.000,9999.000,9999.000
202605111754,   1.336,   1.738,9999.000,9999.000,9999.000,9999.000,9999.000,9999.000,9999.000
202605111800,   1.336,   1.748,   0.300,   0.112,   1.748,   0.300,   1.748,   0.400,   1.848
202605111806,   1.336,   1.758,9999.000,9999.000,9999.000,9999.000,9999.000,9999.000,9999.000
202605111812,   1.335,   1.758,9999.000,9999.000,9999.000,9999.000,9999.000,9999.000,9999.000
202605111818,   1.334,   1.767,9999.000,9999.000,9999.000,9999.000,9999.000,9999.000,9999.000
202605111824,   1.333,   1.767,9999.000,9999.000,9999.000,9999.000,9999.000,9999.000,9999.000
202605111830,   1.331,   1.781,9999.000,9999.000,9999.000,9999.000,9999.000,9999.000,9999.000
202605111836,   1.329,   1.781,9999.000,9999.000,9999.000,9999.000,9999.000,9999.000,9999.000
202605111842,   1.327,   1.767,9999.000,9999.000,9999.000,9999.000,9999.000,9999.000,9999.000
202605111848,   1.325,   1.748,9999.000,9999.000,9999.000,9999.000,9999.000,9999.000,9999.000
202605111854,   1.322,   1.748,9999.000,9999.000,9999.000,9999.000,9999.000,9999.000,9999.000
202605111900,   1.320,   1.728,   0.300,   0.108,   1.728,   0.300,   1.728,   0.400,   1.828
202605111906,   1.317,   1.738,9999.000,9999.000,9999.000,9999.000,9999.000,9999.000,9999.000
202605111912,   1.314,   1.718,9999.000,9999.000,9999.000,9999.000,9999.000,9999.000,9999.000
202605111918,   1.311,   1.699,9999.000,9999.000,9999.000,9999.000,9999.000,9999.000,9999.000
202605111924,   1.308,   1.699,9999.000,9999.000,9999.000,9999.000,9999.000,9999.000,9999.000
202605111930,   1.305,   1.689,9999.000,9999.000,9999.000,9999.000,9999.000,9999.000,9999.000
202605111936,   1.302,   1.679,9999.000,9999.000,9999.000,9999.000,9999.000,9999.000,9999.000
202605111942,   1.298,   1.669,9999.000,9999.000,9999.000,9999.000,9999.000,9999.000,9999.000
202605111948,   1.295,   1.639,9999.000,9999.000,9999.000,9999.000,9999.000,9999.000,9999.000
202605111954,   1.292,   1.669,9999.000,9999.000,9999.000,9999.000,9999.000,9999.000,9999.000
202605112000,   1.289,   1.649,   0.400,  -0.040,   1.649,   0.300,   1.549,   0.400,   1.649
202605112006,   1.286,   1.639,9999.000,9999.000,9999.000,9999.000,9999.000,9999.000,9999.000
202605112012,   1.283,   1.639,9999.000,9999.000,9999.000,9999.000,9999.000,9999.000,9999.000
202605112018,   1.280,   1.639,9999.000,9999.000,9999.000,9999.000,9999.000,9999.000,9999.000
202605112024,   1.277,   1.610,9999.000,9999.000,9999.000,9999.000,9999.000,9999.000,9999.000
202605112030,   1.274,   1.610,9999.000,9999.000,9999.000,9999.000,9999.000,9999.000,9999.000
202605112036,   1.271,   1.600,9999.000,9999.000,9999.000,9999.000,9999.000,9999.000,9999.000
202605112042,   1.268,   1.590,9999.000,9999.000,9999.000,9999.000,9999.000,9999.000,9999.000
202605112048,   1.266,   1.600,9999.000,9999.000,9999.000,9999.000,9999.000,9999.000,9999.000
202605112054,   1.263,   1.571,9999.000,9999.000,9999.000,9999.000,9999.000,9999.000,9999.000
202605112100,   1.261,   1.580,   0.400,  -0.081,   1.580,   0.300,   1.480,   0.400,   1.580
202605112106,   1.259,   1.610,9999.000,9999.000,9999.000,9999.000,9999.000,9999.000,9999.000
202605112112,   1.257,   1.600,9999.000,9999.000,9999.000,9999.000,9999.000,9999.000,9999.000
202605112118,   1.254,   1.600,9999.000,9999.000,9999.000,9999.000,9999.000,9999.000,9999.000
202605112124,   1.253,   1.580,9999.000,9999.000,9999.000,9999.000,9999.000,9999.000,9999.000
202605112130,   1.251,   1.590,9999.000,9999.000,9999.000,9999.000,9999.000,9999.000,9999.000
202605112136,   1.249,   1.630,9999.000,9999.000,9999.000,9999.000,9999.000,9999.000,9999.000
202605112142,   1.247,   1.630,9999.000,9999.000,9999.000,9999.000,9999.000,9999.000,9999.000
202605112148,   1.246,   1.620,9999.000,9999.000,9999.000,9999.000,9999.000,9999.000,9999.000
202605112154,   1.244,   1.620,9999.000,9999.000,9999.000,9999.000,9999.000,9999.000,9999.000
202605112200,   1.243,   1.600,   0.400,  -0.043,   1.600,   0.300,   1.500,   0.400,   1.600
202605112206,   1.242,   1.600,9999.000,9999.000,9999.000,9999.000,9999.000,9999.000,9999.000
202605112212,   1.241,   1.620,9999.000,9999.000,9999.000,9999.000,9999.000,9999.000,9999.000
202605112218,   1.239,   1.610,9999.000,9999.000,9999.000,9999.000,9999.000,9999.000,9999.000
202605112224,   1.238,   1.580,9999.000,9999.000,9999.000,9999.000,9999.000,9999.000,9999.000
202605112230,   1.237,   1.548,9999.000,9999.000,9999.000,9999.000,9999.000,9999.000,9999.000
202605112236,   1.236,   1.538,9999.000,9999.000,9999.000,9999.000,9999.000,9999.000,9999.000
202605112242,   1.235,   1.538,9999.000,9999.000,9999.000,9999.000,9999.000,9999.000,9999.000
202605112248,   1.234,   1.538,9999.000,9999.000,9999.000,9999.000,9999.000,9999.000,9999.000
202605112254,   1.233,   1.548,9999.000,9999.000,9999.000,9999.000,9999.000,9999.000,9999.000
202605112300,   1.232,   1.518,   0.400,  -0.114,   1.518,   0.300,   1.418,   0.400,   1.518
202605112306,   1.231,   1.508,9999.000,9999.000,9999.000,9999.000,9999.000,9999.000,9999.000
202605112312,   1.230,   1.508,9999.000,9999.000,9999.000,9999.000,9999.000,9999.000,9999.000
202605112318,   1.229,   1.518,9999.000,9999.000,9999.000,9999.000,9999.000,9999.000,9999.000
202605112324,   1.227,   1.528,9999.000,9999.000,9999.000,9999.000,9999.000,9999.000,9999.000
202605112330,   1.226,   1.518,9999.000,9999.000,9999.000,9999.000,9999.000,9999.000,9999.000
202605112336,   1.224,   1.498,9999.000,9999.000,9999.000,9999.000,9999.000,9999.000,9999.000
202605112342,   1.223,   1.489,9999.000,9999.000,9999.000,9999.000,9999.000,9999.000,9999.000
202605112348,   1.221,   1.498,9999.000,9999.000,9999.000,9999.000,9999.000,9999.000,9999.000
202605112354,   1.219,   1.498,9999.000,9999.000,9999.000,9999.000,9999.000,9999.000,9999.000
202605120000,   1.217,   1.469,   0.400,  -0.148,   1.469,   0.400,   1.469,   0.400,   1.469
202605120006,   1.214,   1.449,9999.000,9999.000,9999.000,9999.000,9999.000,9999.000,9999.000
202605120012,   1.212,   1.439,9999.000,9999.000,9999.000,9999.000,9999.000,9999.000,9999.000
202605120018,   1.209,   1.420,9999.000,9999.000,9999.000,9999.000,9999.000,9999.000,9999.000
202605120024,   1.206,   1.410,9999.000,9999.000,9999.000,9999.000,9999.000,9999.000,9999.000
202605120030,   1.203,   1.400,9999.000,9999.000,9999.000,9999.000,9999.000,9999.000,9999.000
202605120036,   1.199,   1.380,9999.000,9999.000,9999.000,9999.000,9999.000,9999.000,9999.000
202605120042,   1.196,   1.380,9999.000,9999.000,9999.000,9999.000,9999.000,9999.000,9999.000
202605120048,   1.192,   1.390,9999.000,9999.000,9999.000,9999.000,9999.000,9999.000,9999.000
202605120054,   1.188,   1.390,9999.000,9999.000,9999.000,9999.000,9999.000,9999.000,9999.000
202605120100,   1.184,   1.361,   0.400,  -0.223,   1.361,   0.400,   1.361,   0.400,   1.361
202605120106,   1.180,   1.361,9999.000,9999.000,9999.000,9999.000,9999.000,9999.000,9999.000
202605120112,   1.175,   1.390,9999.000,9999.000,9999.000,9999.000,9999.000,9999.000,9999.000
202605120118,   1.171,   1.390,9999.000,9999.000,9999.000,9999.000,9999.000,9999.000,9999.000
202605120124,   1.166,   1.400,9999.000,9999.000,9999.000,9999.000,9999.000,9999.000,9999.000
202605120130,   1.162,   1.410,9999.000,9999.000,9999.000,9999.000,9999.000,9999.000,9999.000
202605120136,   1.157,   1.420,9999.000,9999.000,9999.000,9999.000,9999.000,9999.000,9999.000
202605120142,   1.152,   1.410,9999.000,9999.000,9999.000,9999.000,9999.000,9999.000,9999.000
202605120148,   1.147,   1.410,9999.000,9999.000,9999.000,9999.000,9999.000,9999.000,9999.000
202605120154,   1.143,   1.410,9999.000,9999.000,9999.000,9999.000,9999.000,9999.000,9999.000
202605120200,   1.138,   1.420,   0.400,  -0.118,   1.420,   0.400,   1.420,   0.400,   1.420
202605120206,   1.133,   1.430,9999.000,9999.000,9999.000,9999.000,9999.000,9999.000,9999.000
202605120212,   1.128,   1.420,9999.000,9999.000,9999.000,9999.000,9999.000,9999.000,9999.000
202605120218,   1.124,   1.420,9999.000,9999.000,9999.000,9999.000,9999.000,9999.000,9999.000
202605120224,   1.119,   1.439,9999.000,9999.000,9999.000,9999.000,9999.000,9999.000,9999.000
202605120230,   1.115,   1.449,9999.000,9999.000,9999.000,9999.000,9999.000,9999.000,9999.000
202605120236,   1.110,   1.479,9999.000,9999.000,9999.000,9999.000,9999.000,9999.000,9999.000
202605120242,   1.106,   1.489,9999.000,9999.000,9999.000,9999.000,9999.000,9999.000,9999.000
202605120248,   1.102,   1.489,9999.000,9999.000,9999.000,9999.000,9999.000,9999.000,9999.000
202605120254,   1.098,   1.489,9999.000,9999.000,9999.000,9999.000,9999.000,9999.000,9999.000
202605120300,   1.094,   1.498,   0.400,   0.004,   1.498,   0.400,   1.498,   0.500,   1.598
202605120306,   1.090,   1.498,9999.000,9999.000,9999.000,9999.000,9999.000,9999.000,9999.000
202605120312,   1.086,   1.518,9999.000,9999.000,9999.000,9999.000,9999.000,9999.000,9999.000
202605120318,   1.082,   1.528,9999.000,9999.000,9999.000,9999.000,9999.000,9999.000,9999.000
202605120324,   1.078,   1.528,9999.000,9999.000,9999.000,9999.000,9999.000,9999.000,9999.000
202605120330,   1.074,   1.508,9999.000,9999.000,9999.000,9999.000,9999.000,9999.000,9999.000
202605120336,   1.071,   1.489,9999.000,9999.000,9999.000,9999.000,9999.000,9999.000,9999.000
202605120342,   1.067,   1.479,9999.000,9999.000,9999.000,9999.000,9999.000,9999.000,9999.000
202605120348,   1.063,   1.459,9999.000,9999.000,9999.000,9999.000,9999.000,9999.000,9999.000
202605120354,   1.059,   1.469,9999.000,9999.000,9999.000,9999.000,9999.000,9999.000,9999.000
202605120400,   1.055,   1.430,   0.400,  -0.025,   1.430,   0.400,   1.430,   0.500,   1.530
202605120406,   1.051,   1.400,9999.000,9999.000,9999.000,9999.000,9999.000,9999.000,9999.000
202605120412,   1.047,   1.380,9999.000,9999.000,9999.000,9999.000,9999.000,9999.000,9999.000
202605120418,   1.042,   1.348,9999.000,9999.000,9999.000,9999.000,9999.000,9999.000,9999.000
202605120424,   1.038,   1.328,9999.000,9999.000,9999.000,9999.000,9999.000,9999.000,9999.000
202605120430,   1.033,   1.318,9999.000,9999.000,9999.000,9999.000,9999.000,9999.000,9999.000
202605120436,   1.028,   1.289,9999.000,9999.000,9999.000,9999.000,9999.000,9999.000,9999.000
202605120442,   1.023,   1.229,9999.000,9999.000,9999.000,9999.000,9999.000,9999.000,9999.000
202605120448,   1.018,   1.180,9999.000,9999.000,9999.000,9999.000,9999.000,9999.000,9999.000
202605120454,   1.012,   1.220,9999.000,9999.000,9999.000,9999.000,9999.000,9999.000,9999.000
202605120500,   1.006,   1.239,   0.400,  -0.167,   1.239,   0.400,   1.239,   0.500,   1.339
202605120506,   1.000,   1.259,9999.000,9999.000,9999.000,9999.000,9999.000,9999.000,9999.000
202605120512,   0.994,   1.279,9999.000,9999.000,9999.000,9999.000,9999.000,9999.000,9999.000
202605120518,   0.987,   1.249,9999.000,9999.000,9999.000,9999.000,9999.000,9999.000,9999.000
202605120524,   0.980,   1.161,9999.000,9999.000,9999.000,9999.000,9999.000,9999.000,9999.000
202605120530,   0.973,   1.138,9999.000,9999.000,9999.000,9999.000,9999.000,9999.000,9999.000
202605120536,   0.966,   1.180,9999.000,9999.000,9999.000,9999.000,9999.000,9999.000,9999.000
202605120542,   0.959,   1.170,9999.000,9999.000,9999.000,9999.000,9999.000,9999.000,9999.000
202605120548,   0.951,   1.180,9999.000,9999.000,9999.000,9999.000,9999.000,9999.000,9999.000
202605120554,   0.943,   1.161,9999.000,9999.000,9999.000,9999.000,9999.000,9999.000,9999.000
202605120600,   0.935,   1.108,   0.300,  -0.127,   1.108,   0.300,   1.108,   0.400,   1.208
202605120606,   0.927,   1.108,9999.000,9999.000,9999.000,9999.000,9999.000,9999.000,9999.000
202605120612,   0.919,   1.108,9999.000,9999.000,9999.000,9999.000,9999.000,9999.000,9999.000
202605120618,   0.911,   1.098,9999.000,9999.000,9999.000,9999.000,9999.000,9999.000,9999.000
202605120624,   0.903,   1.108,9999.000,9999.000,9999.000,9999.000,9999.000,9999.000,9999.000
202605120630,   0.895,   1.108,9999.000,9999.000,9999.000,9999.000,9999.000,9999.000,9999.000
202605120636,   0.886,   1.088,9999.000,9999.000,9999.000,9999.000,9999.000,9999.000,9999.000
202605120642,   0.878,   1.049,9999.000,9999.000,9999.000,9999.000,9999.000,9999.000,9999.000
202605120648,   0.870,   1.049,9999.000,9999.000,9999.000,9999.000,9999.000,9999.000,9999.000
202605120654,   0.862,   1.069,9999.000,9999.000,9999.000,9999.000,9999.000,9999.000,9999.000
202605120700,   0.855,   1.069,   0.300,  -0.086,   1.069,   0.200,   0.969,   0.400,   1.169
202605120706,   0.847,   1.059,9999.000,9999.000,9999.000,9999.000,9999.000,9999.000,9999.000
202605120712,   0.839,   1.039,9999.000,9999.000,9999.000,9999.000,9999.000,9999.000,9999.000
202605120718,   0.832,   1.039,9999.000,9999.000,9999.000,9999.000,9999.000,9999.000,9999.000
202605120724,   0.825,   1.049,9999.000,9999.000,9999.000,9999.000,9999.000,9999.000,9999.000
202605120730,   0.819,   1.069,9999.000,9999.000,9999.000,9999.000,9999.000,9999.000,9999.000
202605120736,   0.812,   1.059,9999.000,9999.000,9999.000,9999.000,9999.000,9999.000,9999.000
202605120742,   0.806,   1.049,9999.000,9999.000,9999.000,9999.000,9999.000,9999.000,9999.000
202605120748,   0.800,   1.049,9999.000,9999.000,9999.000,9999.000,9999.000,9999.000,9999.000
202605120754,   0.795,   1.059,9999.000,9999.000,9999.000,9999.000,9999.000,9999.000,9999.000
202605120800,   0.790,   1.069,   0.300,  -0.021,   1.069,   0.200,   0.969,   0.300,   1.069
202605120806,   0.785,   1.098,9999.000,9999.000,9999.000,9999.000,9999.000,9999.000,9999.000
202605120812,   0.781,   1.108,9999.000,9999.000,9999.000,9999.000,9999.000,9999.000,9999.000
202605120818,   0.777,   1.151,9999.000,9999.000,9999.000,9999.000,9999.000,9999.000,9999.000
202605120824,   0.774,   1.246,9999.000,9999.000,9999.000,9999.000,9999.000,9999.000,9999.000
202605120830,   0.771,9999.000,9999.000,9999.000,9999.000,9999.000,9999.000,9999.000,9999.000
202605120836,   0.768,   1.239,9999.000,9999.000,9999.000,9999.000,9999.000,9999.000,9999.000
202605120842,   0.766,   1.259,9999.000,9999.000,9999.000,9999.000,9999.000,9999.000,9999.000
202605120848,   0.764,   1.259,9999.000,9999.000,9999.000,9999.000,9999.000,9999.000,9999.000
202605120854,   0.762,   1.220,9999.000,9999.000,9999.000,9999.000,9999.000,9999.000,9999.000
202605120900,   0.761,   1.249,   0.200,   0.288,   1.249,   0.200,   1.249,   0.300,   1.349
202605120906,   0.761,   1.239,9999.000,9999.000,9999.000,9999.000,9999.000,9999.000,9999.000
202605120912,   0.761,   1.269,9999.000,9999.000,9999.000,9999.000,9999.000,9999.000,9999.000
202605120918,   0.761,   1.298,9999.000,9999.000,9999.000,9999.000,9999.000,9999.000,9999.000
202605120924,   0.762,   1.289,9999.000,9999.000,9999.000,9999.000,9999.000,9999.000,9999.000
202605120930,   0.763,   1.249,9999.000,9999.000,9999.000,9999.000,9999.000,9999.000,9999.000
202605120936,   0.765,   1.249,9999.000,9999.000,9999.000,9999.000,9999.000,9999.000,9999.000
202605120942,   0.767,   1.269,9999.000,9999.000,9999.000,9999.000,9999.000,9999.000,9999.000
202605120948,   0.770,   1.229,9999.000,9999.000,9999.000,9999.000,9999.000,9999.000,9999.000
202605120954,   0.773,   1.180,9999.000,9999.000,9999.000,9999.000,9999.000,9999.000,9999.000
202605121000,   0.776,   1.138,   0.300,   0.062,   1.138,   0.200,   1.038,   0.300,   1.138
202605121006,   0.780,   1.128,9999.000,9999.000,9999.000,9999.000,9999.000,9999.000,9999.000
202605121012,   0.785,   1.138,9999.000,9999.000,9999.000,9999.000,9999.000,9999.000,9999.000
202605121018,   0.789,   1.128,9999.000,9999.000,9999.000,9999.000,9999.000,9999.000,9999.000
202605121024,   0.795,   1.108,9999.000,9999.000,9999.000,9999.000,9999.000,9999.000,9999.000
202605121030,   0.800,   1.098,9999.000,9999.000,9999.000,9999.000,9999.000,9999.000,9999.000
202605121036,   0.806,   1.108,9999.000,9999.000,9999.000,9999.000,9999.000,9999.000,9999.000
202605121042,   0.812,   1.088,9999.000,9999.000,9999.000,9999.000,9999.000,9999.000,9999.000
202605121048,   0.819,   1.059,9999.000,9999.000,9999.000,9999.000,9999.000,9999.000,9999.000
202605121054,   0.826,   1.079,9999.000,9999.000,9999.000,9999.000,9999.000,9999.000,9999.000
202605121100,   0.834,   1.069,   0.300,  -0.065,   1.069,   0.200,   0.969,   0.300,   1.069
202605121106,   0.841,   1.059,9999.000,9999.000,9999.000,9999.000,9999.000,9999.000,9999.000
202605121112,   0.849,   1.079,9999.000,9999.000,9999.000,9999.000,9999.000,9999.000,9999.000
202605121118,   0.858,   1.098,9999.000,9999.000,9999.000,9999.000,9999.000,9999.000,9999.000
202605121124,   0.866,   1.108,9999.000,9999.000,9999.000,9999.000,9999.000,9999.000,9999.000
202605121130,   0.875,   1.098,9999.000,9999.000,9999.000,9999.000,9999.000,9999.000,9999.000
202605121136,   0.884,   1.108,9999.000,9999.000,9999.000,9999.000,9999.000,9999.000,9999.000
202605121142,   0.894,   1.151,9999.000,9999.000,9999.000,9999.000,9999.000,9999.000,9999.000
202605121148,   0.903,   1.151,9999.000,9999.000,9999.000,9999.000,9999.000,9999.000,9999.000
202605121154,   0.913,   1.170,9999.000,9999.000,9999.000,9999.000,9999.000,9999.000,9999.000
202605121200,   0.922,   1.180,   0.200,   0.058,   1.180,   0.100,   1.080,   0.200,   1.180
202605121206,   0.932,   1.170,9999.000,9999.000,9999.000,9999.000,9999.000,9999.000,9999.000
202605121212,   0.942,   1.180,9999.000,9999.000,9999.000,9999.000,9999.000,9999.000,9999.000
202605121218,   0.952,   1.220,9999.000,9999.000,9999.000,9999.000,9999.000,9999.000,9999.000
202605121224,   0.963,   1.239,9999.000,9999.000,9999.000,9999.000,9999.000,9999.000,9999.000
202605121230,   0.973,   1.239,9999.000,9999.000,9999.000,9999.000,9999.000,9999.000,9999.000
202605121236,   0.983,   1.249,9999.000,9999.000,9999.000,9999.000,9999.000,9999.000,9999.000
202605121242,   0.993,   1.269,9999.000,9999.000,9999.000,9999.000,9999.000,9999.000,9999.000
202605121248,   1.003,   1.279,9999.000,9999.000,9999.000,9999.000,9999.000,9999.000,9999.000
202605121254,   1.014,   1.308,9999.000,9999.000,9999.000,9999.000,9999.000,9999.000,9999.000
202605121300,   1.024,   1.328,   0.200,   0.104,   1.328,   0.200,   1.328,   0.300,   1.428
202605121306,   1.034,   1.348,9999.000,9999.000,9999.000,9999.000,9999.000,9999.000,9999.000
202605121312,   1.044,   1.361,9999.000,9999.000,9999.000,9999.000,9999.000,9999.000,9999.000
202605121318,   1.054,   1.390,9999.000,9999.000,9999.000,9999.000,9999.000,9999.000,9999.000
202605121324,   1.064,   1.420,9999.000,9999.000,9999.000,9999.000,9999.000,9999.000,9999.000
202605121330,   1.074,   1.459,9999.000,9999.000,9999.000,9999.000,9999.000,9999.000,9999.000
202605121336,   1.084,   1.489,9999.000,9999.000,9999.000,9999.000,9999.000,9999.000,9999.000
202605121342,   1.094,   1.508,9999.000,9999.000,9999.000,9999.000,9999.000,9999.000,9999.000
202605121348,   1.104,   1.528,9999.000,9999.000,9999.000,9999.000,9999.000,9999.000,9999.000
202605121354,   1.113,   1.557,9999.000,9999.000,9999.000,9999.000,9999.000,9999.000,9999.000
202605121400,   1.123,   1.600,   0.200,   0.277,   1.600,   0.200,   1.600,   0.300,   1.700
202605121406,   1.133,   1.630,9999.000,9999.000,9999.000,9999.000,9999.000,9999.000,9999.000
202605121412,   1.142,   1.659,9999.000,9999.000,9999.000,9999.000,9999.000,9999.000,9999.000
202605121418,   1.152,   1.689,9999.000,9999.000,9999.000,9999.000,9999.000,9999.000,9999.000
202605121424,   1.161,   1.728,9999.000,9999.000,9999.000,9999.000,9999.000,9999.000,9999.000
202605121430,   1.170,   1.748,9999.000,9999.000,9999.000,9999.000,9999.000,9999.000,9999.000
202605121436,   1.180,   1.758,9999.000,9999.000,9999.000,9999.000,9999.000,9999.000,9999.000
202605121442,   1.189,   1.820,9999.000,9999.000,9999.000,9999.000,9999.000,9999.000,9999.000
202605121448,   1.198,   1.869,9999.000,9999.000,9999.000,9999.000,9999.000,9999.000,9999.000
202605121454,   1.207,   1.859,9999.000,9999.000,9999.000,9999.000,9999.000,9999.000,9999.000
202605121500,   1.216,   1.889,   0.200,   0.473,   1.889,   0.200,   1.889,   0.300,   1.989
202605121506,   1.224,   1.908,9999.000,9999.000,9999.000,9999.000,9999.000,9999.000,9999.000
202605121512,   1.233,   1.938,9999.000,9999.000,9999.000,9999.000,9999.000,9999.000,9999.000
202605121518,   1.241,   1.958,9999.000,9999.000,9999.000,9999.000,9999.000,9999.000,9999.000
202605121524,   1.250,   1.958,9999.000,9999.000,9999.000,9999.000,9999.000,9999.000,9999.000
202605121530,   1.258,   1.967,9999.000,9999.000,9999.000,9999.000,9999.000,9999.000,9999.000
202605121536,   1.265,   2.010,9999.000,9999.000,9999.000,9999.000,9999.000,9999.000,9999.000
202605121542,   1.273,   2.030,9999.000,9999.000,9999.000,9999.000,9999.000,9999.000,9999.000
202605121548,   1.280,   2.040,9999.000,9999.000,9999.000,9999.000,9999.000,9999.000,9999.000
202605121554,   1.287,   2.059,9999.000,9999.000,9999.000,9999.000,9999.000,9999.000,9999.000
202605121600,   1.293,   2.069,   0.300,   0.476,   2.069,   0.200,   1.969,   0.300,   2.069
202605121606,   1.299,   2.099,9999.000,9999.000,9999.000,9999.000,9999.000,9999.000,9999.000
202605121612,   1.305,   2.109,9999.000,9999.000,9999.000,9999.000,9999.000,9999.000,9999.000
202605121618,   1.310,   2.109,9999.000,9999.000,9999.000,9999.000,9999.000,9999.000,9999.000
202605121624,   1.314,   2.118,9999.000,9999.000,9999.000,9999.000,9999.000,9999.000,9999.000
202605121630,   1.318,   2.109,9999.000,9999.000,9999.000,9999.000,9999.000,9999.000,9999.000
202605121636,   1.322,   2.128,9999.000,9999.000,9999.000,9999.000,9999.000,9999.000,9999.000
202605121642,   1.325,   2.148,9999.000,9999.000,9999.000,9999.000,9999.000,9999.000,9999.000
202605121648,   1.327,   2.148,9999.000,9999.000,9999.000,9999.000,9999.000,9999.000,9999.000
202605121654,   1.329,   2.158,9999.000,9999.000,9999.000,9999.000,9999.000,9999.000,9999.000
202605121700,   1.330,   2.168,   0.300,   0.538,   2.168,   0.200,   2.068,   0.300,   2.168
202605121706,   1.330,   2.177,9999.000,9999.000,9999.000,9999.000,9999.000,9999.000,9999.000
202605121712,   1.330,   2.177,9999.000,9999.000,9999.000,9999.000,9999.000,9999.000,9999.000
202605121718,   1.328,   2.177,9999.000,9999.000,9999.000,9999.000,9999.000,9999.000,9999.000
202605121724,   1.327,   2.177,9999.000,9999.000,9999.000,9999.000,9999.000,9999.000,9999.000
202605121730,   1.324,   2.148,9999.000,9999.000,9999.000,9999.000,9999.000,9999.000,9999.000
202605121736,   1.321,   2.148,9999.000,9999.000,9999.000,9999.000,9999.000,9999.000,9999.000
202605121742,   1.317,   2.128,9999.000,9999.000,9999.000,9999.000,9999.000,9999.000,9999.000
202605121748,   1.313,   2.109,9999.000,9999.000,9999.000,9999.000,9999.000,9999.000,9999.000
202605121754,   1.308,   2.109,9999.000,9999.000,9999.000,9999.000,9999.000,9999.000,9999.000
202605121800,   1.302,   2.089,   0.500,   0.287,   2.089,   0.400,   1.989,   0.500,   2.089
202605121806,   1.295,   2.049,9999.000,9999.000,9999.000,9999.000,9999.000,9999.000,9999.000
202605121812,   1.288,   2.040,9999.000,9999.000,9999.000,9999.000,9999.000,9999.000,9999.000
202605121818,   1.281,   2.020,9999.000,9999.000,9999.000,9999.000,9999.000,9999.000,9999.000
202605121824,   1.273,   1.990,9999.000,9999.000,9999.000,9999.000,9999.000,9999.000,9999.000
202605121830,   1.264,   1.967,9999.000,9999.000,9999.000,9999.000,9999.000,9999.000,9999.000
202605121836,   1.255,   1.958,9999.000,9999.000,9999.000,9999.000,9999.000,9999.000,9999.000
202605121842,   1.245,   1.928,9999.000,9999.000,9999.000,9999.000,9999.000,9999.000,9999.000
202605121848,   1.236,   1.908,9999.000,9999.000,9999.000,9999.000,9999.000,9999.000,9999.000
202605121854,   1.225,   1.889,9999.000,9999.000,9999.000,9999.000,9999.000,9999.000,9999.000
202605121900,   1.215,   1.879,   0.500,   0.164,   1.879,   0.400,   1.779,   0.500,   1.879
202605121906,   1.204,   1.859,9999.000,9999.000,9999.000,9999.000,9999.000,9999.000,9999.000
202605121912,   1.193,   1.849,9999.000,9999.000,9999.000,9999.000,9999.000,9999.000,9999.000
202605121918,   1.182,   1.820,9999.000,9999.000,9999.000,9999.000,9999.000,9999.000,9999.000
202605121924,   1.171,   1.790,9999.000,9999.000,9999.000,9999.000,9999.000,9999.000,9999.000
202605121930,   1.159,   1.758,9999.000,9999.000,9999.000,9999.000,9999.000,9999.000,9999.000
202605121936,   1.148,   1.748,9999.000,9999.000,9999.000,9999.000,9999.000,9999.000,9999.000
202605121942,   1.136,   1.708,9999.000,9999.000,9999.000,9999.000,9999.000,9999.000,9999.000
202605121948,   1.125,   1.689,9999.000,9999.000,9999.000,9999.000,9999.000,9999.000,9999.000
202605121954,   1.113,   1.669,9999.000,9999.000,9999.000,9999.000,9999.000,9999.000,9999.000
202605122000,   1.102,   1.659,   0.500,   0.057,   1.659,   0.400,   1.559,   0.500,   1.659
202605122006,   1.091,   1.630,9999.000,9999.000,9999.000,9999.000,9999.000,9999.000,9999.000
202605122012,   1.079,   1.610,9999.000,9999.000,9999.000,9999.000,9999.000,9999.000,9999.000
202605122018,   1.068,   1.610,9999.000,9999.000,9999.000,9999.000,9999.000,9999.000,9999.000
202605122024,   1.058,   1.600,9999.000,9999.000,9999.000,9999.000,9999.000,9999.000,9999.000
202605122030,   1.047,   1.557,9999.000,9999.000,9999.000,9999.000,9999.000,9999.000,9999.000
202605122036,   1.037,   1.548,9999.000,9999.000,9999.000,9999.000,9999.000,9999.000,9999.000
202605122042,   1.026,   1.528,9999.000,9999.000,9999.000,9999.000,9999.000,9999.000,9999.000
202605122048,   1.017,   1.528,9999.000,9999.000,9999.000,9999.000,9999.000,9999.000,9999.000
202605122054,   1.007,   1.528,9999.000,9999.000,9999.000,9999.000,9999.000,9999.000,9999.000
202605122100,   0.998,   1.528,   0.500,   0.030,   1.528,   0.400,   1.428,   0.600,   1.628
202605122106,   0.989,   1.538,9999.000,9999.000,9999.000,9999.000,9999.000,9999.000,9999.000
202605122112,   0.980,   1.538,9999.000,9999.000,9999.000,9999.000,9999.000,9999.000,9999.000
202605122118,   0.971,   1.548,9999.000,9999.000,9999.000,9999.000,9999.000,9999.000,9999.000
202605122124,   0.963,   1.557,9999.000,9999.000,9999.000,9999.000,9999.000,9999.000,9999.000
202605122130,   0.955,   1.571,9999.000,9999.000,9999.000,9999.000,9999.000,9999.000,9999.000
202605122136,   0.948,   1.557,9999.000,9999.000,9999.000,9999.000,9999.000,9999.000,9999.000
202605122142,   0.941,   1.580,9999.000,9999.000,9999.000,9999.000,9999.000,9999.000,9999.000
202605122148,   0.934,   1.600,9999.000,9999.000,9999.000,9999.000,9999.000,9999.000,9999.000
202605122154,   0.928,   1.600,9999.000,9999.000,9999.000,9999.000,9999.000,9999.000,9999.000
202605122200,   0.921,   1.620,   0.500,   0.199,   1.620,   0.400,   1.520,   0.600,   1.720
202605122206,   0.916,   1.620,9999.000,9999.000,9999.000,9999.000,9999.000,9999.000,9999.000
202605122212,   0.910,   1.610,9999.000,9999.000,9999.000,9999.000,9999.000,9999.000,9999.000
202605122218,   0.905,   1.590,9999.000,9999.000,9999.000,9999.000,9999.000,9999.000,9999.000
202605122224,   0.900,   1.600,9999.000,9999.000,9999.000,9999.000,9999.000,9999.000,9999.000
202605122230,   0.896,   1.630,9999.000,9999.000,9999.000,9999.000,9999.000,9999.000,9999.000
202605122236,   0.892,   1.620,9999.000,9999.000,9999.000,9999.000,9999.000,9999.000,9999.000
202605122242,   0.888,   1.630,9999.000,9999.000,9999.000,9999.000,9999.000,9999.000,9999.000
202605122248,   0.885,   1.649,9999.000,9999.000,9999.000,9999.000,9999.000,9999.000,9999.000
202605122254,   0.882,   1.659,9999.000,9999.000,9999.000,9999.000,9999.000,9999.000,9999.000
202605122300,   0.879,   1.659,   0.500,   0.280,   1.659,   0.500,   1.659,   0.600,   1.759
202605122306,   0.876,   1.669,9999.000,9999.000,9999.000,9999.000,9999.000,9999.000,9999.000
202605122312,   0.874,   1.689,9999.000,9999.000,9999.000,9999.000,9999.000,9999.000,9999.000
202605122318,   0.872,   1.699,9999.000,9999.000,9999.000,9999.000,9999.000,9999.000,9999.000
202605122324,   0.871,   1.699,9999.000,9999.000,9999.000,9999.000,9999.000,9999.000,9999.000
202605122330,   0.869,   1.699,9999.000,9999.000,9999.000,9999.000,9999.000,9999.000,9999.000
202605122336,   0.868,   1.708,9999.000,9999.000,9999.000,9999.000,9999.000,9999.000,9999.000
202605122342,   0.867,   1.718,9999.000,9999.000,9999.000,9999.000,9999.000,9999.000,9999.000
202605122348,   0.867,   1.748,9999.000,9999.000,9999.000,9999.000,9999.000,9999.000,9999.000
202605122354,   0.866,   1.738,9999.000,9999.000,9999.000,9999.000,9999.000,9999.000,9999.000
202605130000,   0.866,   1.758,   0.700,   0.192,   1.758,   0.700,   1.758,   0.800,   1.858
202605130006,   0.866,   1.758,9999.000,9999.000,9999.000,9999.000,9999.000,9999.000,9999.000
202605130012,   0.866,   1.748,9999.000,9999.000,9999.000,9999.000,9999.000,9999.000,9999.000
202605130018,   0.867,   1.758,9999.000,9999.000,9999.000,9999.000,9999.000,9999.000,9999.000
202605130024,   0.867,   1.767,9999.000,9999.000,9999.000,9999.000,9999.000,9999.000,9999.000
202605130030,   0.868,   1.790,9999.000,9999.000,9999.000,9999.000,9999.000,9999.000,9999.000
202605130036,   0.869,   1.790,9999.000,9999.000,9999.000,9999.000,9999.000,9999.000,9999.000
202605130042,   0.870,   1.800,9999.000,9999.000,9999.000,9999.000,9999.000,9999.000,9999.000
202605130048,   0.871,   1.810,9999.000,9999.000,9999.000,9999.000,9999.000,9999.000,9999.000
202605130054,   0.872,   1.800,9999.000,9999.000,9999.000,9999.000,9999.000,9999.000,9999.000
202605130100,   0.873,   1.830,   0.700,   0.257,   1.830,   0.700,   1.830,   0.800,   1.930
202605130106,   0.874,   1.849,9999.000,9999.000,9999.000,9999.000,9999.000,9999.000,9999.000
202605130112,   0.875,   1.830,9999.000,9999.000,9999.000,9999.000,9999.000,9999.000,9999.000
202605130118,   0.877,   1.830,9999.000,9999.000,9999.000,9999.000,9999.000,9999.000,9999.000
202605130124,   0.878,   1.830,9999.000,9999.000,9999.000,9999.000,9999.000,9999.000,9999.000
202605130130,   0.880,   1.820,9999.000,9999.000,9999.000,9999.000,9999.000,9999.000,9999.000
202605130136,   0.882,   1.800,9999.000,9999.000,9999.000,9999.000,9999.000,9999.000,9999.000
202605130142,   0.884,   1.820,9999.000,9999.000,9999.000,9999.000,9999.000,9999.000,9999.000
202605130148,   0.885,   1.820,9999.000,9999.000,9999.000,9999.000,9999.000,9999.000,9999.000
202605130154,   0.887,   1.840,9999.000,9999.000,9999.000,9999.000,9999.000,9999.000,9999.000
202605130200,   0.889,   1.849,   0.800,   0.160,   1.849,   0.700,   1.749,   0.800,   1.849
202605130206,   0.892,   1.859,9999.000,9999.000,9999.000,9999.000,9999.000,9999.000,9999.000
202605130212,   0.894,   1.849,9999.000,9999.000,9999.000,9999.000,9999.000,9999.000,9999.000
202605130218,   0.896,   1.869,9999.000,9999.000,9999.000,9999.000,9999.000,9999.000,9999.000
202605130224,   0.900,   1.889,9999.000,9999.000,9999.000,9999.000,9999.000,9999.000,9999.000
202605130230,   0.902,   1.889,9999.000,9999.000,9999.000,9999.000,9999.000,9999.000,9999.000
202605130236,   0.905,   1.889,9999.000,9999.000,9999.000,9999.000,9999.000,9999.000,9999.000
202605130242,   0.908,   1.899,9999.000,9999.000,9999.000,9999.000,9999.000,9999.000,9999.000
202605130248,   0.911,   1.928,9999.000,9999.000,9999.000,9999.000,9999.000,9999.000,9999.000
202605130254,   0.915,   1.958,9999.000,9999.000,9999.000,9999.000,9999.000,9999.000,9999.000
202605130300,   0.918,   1.958,   0.800,   0.240,   1.958,   0.700,   1.858,   0.800,   1.958
202605130306,   0.922,   1.958,9999.000,9999.000,9999.000,9999.000,9999.000,9999.000,9999.000
202605130312,   0.926,   1.958,9999.000,9999.000,9999.000,9999.000,9999.000,9999.000,9999.000
202605130318,   0.930,   1.958,9999.000,9999.000,9999.000,9999.000,9999.000,9999.000,9999.000
202605130324,   0.934,   1.967,9999.000,9999.000,9999.000,9999.000,9999.000,9999.000,9999.000
202605130330,   0.939,   1.967,9999.000,9999.000,9999.000,9999.000,9999.000,9999.000,9999.000
202605130336,   0.943,   1.981,9999.000,9999.000,9999.000,9999.000,9999.000,9999.000,9999.000
202605130342,   0.948,   1.981,9999.000,9999.000,9999.000,9999.000,9999.000,9999.000,9999.000
202605130348,   0.953,   1.981,9999.000,9999.000,9999.000,9999.000,9999.000,9999.000,9999.000
202605130354,   0.958,   1.967,9999.000,9999.000,9999.000,9999.000,9999.000,9999.000,9999.000
202605130400,   0.963,   1.967,   0.800,   0.204,   1.967,   0.800,   1.967,   0.900,   2.067
202605130406,   0.967,   1.948,9999.000,9999.000,9999.000,9999.000,9999.000,9999.000,9999.000
202605130412,   0.972,   1.948,9999.000,9999.000,9999.000,9999.000,9999.000,9999.000,9999.000
202605130418,   0.977,   1.958,9999.000,9999.000,9999.000,9999.000,9999.000,9999.000,9999.000
202605130424,   0.982,   1.948,9999.000,9999.000,9999.000,9999.000,9999.000,9999.000,9999.000
202605130430,   0.987,   1.958,9999.000,9999.000,9999.000,9999.000,9999.000,9999.000,9999.000
202605130436,   0.992,   2.000,9999.000,9999.000,9999.000,9999.000,9999.000,9999.000,9999.000
202605130442,   0.996,   2.030,9999.000,9999.000,9999.000,9999.000,9999.000,9999.000,9999.000
202605130448,   1.001,   2.030,9999.000,9999.000,9999.000,9999.000,9999.000,9999.000,9999.000
202605130454,   1.005,   2.020,9999.000,9999.000,9999.000,9999.000,9999.000,9999.000,9999.000
202605130500,   1.009,   2.040,   0.800,   0.231,   2.040,   0.800,   2.040,   0.900,   2.140
202605130506,   1.013,   2.059,9999.000,9999.000,9999.000,9999.000,9999.000,9999.000,9999.000
202605130512,   1.016,   2.099,9999.000,9999.000,9999.000,9999.000,9999.000,9999.000,9999.000
202605130518,   1.019,   2.168,9999.000,9999.000,9999.000,9999.000,9999.000,9999.000,9999.000
202605130524,   1.022,   2.200,9999.000,9999.000,9999.000,9999.000,9999.000,9999.000,9999.000
202605130530,   1.025,   2.240,9999.000,9999.000,9999.000,9999.000,9999.000,9999.000,9999.000
202605130536,   1.027,   2.220,9999.000,9999.000,9999.000,9999.000,9999.000,9999.000,9999.000
202605130542,   1.029,   2.200,9999.000,9999.000,9999.000,9999.000,9999.000,9999.000,9999.000
202605130548,   1.030,   2.210,9999.000,9999.000,9999.000,9999.000,9999.000,9999.000,9999.000
202605130554,   1.031,   2.230,9999.000,9999.000,9999.000,9999.000,9999.000,9999.000,9999.000
202605130600,   1.032,   2.230,   0.800,   0.398,   2.230,   0.800,   2.230,   0.900,   2.330
202605130606,   1.032,   2.220,9999.000,9999.000,9999.000,9999.000,9999.000,9999.000,9999.000
202605130612,   1.032,   2.230,9999.000,9999.000,9999.000,9999.000,9999.000,9999.000,9999.000
202605130618,   1.031,   2.230,9999.000,9999.000,9999.000,9999.000,9999.000,9999.000,9999.000
202605130624,   1.030,   2.220,9999.000,9999.000,9999.000,9999.000,9999.000,9999.000,9999.000
202605130630,   1.029,   2.210,9999.000,9999.000,9999.000,9999.000,9999.000,9999.000,9999.000
202605130636,   1.028,   2.200,9999.000,9999.000,9999.000,9999.000,9999.000,9999.000,9999.000
202605130642,   1.026,   2.191,9999.000,9999.000,9999.000,9999.000,9999.000,9999.000,9999.000
202605130648,   1.024,   2.168,9999.000,9999.000,9999.000,9999.000,9999.000,9999.000,9999.000
202605130654,   1.022,   2.128,9999.000,9999.000,9999.000,9999.000,9999.000,9999.000,9999.000
202605130700,   1.020,   2.079,   0.800,   0.259,   2.079,   0.800,   2.079,   0.900,   2.179
202605130706,   1.017,   2.069,9999.000,9999.000,9999.000,9999.000,9999.000,9999.000,9999.000
202605130712,   1.015,   2.049,9999.000,9999.000,9999.000,9999.000,9999.000,9999.000,9999.000
202605130718,   1.012,   2.040,9999.000,9999.000,9999.000,9999.000,9999.000,9999.000,9999.000
202605130724,   1.009,   2.020,9999.000,9999.000,9999.000,9999.000,9999.000,9999.000,9999.000
202605130730,   1.007,   1.990,9999.000,9999.000,9999.000,9999.000,9999.000,9999.000,9999.000
202605130736,   1.004,   1.967,9999.000,9999.000,9999.000,9999.000,9999.000,9999.000,9999.000
202605130742,   1.001,   1.938,9999.000,9999.000,9999.000,9999.000,9999.000,9999.000,9999.000
202605130748,   0.999,   1.899,9999.000,9999.000,9999.000,9999.000,9999.000,9999.000,9999.000
202605130754,   0.997,   1.889,9999.000,9999.000,9999.000,9999.000,9999.000,9999.000,9999.000
202605130800,   0.994,   1.859,   0.900,  -0.035,   1.859,   0.800,   1.759,   0.900,   1.859
202605130806,   0.992,   1.849,9999.000,9999.000,9999.000,9999.000,9999.000,9999.000,9999.000
202605130812,   0.991,   1.820,9999.000,9999.000,9999.000,9999.000,9999.000,9999.000,9999.000
202605130818,   0.989,   1.800,9999.000,9999.000,9999.000,9999.000,9999.000,9999.000,9999.000
202605130824,   0.988,   1.781,9999.000,9999.000,9999.000,9999.000,9999.000,9999.000,9999.000
202605130830,   0.987,   1.758,9999.000,9999.000,9999.000,9999.000,9999.000,9999.000,9999.000
202605130836,   0.987,   1.728,9999.000,9999.000,9999.000,9999.000,9999.000,9999.000,9999.000
202605130842,   0.986,   1.708,9999.000,9999.000,9999.000,9999.000,9999.000,9999.000,9999.000
202605130848,   0.986,   1.679,9999.000,9999.000,9999.000,9999.000,9999.000,9999.000,9999.000
202605130854,   0.987,   1.689,9999.000,9999.000,9999.000,9999.000,9999.000,9999.000,9999.000
202605130900,   0.988,   1.669,   0.900,  -0.219,   1.669,   0.800,   1.569,   0.900,   1.669
202605130906,   0.989,   1.669,9999.000,9999.000,9999.000,9999.000,9999.000,9999.000,9999.000
202605130912,   0.991,   1.659,9999.000,9999.000,9999.000,9999.000,9999.000,9999.000,9999.000
202605130918,   0.993,   1.649,9999.000,9999.000,9999.000,9999.000,9999.000,9999.000,9999.000
202605130924,   0.995,   1.639,9999.000,9999.000,9999.000,9999.000,9999.000,9999.000,9999.000
202605130930,   0.998,   1.630,9999.000,9999.000,9999.000,9999.000,9999.000,9999.000,9999.000
202605130936,   1.002,   1.620,9999.000,9999.000,9999.000,9999.000,9999.000,9999.000,9999.000
202605130942,   1.005,   1.649,9999.000,9999.000,9999.000,9999.000,9999.000,9999.000,9999.000
202605130948,   1.010,   1.639,9999.000,9999.000,9999.000,9999.000,9999.000,9999.000,9999.000
202605130954,   1.014,   1.630,9999.000,9999.000,9999.000,9999.000,9999.000,9999.000,9999.000
202605131000,   1.019,   1.630,   0.800,  -0.189,   1.630,   0.800,   1.630,   0.900,   1.730
202605131006,   1.025,   1.639,9999.000,9999.000,9999.000,9999.000,9999.000,9999.000,9999.000
202605131012,   1.030,   1.649,9999.000,9999.000,9999.000,9999.000,9999.000,9999.000,9999.000
202605131018,   1.036,   1.659,9999.000,9999.000,9999.000,9999.000,9999.000,9999.000,9999.000
202605131024,   1.043,   1.669,9999.000,9999.000,9999.000,9999.000,9999.000,9999.000,9999.000
202605131030,   1.050,   1.689,9999.000,9999.000,9999.000,9999.000,9999.000,9999.000,9999.000
202605131036,   1.057,   1.669,9999.000,9999.000,9999.000,9999.000,9999.000,9999.000,9999.000
202605131042,   1.065,   1.679,9999.000,9999.000,9999.000,9999.000,9999.000,9999.000,9999.000
202605131048,   1.073,   1.669,9999.000,9999.000,9999.000,9999.000,9999.000,9999.000,9999.000
202605131054,   1.081,   1.689,9999.000,9999.000,9999.000,9999.000,9999.000,9999.000,9999.000
202605131100,   1.090,   1.708,   0.800,  -0.182,   1.708,   0.800,   1.708,   0.900,   1.808
202605131106,   1.099,   1.699,9999.000,9999.000,9999.000,9999.000,9999.000,9999.000,9999.000
202605131112,   1.108,   1.699,9999.000,9999.000,9999.000,9999.000,9999.000,9999.000,9999.000
202605131118,   1.117,   1.728,9999.000,9999.000,9999.000,9999.000,9999.000,9999.000,9999.000
202605131124,   1.127,   1.728,9999.000,9999.000,9999.000,9999.000,9999.000,9999.000,9999.000
202605131130,   1.137,   1.718,9999.000,9999.000,9999.000,9999.000,9999.000,9999.000,9999.000
202605131136,   1.147,   1.738,9999.000,9999.000,9999.000,9999.000,9999.000,9999.000,9999.000
202605131142,   1.158,   1.738,9999.000,9999.000,9999.000,9999.000,9999.000,9999.000,9999.000
202605131148,   1.168,   1.748,9999.000,9999.000,9999.000,9999.000,9999.000,9999.000,9999.000
202605131154,   1.179,   1.748,9999.000,9999.000,9999.000,9999.000,9999.000,9999.000,9999.000
202605131200,   1.189,   1.748,   0.800,  -0.241,   1.748,   0.700,   1.648,   0.900,   1.848
202605131206,   1.200,9999.000,9999.000,9999.000,9999.000,9999.000,9999.000,9999.000,9999.000
202605131212,   1.211,9999.000,9999.000,9999.000,9999.000,9999.000,9999.000,9999.000,9999.000
202605131218,   1.222,9999.000,9999.000,9999.000,9999.000,9999.000,9999.000,9999.000,9999.000
202605131224,   1.233,9999.000,9999.000,9999.000,9999.000,9999.000,9999.000,9999.000,9999.000
202605131230,   1.244,9999.000,9999.000,9999.000,9999.000,9999.000,9999.000,9999.000,9999.000
202605131236,   1.255,9999.000,9999.000,9999.000,9999.000,9999.000,9999.000,9999.000,9999.000
202605131242,   1.266,9999.000,9999.000,9999.000,9999.000,9999.000,9999.000,9999.000,9999.000
202605131248,   1.276,9999.000,9999.000,9999.000,9999.000,9999.000,9999.000,9999.000,9999.000
202605131254,   1.287,9999.000,9999.000,9999.000,9999.000,9999.000,9999.000,9999.000,9999.000
202605131300,   1.297,9999.000,   0.800,  -0.218,   1.879,   0.700,   1.779,   0.900,   1.979
202605131306,   1.307,9999.000,9999.000,9999.000,9999.000,9999.000,9999.000,9999.000,9999.000
202605131312,   1.317,9999.000,9999.000,9999.000,9999.000,9999.000,9999.000,9999.000,9999.000
202605131318,   1.327,9999.000,9999.000,9999.000,9999.000,9999.000,9999.000,9999.000,9999.000
202605131324,   1.336,9999.000,9999.000,9999.000,9999.000,9999.000,9999.000,9999.000,9999.000
202605131330,   1.346,9999.000,9999.000,9999.000,9999.000,9999.000,9999.000,9999.000,9999.000
202605131336,   1.355,9999.000,9999.000,9999.000,9999.000,9999.000,9999.000,9999.000,9999.000
202605131342,   1.363,9999.000,9999.000,9999.000,9999.000,9999.000,9999.000,9999.000,9999.000
202605131348,   1.371,9999.000,9999.000,9999.000,9999.000,9999.000,9999.000,9999.000,9999.000
202605131354,   1.379,9999.000,9999.000,9999.000,9999.000,9999.000,9999.000,9999.000,9999.000
202605131400,   1.387,9999.000,   0.800,  -0.195,   1.992,   0.700,   1.892,   0.800,   1.992
202605131406,   1.394,9999.000,9999.000,9999.000,9999.000,9999.000,9999.000,9999.000,9999.000
202605131412,   1.401,9999.000,9999.000,9999.000,9999.000,9999.000,9999.000,9999.000,9999.000
202605131418,   1.408,9999.000,9999.000,9999.000,9999.000,9999.000,9999.000,9999.000,9999.000
202605131424,   1.414,9999.000,9999.000,9999.000,9999.000,9999.000,9999.000,9999.000,9999.000
202605131430,   1.420,9999.000,9999.000,9999.000,9999.000,9999.000,9999.000,9999.000,9999.000
202605131436,   1.425,9999.000,9999.000,9999.000,9999.000,9999.000,9999.000,9999.000,9999.000
202605131442,   1.430,9999.000,9999.000,9999.000,9999.000,9999.000,9999.000,9999.000,9999.000
202605131448,   1.435,9999.000,9999.000,9999.000,9999.000,9999.000,9999.000,9999.000,9999.000
202605131454,   1.439,9999.000,9999.000,9999.000,9999.000,9999.000,9999.000,9999.000,9999.000
202605131500,   1.443,9999.000,   0.800,  -0.172,   2.071,   0.700,   1.971,   0.800,   2.071
202605131506,   1.447,9999.000,9999.000,9999.000,9999.000,9999.000,9999.000,9999.000,9999.000
202605131512,   1.450,9999.000,9999.000,9999.000,9999.000,9999.000,9999.000,9999.000,9999.000
202605131518,   1.453,9999.000,9999.000,9999.000,9999.000,9999.000,9999.000,9999.000,9999.000
202605131524,   1.455,9999.000,9999.000,9999.000,9999.000,9999.000,9999.000,9999.000,9999.000
202605131530,   1.458,9999.000,9999.000,9999.000,9999.000,9999.000,9999.000,9999.000,9999.000
202605131536,   1.459,9999.000,9999.000,9999.000,9999.000,9999.000,9999.000,9999.000,9999.000
202605131542,   1.461,9999.000,9999.000,9999.000,9999.000,9999.000,9999.000,9999.000,9999.000
202605131548,   1.462,9999.000,9999.000,9999.000,9999.000,9999.000,9999.000,9999.000,9999.000
202605131554,   1.462,9999.000,9999.000,9999.000,9999.000,9999.000,9999.000,9999.000,9999.000
202605131600,   1.462,9999.000,   0.700,  -0.149,   2.013,   0.700,   2.013,   0.800,   2.113
202605131606,   1.462,9999.000,9999.000,9999.000,9999.000,9999.000,9999.000,9999.000,9999.000
202605131612,   1.462,9999.000,9999.000,9999.000,9999.000,9999.000,9999.000,9999.000,9999.000
202605131618,   1.461,9999.000,9999.000,9999.000,9999.000,9999.000,9999.000,9999.000,9999.000
202605131624,   1.459,9999.000,9999.000,9999.000,9999.000,9999.000,9999.000,9999.000,9999.000
202605131630,   1.457,9999.000,9999.000,9999.000,9999.000,9999.000,9999.000,9999.000,9999.000
202605131636,   1.454,9999.000,9999.000,9999.000,9999.000,9999.000,9999.000,9999.000,9999.000
202605131642,   1.451,9999.000,9999.000,9999.000,9999.000,9999.000,9999.000,9999.000,9999.000
202605131648,   1.448,9999.000,9999.000,9999.000,9999.000,9999.000,9999.000,9999.000,9999.000
202605131654,   1.444,9999.000,9999.000,9999.000,9999.000,9999.000,9999.000,9999.000,9999.000
202605131700,   1.439,9999.000,   0.700,  -0.126,   2.013,   0.700,   2.013,   0.800,   2.113
202605131706,   1.434,9999.000,9999.000,9999.000,9999.000,9999.000,9999.000,9999.000,9999.000
202605131712,   1.428,9999.000,9999.000,9999.000,9999.000,9999.000,9999.000,9999.000,9999.000
202605131718,   1.421,9999.000,9999.000,9999.000,9999.000,9999.000,9999.000,9999.000,9999.000
202605131724,   1.414,9999.000,9999.000,9999.000,9999.000,9999.000,9999.000,9999.000,9999.000
202605131730,   1.406,9999.000,9999.000,9999.000,9999.000,9999.000,9999.000,9999.000,9999.000
202605131736,   1.398,9999.000,9999.000,9999.000,9999.000,9999.000,9999.000,9999.000,9999.000
202605131742,   1.389,9999.000,9999.000,9999.000,9999.000,9999.000,9999.000,9999.000,9999.000
202605131748,   1.379,9999.000,9999.000,9999.000,9999.000,9999.000,9999.000,9999.000,9999.000
202605131754,   1.368,9999.000,9999.000,9999.000,9999.000,9999.000,9999.000,9999.000,9999.000
202605131800,   1.357,9999.000,   0.700,  -0.103,   1.954,   0.700,   1.954,   0.700,   1.954
202605131806,   1.345,9999.000,9999.000,9999.000,9999.000,9999.000,9999.000,9999.000,9999.000
202605131812,   1.332,9999.000,9999.000,9999.000,9999.000,9999.000,9999.000,9999.000,9999.000
202605131818,   1.319,9999.000,9999.000,9999.000,9999.000,9999.000,9999.000,9999.000,9999.000
202605131824,   1.305,9999.000,9999.000,9999.000,9999.000,9999.000,9999.000,9999.000,9999.000
202605131830,   1.290,9999.000,9999.000,9999.000,9999.000,9999.000,9999.000,9999.000,9999.000
202605131836,   1.275,9999.000,9999.000,9999.000,9999.000,9999.000,9999.000,9999.000,9999.000
202605131842,   1.259,9999.000,9999.000,9999.000,9999.000,9999.000,9999.000,9999.000,9999.000
202605131848,   1.242,9999.000,9999.000,9999.000,9999.000,9999.000,9999.000,9999.000,9999.000
202605131854,   1.225,9999.000,9999.000,9999.000,9999.000,9999.000,9999.000,9999.000,9999.000
202605131900,   1.208,9999.000,   0.700,  -0.080,   1.828,   0.600,   1.728,   0.700,   1.828
202605131906,   1.190,9999.000,9999.000,9999.000,9999.000,9999.000,9999.000,9999.000,9999.000
202605131912,   1.172,9999.000,9999.000,9999.000,9999.000,9999.000,9999.000,9999.000,9999.000
202605131918,   1.153,9999.000,9999.000,9999.000,9999.000,9999.000,9999.000,9999.000,9999.000
202605131924,   1.134,9999.000,9999.000,9999.000,9999.000,9999.000,9999.000,9999.000,9999.000
202605131930,   1.114,9999.000,9999.000,9999.000,9999.000,9999.000,9999.000,9999.000,9999.000
202605131936,   1.095,9999.000,9999.000,9999.000,9999.000,9999.000,9999.000,9999.000,9999.000
202605131942,   1.075,9999.000,9999.000,9999.000,9999.000,9999.000,9999.000,9999.000,9999.000
202605131948,   1.055,9999.000,9999.000,9999.000,9999.000,9999.000,9999.000,9999.000,9999.000
202605131954,   1.035,9999.000,9999.000,9999.000,9999.000,9999.000,9999.000,9999.000,9999.000
202605132000,   1.015,9999.000,   0.700,  -0.057,   1.658,   0.600,   1.558,   0.700,   1.658
202605132006,   0.995,9999.000,9999.000,9999.000,9999.000,9999.000,9999.000,9999.000,9999.000
202605132012,   0.975,9999.000,9999.000,9999.000,9999.000,9999.000,9999.000,9999.000,9999.000
202605132018,   0.955,9999.000,9999.000,9999.000,9999.000,9999.000,9999.000,9999.000,9999.000
202605132024,   0.935,9999.000,9999.000,9999.000,9999.000,9999.000,9999.000,9999.000,9999.000
202605132030,   0.915,9999.000,9999.000,9999.000,9999.000,9999.000,9999.000,9999.000,9999.000
202605132036,   0.895,9999.000,9999.000,9999.000,9999.000,9999.000,9999.000,9999.000,9999.000
202605132042,   0.876,9999.000,9999.000,9999.000,9999.000,9999.000,9999.000,9999.000,9999.000
202605132048,   0.857,9999.000,9999.000,9999.000,9999.000,9999.000,9999.000,9999.000,9999.000
202605132054,   0.838,9999.000,9999.000,9999.000,9999.000,9999.000,9999.000,9999.000,9999.000
202605132100,   0.820,9999.000,   0.700,  -0.034,   1.486,   0.600,   1.386,   0.700,   1.486
202605132106,   0.802,9999.000,9999.000,9999.000,9999.000,9999.000,9999.000,9999.000,9999.000
202605132112,   0.784,9999.000,9999.000,9999.000,9999.000,9999.000,9999.000,9999.000,9999.000
202605132118,   0.767,9999.000,9999.000,9999.000,9999.000,9999.000,9999.000,9999.000,9999.000
202605132124,   0.750,9999.000,9999.000,9999.000,9999.000,9999.000,9999.000,9999.000,9999.000
202605132130,   0.734,9999.000,9999.000,9999.000,9999.000,9999.000,9999.000,9999.000,9999.000
202605132136,   0.718,9999.000,9999.000,9999.000,9999.000,9999.000,9999.000,9999.000,9999.000
202605132142,   0.703,9999.000,9999.000,9999.000,9999.000,9999.000,9999.000,9999.000,9999.000
202605132148,   0.688,9999.000,9999.000,9999.000,9999.000,9999.000,9999.000,9999.000,9999.000
202605132154,   0.673,9999.000,9999.000,9999.000,9999.000,9999.000,9999.000,9999.000,9999.000
202605132200,   0.659,9999.000,   0.700,  -0.011,   1.348,   0.700,   1.348,   0.700,   1.348
202605132206,   0.646,9999.000,9999.000,9999.000,9999.000,9999.000,9999.000,9999.000,9999.000
202605132212,   0.633,9999.000,9999.000,9999.000,9999.000,9999.000,9999.000,9999.000,9999.000
202605132218,   0.621,9999.000,9999.000,9999.000,9999.000,9999.000,9999.000,9999.000,9999.000
202605132224,   0.609,9999.000,9999.000,9999.000,9999.000,9999.000,9999.000,9999.000,9999.000
202605132230,   0.598,9999.000,9999.000,9999.000,9999.000,9999.000,9999.000,9999.000,9999.000
202605132236,   0.587,9999.000,9999.000,9999.000,9999.000,9999.000,9999.000,9999.000,9999.000
202605132242,   0.577,9999.000,9999.000,9999.000,9999.000,9999.000,9999.000,9999.000,9999.000
202605132248,   0.567,9999.000,9999.000,9999.000,9999.000,9999.000,9999.000,9999.000,9999.000
202605132254,   0.558,9999.000,9999.000,9999.000,9999.000,9999.000,9999.000,9999.000,9999.000
202605132300,   0.550,9999.000,   0.700,   0.011,   1.261,   0.700,   1.261,   0.700,   1.261
202605132306,   0.542,9999.000,9999.000,9999.000,9999.000,9999.000,9999.000,9999.000,9999.000
202605132312,   0.535,9999.000,9999.000,9999.000,9999.000,9999.000,9999.000,9999.000,9999.000
202605132318,   0.528,9999.000,9999.000,9999.000,9999.000,9999.000,9999.000,9999.000,9999.000
202605132324,   0.522,9999.000,9999.000,9999.000,9999.000,9999.000,9999.000,9999.000,9999.000
202605132330,   0.517,9999.000,9999.000,9999.000,9999.000,9999.000,9999.000,9999.000,9999.000
202605132336,   0.512,9999.000,9999.000,9999.000,9999.000,9999.000,9999.000,9999.000,9999.000
202605132342,   0.507,9999.000,9999.000,9999.000,9999.000,9999.000,9999.000,9999.000,9999.000
202605132348,   0.504,9999.000,9999.000,9999.000,9999.000,9999.000,9999.000,9999.000,9999.000
202605132354,   0.500,9999.000,9999.000,9999.000,9999.000,9999.000,9999.000,9999.000,9999.000
202605140000,   0.498,9999.000,   0.700,   0.034,   1.232,   0.700,   1.232,   0.700,   1.232
202605140006,   0.496,9999.000,9999.000,9999.000,9999.000,9999.000,9999.000,9999.000,9999.000
202605140012,   0.494,9999.000,9999.000,9999.000,9999.000,9999.000,9999.000,9999.000,9999.000
202605140018,   0.493,9999.000,9999.000,9999.000,9999.000,9999.000,9999.000,9999.000,9999.000
202605140024,   0.493,9999.000,9999.000,9999.000,9999.000,9999.000,9999.000,9999.000,9999.000
202605140030,   0.493,9999.000,9999.000,9999.000,9999.000,9999.000,9999.000,9999.000,9999.000
202605140036,   0.493,9999.000,9999.000,9999.000,9999.000,9999.000,9999.000,9999.000,9999.000
202605140042,   0.495,9999.000,9999.000,9999.000,9999.000,9999.000,9999.000,9999.000,9999.000
202605140048,   0.496,9999.000,9999.000,9999.000,9999.000,9999.000,9999.000,9999.000,9999.000
202605140054,   0.498,9999.000,9999.000,9999.000,9999.000,9999.000,9999.000,9999.000,9999.000
202605140100,   0.501,9999.000,   0.700,   0.034,   1.235,   0.700,   1.235,   0.700,   1.235
202605140106,   0.504,9999.000,9999.000,9999.000,9999.000,9999.000,9999.000,9999.000,9999.000
202605140112,   0.507,9999.000,9999.000,9999.000,9999.000,9999.000,9999.000,9999.000,9999.000
202605140118,   0.511,9999.000,9999.000,9999.000,9999.000,9999.000,9999.000,9999.000,9999.000
202605140124,   0.515,9999.000,9999.000,9999.000,9999.000,9999.000,9999.000,9999.000,9999.000
202605140130,   0.520,9999.000,9999.000,9999.000,9999.000,9999.000,9999.000,9999.000,9999.000
202605140136,   0.525,9999.000,9999.000,9999.000,9999.000,9999.000,9999.000,9999.000,9999.000
202605140142,   0.530,9999.000,9999.000,9999.000,9999.000,9999.000,9999.000,9999.000,9999.000
202605140148,   0.536,9999.000,9999.000,9999.000,9999.000,9999.000,9999.000,9999.000,9999.000
202605140154,   0.542,9999.000,9999.000,9999.000,9999.000,9999.000,9999.000,9999.000,9999.000
202605140200,   0.548,9999.000,   0.700,   0.034,   1.282,   0.700,   1.282,   0.700,   1.282
202605140206,   0.555,9999.000,9999.000,9999.000,9999.000,9999.000,9999.000,9999.000,9999.000
202605140212,   0.562,9999.000,9999.000,9999.000,9999.000,9999.000,9999.000,9999.000,9999.000
202605140218,   0.569,9999.000,9999.000,9999.000,9999.000,9999.000,9999.000,9999.000,9999.000
202605140224,   0.577,9999.000,9999.000,9999.000,9999.000,9999.000,9999.000,9999.000,9999.000
202605140230,   0.585,9999.000,9999.000,9999.000,9999.000,9999.000,9999.000,9999.000,9999.000
202605140236,   0.593,9999.000,9999.000,9999.000,9999.000,9999.000,9999.000,9999.000,9999.000
202605140242,   0.602,9999.000,9999.000,9999.000,9999.000,9999.000,9999.000,9999.000,9999.000
202605140248,   0.611,9999.000,9999.000,9999.000,9999.000,9999.000,9999.000,9999.000,9999.000
202605140254,   0.620,9999.000,9999.000,9999.000,9999.000,9999.000,9999.000,9999.000,9999.000
202605140300,   0.629,9999.000,   0.700,   0.034,   1.363,   0.700,   1.363,   0.700,   1.363
202605140306,   0.639,9999.000,9999.000,9999.000,9999.000,9999.000,9999.000,9999.000,9999.000
202605140312,   0.649,9999.000,9999.000,9999.000,9999.000,9999.000,9999.000,9999.000,9999.000
202605140318,   0.659,9999.000,9999.000,9999.000,9999.000,9999.000,9999.000,9999.000,9999.000
202605140324,   0.670,9999.000,9999.000,9999.000,9999.000,9999.000,9999.000,9999.000,9999.000
202605140330,   0.680,9999.000,9999.000,9999.000,9999.000,9999.000,9999.000,9999.000,9999.000
202605140336,   0.691,9999.000,9999.000,9999.000,9999.000,9999.000,9999.000,9999.000,9999.000
202605140342,   0.703,9999.000,9999.000,9999.000,9999.000,9999.000,9999.000,9999.000,9999.000
202605140348,   0.714,9999.000,9999.000,9999.000,9999.000,9999.000,9999.000,9999.000,9999.000
202605140354,   0.726,9999.000,9999.000,9999.000,9999.000,9999.000,9999.000,9999.000,9999.000
202605140400,   0.738,9999.000,   0.700,   0.034,   1.472,   0.700,   1.472,   0.700,   1.472
202605140406,   0.751,9999.000,9999.000,9999.000,9999.000,9999.000,9999.000,9999.000,9999.000
202605140412,   0.763,9999.000,9999.000,9999.000,9999.000,9999.000,9999.000,9999.000,9999.000
202605140418,   0.776,9999.000,9999.000,9999.000,9999.000,9999.000,9999.000,9999.000,9999.000
202605140424,   0.789,9999.000,9999.000,9999.000,9999.000,9999.000,9999.000,9999.000,9999.000
202605140430,   0.802,9999.000,9999.000,9999.000,9999.000,9999.000,9999.000,9999.000,9999.000
202605140436,   0.815,9999.000,9999.000,9999.000,9999.000,9999.000,9999.000,9999.000,9999.000
202605140442,   0.828,9999.000,9999.000,9999.000,9999.000,9999.000,9999.000,9999.000,9999.000
202605140448,   0.841,9999.000,9999.000,9999.000,9999.000,9999.000,9999.000,9999.000,9999.000
202605140454,   0.854,9999.000,9999.000,9999.000,9999.000,9999.000,9999.000,9999.000,9999.000
202605140500,   0.868,9999.000,   0.700,   0.034,   1.602,   0.600,   1.502,   0.700,   1.602
202605140506,   0.881,9999.000,9999.000,9999.000,9999.000,9999.000,9999.000,9999.000,9999.000
202605140512,   0.894,9999.000,9999.000,9999.000,9999.000,9999.000,9999.000,9999.000,9999.000
202605140518,   0.907,9999.000,9999.000,9999.000,9999.000,9999.000,9999.000,9999.000,9999.000
202605140524,   0.920,9999.000,9999.000,9999.000,9999.000,9999.000,9999.000,9999.000,9999.000
202605140530,   0.933,9999.000,9999.000,9999.000,9999.000,9999.000,9999.000,9999.000,9999.000
202605140536,   0.946,9999.000,9999.000,9999.000,9999.000,9999.000,9999.000,9999.000,9999.000
202605140542,   0.958,9999.000,9999.000,9999.000,9999.000,9999.000,9999.000,9999.000,9999.000
202605140548,   0.970,9999.000,9999.000,9999.000,9999.000,9999.000,9999.000,9999.000,9999.000
202605140554,   0.982,9999.000,9999.000,9999.000,9999.000,9999.000,9999.000,9999.000,9999.000
202605140600,   0.993,9999.000,   0.600,   0.034,   1.627,   0.600,   1.627,   0.700,   1.727
202605140606,   1.004,9999.000,9999.000,9999.000,9999.000,9999.000,9999.000,9999.000,9999.000
202605140612,   1.015,9999.000,9999.000,9999.000,9999.000,9999.000,9999.000,9999.000,9999.000
202605140618,   1.025,9999.000,9999.000,9999.000,9999.000,9999.000,9999.000,9999.000,9999.000
202605140624,   1.035,9999.000,9999.000,9999.000,9999.000,9999.000,9999.000,9999.000,9999.000
202605140630,   1.044,9999.000,9999.000,9999.000,9999.000,9999.000,9999.000,9999.000,9999.000
202605140636,   1.053,9999.000,9999.000,9999.000,9999.000,9999.000,9999.000,9999.000,9999.000
202605140642,   1.062,9999.000,9999.000,9999.000,9999.000,9999.000,9999.000,9999.000,9999.000
202605140648,   1.070,9999.000,9999.000,9999.000,9999.000,9999.000,9999.000,9999.000,9999.000
202605140654,   1.077,9999.000,9999.000,9999.000,9999.000,9999.000,9999.000,9999.000,9999.000
202605140700,   1.085,9999.000,   0.600,   0.034,   1.719,   0.600,   1.719,   0.600,   1.719
202605140706,   1.091,9999.000,9999.000,9999.000,9999.000,9999.000,9999.000,9999.000,9999.000
202605140712,   1.098,9999.000,9999.000,9999.000,9999.000,9999.000,9999.000,9999.000,9999.000
202605140718,   1.104,9999.000,9999.000,9999.000,9999.000,9999.000,9999.000,9999.000,9999.000
202605140724,   1.109,9999.000,9999.000,9999.000,9999.000,9999.000,9999.000,9999.000,9999.000
202605140730,   1.114,9999.000,9999.000,9999.000,9999.000,9999.000,9999.000,9999.000,9999.000
202605140736,   1.119,9999.000,9999.000,9999.000,9999.000,9999.000,9999.000,9999.000,9999.000
202605140742,   1.124,9999.000,9999.000,9999.000,9999.000,9999.000,9999.000,9999.000,9999.000
202605140748,   1.128,9999.000,9999.000,9999.000,9999.000,9999.000,9999.000,9999.000,9999.000
202605140754,   1.132,9999.000,9999.000,9999.000,9999.000,9999.000,9999.000,9999.000,9999.000
202605140800,   1.136,9999.000,   0.600,   0.034,   1.770,   0.500,   1.670,   0.600,   1.770
202605140806,   1.140,9999.000,9999.000,9999.000,9999.000,9999.000,9999.000,9999.000,9999.000
202605140812,   1.143,9999.000,9999.000,9999.000,9999.000,9999.000,9999.000,9999.000,9999.000
202605140818,   1.147,9999.000,9999.000,9999.000,9999.000,9999.000,9999.000,9999.000,9999.000
202605140824,   1.150,9999.000,9999.000,9999.000,9999.000,9999.000,9999.000,9999.000,9999.000
202605140830,   1.154,9999.000,9999.000,9999.000,9999.000,9999.000,9999.000,9999.000,9999.000
202605140836,   1.157,9999.000,9999.000,9999.000,9999.000,9999.000,9999.000,9999.000,9999.000
202605140842,   1.161,9999.000,9999.000,9999.000,9999.000,9999.000,9999.000,9999.000,9999.000
202605140848,   1.165,9999.000,9999.000,9999.000,9999.000,9999.000,9999.000,9999.000,9999.000
202605140854,   1.169,9999.000,9999.000,9999.000,9999.000,9999.000,9999.000,9999.000,9999.000
202605140900,   1.173,9999.000,   0.600,   0.034,   1.807,   0.500,   1.707,   0.600,   1.807
202605140906,   1.177,9999.000,9999.000,9999.000,9999.000,9999.000,9999.000,9999.000,9999.000
202605140912,   1.181,9999.000,9999.000,9999.000,9999.000,9999.000,9999.000,9999.000,9999.000
202605140918,   1.186,9999.000,9999.000,9999.000,9999.000,9999.000,9999.000,9999.000,9999.000
202605140924,   1.191,9999.000,9999.000,9999.000,9999.000,9999.000,9999.000,9999.000,9999.000
202605140930,   1.196,9999.000,9999.000,9999.000,9999.000,9999.000,9999.000,9999.000,9999.000
202605140936,   1.201,9999.000,9999.000,9999.000,9999.000,9999.000,9999.000,9999.000,9999.000
202605140942,   1.207,9999.000,9999.000,9999.000,9999.000,9999.000,9999.000,9999.000,9999.000
202605140948,   1.213,9999.000,9999.000,9999.000,9999.000,9999.000,9999.000,9999.000,9999.000
202605140954,   1.219,9999.000,9999.000,9999.000,9999.000,9999.000,9999.000,9999.000,9999.000
202605141000,   1.226,9999.000,   0.600,   0.034,   1.860,   0.500,   1.760,   0.600,   1.860
202605141006,   1.233,9999.000,9999.000,9999.000,9999.000,9999.000,9999.000,9999.000,9999.000
202605141012,   1.241,9999.000,9999.000,9999.000,9999.000,9999.000,9999.000,9999.000,9999.000
202605141018,   1.248,9999.000,9999.000,9999.000,9999.000,9999.000,9999.000,9999.000,9999.000
202605141024,   1.257,9999.000,9999.000,9999.000,9999.000,9999.000,9999.000,9999.000,9999.000
202605141030,   1.265,9999.000,9999.000,9999.000,9999.000,9999.000,9999.000,9999.000,9999.000
202605141036,   1.274,9999.000,9999.000,9999.000,9999.000,9999.000,9999.000,9999.000,9999.000
202605141042,   1.283,9999.000,9999.000,9999.000,9999.000,9999.000,9999.000,9999.000,9999.000
202605141048,   1.293,9999.000,9999.000,9999.000,9999.000,9999.000,9999.000,9999.000,9999.000
202605141054,   1.302,9999.000,9999.000,9999.000,9999.000,9999.000,9999.000,9999.000,9999.000
202605141100,   1.313,9999.000,   0.600,   0.034,   1.947,   0.500,   1.847,   0.600,   1.947
202605141106,   1.323,9999.000,9999.000,9999.000,9999.000,9999.000,9999.000,9999.000,9999.000
202605141112,   1.334,9999.000,9999.000,9999.000,9999.000,9999.000,9999.000,9999.000,9999.000
202605141118,   1.345,9999.000,9999.000,9999.000,9999.000,9999.000,9999.000,9999.000,9999.000
202605141124,   1.356,9999.000,9999.000,9999.000,9999.000,9999.000,9999.000,9999.000,9999.000
202605141130,   1.368,9999.000,9999.000,9999.000,9999.000,9999.000,9999.000,9999.000,9999.000
202605141136,   1.380,9999.000,9999.000,9999.000,9999.000,9999.000,9999.000,9999.000,9999.000
202605141142,   1.392,9999.000,9999.000,9999.000,9999.000,9999.000,9999.000,9999.000,9999.000
202605141148,   1.404,9999.000,9999.000,9999.000,9999.000,9999.000,9999.000,9999.000,9999.000
202605141154,   1.417,9999.000,9999.000,9999.000,9999.000,9999.000,9999.000,9999.000,9999.000
202605141200,   1.429,9999.000,   0.500,   0.034,   1.963,   0.500,   1.963,   0.600,   2.063
202605141206,   1.442,9999.000,9999.000,9999.000,9999.000,9999.000,9999.000,9999.000,9999.000
202605141212,   1.455,9999.000,9999.000,9999.000,9999.000,9999.000,9999.000,9999.000,9999.000
202605141218,   1.468,9999.000,9999.000,9999.000,9999.000,9999.000,9999.000,9999.000,9999.000
202605141224,   1.481,9999.000,9999.000,9999.000,9999.000,9999.000,9999.000,9999.000,9999.000
202605141230,   1.494,9999.000,9999.000,9999.000,9999.000,9999.000,9999.000,9999.000,9999.000
202605141236,   1.508,9999.000,9999.000,9999.000,9999.000,9999.000,9999.000,9999.000,9999.000
202605141242,   1.521,9999.000,9999.000,9999.000,9999.000,9999.000,9999.000,9999.000,9999.000
202605141248,   1.534,9999.000,9999.000,9999.000,9999.000,9999.000,9999.000,9999.000,9999.000
202605141254,   1.547,9999.000,9999.000,9999.000,9999.000,9999.000,9999.000,9999.000,9999.000
202605141300,   1.559,9999.000,   0.500,   0.034,   2.093,   0.500,   2.093,   0.600,   2.193
202605141306,   1.572,9999.000,9999.000,9999.000,9999.000,9999.000,9999.000,9999.000,9999.000
202605141312,   1.585,9999.000,9999.000,9999.000,9999.000,9999.000,9999.000,9999.000,9999.000
202605141318,   1.597,9999.000,9999.000,9999.000,9999.000,9999.000,9999.000,9999.000,9999.000
202605141324,   1.609,9999.000,9999.000,9999.000,9999.000,9999.000,9999.000,9999.000,9999.000
202605141330,   1.620,9999.000,9999.000,9999.000,9999.000,9999.000,9999.000,9999.000,9999.000
202605141336,   1.631,9999.000,9999.000,9999.000,9999.000,9999.000,9999.000,9999.000,9999.000
202605141342,   1.642,9999.000,9999.000,9999.000,9999.000,9999.000,9999.000,9999.000,9999.000
202605141348,   1.653,9999.000,9999.000,9999.000,9999.000,9999.000,9999.000,9999.000,9999.000
202605141354,   1.663,9999.000,9999.000,9999.000,9999.000,9999.000,9999.000,9999.000,9999.000
202605141400,   1.672,9999.000,   0.500,   0.034,   2.206,   0.500,   2.206,   0.600,   2.306
202605141406,   1.681,9999.000,9999.000,9999.000,9999.000,9999.000,9999.000,9999.000,9999.000
202605141412,   1.689,9999.000,9999.000,9999.000,9999.000,9999.000,9999.000,9999.000,9999.000
202605141418,   1.697,9999.000,9999.000,9999.000,9999.000,9999.000,9999.000,9999.000,9999.000
202605141424,   1.704,9999.000,9999.000,9999.000,9999.000,9999.000,9999.000,9999.000,9999.000
202605141430,   1.711,9999.000,9999.000,9999.000,9999.000,9999.000,9999.000,9999.000,9999.000
202605141436,   1.717,9999.000,9999.000,9999.000,9999.000,9999.000,9999.000,9999.000,9999.000
202605141442,   1.722,9999.000,9999.000,9999.000,9999.000,9999.000,9999.000,9999.000,9999.000
202605141448,   1.727,9999.000,9999.000,9999.000,9999.000,9999.000,9999.000,9999.000,9999.000
202605141454,   1.731,9999.000,9999.000,9999.000,9999.000,9999.000,9999.000,9999.000,9999.000
202605141500,   1.734,9999.000,   0.600,   0.034,   2.368,   0.500,   2.268,   0.600,   2.368
202605141506,   1.736,9999.000,9999.000,9999.000,9999.000,9999.000,9999.000,9999.000,9999.000
202605141512,   1.738,9999.000,9999.000,9999.000,9999.000,9999.000,9999.000,9999.000,9999.000
202605141518,   1.739,9999.000,9999.000,9999.000,9999.000,9999.000,9999.000,9999.000,9999.000
202605141524,   1.739,9999.000,9999.000,9999.000,9999.000,9999.000,9999.000,9999.000,9999.000
202605141530,   1.739,9999.000,9999.000,9999.000,9999.000,9999.000,9999.000,9999.000,9999.000
202605141536,   1.738,9999.000,9999.000,9999.000,9999.000,9999.000,9999.000,9999.000,9999.000
202605141542,   1.736,9999.000,9999.000,9999.000,9999.000,9999.000,9999.000,9999.000,9999.000
202605141548,   1.734,9999.000,9999.000,9999.000,9999.000,9999.000,9999.000,9999.000,9999.000
202605141554,   1.730,9999.000,9999.000,9999.000,9999.000,9999.000,9999.000,9999.000,9999.000
202605141600,   1.727,9999.000,   0.600,   0.034,   2.361,   0.500,   2.261,   0.600,   2.361
202605141606,   1.722,9999.000,9999.000,9999.000,9999.000,9999.000,9999.000,9999.000,9999.000
202605141612,   1.717,9999.000,9999.000,9999.000,9999.000,9999.000,9999.000,9999.000,9999.000
202605141618,   1.711,9999.000,9999.000,9999.000,9999.000,9999.000,9999.000,9999.000,9999.000
202605141624,   1.705,9999.000,9999.000,9999.000,9999.000,9999.000,9999.000,9999.000,9999.000
202605141630,   1.697,9999.000,9999.000,9999.000,9999.000,9999.000,9999.000,9999.000,9999.000
202605141636,   1.690,9999.000,9999.000,9999.000,9999.000,9999.000,9999.000,9999.000,9999.000
202605141642,   1.681,9999.000,9999.000,9999.000,9999.000,9999.000,9999.000,9999.000,9999.000
202605141648,   1.672,9999.000,9999.000,9999.000,9999.000,9999.000,9999.000,9999.000,9999.000
202605141654,   1.663,9999.000,9999.000,9999.000,9999.000,9999.000,9999.000,9999.000,9999.000
202605141700,   1.653,9999.000,   0.600,   0.034,   2.287,   0.500,   2.187,   0.600,   2.287
202605141706,   1.642,9999.000,9999.000,9999.000,9999.000,9999.000,9999.000,9999.000,9999.000
202605141712,   1.630,9999.000,9999.000,9999.000,9999.000,9999.000,9999.000,9999.000,9999.000
202605141718,   1.618,9999.000,9999.000,9999.000,9999.000,9999.000,9999.000,9999.000,9999.000
202605141724,   1.606,9999.000,9999.000,9999.000,9999.000,9999.000,9999.000,9999.000,9999.000
202605141730,   1.592,9999.000,9999.000,9999.000,9999.000,9999.000,9999.000,9999.000,9999.000
202605141736,   1.578,9999.000,9999.000,9999.000,9999.000,9999.000,9999.000,9999.000,9999.000
202605141742,   1.564,9999.000,9999.000,9999.000,9999.000,9999.000,9999.000,9999.000,9999.000
202605141748,   1.549,9999.000,9999.000,9999.000,9999.000,9999.000,9999.000,9999.000,9999.000
202605141754,   1.533,9999.000,9999.000,9999.000,9999.000,9999.000,9999.000,9999.000,9999.000
202605141800,   1.516,9999.000,   0.600,   0.034,   2.150,   0.500,   2.050,   0.600,   2.150
202605141806,   1.499,9999.000,9999.000,9999.000,9999.000,9999.000,9999.000,9999.000,9999.000
202605141812,   1.482,9999.000,9999.000,9999.000,9999.000,9999.000,9999.000,9999.000,9999.000
202605141818,   1.463,9999.000,9999.000,9999.000,9999.000,9999.000,9999.000,9999.000,9999.000
202605141824,   1.444,9999.000,9999.000,9999.000,9999.000,9999.000,9999.000,9999.000,9999.000
202605141830,   1.425,9999.000,9999.000,9999.000,9999.000,9999.000,9999.000,9999.000,9999.000
202605141836,   1.404,9999.000,9999.000,9999.000,9999.000,9999.000,9999.000,9999.000,9999.000
202605141842,   1.384,9999.000,9999.000,9999.000,9999.000,9999.000,9999.000,9999.000,9999.000
202605141848,   1.362,9999.000,9999.000,9999.000,9999.000,9999.000,9999.000,9999.000,9999.000
202605141854,   1.340,9999.000,9999.000,9999.000,9999.000,9999.000,9999.000,9999.000,9999.000
202605141900,   1.317,9999.000,   0.600,   0.034,   1.951,   0.500,   1.851,   0.600,   1.951
202605141906,   1.294,9999.000,9999.000,9999.000,9999.000,9999.000,9999.000,9999.000,9999.000
202605141912,   1.270,9999.000,9999.000,9999.000,9999.000,9999.000,9999.000,9999.000,9999.000
202605141918,   1.246,9999.000,9999.000,9999.000,9999.000,9999.000,9999.000,9999.000,9999.000
202605141924,   1.221,9999.000,9999.000,9999.000,9999.000,9999.000,9999.000,9999.000,9999.000
202605141930,   1.196,9999.000,9999.000,9999.000,9999.000,9999.000,9999.000,9999.000,9999.000
202605141936,   1.170,9999.000,9999.000,9999.000,9999.000,9999.000,9999.000,9999.000,9999.000
202605141942,   1.144,9999.000,9999.000,9999.000,9999.000,9999.000,9999.000,9999.000,9999.000
202605141948,   1.117,9999.000,9999.000,9999.000,9999.000,9999.000,9999.000,9999.000,9999.000
202605141954,   1.090,9999.000,9999.000,9999.000,9999.000,9999.000,9999.000,9999.000,9999.000
202605142000,   1.063,9999.000,   0.600,   0.034,   1.697,   0.600,   1.697,   0.600,   1.697
202605142006,   1.036,9999.000,9999.000,9999.000,9999.000,9999.000,9999.000,9999.000,9999.000
202605142012,   1.008,9999.000,9999.000,9999.000,9999.000,9999.000,9999.000,9999.000,9999.000
202605142018,   0.980,9999.000,9999.000,9999.000,9999.000,9999.000,9999.000,9999.000,9999.000
202605142024,   0.953,9999.000,9999.000,9999.000,9999.000,9999.000,9999.000,9999.000,9999.000
202605142030,   0.925,9999.000,9999.000,9999.000,9999.000,9999.000,9999.000,9999.000,9999.000
202605142036,   0.897,9999.000,9999.000,9999.000,9999.000,9999.000,9999.000,9999.000,9999.000
202605142042,   0.869,9999.000,9999.000,9999.000,9999.000,9999.000,9999.000,9999.000,9999.000
202605142048,   0.841,9999.000,9999.000,9999.000,9999.000,9999.000,9999.000,9999.000,9999.000
202605142054,   0.813,9999.000,9999.000,9999.000,9999.000,9999.000,9999.000,9999.000,9999.000
202605142100,   0.786,9999.000,   0.600,   0.034,   1.420,   0.600,   1.420,   0.600,   1.420
202605142106,   0.759,9999.000,9999.000,9999.000,9999.000,9999.000,9999.000,9999.000,9999.000
202605142112,   0.732,9999.000,9999.000,9999.000,9999.000,9999.000,9999.000,9999.000,9999.000
202605142118,   0.705,9999.000,9999.000,9999.000,9999.000,9999.000,9999.000,9999.000,9999.000
202605142124,   0.679,9999.000,9999.000,9999.000,9999.000,9999.000,9999.000,9999.000,9999.000
202605142130,   0.653,9999.000,9999.000,9999.000,9999.000,9999.000,9999.000,9999.000,9999.000
202605142136,   0.627,9999.000,9999.000,9999.000,9999.000,9999.000,9999.000,9999.000,9999.000
202605142142,   0.602,9999.000,9999.000,9999.000,9999.000,9999.000,9999.000,9999.000,9999.000
202605142148,   0.577,9999.000,9999.000,9999.000,9999.000,9999.000,9999.000,9999.000,9999.000
202605142154,   0.553,9999.000,9999.000,9999.000,9999.000,9999.000,9999.000,9999.000,9999.000
202605142200,   0.530,9999.000,   0.600,   0.034,   1.164,   0.600,   1.164,   0.600,   1.164
202605142206,   0.506,9999.000,9999.000,9999.000,9999.000,9999.000,9999.000,9999.000,9999.000
202605142212,   0.484,9999.000,9999.000,9999.000,9999.000,9999.000,9999.000,9999.000,9999.000
202605142218,   0.462,9999.000,9999.000,9999.000,9999.000,9999.000,9999.000,9999.000,9999.000
202605142224,   0.441,9999.000,9999.000,9999.000,9999.000,9999.000,9999.000,9999.000,9999.000
202605142230,   0.420,9999.000,9999.000,9999.000,9999.000,9999.000,9999.000,9999.000,9999.000
202605142236,   0.400,9999.000,9999.000,9999.000,9999.000,9999.000,9999.000,9999.000,9999.000
202605142242,   0.381,9999.000,9999.000,9999.000,9999.000,9999.000,9999.000,9999.000,9999.000
202605142248,   0.362,9999.000,9999.000,9999.000,9999.000,9999.000,9999.000,9999.000,9999.000
202605142254,   0.344,9999.000,9999.000,9999.000,9999.000,9999.000,9999.000,9999.000,9999.000
202605142300,   0.327,9999.000,   0.600,   0.034,   0.961,   0.600,   0.961,   0.700,   1.061
202605142306,   0.311,9999.000,9999.000,9999.000,9999.000,9999.000,9999.000,9999.000,9999.000
202605142312,   0.295,9999.000,9999.000,9999.000,9999.000,9999.000,9999.000,9999.000,9999.000
202605142318,   0.280,9999.000,9999.000,9999.000,9999.000,9999.000,9999.000,9999.000,9999.000
202605142324,   0.266,9999.000,9999.000,9999.000,9999.000,9999.000,9999.000,9999.000,9999.000
202605142330,   0.252,9999.000,9999.000,9999.000,9999.000,9999.000,9999.000,9999.000,9999.000
202605142336,   0.239,9999.000,9999.000,9999.000,9999.000,9999.000,9999.000,9999.000,9999.000
202605142342,   0.228,9999.000,9999.000,9999.000,9999.000,9999.000,9999.000,9999.000,9999.000
202605142348,   0.217,9999.000,9999.000,9999.000,9999.000,9999.000,9999.000,9999.000,9999.000
202605142354,   0.206,9999.000,9999.000,9999.000,9999.000,9999.000,9999.000,9999.000,9999.000
202605150000,   0.197,9999.000,   0.600,   0.034,   0.831,   0.600,   0.831,   0.700,   0.931
202605150006,   0.188,9999.000,9999.000,9999.000,9999.000,9999.000,9999.000,9999.000,9999.000
202605150012,   0.180,9999.000,9999.000,9999.000,9999.000,9999.000,9999.000,9999.000,9999.000
202605150018,   0.173,9999.000,9999.000,9999.000,9999.000,9999.000,9999.000,9999.000,9999.000
202605150024,   0.167,9999.000,9999.000,9999.000,9999.000,9999.000,9999.000,9999.000,9999.000
202605150030,   0.162,9999.000,9999.000,9999.000,9999.000,9999.000,9999.000,9999.000,9999.000
202605150036,   0.158,9999.000,9999.000,9999.000,9999.000,9999.000,9999.000,9999.000,9999.000
202605150042,   0.154,9999.000,9999.000,9999.000,9999.000,9999.000,9999.000,9999.000,9999.000
202605150048,   0.151,9999.000,9999.000,9999.000,9999.000,9999.000,9999.000,9999.000,9999.000
202605150054,   0.149,9999.000,9999.000,9999.000,9999.000,9999.000,9999.000,9999.000,9999.000
202605150100,   0.148,9999.000,   0.600,   0.034,   0.782,   0.600,   0.782,   0.700,   0.882
202605150106,   0.148,9999.000,9999.000,9999.000,9999.000,9999.000,9999.000,9999.000,9999.000
202605150112,   0.148,9999.000,9999.000,9999.000,9999.000,9999.000,9999.000,9999.000,9999.000
202605150118,   0.149,9999.000,9999.000,9999.000,9999.000,9999.000,9999.000,9999.000,9999.000
202605150124,   0.151,9999.000,9999.000,9999.000,9999.000,9999.000,9999.000,9999.000,9999.000
202605150130,   0.154,9999.000,9999.000,9999.000,9999.000,9999.000,9999.000,9999.000,9999.000
202605150136,   0.158,9999.000,9999.000,9999.000,9999.000,9999.000,9999.000,9999.000,9999.000
202605150142,   0.162,9999.000,9999.000,9999.000,9999.000,9999.000,9999.000,9999.000,9999.000
202605150148,   0.167,9999.000,9999.000,9999.000,9999.000,9999.000,9999.000,9999.000,9999.000
202605150154,   0.172,9999.000,9999.000,9999.000,9999.000,9999.000,9999.000,9999.000,9999.000
202605150200,   0.179,9999.000,   0.600,   0.034,   0.813,   0.600,   0.813,   0.700,   0.913
202605150206,   0.186,9999.000,9999.000,9999.000,9999.000,9999.000,9999.000,9999.000,9999.000
202605150212,   0.193,9999.000,9999.000,9999.000,9999.000,9999.000,9999.000,9999.000,9999.000
202605150218,   0.201,9999.000,9999.000,9999.000,9999.000,9999.000,9999.000,9999.000,9999.000
202605150224,   0.210,9999.000,9999.000,9999.000,9999.000,9999.000,9999.000,9999.000,9999.000
202605150230,   0.219,9999.000,9999.000,9999.000,9999.000,9999.000,9999.000,9999.000,9999.000
202605150236,   0.229,9999.000,9999.000,9999.000,9999.000,9999.000,9999.000,9999.000,9999.000
202605150242,   0.239,9999.000,9999.000,9999.000,9999.000,9999.000,9999.000,9999.000,9999.000
202605150248,   0.250,9999.000,9999.000,9999.000,9999.000,9999.000,9999.000,9999.000,9999.000
202605150254,   0.262,9999.000,9999.000,9999.000,9999.000,9999.000,9999.000,9999.000,9999.000
202605150300,   0.273,9999.000,   0.600,   0.034,   0.907,   0.600,   0.907,   0.700,   1.007
202605150306,   0.286,9999.000,9999.000,9999.000,9999.000,9999.000,9999.000,9999.000,9999.000
202605150312,   0.298,9999.000,9999.000,9999.000,9999.000,9999.000,9999.000,9999.000,9999.000
202605150318,   0.311,9999.000,9999.000,9999.000,9999.000,9999.000,9999.000,9999.000,9999.000
202605150324,   0.325,9999.000,9999.000,9999.000,9999.000,9999.000,9999.000,9999.000,9999.000
202605150330,   0.339,9999.000,9999.000,9999.000,9999.000,9999.000,9999.000,9999.000,9999.000
202605150336,   0.353,9999.000,9999.000,9999.000,9999.000,9999.000,9999.000,9999.000,9999.000
202605150342,   0.368,9999.000,9999.000,9999.000,9999.000,9999.000,9999.000,9999.000,9999.000
202605150348,   0.383,9999.000,9999.000,9999.000,9999.000,9999.000,9999.000,9999.000,9999.000
202605150354,   0.399,9999.000,9999.000,9999.000,9999.000,9999.000,9999.000,9999.000,9999.000
202605150400,   0.414,9999.000,   0.600,   0.034,   1.048,   0.600,   1.048,   0.700,   1.148
202605150406,   0.431,9999.000,9999.000,9999.000,9999.000,9999.000,9999.000,9999.000,9999.000
202605150412,   0.447,9999.000,9999.000,9999.000,9999.000,9999.000,9999.000,9999.000,9999.000
202605150418,   0.464,9999.000,9999.000,9999.000,9999.000,9999.000,9999.000,9999.000,9999.000
202605150424,   0.481,9999.000,9999.000,9999.000,9999.000,9999.000,9999.000,9999.000,9999.000
202605150430,   0.499,9999.000,9999.000,9999.000,9999.000,9999.000,9999.000,9999.000,9999.000
202605150436,   0.517,9999.000,9999.000,9999.000,9999.000,9999.000,9999.000,9999.000,9999.000
202605150442,   0.535,9999.000,9999.000,9999.000,9999.000,9999.000,9999.000,9999.000,9999.000
202605150448,   0.554,9999.000,9999.000,9999.000,9999.000,9999.000,9999.000,9999.000,9999.000
202605150454,   0.572,9999.000,9999.000,9999.000,9999.000,9999.000,9999.000,9999.000,9999.000
202605150500,   0.592,9999.000,   0.600,   0.034,   1.226,   0.600,   1.226,   0.700,   1.326
202605150506,   0.611,9999.000,9999.000,9999.000,9999.000,9999.000,9999.000,9999.000,9999.000
202605150512,   0.630,9999.000,9999.000,9999.000,9999.000,9999.000,9999.000,9999.000,9999.000
202605150518,   0.650,9999.000,9999.000,9999.000,9999.000,9999.000,9999.000,9999.000,9999.000
202605150524,   0.670,9999.000,9999.000,9999.000,9999.000,9999.000,9999.000,9999.000,9999.000
202605150530,   0.690,9999.000,9999.000,9999.000,9999.000,9999.000,9999.000,9999.000,9999.000
202605150536,   0.710,9999.000,9999.000,9999.000,9999.000,9999.000,9999.000,9999.000,9999.000
202605150542,   0.731,9999.000,9999.000,9999.000,9999.000,9999.000,9999.000,9999.000,9999.000
202605150548,   0.751,9999.000,9999.000,9999.000,9999.000,9999.000,9999.000,9999.000,9999.000
202605150554,   0.771,9999.000,9999.000,9999.000,9999.000,9999.000,9999.000,9999.000,9999.000
202605150600,   0.792,9999.000,   0.600,   0.034,   1.426,   0.600,   1.426,   0.700,   1.526
202605150606,   0.812,9999.000,9999.000,9999.000,9999.000,9999.000,9999.000,9999.000,9999.000
202605150612,   0.832,9999.000,9999.000,9999.000,9999.000,9999.000,9999.000,9999.000,9999.000
202605150618,   0.852,9999.000,9999.000,9999.000,9999.000,9999.000,9999.000,9999.000,9999.000
202605150624,   0.872,9999.000,9999.000,9999.000,9999.000,9999.000,9999.000,9999.000,9999.000
202605150630,   0.892,9999.000,9999.000,9999.000,9999.000,9999.000,9999.000,9999.000,9999.000
202605150636,   0.911,9999.000,9999.000,9999.000,9999.000,9999.000,9999.000,9999.000,9999.000
202605150642,   0.930,9999.000,9999.000,9999.000,9999.000,9999.000,9999.000,9999.000,9999.000
202605150648,   0.949,9999.000,9999.000,9999.000,9999.000,9999.000,9999.000,9999.000,9999.000
202605150654,   0.968,9999.000,9999.000,9999.000,9999.000,9999.000,9999.000,9999.000,9999.000
202605150700,   0.986,9999.000,   0.600,   0.034,   1.620,   0.500,   1.520,   0.600,   1.620
202605150706,   1.004,9999.000,9999.000,9999.000,9999.000,9999.000,9999.000,9999.000,9999.000
202605150712,   1.021,9999.000,9999.000,9999.000,9999.000,9999.000,9999.000,9999.000,9999.000
202605150718,   1.038,9999.000,9999.000,9999.000,9999.000,9999.000,9999.000,9999.000,9999.000
202605150724,   1.055,9999.000,9999.000,9999.000,9999.000,9999.000,9999.000,9999.000,9999.000
202605150730,   1.071,9999.000,9999.000,9999.000,9999.000,9999.000,9999.000,9999.000,9999.000
202605150736,   1.086,9999.000,9999.000,9999.000,9999.000,9999.000,9999.000,9999.000,9999.000
202605150742,   1.101,9999.000,9999.000,9999.000,9999.000,9999.000,9999.000,9999.000,9999.000
202605150748,   1.116,9999.000,9999.000,9999.000,9999.000,9999.000,9999.000,9999.000,9999.000
202605150754,   1.130,9999.000,9999.000,9999.000,9999.000,9999.000,9999.000,9999.000,9999.000
202605150800,   1.144,9999.000,   0.600,   0.034,   1.778,   0.500,   1.678,   0.600,   1.778
202605150806,   1.157,9999.000,9999.000,9999.000,9999.000,9999.000,9999.000,9999.000,9999.000
202605150812,   1.170,9999.000,9999.000,9999.000,9999.000,9999.000,9999.000,9999.000,9999.000
202605150818,   1.182,9999.000,9999.000,9999.000,9999.000,9999.000,9999.000,9999.000,9999.000
202605150824,   1.194,9999.000,9999.000,9999.000,9999.000,9999.000,9999.000,9999.000,9999.000
202605150830,   1.206,9999.000,9999.000,9999.000,9999.000,9999.000,9999.000,9999.000,9999.000
202605150836,   1.217,9999.000,9999.000,9999.000,9999.000,9999.000,9999.000,9999.000,9999.000
202605150842,   1.228,9999.000,9999.000,9999.000,9999.000,9999.000,9999.000,9999.000,9999.000
202605150848,   1.239,9999.000,9999.000,9999.000,9999.000,9999.000,9999.000,9999.000,9999.000
202605150854,   1.249,9999.000,9999.000,9999.000,9999.000,9999.000,9999.000,9999.000,9999.000
202605150900,   1.259,9999.000,   0.600,   0.034,   1.893,   0.500,   1.793,   0.600,   1.893
202605150906,   1.269,9999.000,9999.000,9999.000,9999.000,9999.000,9999.000,9999.000,9999.000
202605150912,   1.279,9999.000,9999.000,9999.000,9999.000,9999.000,9999.000,9999.000,9999.000
202605150918,   1.289,9999.000,9999.000,9999.000,9999.000,9999.000,9999.000,9999.000,9999.000
202605150924,   1.298,9999.000,9999.000,9999.000,9999.000,9999.000,9999.000,9999.000,9999.000
202605150930,   1.308,9999.000,9999.000,9999.000,9999.000,9999.000,9999.000,9999.000,9999.000
202605150936,   1.317,9999.000,9999.000,9999.000,9999.000,9999.000,9999.000,9999.000,9999.000
202605150942,   1.327,9999.000,9999.000,9999.000,9999.000,9999.000,9999.000,9999.000,9999.000
202605150948,   1.336,9999.000,9999.000,9999.000,9999.000,9999.000,9999.000,9999.000,9999.000
202605150954,   1.346,9999.000,9999.000,9999.000,9999.000,9999.000,9999.000,9999.000,9999.000
202605151000,   1.355,9999.000,   0.600,   0.034,   1.989,   0.500,   1.889,   0.600,   1.989
202605151006,   1.365,9999.000,9999.000,9999.000,9999.000,9999.000,9999.000,9999.000,9999.000
202605151012,   1.375,9999.000,9999.000,9999.000,9999.000,9999.000,9999.000,9999.000,9999.000
202605151018,   1.385,9999.000,9999.000,9999.000,9999.000,9999.000,9999.000,9999.000,9999.000
202605151024,   1.396,9999.000,9999.000,9999.000,9999.000,9999.000,9999.000,9999.000,9999.000
202605151030,   1.406,9999.000,9999.000,9999.000,9999.000,9999.000,9999.000,9999.000,9999.000
202605151036,   1.417,9999.000,9999.000,9999.000,9999.000,9999.000,9999.000,9999.000,9999.000
202605151042,   1.428,9999.000,9999.000,9999.000,9999.000,9999.000,9999.000,9999.000,9999.000
202605151048,   1.439,9999.000,9999.000,9999.000,9999.000,9999.000,9999.000,9999.000,9999.000
202605151054,   1.450,9999.000,9999.000,9999.000,9999.000,9999.000,9999.000,9999.000,9999.000
202605151100,   1.462,9999.000,   0.600,   0.034,   2.096,   0.600,   2.096,   0.600,   2.096
202605151106,   1.474,9999.000,9999.000,9999.000,9999.000,9999.000,9999.000,9999.000,9999.000
202605151112,   1.487,9999.000,9999.000,9999.000,9999.000,9999.000,9999.000,9999.000,9999.000
202605151118,   1.499,9999.000,9999.000,9999.000,9999.000,9999.000,9999.000,9999.000,9999.000
202605151124,   1.512,9999.000,9999.000,9999.000,9999.000,9999.000,9999.000,9999.000,9999.000
202605151130,   1.525,9999.000,9999.000,9999.000,9999.000,9999.000,9999.000,9999.000,9999.000
202605151136,   1.539,9999.000,9999.000,9999.000,9999.000,9999.000,9999.000,9999.000,9999.000
202605151142,   1.552,9999.000,9999.000,9999.000,9999.000,9999.000,9999.000,9999.000,9999.000
202605151148,   1.566,9999.000,9999.000,9999.000,9999.000,9999.000,9999.000,9999.000,9999.000
202605151154,   1.581,9999.000,9999.000,9999.000,9999.000,9999.000,9999.000,9999.000,9999.000
202605151200,   1.595,9999.000,   0.600,   0.034,   2.229,   0.600,   2.229,   0.700,   2.329
202605151206,   1.610,9999.000,9999.000,9999.000,9999.000,9999.000,9999.000,9999.000,9999.000
202605151212,   1.625,9999.000,9999.000,9999.000,9999.000,9999.000,9999.000,9999.000,9999.000
202605151218,   1.640,9999.000,9999.000,9999.000,9999.000,9999.000,9999.000,9999.000,9999.000
202605151224,   1.656,9999.000,9999.000,9999.000,9999.000,9999.000,9999.000,9999.000,9999.000
202605151230,   1.671,9999.000,9999.000,9999.000,9999.000,9999.000,9999.000,9999.000,9999.000
202605151236,   1.687,9999.000,9999.000,9999.000,9999.000,9999.000,9999.000,9999.000,9999.000
202605151242,   1.703,9999.000,9999.000,9999.000,9999.000,9999.000,9999.000,9999.000,9999.000
202605151248,   1.719,9999.000,9999.000,9999.000,9999.000,9999.000,9999.000,9999.000,9999.000
202605151254,   1.735,9999.000,9999.000,9999.000,9999.000,9999.000,9999.000,9999.000,9999.000
202605151300,   1.751,9999.000,   0.600,   0.034,   2.385,   0.600,   2.385,   0.700,   2.485
202605151306,   1.767,9999.000,9999.000,9999.000,9999.000,9999.000,9999.000,9999.000,9999.000
202605151312,   1.783,9999.000,9999.000,9999.000,9999.000,9999.000,9999.000,9999.000,9999.000
202605151318,   1.799,9999.000,9999.000,9999.000,9999.000,9999.000,9999.000,9999.000,9999.000
202605151324,   1.814,9999.000,9999.000,9999.000,9999.000,9999.000,9999.000,9999.000,9999.000
202605151330,   1.830,9999.000,9999.000,9999.000,9999.000,9999.000,9999.000,9999.000,9999.000
202605151336,   1.845,9999.000,9999.000,9999.000,9999.000,9999.000,9999.000,9999.000,9999.000
202605151342,   1.861,9999.000,9999.000,9999.000,9999.000,9999.000,9999.000,9999.000,9999.000
202605151348,   1.875,9999.000,9999.000,9999.000,9999.000,9999.000,9999.000,9999.000,9999.000
202605151354,   1.890,9999.000,9999.000,9999.000,9999.000,9999.000,9999.000,9999.000,9999.000
202605151400,   1.904,9999.000,   0.600,   0.034,   2.538,   0.600,   2.538,   0.700,   2.638
202605151406,   1.918,9999.000,9999.000,9999.000,9999.000,9999.000,9999.000,9999.000,9999.000
202605151412,   1.931,9999.000,9999.000,9999.000,9999.000,9999.000,9999.000,9999.000,9999.000
202605151418,   1.944,9999.000,9999.000,9999.000,9999.000,9999.000,9999.000,9999.000,9999.000
202605151424,   1.956,9999.000,9999.000,9999.000,9999.000,9999.000,9999.000,9999.000,9999.000
202605151430,   1.967,9999.000,9999.000,9999.000,9999.000,9999.000,9999.000,9999.000,9999.000
202605151436,   1.978,9999.000,9999.000,9999.000,9999.000,9999.000,9999.000,9999.000,9999.000
202605151442,   1.988,9999.000,9999.000,9999.000,9999.000,9999.000,9999.000,9999.000,9999.000
202605151448,   1.997,9999.000,9999.000,9999.000,9999.000,9999.000,9999.000,9999.000,9999.000
202605151454,   2.005,9999.000,9999.000,9999.000,9999.000,9999.000,9999.000,9999.000,9999.000
202605151500,   2.012,9999.000,   0.700,   0.034,   2.746,   0.600,   2.646,   0.800,   2.846
202605151506,   2.019,9999.000,9999.000,9999.000,9999.000,9999.000,9999.000,9999.000,9999.000
202605151512,   2.024,9999.000,9999.000,9999.000,9999.000,9999.000,9999.000,9999.000,9999.000
202605151518,   2.029,9999.000,9999.000,9999.000,9999.000,9999.000,9999.000,9999.000,9999.000
202605151524,   2.033,9999.000,9999.000,9999.000,9999.000,9999.000,9999.000,9999.000,9999.000
202605151530,   2.035,9999.000,9999.000,9999.000,9999.000,9999.000,9999.000,9999.000,9999.000
202605151536,   2.037,9999.000,9999.000,9999.000,9999.000,9999.000,9999.000,9999.000,9999.000
202605151542,   2.037,9999.000,9999.000,9999.000,9999.000,9999.000,9999.000,9999.000,9999.000
202605151548,   2.037,9999.000,9999.000,9999.000,9999.000,9999.000,9999.000,9999.000,9999.000
202605151554,   2.035,9999.000,9999.000,9999.000,9999.000,9999.000,9999.000,9999.000,9999.000
202605151600,   2.033,9999.000,   0.700,   0.034,   2.767,   0.600,   2.667,   0.800,   2.867
202605151606,   2.029,9999.000,9999.000,9999.000,9999.000,9999.000,9999.000,9999.000,9999.000
202605151612,   2.024,9999.000,9999.000,9999.000,9999.000,9999.000,9999.000,9999.000,9999.000
202605151618,   2.018,9999.000,9999.000,9999.000,9999.000,9999.000,9999.000,9999.000,9999.000
202605151624,   2.012,9999.000,9999.000,9999.000,9999.000,9999.000,9999.000,9999.000,9999.000
202605151630,   2.004,9999.000,9999.000,9999.000,9999.000,9999.000,9999.000,9999.000,9999.000
202605151636,   1.995,9999.000,9999.000,9999.000,9999.000,9999.000,9999.000,9999.000,9999.000
202605151642,   1.985,9999.000,9999.000,9999.000,9999.000,9999.000,9999.000,9999.000,9999.000
202605151648,   1.974,9999.000,9999.000,9999.000,9999.000,9999.000,9999.000,9999.000,9999.000
202605151654,   1.963,9999.000,9999.000,9999.000,9999.000,9999.000,9999.000,9999.000,9999.000
202605151700,   1.950,9999.000,   0.700,   0.034,   2.684,   0.600,   2.584,   0.800,   2.784
202605151706,   1.936,9999.000,9999.000,9999.000,9999.000,9999.000,9999.000,9999.000,9999.000
202605151712,   1.922,9999.000,9999.000,9999.000,9999.000,9999.000,9999.000,9999.000,9999.000
202605151718,   1.907,9999.000,9999.000,9999.000,9999.000,9999.000,9999.000,9999.000,9999.000
202605151724,   1.891,9999.000,9999.000,9999.000,9999.000,9999.000,9999.000,9999.000,9999.000
202605151730,   1.874,9999.000,9999.000,9999.000,9999.000,9999.000,9999.000,9999.000,9999.000
202605151736,   1.857,9999.000,9999.000,9999.000,9999.000,9999.000,9999.000,9999.000,9999.000
202605151742,   1.838,9999.000,9999.000,9999.000,9999.000,9999.000,9999.000,9999.000,9999.000
202605151748,   1.819,9999.000,9999.000,9999.000,9999.000,9999.000,9999.000,9999.000,9999.000
202605151754,   1.800,9999.000,9999.000,9999.000,9999.000,9999.000,9999.000,9999.000,9999.000
202605151800,   1.779,9999.000,   0.700,   0.034,   2.513,   0.600,   2.413,   0.800,   2.613
202605151806,   1.758,9999.000,9999.000,9999.000,9999.000,9999.000,9999.000,9999.000,9999.000
202605151812,   1.737,9999.000,9999.000,9999.000,9999.000,9999.000,9999.000,9999.000,9999.000
202605151818,   1.714,9999.000,9999.000,9999.000,9999.000,9999.000,9999.000,9999.000,9999.000
202605151824,   1.692,9999.000,9999.000,9999.000,9999.000,9999.000,9999.000,9999.000,9999.000
202605151830,   1.668,9999.000,9999.000,9999.000,9999.000,9999.000,9999.000,9999.000,9999.000
202605151836,   1.644,9999.000,9999.000,9999.000,9999.000,9999.000,9999.000,9999.000,9999.000
202605151842,   1.619,9999.000,9999.000,9999.000,9999.000,9999.000,9999.000,9999.000,9999.000
202605151848,   1.594,9999.000,9999.000,9999.000,9999.000,9999.000,9999.000,9999.000,9999.000
202605151854,   1.568,9999.000,9999.000,9999.000,9999.000,9999.000,9999.000,9999.000,9999.000
202605151900,   1.542,9999.000,   0.700,   0.034,   2.276,   0.600,   2.176,   0.800,   2.376
202605151906,   1.515,9999.000,9999.000,9999.000,9999.000,9999.000,9999.000,9999.000,9999.000
202605151912,   1.488,9999.000,9999.000,9999.000,9999.000,9999.000,9999.000,9999.000,9999.000
202605151918,   1.460,9999.000,9999.000,9999.000,9999.000,9999.000,9999.000,9999.000,9999.000
202605151924,   1.431,9999.000,9999.000,9999.000,9999.000,9999.000,9999.000,9999.000,9999.000
202605151930,   1.402,9999.000,9999.000,9999.000,9999.000,9999.000,9999.000,9999.000,9999.000
202605151936,   1.373,9999.000,9999.000,9999.000,9999.000,9999.000,9999.000,9999.000,9999.000
202605151942,   1.343,9999.000,9999.000,9999.000,9999.000,9999.000,9999.000,9999.000,9999.000
202605151948,   1.313,9999.000,9999.000,9999.000,9999.000,9999.000,9999.000,9999.000,9999.000
202605151954,   1.282,9999.000,9999.000,9999.000,9999.000,9999.000,9999.000,9999.000,9999.000
202605152000,   1.250,9999.000,   0.700,   0.034,   1.984,   0.700,   1.984,   0.800,   2.084
202605152006,   1.219,9999.000,9999.000,9999.000,9999.000,9999.000,9999.000,9999.000,9999.000
202605152012,   1.187,9999.000,9999.000,9999.000,9999.000,9999.000,9999.000,9999.000,9999.000
202605152018,   1.154,9999.000,9999.000,9999.000,9999.000,9999.000,9999.000,9999.000,9999.000
202605152024,   1.122,9999.000,9999.000,9999.000,9999.000,9999.000,9999.000,9999.000,9999.000
202605152030,   1.089,9999.000,9999.000,9999.000,9999.000,9999.000,9999.000,9999.000,9999.000
202605152036,   1.055,9999.000,9999.000,9999.000,9999.000,9999.000,9999.000,9999.000,9999.000
202605152042,   1.022,9999.000,9999.000,9999.000,9999.000,9999.000,9999.000,9999.000,9999.000
202605152048,   0.988,9999.000,9999.000,9999.000,9999.000,9999.000,9999.000,9999.000,9999.000
202605152054,   0.954,9999.000,9999.000,9999.000,9999.000,9999.000,9999.000,9999.000,9999.000
202605152100,   0.920,9999.000,   0.700,   0.034,   1.654,   0.700,   1.654,   0.800,   1.754
202605152106,   0.886,9999.000,9999.000,9999.000,9999.000,9999.000,9999.000,9999.000,9999.000
202605152112,   0.852,9999.000,9999.000,9999.000,9999.000,9999.000,9999.000,9999.000,9999.000
202605152118,   0.818,9999.000,9999.000,9999.000,9999.000,9999.000,9999.000,9999.000,9999.000
202605152124,   0.784,9999.000,9999.000,9999.000,9999.000,9999.000,9999.000,9999.000,9999.000
202605152130,   0.750,9999.000,9999.000,9999.000,9999.000,9999.000,9999.000,9999.000,9999.000
202605152136,   0.716,9999.000,9999.000,9999.000,9999.000,9999.000,9999.000,9999.000,9999.000
202605152142,   0.683,9999.000,9999.000,9999.000,9999.000,9999.000,9999.000,9999.000,9999.000
202605152148,   0.650,9999.000,9999.000,9999.000,9999.000,9999.000,9999.000,9999.000,9999.000
202605152154,   0.617,9999.000,9999.000,9999.000,9999.000,9999.000,9999.000,9999.000,9999.000
202605152200,   0.584,9999.000,   0.700,   0.034,   1.318,   0.700,   1.318,   0.800,   1.418
202605152206,   0.551,9999.000,9999.000,9999.000,9999.000,9999.000,9999.000,9999.000,9999.000
202605152212,   0.519,9999.000,9999.000,9999.000,9999.000,9999.000,9999.000,9999.000,9999.000
202605152218,   0.488,9999.000,9999.000,9999.000,9999.000,9999.000,9999.000,9999.000,9999.000
202605152224,   0.457,9999.000,9999.000,9999.000,9999.000,9999.000,9999.000,9999.000,9999.000
202605152230,   0.426,9999.000,9999.000,9999.000,9999.000,9999.000,9999.000,9999.000,9999.000
202605152236,   0.396,9999.000,9999.000,9999.000,9999.000,9999.000,9999.000,9999.000,9999.000
202605152242,   0.367,9999.000,9999.000,9999.000,9999.000,9999.000,9999.000,9999.000,9999.000
202605152248,   0.338,9999.000,9999.000,9999.000,9999.000,9999.000,9999.000,9999.000,9999.000
202605152254,   0.310,9999.000,9999.000,9999.000,9999.000,9999.000,9999.000,9999.000,9999.000
202605152300,   0.282,9999.000,   0.700,   0.034,   1.016,   0.700,   1.016,   0.800,   1.116
202605152306,   0.255,9999.000,9999.000,9999.000,9999.000,9999.000,9999.000,9999.000,9999.000
202605152312,   0.229,9999.000,9999.000,9999.000,9999.000,9999.000,9999.000,9999.000,9999.000
202605152318,   0.204,9999.000,9999.000,9999.000,9999.000,9999.000,9999.000,9999.000,9999.000
202605152324,   0.179,9999.000,9999.000,9999.000,9999.000,9999.000,9999.000,9999.000,9999.000
202605152330,   0.155,9999.000,9999.000,9999.000,9999.000,9999.000,9999.000,9999.000,9999.000
202605152336,   0.132,9999.000,9999.000,9999.000,9999.000,9999.000,9999.000,9999.000,9999.000
202605152342,   0.110,9999.000,9999.000,9999.000,9999.000,9999.000,9999.000,9999.000,9999.000
202605152348,   0.089,9999.000,9999.000,9999.000,9999.000,9999.000,9999.000,9999.000,9999.000
202605152354,   0.068,9999.000,9999.000,9999.000,9999.000,9999.000,9999.000,9999.000,9999.000
202605160000,   0.049,9999.000,   0.700,   0.034,   0.783,   0.700,   0.783,   0.800,   0.883
202605160006,   0.030,9999.000,9999.000,9999.000,9999.000,9999.000,9999.000,9999.000,9999.000
202605160012,   0.013,9999.000,9999.000,9999.000,9999.000,9999.000,9999.000,9999.000,9999.000
202605160018,  -0.003,9999.000,9999.000,9999.000,9999.000,9999.000,9999.000,9999.000,9999.000
202605160024,  -0.018,9999.000,9999.000,9999.000,9999.000,9999.000,9999.000,9999.000,9999.000
202605160030,  -0.033,9999.000,9999.000,9999.000,9999.000,9999.000,9999.000,9999.000,9999.000
202605160036,  -0.047,9999.000,9999.000,9999.000,9999.000,9999.000,9999.000,9999.000,9999.000
202605160042,  -0.059,9999.000,9999.000,9999.000,9999.000,9999.000,9999.000,9999.000,9999.000
202605160048,  -0.071,9999.000,9999.000,9999.000,9999.000,9999.000,9999.000,9999.000,9999.000
202605160054,  -0.082,9999.000,9999.000,9999.000,9999.000,9999.000,9999.000,9999.000,9999.000
202605160100,  -0.091,9999.000,   0.700,   0.034,   0.643,   0.700,   0.643,   0.800,   0.743
202605160106,  -0.100,9999.000,9999.000,9999.000,9999.000,9999.000,9999.000,9999.000,9999.000
202605160112,  -0.107,9999.000,9999.000,9999.000,9999.000,9999.000,9999.000,9999.000,9999.000
202605160118,  -0.113,9999.000,9999.000,9999.000,9999.000,9999.000,9999.000,9999.000,9999.000
202605160124,  -0.119,9999.000,9999.000,9999.000,9999.000,9999.000,9999.000,9999.000,9999.000
202605160130,  -0.123,9999.000,9999.000,9999.000,9999.000,9999.000,9999.000,9999.000,9999.000
202605160136,  -0.126,9999.000,9999.000,9999.000,9999.000,9999.000,9999.000,9999.000,9999.000
202605160142,  -0.128,9999.000,9999.000,9999.000,9999.000,9999.000,9999.000,9999.000,9999.000
202605160148,  -0.130,9999.000,9999.000,9999.000,9999.000,9999.000,9999.000,9999.000,9999.000
202605160154,  -0.130,9999.000,9999.000,9999.000,9999.000,9999.000,9999.000,9999.000,9999.000
202605160200,  -0.129,9999.000,   0.700,   0.034,   0.605,   0.700,   0.605,   0.800,   0.705
202605160206,  -0.127,9999.000,9999.000,9999.000,9999.000,9999.000,9999.000,9999.000,9999.000
202605160212,  -0.124,9999.000,9999.000,9999.000,9999.000,9999.000,9999.000,9999.000,9999.000
202605160218,  -0.121,9999.000,9999.000,9999.000,9999.000,9999.000,9999.000,9999.000,9999.000
202605160224,  -0.116,9999.000,9999.000,9999.000,9999.000,9999.000,9999.000,9999.000,9999.000
202605160230,  -0.111,9999.000,9999.000,9999.000,9999.000,9999.000,9999.000,9999.000,9999.000
202605160236,  -0.104,9999.000,9999.000,9999.000,9999.000,9999.000,9999.000,9999.000,9999.000
202605160242,  -0.097,9999.000,9999.000,9999.000,9999.000,9999.000,9999.000,9999.000,9999.000
202605160248,  -0.089,9999.000,9999.000,9999.000,9999.000,9999.000,9999.000,9999.000,9999.000
202605160254,  -0.080,9999.000,9999.000,9999.000,9999.000,9999.000,9999.000,9999.000,9999.000
202605160300,  -0.071,9999.000,   0.700,   0.034,   0.663,   0.700,   0.663,   0.800,   0.763
202605160306,  -0.061,9999.000,9999.000,9999.000,9999.000,9999.000,9999.000,9999.000,9999.000
202605160312,  -0.050,9999.000,9999.000,9999.000,9999.000,9999.000,9999.000,9999.000,9999.000
202605160318,  -0.038,9999.000,9999.000,9999.000,9999.000,9999.000,9999.000,9999.000,9999.000
202605160324,  -0.026,9999.000,9999.000,9999.000,9999.000,9999.000,9999.000,9999.000,9999.000
202605160330,  -0.013,9999.000,9999.000,9999.000,9999.000,9999.000,9999.000,9999.000,9999.000
202605160336,   0.000,9999.000,9999.000,9999.000,9999.000,9999.000,9999.000,9999.000,9999.000
202605160342,   0.013,9999.000,9999.000,9999.000,9999.000,9999.000,9999.000,9999.000,9999.000
202605160348,   0.027,9999.000,9999.000,9999.000,9999.000,9999.000,9999.000,9999.000,9999.000
202605160354,   0.042,9999.000,9999.000,9999.000,9999.000,9999.000,9999.000,9999.000,9999.000
202605160400,   0.058,9999.000,   0.700,   0.034,   0.792,   0.700,   0.792,   0.800,   0.892
202605160406,   0.074,9999.000,9999.000,9999.000,9999.000,9999.000,9999.000,9999.000,9999.000
202605160412,   0.090,9999.000,9999.000,9999.000,9999.000,9999.000,9999.000,9999.000,9999.000
202605160418,   0.107,9999.000,9999.000,9999.000,9999.000,9999.000,9999.000,9999.000,9999.000
202605160424,   0.125,9999.000,9999.000,9999.000,9999.000,9999.000,9999.000,9999.000,9999.000
202605160430,   0.142,9999.000,9999.000,9999.000,9999.000,9999.000,9999.000,9999.000,9999.000
202605160436,   0.161,9999.000,9999.000,9999.000,9999.000,9999.000,9999.000,9999.000,9999.000
202605160442,   0.179,9999.000,9999.000,9999.000,9999.000,9999.000,9999.000,9999.000,9999.000
202605160448,   0.199,9999.000,9999.000,9999.000,9999.000,9999.000,9999.000,9999.000,9999.000
202605160454,   0.218,9999.000,9999.000,9999.000,9999.000,9999.000,9999.000,9999.000,9999.000
202605160500,   0.238,9999.000,   0.700,   0.034,   0.972,   0.700,   0.972,   0.800,   1.072
202605160506,   0.259,9999.000,9999.000,9999.000,9999.000,9999.000,9999.000,9999.000,9999.000
202605160512,   0.279,9999.000,9999.000,9999.000,9999.000,9999.000,9999.000,9999.000,9999.000
202605160518,   0.301,9999.000,9999.000,9999.000,9999.000,9999.000,9999.000,9999.000,9999.000
202605160524,   0.322,9999.000,9999.000,9999.000,9999.000,9999.000,9999.000,9999.000,9999.000
202605160530,   0.344,9999.000,9999.000,9999.000,9999.000,9999.000,9999.000,9999.000,9999.000
202605160536,   0.367,9999.000,9999.000,9999.000,9999.000,9999.000,9999.000,9999.000,9999.000
202605160542,   0.390,9999.000,9999.000,9999.000,9999.000,9999.000,9999.000,9999.000,9999.000
202605160548,   0.413,9999.000,9999.000,9999.000,9999.000,9999.000,9999.000,9999.000,9999.000
202605160554,   0.437,9999.000,9999.000,9999.000,9999.000,9999.000,9999.000,9999.000,9999.000
202605160600,   0.461,9999.000,   0.700,   0.034,   1.195,   0.700,   1.195,   0.800,   1.295
202605160606,   0.485,9999.000,9999.000,9999.000,9999.000,9999.000,9999.000,9999.000,9999.000
202605160612,   0.510,9999.000,9999.000,9999.000,9999.000,9999.000,9999.000,9999.000,9999.000
202605160618,   0.535,9999.000,9999.000,9999.000,9999.000,9999.000,9999.000,9999.000,9999.000
202605160624,   0.560,9999.000,9999.000,9999.000,9999.000,9999.000,9999.000,9999.000,9999.000
202605160630,   0.585,9999.000,9999.000,9999.000,9999.000,9999.000,9999.000,9999.000,9999.000
202605160636,   0.611,9999.000,9999.000,9999.000,9999.000,9999.000,9999.000,9999.000,9999.000
202605160642,   0.636,9999.000,9999.000,9999.000,9999.000,9999.000,9999.000,9999.000,9999.000
202605160648,   0.662,9999.000,9999.000,9999.000,9999.000,9999.000,9999.000,9999.000,9999.000
202605160654,   0.688,9999.000,9999.000,9999.000,9999.000,9999.000,9999.000,9999.000,9999.000
202605160700,   0.714,9999.000,   0.700,   0.034,   1.448,   0.600,   1.348,   0.800,   1.548
202605160706,   0.740,9999.000,9999.000,9999.000,9999.000,9999.000,9999.000,9999.000,9999.000
202605160712,   0.766,9999.000,9999.000,9999.000,9999.000,9999.000,9999.000,9999.000,9999.000
202605160718,   0.792,9999.000,9999.000,9999.000,9999.000,9999.000,9999.000,9999.000,9999.000
202605160724,   0.818,9999.000,9999.000,9999.000,9999.000,9999.000,9999.000,9999.000,9999.000
202605160730,   0.844,9999.000,9999.000,9999.000,9999.000,9999.000,9999.000,9999.000,9999.000
202605160736,   0.869,9999.000,9999.000,9999.000,9999.000,9999.000,9999.000,9999.000,9999.000
202605160742,   0.895,9999.000,9999.000,9999.000,9999.000,9999.000,9999.000,9999.000,9999.000
202605160748,   0.919,9999.000,9999.000,9999.000,9999.000,9999.000,9999.000,9999.000,9999.000
202605160754,   0.944,9999.000,9999.000,9999.000,9999.000,9999.000,9999.000,9999.000,9999.000
202605160800,   0.968,9999.000,   0.700,   0.034,   1.702,   0.600,   1.602,   0.700,   1.702
202605160806,   0.992,9999.000,9999.000,9999.000,9999.000,9999.000,9999.000,9999.000,9999.000
202605160812,   1.016,9999.000,9999.000,9999.000,9999.000,9999.000,9999.000,9999.000,9999.000
202605160818,   1.039,9999.000,9999.000,9999.000,9999.000,9999.000,9999.000,9999.000,9999.000
202605160824,   1.061,9999.000,9999.000,9999.000,9999.000,9999.000,9999.000,9999.000,9999.000
202605160830,   1.084,9999.000,9999.000,9999.000,9999.000,9999.000,9999.000,9999.000,9999.000
202605160836,   1.105,9999.000,9999.000,9999.000,9999.000,9999.000,9999.000,9999.000,9999.000
202605160842,   1.126,9999.000,9999.000,9999.000,9999.000,9999.000,9999.000,9999.000,9999.000
202605160848,   1.147,9999.000,9999.000,9999.000,9999.000,9999.000,9999.000,9999.000,9999.000
202605160854,   1.167,9999.000,9999.000,9999.000,9999.000,9999.000,9999.000,9999.000,9999.000
202605160900,   1.187,9999.000,   0.700,   0.034,   1.921,   0.600,   1.821,   0.700,   1.921
202605160906,   1.206,9999.000,9999.000,9999.000,9999.000,9999.000,9999.000,9999.000,9999.000
202605160912,   1.224,9999.000,9999.000,9999.000,9999.000,9999.000,9999.000,9999.000,9999.000
202605160918,   1.243,9999.000,9999.000,9999.000,9999.000,9999.000,9999.000,9999.000,9999.000
202605160924,   1.260,9999.000,9999.000,9999.000,9999.000,9999.000,9999.000,9999.000,9999.000
202605160930,   1.277,9999.000,9999.000,9999.000,9999.000,9999.000,9999.000,9999.000,9999.000
202605160936,   1.294,9999.000,9999.000,9999.000,9999.000,9999.000,9999.000,9999.000,9999.000
202605160942,   1.311,9999.000,9999.000,9999.000,9999.000,9999.000,9999.000,9999.000,9999.000
202605160948,   1.327,9999.000,9999.000,9999.000,9999.000,9999.000,9999.000,9999.000,9999.000
202605160954,   1.343,9999.000,9999.000,9999.000,9999.000,9999.000,9999.000,9999.000,9999.000
202605161000,   1.358,9999.000,   0.700,   0.034,   2.092,   0.600,   1.992,   0.700,   2.092
202605161006,   1.373,9999.000,9999.000,9999.000,9999.000,9999.000,9999.000,9999.000,9999.000
202605161012,   1.388,9999.000,9999.000,9999.000,9999.000,9999.000,9999.000,9999.000,9999.000
202605161018,   1.403,9999.000,9999.000,9999.000,9999.000,9999.000,9999.000,9999.000,9999.000
202605161024,   1.417,9999.000,9999.000,9999.000,9999.000,9999.000,9999.000,9999.000,9999.000
202605161030,   1.432,9999.000,9999.000,9999.000,9999.000,9999.000,9999.000,9999.000,9999.000
202605161036,   1.446,9999.000,9999.000,9999.000,9999.000,9999.000,9999.000,9999.000,9999.000
202605161042,   1.460,9999.000,9999.000,9999.000,9999.000,9999.000,9999.000,9999.000,9999.000
202605161048,   1.475,9999.000,9999.000,9999.000,9999.000,9999.000,9999.000,9999.000,9999.000
202605161054,   1.489,9999.000,9999.000,9999.000,9999.000,9999.000,9999.000,9999.000,9999.000
202605161100,   1.503,9999.000,   0.700,   0.034,   2.237,   0.600,   2.137,   0.700,   2.237
202605161106,   1.517,9999.000,9999.000,9999.000,9999.000,9999.000,9999.000,9999.000,9999.000
202605161112,   1.532,9999.000,9999.000,9999.000,9999.000,9999.000,9999.000,9999.000,9999.000
202605161118,   1.546,9999.000,9999.000,9999.000,9999.000,9999.000,9999.000,9999.000,9999.000
202605161124,   1.561,9999.000,9999.000,9999.000,9999.000,9999.000,9999.000,9999.000,9999.000
202605161130,   1.576,9999.000,9999.000,9999.000,9999.000,9999.000,9999.000,9999.000,9999.000
202605161136,   1.591,9999.000,9999.000,9999.000,9999.000,9999.000,9999.000,9999.000,9999.000
202605161142,   1.606,9999.000,9999.000,9999.000,9999.000,9999.000,9999.000,9999.000,9999.000
202605161148,   1.622,9999.000,9999.000,9999.000,9999.000,9999.000,9999.000,9999.000,9999.000
202605161154,   1.638,9999.000,9999.000,9999.000,9999.000,9999.000,9999.000,9999.000,9999.000
202605161200,   1.654,9999.000,   0.700,   0.034,   2.388,   0.600,   2.288,   0.800,   2.488
202605161206,   1.670,9999.000,9999.000,9999.000,9999.000,9999.000,9999.000,9999.000,9999.000
202605161212,   1.686,9999.000,9999.000,9999.000,9999.000,9999.000,9999.000,9999.000,9999.000
202605161218,   1.703,9999.000,9999.000,9999.000,9999.000,9999.000,9999.000,9999.000,9999.000
202605161224,   1.720,9999.000,9999.000,9999.000,9999.000,9999.000,9999.000,9999.000,9999.000
202605161230,   1.738,9999.000,9999.000,9999.000,9999.000,9999.000,9999.000,9999.000,9999.000
202605161236,   1.755,9999.000,9999.000,9999.000,9999.000,9999.000,9999.000,9999.000,9999.000
202605161242,   1.773,9999.000,9999.000,9999.000,9999.000,9999.000,9999.000,9999.000,9999.000
202605161248,   1.791,9999.000,9999.000,9999.000,9999.000,9999.000,9999.000,9999.000,9999.000
202605161254,   1.810,9999.000,9999.000,9999.000,9999.000,9999.000,9999.000,9999.000,9999.000
202605161300,   1.828,9999.000,   0.700,   0.034,   2.562,   0.600,   2.462,   0.800,   2.662
202605161306,   1.847,9999.000,9999.000,9999.000,9999.000,9999.000,9999.000,9999.000,9999.000
202605161312,   1.866,9999.000,9999.000,9999.000,9999.000,9999.000,9999.000,9999.000,9999.000
202605161318,   1.885,9999.000,9999.000,9999.000,9999.000,9999.000,9999.000,9999.000,9999.000
202605161324,   1.904,9999.000,9999.000,9999.000,9999.000,9999.000,9999.000,9999.000,9999.000
202605161330,   1.924,9999.000,9999.000,9999.000,9999.000,9999.000,9999.000,9999.000,9999.000
202605161336,   1.943,9999.000,9999.000,9999.000,9999.000,9999.000,9999.000,9999.000,9999.000
202605161342,   1.963,9999.000,9999.000,9999.000,9999.000,9999.000,9999.000,9999.000,9999.000
202605161348,   1.982,9999.000,9999.000,9999.000,9999.000,9999.000,9999.000,9999.000,9999.000
202605161354,   2.002,9999.000,9999.000,9999.000,9999.000,9999.000,9999.000,9999.000,9999.000
202605161400,   2.021,9999.000,   0.700,   0.034,   2.755,   0.600,   2.655,   0.800,   2.855
202605161406,   2.040,9999.000,9999.000,9999.000,9999.000,9999.000,9999.000,9999.000,9999.000
202605161412,   2.059,9999.000,9999.000,9999.000,9999.000,9999.000,9999.000,9999.000,9999.000
202605161418,   2.077,9999.000,9999.000,9999.000,9999.000,9999.000,9999.000,9999.000,9999.000
202605161424,   2.096,9999.000,9999.000,9999.000,9999.000,9999.000,9999.000,9999.000,9999.000
202605161430,   2.114,9999.000,9999.000,9999.000,9999.000,9999.000,9999.000,9999.000,9999.000
202605161436,   2.131,9999.000,9999.000,9999.000,9999.000,9999.000,9999.000,9999.000,9999.000
202605161442,   2.148,9999.000,9999.000,9999.000,9999.000,9999.000,9999.000,9999.000,9999.000
202605161448,   2.164,9999.000,9999.000,9999.000,9999.000,9999.000,9999.000,9999.000,9999.000
202605161454,   2.180,9999.000,9999.000,9999.000,9999.000,9999.000,9999.000,9999.000,9999.000
202605161500,   2.195,9999.000,   0.700,   0.034,   2.929,   0.600,   2.829,   0.800,   3.029
202605161506,   2.209,9999.000,9999.000,9999.000,9999.000,9999.000,9999.000,9999.000,9999.000
202605161512,   2.222,9999.000,9999.000,9999.000,9999.000,9999.000,9999.000,9999.000,9999.000
202605161518,   2.234,9999.000,9999.000,9999.000,9999.000,9999.000,9999.000,9999.000,9999.000
202605161524,   2.246,9999.000,9999.000,9999.000,9999.000,9999.000,9999.000,9999.000,9999.000
202605161530,   2.256,9999.000,9999.000,9999.000,9999.000,9999.000,9999.000,9999.000,9999.000
202605161536,   2.265,9999.000,9999.000,9999.000,9999.000,9999.000,9999.000,9999.000,9999.000
202605161542,   2.273,9999.000,9999.000,9999.000,9999.000,9999.000,9999.000,9999.000,9999.000
202605161548,   2.280,9999.000,9999.000,9999.000,9999.000,9999.000,9999.000,9999.000,9999.000
202605161554,   2.286,9999.000,9999.000,9999.000,9999.000,9999.000,9999.000,9999.000,9999.000
202605161600,   2.290,9999.000,   0.700,   0.034,   3.024,   0.600,   2.924,   0.800,   3.124
202605161606,   2.294,9999.000,9999.000,9999.000,9999.000,9999.000,9999.000,9999.000,9999.000
202605161612,   2.295,9999.000,9999.000,9999.000,9999.000,9999.000,9999.000,9999.000,9999.000
202605161618,   2.296,9999.000,9999.000,9999.000,9999.000,9999.000,9999.000,9999.000,9999.000
202605161624,   2.295,9999.000,9999.000,9999.000,9999.000,9999.000,9999.000,9999.000,9999.000
202605161630,   2.293,9999.000,9999.000,9999.000,9999.000,9999.000,9999.000,9999.000,9999.000
202605161636,   2.289,9999.000,9999.000,9999.000,9999.000,9999.000,9999.000,9999.000,9999.000
202605161642,   2.285,9999.000,9999.000,9999.000,9999.000,9999.000,9999.000,9999.000,9999.000
202605161648,   2.278,9999.000,9999.000,9999.000,9999.000,9999.000,9999.000,9999.000,9999.000
202605161654,   2.271,9999.000,9999.000,9999.000,9999.000,9999.000,9999.000,9999.000,9999.000
202605161700,   2.262,9999.000,   0.700,   0.034,   2.996,   0.600,   2.896,   0.800,   3.096
202605161706,   2.251,9999.000,9999.000,9999.000,9999.000,9999.000,9999.000,9999.000,9999.000
202605161712,   2.240,9999.000,9999.000,9999.000,9999.000,9999.000,9999.000,9999.000,9999.000
202605161718,   2.227,9999.000,9999.000,9999.000,9999.000,9999.000,9999.000,9999.000,9999.000
202605161724,   2.213,9999.000,9999.000,9999.000,9999.000,9999.000,9999.000,9999.000,9999.000
202605161730,   2.198,9999.000,9999.000,9999.000,9999.000,9999.000,9999.000,9999.000,9999.000
202605161736,   2.181,9999.000,9999.000,9999.000,9999.000,9999.000,9999.000,9999.000,9999.000
202605161742,   2.164,9999.000,9999.000,9999.000,9999.000,9999.000,9999.000,9999.000,9999.000
202605161748,   2.145,9999.000,9999.000,9999.000,9999.000,9999.000,9999.000,9999.000,9999.000
202605161754,   2.126,9999.000,9999.000,9999.000,9999.000,9999.000,9999.000,9999.000,9999.000
202605161800,   2.105,9999.000,   0.700,   0.034,   2.839,   0.700,   2.839,   0.800,   2.939
202605161806,   2.084,9999.000,9999.000,9999.000,9999.000,9999.000,9999.000,9999.000,9999.000
202605161812,   2.062,9999.000,9999.000,9999.000,9999.000,9999.000,9999.000,9999.000,9999.000
202605161818,   2.038,9999.000,9999.000,9999.000,9999.000,9999.000,9999.000,9999.000,9999.000
202605161824,   2.014,9999.000,9999.000,9999.000,9999.000,9999.000,9999.000,9999.000,9999.000
202605161830,   1.990,9999.000,9999.000,9999.000,9999.000,9999.000,9999.000,9999.000,9999.000
202605161836,   1.964,9999.000,9999.000,9999.000,9999.000,9999.000,9999.000,9999.000,9999.000
202605161842,   1.938,9999.000,9999.000,9999.000,9999.000,9999.000,9999.000,9999.000,9999.000
202605161848,   1.911,9999.000,9999.000,9999.000,9999.000,9999.000,9999.000,9999.000,9999.000
202605161854,   1.884,9999.000,9999.000,9999.000,9999.000,9999.000,9999.000,9999.000,9999.000
202605161900,   1.856,9999.000,   0.700,   0.034,   2.590,   0.700,   2.590,   0.800,   2.690
202605161906,   1.827,9999.000,9999.000,9999.000,9999.000,9999.000,9999.000,9999.000,9999.000
202605161912,   1.798,9999.000,9999.000,9999.000,9999.000,9999.000,9999.000,9999.000,9999.000
202605161918,   1.769,9999.000,9999.000,9999.000,9999.000,9999.000,9999.000,9999.000,9999.000
202605161924,   1.739,9999.000,9999.000,9999.000,9999.000,9999.000,9999.000,9999.000,9999.000
202605161930,   1.708,9999.000,9999.000,9999.000,9999.000,9999.000,9999.000,9999.000,9999.000
202605161936,   1.677,9999.000,9999.000,9999.000,9999.000,9999.000,9999.000,9999.000,9999.000
202605161942,   1.646,9999.000,9999.000,9999.000,9999.000,9999.000,9999.000,9999.000,9999.000
202605161948,   1.614,9999.000,9999.000,9999.000,9999.000,9999.000,9999.000,9999.000,9999.000
202605161954,   1.581,9999.000,9999.000,9999.000,9999.000,9999.000,9999.000,9999.000,9999.000
202605162000,   1.549,9999.000,   0.700,   0.034,   2.283,   0.700,   2.283,   0.800,   2.383
202605162006,   1.515,9999.000,9999.000,9999.000,9999.000,9999.000,9999.000,9999.000,9999.000
202605162012,   1.482,9999.000,9999.000,9999.000,9999.000,9999.000,9999.000,9999.000,9999.000
202605162018,   1.448,9999.000,9999.000,9999.000,9999.000,9999.000,9999.000,9999.000,9999.000
202605162024,   1.414,9999.000,9999.000,9999.000,9999.000,9999.000,9999.000,9999.000,9999.000
202605162030,   1.379,9999.000,9999.000,9999.000,9999.000,9999.000,9999.000,9999.000,9999.000
202605162036,   1.344,9999.000,9999.000,9999.000,9999.000,9999.000,9999.000,9999.000,9999.000
202605162042,   1.308,9999.000,9999.000,9999.000,9999.000,9999.000,9999.000,9999.000,9999.000
202605162048,   1.272,9999.000,9999.000,9999.000,9999.000,9999.000,9999.000,9999.000,9999.000
202605162054,   1.236,9999.000,9999.000,9999.000,9999.000,9999.000,9999.000,9999.000,9999.000
202605162100,   1.200,9999.000,   0.700,   0.034,   1.934,   0.700,   1.934,   0.800,   2.034
202605162106,   1.163,9999.000,9999.000,9999.000,9999.000,9999.000,9999.000,9999.000,9999.000
202605162112,   1.126,9999.000,9999.000,9999.000,9999.000,9999.000,9999.000,9999.000,9999.000
202605162118,   1.089,9999.000,9999.000,9999.000,9999.000,9999.000,9999.000,9999.000,9999.000
202605162124,   1.051,9999.000,9999.000,9999.000,9999.000,9999.000,9999.000,9999.000,9999.000
202605162130,   1.013,9999.000,9999.000,9999.000,9999.000,9999.000,9999.000,9999.000,9999.000
202605162136,   0.976,9999.000,9999.000,9999.000,9999.000,9999.000,9999.000,9999.000,9999.000
202605162142,   0.937,9999.000,9999.000,9999.000,9999.000,9999.000,9999.000,9999.000,9999.000
202605162148,   0.900,9999.000,9999.000,9999.000,9999.000,9999.000,9999.000,9999.000,9999.000
202605162154,   0.861,9999.000,9999.000,9999.000,9999.000,9999.000,9999.000,9999.000,9999.000
202605162200,   0.823,9999.000,   0.700,   0.034,   1.557,   0.700,   1.557,   0.800,   1.657
202605162206,   0.784,9999.000,9999.000,9999.000,9999.000,9999.000,9999.000,9999.000,9999.000
202605162212,   0.746,9999.000,9999.000,9999.000,9999.000,9999.000,9999.000,9999.000,9999.000
202605162218,   0.708,9999.000,9999.000,9999.000,9999.000,9999.000,9999.000,9999.000,9999.000
202605162224,   0.670,9999.000,9999.000,9999.000,9999.000,9999.000,9999.000,9999.000,9999.000
202605162230,   0.632,9999.000,9999.000,9999.000,9999.000,9999.000,9999.000,9999.000,9999.000
202605162236,   0.594,9999.000,9999.000,9999.000,9999.000,9999.000,9999.000,9999.000,9999.000
202605162242,   0.557,9999.000,9999.000,9999.000,9999.000,9999.000,9999.000,9999.000,9999.000
202605162248,   0.519,9999.000,9999.000,9999.000,9999.000,9999.000,9999.000,9999.000,9999.000
202605162254,   0.483,9999.000,9999.000,9999.000,9999.000,9999.000,9999.000,9999.000,9999.000
202605162300,   0.446,9999.000,   0.700,   0.034,   1.180,   0.700,   1.180,   0.800,   1.280
202605162306,   0.410,9999.000,9999.000,9999.000,9999.000,9999.000,9999.000,9999.000,9999.000
202605162312,   0.374,9999.000,9999.000,9999.000,9999.000,9999.000,9999.000,9999.000,9999.000
202605162318,   0.339,9999.000,9999.000,9999.000,9999.000,9999.000,9999.000,9999.000,9999.000
202605162324,   0.305,9999.000,9999.000,9999.000,9999.000,9999.000,9999.000,9999.000,9999.000
202605162330,   0.271,9999.000,9999.000,9999.000,9999.000,9999.000,9999.000,9999.000,9999.000
202605162336,   0.238,9999.000,9999.000,9999.000,9999.000,9999.000,9999.000,9999.000,9999.000
202605162342,   0.205,9999.000,9999.000,9999.000,9999.000,9999.000,9999.000,9999.000,9999.000
202605162348,   0.173,9999.000,9999.000,9999.000,9999.000,9999.000,9999.000,9999.000,9999.000
202605162354,   0.142,9999.000,9999.000,9999.000,9999.000,9999.000,9999.000,9999.000,9999.000
202605170000,   0.112,9999.000,   0.800,   0.034,   0.946,   0.700,   0.846,   0.800,   0.946
202605170006,   0.082,9999.000,9999.000,9999.000,9999.000,9999.000,9999.000,9999.000,9999.000
202605170012,   0.053,9999.000,9999.000,9999.000,9999.000,9999.000,9999.000,9999.000,9999.000
202605170018,   0.026,9999.000,9999.000,9999.000,9999.000,9999.000,9999.000,9999.000,9999.000
202605170024,   0.000,9999.000,9999.000,9999.000,9999.000,9999.000,9999.000,9999.000,9999.000
202605170030,  -0.026,9999.000,9999.000,9999.000,9999.000,9999.000,9999.000,9999.000,9999.000
202605170036,  -0.051,9999.000,9999.000,9999.000,9999.000,9999.000,9999.000,9999.000,9999.000
202605170042,  -0.075,9999.000,9999.000,9999.000,9999.000,9999.000,9999.000,9999.000,9999.000
202605170048,  -0.098,9999.000,9999.000,9999.000,9999.000,9999.000,9999.000,9999.000,9999.000
202605170054,  -0.120,9999.000,9999.000,9999.000,9999.000,9999.000,9999.000,9999.000,9999.000
202605170100,  -0.141,9999.000,   0.800,   0.034,   0.693,   0.700,   0.593,   0.800,   0.693
202605170106,  -0.160,9999.000,9999.000,9999.000,9999.000,9999.000,9999.000,9999.000,9999.000
202605170112,  -0.179,9999.000,9999.000,9999.000,9999.000,9999.000,9999.000,9999.000,9999.000
202605170118,  -0.196,9999.000,9999.000,9999.000,9999.000,9999.000,9999.000,9999.000,9999.000
202605170124,  -0.212,9999.000,9999.000,9999.000,9999.000,9999.000,9999.000,9999.000,9999.000
202605170130,  -0.227,9999.000,9999.000,9999.000,9999.000,9999.000,9999.000,9999.000,9999.000
202605170136,  -0.241,9999.000,9999.000,9999.000,9999.000,9999.000,9999.000,9999.000,9999.000
202605170142,  -0.254,9999.000,9999.000,9999.000,9999.000,9999.000,9999.000,9999.000,9999.000
202605170148,  -0.265,9999.000,9999.000,9999.000,9999.000,9999.000,9999.000,9999.000,9999.000
202605170154,  -0.276,9999.000,9999.000,9999.000,9999.000,9999.000,9999.000,9999.000,9999.000
202605170200,  -0.285,9999.000,   0.800,   0.034,   0.549,   0.700,   0.449,   0.800,   0.549
202605170206,  -0.293,9999.000,9999.000,9999.000,9999.000,9999.000,9999.000,9999.000,9999.000
202605170212,  -0.300,9999.000,9999.000,9999.000,9999.000,9999.000,9999.000,9999.000,9999.000
202605170218,  -0.305,9999.000,9999.000,9999.000,9999.000,9999.000,9999.000,9999.000,9999.000
202605170224,  -0.310,9999.000,9999.000,9999.000,9999.000,9999.000,9999.000,9999.000,9999.000
202605170230,  -0.313,9999.000,9999.000,9999.000,9999.000,9999.000,9999.000,9999.000,9999.000
202605170236,  -0.315,9999.000,9999.000,9999.000,9999.000,9999.000,9999.000,9999.000,9999.000
202605170242,  -0.316,9999.000,9999.000,9999.000,9999.000,9999.000,9999.000,9999.000,9999.000
202605170248,  -0.316,9999.000,9999.000,9999.000,9999.000,9999.000,9999.000,9999.000,9999.000
202605170254,  -0.315,9999.000,9999.000,9999.000,9999.000,9999.000,9999.000,9999.000,9999.000
202605170300,  -0.313,9999.000,   0.800,   0.034,   0.521,   0.700,   0.421,   0.900,   0.621
202605170306,  -0.310,9999.000,9999.000,9999.000,9999.000,9999.000,9999.000,9999.000,9999.000
202605170312,  -0.306,9999.000,9999.000,9999.000,9999.000,9999.000,9999.000,9999.000,9999.000
202605170318,  -0.301,9999.000,9999.000,9999.000,9999.000,9999.000,9999.000,9999.000,9999.000
202605170324,  -0.295,9999.000,9999.000,9999.000,9999.000,9999.000,9999.000,9999.000,9999.000
202605170330,  -0.288,9999.000,9999.000,9999.000,9999.000,9999.000,9999.000,9999.000,9999.000
202605170336,  -0.280,9999.000,9999.000,9999.000,9999.000,9999.000,9999.000,9999.000,9999.000
202605170342,  -0.272,9999.000,9999.000,9999.000,9999.000,9999.000,9999.000,9999.000,9999.000
202605170348,  -0.263,9999.000,9999.000,9999.000,9999.000,9999.000,9999.000,9999.000,9999.000
202605170354,  -0.253,9999.000,9999.000,9999.000,9999.000,9999.000,9999.000,9999.000,9999.000
202605170400,  -0.242,9999.000,   0.800,   0.034,   0.592,   0.700,   0.492,   0.900,   0.692
202605170406,  -0.231,9999.000,9999.000,9999.000,9999.000,9999.000,9999.000,9999.000,9999.000
202605170412,  -0.219,9999.000,9999.000,9999.000,9999.000,9999.000,9999.000,9999.000,9999.000
202605170418,  -0.206,9999.000,9999.000,9999.000,9999.000,9999.000,9999.000,9999.000,9999.000
202605170424,  -0.193,9999.000,9999.000,9999.000,9999.000,9999.000,9999.000,9999.000,9999.000
202605170430,  -0.180,9999.000,9999.000,9999.000,9999.000,9999.000,9999.000,9999.000,9999.000
202605170436,  -0.165,9999.000,9999.000,9999.000,9999.000,9999.000,9999.000,9999.000,9999.000
202605170442,  -0.150,9999.000,9999.000,9999.000,9999.000,9999.000,9999.000,9999.000,9999.000
202605170448,  -0.135,9999.000,9999.000,9999.000,9999.000,9999.000,9999.000,9999.000,9999.000
202605170454,  -0.119,9999.000,9999.000,9999.000,9999.000,9999.000,9999.000,9999.000,9999.000
202605170500,  -0.103,9999.000,   0.800,   0.034,   0.731,   0.700,   0.631,   0.900,   0.831
202605170506,  -0.086,9999.000,9999.000,9999.000,9999.000,9999.000,9999.000,9999.000,9999.000
202605170512,  -0.069,9999.000,9999.000,9999.000,9999.000,9999.000,9999.000,9999.000,9999.000
202605170518,  -0.051,9999.000,9999.000,9999.000,9999.000,9999.000,9999.000,9999.000,9999.000
202605170524,  -0.032,9999.000,9999.000,9999.000,9999.000,9999.000,9999.000,9999.000,9999.000
202605170530,  -0.013,9999.000,9999.000,9999.000,9999.000,9999.000,9999.000,9999.000,9999.000
202605170536,   0.005,9999.000,9999.000,9999.000,9999.000,9999.000,9999.000,9999.000,9999.000
202605170542,   0.025,9999.000,9999.000,9999.000,9999.000,9999.000,9999.000,9999.000,9999.000
202605170548,   0.046,9999.000,9999.000,9999.000,9999.000,9999.000,9999.000,9999.000,9999.000
202605170554,   0.067,9999.000,9999.000,9999.000,9999.000,9999.000,9999.000,9999.000,9999.000
202605170600,   0.088,9999.000,   0.800,   0.034,   0.922,   0.700,   0.822,   0.900,   1.022
202605170606,   0.110,9999.000,9999.000,9999.000,9999.000,9999.000,9999.000,9999.000,9999.000
202605170612,   0.133,9999.000,9999.000,9999.000,9999.000,9999.000,9999.000,9999.000,9999.000
202605170618,   0.156,9999.000,9999.000,9999.000,9999.000,9999.000,9999.000,9999.000,9999.000
202605170624,   0.180,9999.000,9999.000,9999.000,9999.000,9999.000,9999.000,9999.000,9999.000
202605170630,   0.205,9999.000,9999.000,9999.000,9999.000,9999.000,9999.000,9999.000,9999.000
202605170636,   0.230,9999.000,9999.000,9999.000,9999.000,9999.000,9999.000,9999.000,9999.000
202605170642,   0.255,9999.000,9999.000,9999.000,9999.000,9999.000,9999.000,9999.000,9999.000
202605170648,   0.281,9999.000,9999.000,9999.000,9999.000,9999.000,9999.000,9999.000,9999.000
202605170654,   0.308,9999.000,9999.000,9999.000,9999.000,9999.000,9999.000,9999.000,9999.000
202605170700,   0.335,9999.000,   0.800,   0.034,   1.169,   0.700,   1.069,   0.900,   1.269
202605170706,   0.363,9999.000,9999.000,9999.000,9999.000,9999.000,9999.000,9999.000,9999.000
202605170712,   0.391,9999.000,9999.000,9999.000,9999.000,9999.000,9999.000,9999.000,9999.000
202605170718,   0.419,9999.000,9999.000,9999.000,9999.000,9999.000,9999.000,9999.000,9999.000
202605170724,   0.448,9999.000,9999.000,9999.000,9999.000,9999.000,9999.000,9999.000,9999.000
202605170730,   0.478,9999.000,9999.000,9999.000,9999.000,9999.000,9999.000,9999.000,9999.000
202605170736,   0.508,9999.000,9999.000,9999.000,9999.000,9999.000,9999.000,9999.000,9999.000
202605170742,   0.538,9999.000,9999.000,9999.000,9999.000,9999.000,9999.000,9999.000,9999.000
202605170748,   0.568,9999.000,9999.000,9999.000,9999.000,9999.000,9999.000,9999.000,9999.000
202605170754,   0.598,9999.000,9999.000,9999.000,9999.000,9999.000,9999.000,9999.000,9999.000
202605170800,   0.629,9999.000,   0.800,   0.034,   1.463,   0.700,   1.363,   0.900,   1.563
202605170806,   0.659,9999.000,9999.000,9999.000,9999.000,9999.000,9999.000,9999.000,9999.000
202605170812,   0.690,9999.000,9999.000,9999.000,9999.000,9999.000,9999.000,9999.000,9999.000
202605170818,   0.721,9999.000,9999.000,9999.000,9999.000,9999.000,9999.000,9999.000,9999.000
202605170824,   0.752,9999.000,9999.000,9999.000,9999.000,9999.000,9999.000,9999.000,9999.000
202605170830,   0.782,9999.000,9999.000,9999.000,9999.000,9999.000,9999.000,9999.000,9999.000
202605170836,   0.812,9999.000,9999.000,9999.000,9999.000,9999.000,9999.000,9999.000,9999.000
202605170842,   0.843,9999.000,9999.000,9999.000,9999.000,9999.000,9999.000,9999.000,9999.000
202605170848,   0.872,9999.000,9999.000,9999.000,9999.000,9999.000,9999.000,9999.000,9999.000
202605170854,   0.902,9999.000,9999.000,9999.000,9999.000,9999.000,9999.000,9999.000,9999.000
202605170900,   0.931,9999.000,   0.800,   0.034,   1.765,   0.700,   1.665,   0.900,   1.865
202605170906,   0.960,9999.000,9999.000,9999.000,9999.000,9999.000,9999.000,9999.000,9999.000
202605170912,   0.988,9999.000,9999.000,9999.000,9999.000,9999.000,9999.000,9999.000,9999.000
202605170918,   1.016,9999.000,9999.000,9999.000,9999.000,9999.000,9999.000,9999.000,9999.000
202605170924,   1.044,9999.000,9999.000,9999.000,9999.000,9999.000,9999.000,9999.000,9999.000
202605170930,   1.070,9999.000,9999.000,9999.000,9999.000,9999.000,9999.000,9999.000,9999.000
202605170936,   1.097,9999.000,9999.000,9999.000,9999.000,9999.000,9999.000,9999.000,9999.000
202605170942,   1.122,9999.000,9999.000,9999.000,9999.000,9999.000,9999.000,9999.000,9999.000
202605170948,   1.148,9999.000,9999.000,9999.000,9999.000,9999.000,9999.000,9999.000,9999.000
202605170954,   1.172,9999.000,9999.000,9999.000,9999.000,9999.000,9999.000,9999.000,9999.000
202605171000,   1.196,9999.000,   0.800,   0.034,   2.030,   0.700,   1.930,   0.900,   2.130
202605171006,   1.220,9999.000,9999.000,9999.000,9999.000,9999.000,9999.000,9999.000,9999.000
202605171012,   1.242,9999.000,9999.000,9999.000,9999.000,9999.000,9999.000,9999.000,9999.000
202605171018,   1.265,9999.000,9999.000,9999.000,9999.000,9999.000,9999.000,9999.000,9999.000
202605171024,   1.287,9999.000,9999.000,9999.000,9999.000,9999.000,9999.000,9999.000,9999.000
202605171030,   1.308,9999.000,9999.000,9999.000,9999.000,9999.000,9999.000,9999.000,9999.000
202605171036,   1.329,9999.000,9999.000,9999.000,9999.000,9999.000,9999.000,9999.000,9999.000
202605171042,   1.349,9999.000,9999.000,9999.000,9999.000,9999.000,9999.000,9999.000,9999.000
202605171048,   1.369,9999.000,9999.000,9999.000,9999.000,9999.000,9999.000,9999.000,9999.000
202605171054,   1.388,9999.000,9999.000,9999.000,9999.000,9999.000,9999.000,9999.000,9999.000
202605171100,   1.408,9999.000,   0.800,   0.034,   2.242,   0.700,   2.142,   0.900,   2.342
202605171106,   1.426,9999.000,9999.000,9999.000,9999.000,9999.000,9999.000,9999.000,9999.000
202605171112,   1.445,9999.000,9999.000,9999.000,9999.000,9999.000,9999.000,9999.000,9999.000
202605171118,   1.463,9999.000,9999.000,9999.000,9999.000,9999.000,9999.000,9999.000,9999.000
202605171124,   1.482,9999.000,9999.000,9999.000,9999.000,9999.000,9999.000,9999.000,9999.000
202605171130,   1.500,9999.000,9999.000,9999.000,9999.000,9999.000,9999.000,9999.000,9999.000
202605171136,   1.517,9999.000,9999.000,9999.000,9999.000,9999.000,9999.000,9999.000,9999.000
202605171142,   1.535,9999.000,9999.000,9999.000,9999.000,9999.000,9999.000,9999.000,9999.000
202605171148,   1.553,9999.000,9999.000,9999.000,9999.000,9999.000,9999.000,9999.000,9999.000
202605171154,   1.571,9999.000,9999.000,9999.000,9999.000,9999.000,9999.000,9999.000,9999.000
202605171200,   1.589,9999.000,   0.800,   0.034,   2.423,   0.700,   2.323,   0.900,   2.523
