        TIME,    TIDE,      OB,   SURGE,    BIAS,     TWL,SURGE90p,  TWL90p,SURGE10p,   TWL10p
202604210000,   0.920,   1.161,   0.300,  -0.059,   1.161,   0.100,   0.961,   0.300,   1.161
202604210006,   0.907,9999.000,9999.000,9999.000,9999.000,9999.000,9999.000,9999.000,9999.000
202604210012,   0.893,   1.108,9999.000,9999.000,9999.000,9999.000,9999.000,9999.000,9999.000
202604210018,   0.878,9999.000,9999.000,9999.000,9999.000,9999.000,9999.000,9999.000,9999.000
202604210024,   0.862,   1.059,9999.000,9999.000,9999.000,9999.000,9999.000,9999.000,9999.000
202604210030,   0.845,9999.000,9999.000,9999.000,9999.000,9999.000,9999.000,9999.000,9999.000
202604210036,   0.827,   0.980,9999.000,9999.000,9999.000,9999.000,9999.000,9999.000,9999.000
202604210042,   0.807,9999.000,9999.000,9999.000,9999.000,9999.000,9999.000,9999.000,9999.000
202604210048,   0.787,   0.898,9999.000,9999.000,9999.000,9999.000,9999.000,9999.000,9999.000
202604210054,   0.766,9999.000,9999.000,9999.000,9999.000,9999.000,9999.000,9999.000,9999.000
202604210100,   0.744,   0.849,   0.200,  -0.095,   0.849,   0.100,   0.749,   0.300,   0.949
202604210106,   0.721,   0.849,9999.000,9999.000,9999.000,9999.000,9999.000,9999.000,9999.000
202604210112,   0.697,   0.819,9999.000,9999.000,9999.000,9999.000,9999.000,9999.000,9999.000
202604210118,   0.672,   0.780,9999.000,9999.000,9999.000,9999.000,9999.000,9999.000,9999.000
202604210124,   0.647,   0.741,9999.000,9999.000,9999.000,9999.000,9999.000,9999.000,9999.000
202604210130,   0.621,   0.698,9999.000,9999.000,9999.000,9999.000,9999.000,9999.000,9999.000
202604210136,   0.595,   0.678,9999.000,9999.000,9999.000,9999.000,9999.000,9999.000,9999.000
202604210142,   0.569,   0.649,9999.000,9999.000,9999.000,9999.000,9999.000,9999.000,9999.000
202604210148,   0.542,   0.659,9999.000,9999.000,9999.000,9999.000,9999.000,9999.000,9999.000
202604210154,   0.515,   0.619,9999.000,9999.000,9999.000,9999.000,9999.000,9999.000,9999.000
202604210200,   0.488,   0.551,   0.200,  -0.137,   0.551,   0.100,   0.451,   0.300,   0.651
202604210206,   0.461,   0.541,9999.000,9999.000,9999.000,9999.000,9999.000,9999.000,9999.000
202604210212,   0.433,   0.469,9999.000,9999.000,9999.000,9999.000,9999.000,9999.000,9999.000
202604210218,   0.407,   0.469,9999.000,9999.000,9999.000,9999.000,9999.000,9999.000,9999.000
202604210224,   0.380,   0.419,9999.000,9999.000,9999.000,9999.000,9999.000,9999.000,9999.000
202604210230,   0.354,   0.360,9999.000,9999.000,9999.000,9999.000,9999.000,9999.000,9999.000
202604210236,   0.328,   0.370,9999.000,9999.000,9999.000,9999.000,9999.000,9999.000,9999.000
202604210242,   0.302,   0.350,9999.000,9999.000,9999.000,9999.000,9999.000,9999.000,9999.000
202604210248,   0.278,   0.308,9999.000,9999.000,9999.000,9999.000,9999.000,9999.000,9999.000
202604210254,   0.254,   0.259,9999.000,9999.000,9999.000,9999.000,9999.000,9999.000,9999.000
202604210300,   0.230,   0.229,   0.200,  -0.201,   0.229,   0.000,   0.029,   0.300,   0.329
202604210306,   0.208,   0.239,9999.000,9999.000,9999.000,9999.000,9999.000,9999.000,9999.000
202604210312,   0.186,   0.170,9999.000,9999.000,9999.000,9999.000,9999.000,9999.000,9999.000
202604210318,   0.166,   0.131,9999.000,9999.000,9999.000,9999.000,9999.000,9999.000,9999.000
202604210324,   0.146,   0.098,9999.000,9999.000,9999.000,9999.000,9999.000,9999.000,9999.000
202604210330,   0.127,   0.098,9999.000,9999.000,9999.000,9999.000,9999.000,9999.000,9999.000
202604210336,   0.110,   0.068,9999.000,9999.000,9999.000,9999.000,9999.000,9999.000,9999.000
202604210342,   0.093,   0.039,9999.000,9999.000,9999.000,9999.000,9999.000,9999.000,9999.000
202604210348,   0.078,   0.019,9999.000,9999.000,9999.000,9999.000,9999.000,9999.000,9999.000
202604210354,   0.063,  -0.009,9999.000,9999.000,9999.000,9999.000,9999.000,9999.000,9999.000
202604210400,   0.050,  -0.039,   0.100,  -0.189,  -0.039,   0.000,  -0.139,   0.200,   0.061
202604210406,   0.038,  -0.049,9999.000,9999.000,9999.000,9999.000,9999.000,9999.000,9999.000
202604210412,   0.027,  -0.088,9999.000,9999.000,9999.000,9999.000,9999.000,9999.000,9999.000
202604210418,   0.017,  -0.111,9999.000,9999.000,9999.000,9999.000,9999.000,9999.000,9999.000
202604210424,   0.008,  -0.141,9999.000,9999.000,9999.000,9999.000,9999.000,9999.000,9999.000
202604210430,   0.000,  -0.141,9999.000,9999.000,9999.000,9999.000,9999.000,9999.000,9999.000
202604210436,  -0.005,  -0.160,9999.000,9999.000,9999.000,9999.000,9999.000,9999.000,9999.000
202604210442,  -0.011,  -0.190,9999.000,9999.000,9999.000,9999.000,9999.000,9999.000,9999.000
202604210448,  -0.015,  -0.200,9999.000,9999.000,9999.000,9999.000,9999.000,9999.000,9999.000
202604210454,  -0.019,  -0.229,9999.000,9999.000,9999.000,9999.000,9999.000,9999.000,9999.000
202604210500,  -0.021,  -0.219,   0.100,  -0.298,  -0.219,   0.000,  -0.319,   0.200,  -0.119
202604210506,  -0.023,  -0.239,9999.000,9999.000,9999.000,9999.000,9999.000,9999.000,9999.000
202604210512,  -0.023,  -0.259,9999.000,9999.000,9999.000,9999.000,9999.000,9999.000,9999.000
202604210518,  -0.023,  -0.249,9999.000,9999.000,9999.000,9999.000,9999.000,9999.000,9999.000
202604210524,  -0.021,  -0.249,9999.000,9999.000,9999.000,9999.000,9999.000,9999.000,9999.000
202604210530,  -0.019,  -0.268,9999.000,9999.000,9999.000,9999.000,9999.000,9999.000,9999.000
202604210536,  -0.015,  -0.288,9999.000,9999.000,9999.000,9999.000,9999.000,9999.000,9999.000
202604210542,  -0.011,  -0.298,9999.000,9999.000,9999.000,9999.000,9999.000,9999.000,9999.000
202604210548,  -0.005,  -0.288,9999.000,9999.000,9999.000,9999.000,9999.000,9999.000,9999.000
202604210554,   0.000,  -0.288,9999.000,9999.000,9999.000,9999.000,9999.000,9999.000,9999.000
202604210600,   0.008,  -0.278,   0.100,  -0.386,  -0.278,   0.000,  -0.378,   0.200,  -0.178
202604210606,   0.017,  -0.288,9999.000,9999.000,9999.000,9999.000,9999.000,9999.000,9999.000
202604210612,   0.026,  -0.268,9999.000,9999.000,9999.000,9999.000,9999.000,9999.000,9999.000
202604210618,   0.037,  -0.278,9999.000,9999.000,9999.000,9999.000,9999.000,9999.000,9999.000
202604210624,   0.049,  -0.278,9999.000,9999.000,9999.000,9999.000,9999.000,9999.000,9999.000
202604210630,   0.063,  -0.249,9999.000,9999.000,9999.000,9999.000,9999.000,9999.000,9999.000
202604210636,   0.077,  -0.229,9999.000,9999.000,9999.000,9999.000,9999.000,9999.000,9999.000
202604210642,   0.093,  -0.229,9999.000,9999.000,9999.000,9999.000,9999.000,9999.000,9999.000
202604210648,   0.109,  -0.219,9999.000,9999.000,9999.000,9999.000,9999.000,9999.000,9999.000
202604210654,   0.128,  -0.190,9999.000,9999.000,9999.000,9999.000,9999.000,9999.000,9999.000
202604210700,   0.147,  -0.170,   0.100,  -0.417,  -0.170,   0.000,  -0.270,   0.200,  -0.070
202604210706,   0.167,  -0.160,9999.000,9999.000,9999.000,9999.000,9999.000,9999.000,9999.000
202604210712,   0.189,  -0.131,9999.000,9999.000,9999.000,9999.000,9999.000,9999.000,9999.000
202604210718,   0.212,  -0.088,9999.000,9999.000,9999.000,9999.000,9999.000,9999.000,9999.000
202604210724,   0.236,  -0.049,9999.000,9999.000,9999.000,9999.000,9999.000,9999.000,9999.000
202604210730,   0.262,  -0.019,9999.000,9999.000,9999.000,9999.000,9999.000,9999.000,9999.000
202604210736,   0.288,  -0.039,9999.000,9999.000,9999.000,9999.000,9999.000,9999.000,9999.000
202604210742,   0.316,   0.000,9999.000,9999.000,9999.000,9999.000,9999.000,9999.000,9999.000
202604210748,   0.344,   0.049,9999.000,9999.000,9999.000,9999.000,9999.000,9999.000,9999.000
202604210754,   0.374,   0.068,9999.000,9999.000,9999.000,9999.000,9999.000,9999.000,9999.000
202604210800,   0.404,   0.098,   0.100,  -0.406,   0.098,   0.000,  -0.002,   0.200,   0.198
202604210806,   0.435,   0.170,9999.000,9999.000,9999.000,9999.000,9999.000,9999.000,9999.000
202604210812,   0.467,   0.200,9999.000,9999.000,9999.000,9999.000,9999.000,9999.000,9999.000
202604210818,   0.500,   0.219,9999.000,9999.000,9999.000,9999.000,9999.000,9999.000,9999.000
202604210824,   0.533,   0.249,9999.000,9999.000,9999.000,9999.000,9999.000,9999.000,9999.000
202604210830,   0.567,   0.308,9999.000,9999.000,9999.000,9999.000,9999.000,9999.000,9999.000
202604210836,   0.601,   0.380,9999.000,9999.000,9999.000,9999.000,9999.000,9999.000,9999.000
202604210842,   0.635,   0.419,9999.000,9999.000,9999.000,9999.000,9999.000,9999.000,9999.000
202604210848,   0.669,   0.449,9999.000,9999.000,9999.000,9999.000,9999.000,9999.000,9999.000
202604210854,   0.703,   0.508,9999.000,9999.000,9999.000,9999.000,9999.000,9999.000,9999.000
202604210900,   0.737,   0.531,   0.100,  -0.306,   0.531,   0.000,   0.431,   0.200,   0.631
202604210906,   0.771,   0.580,9999.000,9999.000,9999.000,9999.000,9999.000,9999.000,9999.000
202604210912,   0.804,   0.629,9999.000,9999.000,9999.000,9999.000,9999.000,9999.000,9999.000
202604210918,   0.837,   0.659,9999.000,9999.000,9999.000,9999.000,9999.000,9999.000,9999.000
202604210924,   0.870,   0.708,9999.000,9999.000,9999.000,9999.000,9999.000,9999.000,9999.000
202604210930,   0.901,   0.760,9999.000,9999.000,9999.000,9999.000,9999.000,9999.000,9999.000
202604210936,   0.932,   0.810,9999.000,9999.000,9999.000,9999.000,9999.000,9999.000,9999.000
202604210942,   0.962,   0.849,9999.000,9999.000,9999.000,9999.000,9999.000,9999.000,9999.000
202604210948,   0.991,   0.898,9999.000,9999.000,9999.000,9999.000,9999.000,9999.000,9999.000
202604210954,   1.019,   0.941,9999.000,9999.000,9999.000,9999.000,9999.000,9999.000,9999.000
202604211000,   1.046,   0.961,   0.100,  -0.185,   0.961,   0.100,   0.961,   0.200,   1.061
202604211006,   1.072,   1.010,9999.000,9999.000,9999.000,9999.000,9999.000,9999.000,9999.000
202604211012,   1.097,   1.049,9999.000,9999.000,9999.000,9999.000,9999.000,9999.000,9999.000
202604211018,   1.120,   1.098,9999.000,9999.000,9999.000,9999.000,9999.000,9999.000,9999.000
202604211024,   1.142,   1.151,9999.000,9999.000,9999.000,9999.000,9999.000,9999.000,9999.000
202604211030,   1.163,   1.161,9999.000,9999.000,9999.000,9999.000,9999.000,9999.000,9999.000
202604211036,   1.182,   1.200,9999.000,9999.000,9999.000,9999.000,9999.000,9999.000,9999.000
202604211042,   1.200,   1.249,9999.000,9999.000,9999.000,9999.000,9999.000,9999.000,9999.000
202604211048,   1.217,   1.279,9999.000,9999.000,9999.000,9999.000,9999.000,9999.000,9999.000
202604211054,   1.232,   1.279,9999.000,9999.000,9999.000,9999.000,9999.000,9999.000,9999.000
202604211100,   1.246,   1.308,   0.100,  -0.038,   1.308,   0.100,   1.308,   0.200,   1.408
202604211106,   1.259,   1.361,9999.000,9999.000,9999.000,9999.000,9999.000,9999.000,9999.000
202604211112,   1.270,   1.371,9999.000,9999.000,9999.000,9999.000,9999.000,9999.000,9999.000
202604211118,   1.279,   1.420,9999.000,9999.000,9999.000,9999.000,9999.000,9999.000,9999.000
202604211124,   1.287,   1.420,9999.000,9999.000,9999.000,9999.000,9999.000,9999.000,9999.000
202604211130,   1.294,   1.439,9999.000,9999.000,9999.000,9999.000,9999.000,9999.000,9999.000
202604211136,   1.300,   1.479,9999.000,9999.000,9999.000,9999.000,9999.000,9999.000,9999.000
202604211142,   1.304,   1.469,9999.000,9999.000,9999.000,9999.000,9999.000,9999.000,9999.000
202604211148,   1.307,   1.498,9999.000,9999.000,9999.000,9999.000,9999.000,9999.000,9999.000
202604211154,   1.308,   1.518,9999.000,9999.000,9999.000,9999.000,9999.000,9999.000,9999.000
202604211200,   1.309,   1.528,   0.100,   0.119,   1.528,   0.100,   1.528,   0.200,   1.628
202604211206,   1.308,   1.538,9999.000,9999.000,9999.000,9999.000,9999.000,9999.000,9999.000
202604211212,   1.305,   1.538,9999.000,9999.000,9999.000,9999.000,9999.000,9999.000,9999.000
202604211218,   1.302,   1.548,9999.000,9999.000,9999.000,9999.000,9999.000,9999.000,9999.000
202604211224,   1.297,   1.571,9999.000,9999.000,9999.000,9999.000,9999.000,9999.000,9999.000
202604211230,   1.290,   1.538,9999.000,9999.000,9999.000,9999.000,9999.000,9999.000,9999.000
202604211236,   1.283,   1.557,9999.000,9999.000,9999.000,9999.000,9999.000,9999.000,9999.000
202604211242,   1.274,   1.580,9999.000,9999.000,9999.000,9999.000,9999.000,9999.000,9999.000
202604211248,   1.265,   1.600,9999.000,9999.000,9999.000,9999.000,9999.000,9999.000,9999.000
202604211254,   1.254,   1.580,9999.000,9999.000,9999.000,9999.000,9999.000,9999.000,9999.000
202604211300,   1.242,   1.557,   0.100,   0.215,   1.557,   0.100,   1.557,   0.200,   1.657
202604211306,   1.228,   1.590,9999.000,9999.000,9999.000,9999.000,9999.000,9999.000,9999.000
202604211312,   1.214,   1.571,9999.000,9999.000,9999.000,9999.000,9999.000,9999.000,9999.000
202604211318,   1.198,   1.548,9999.000,9999.000,9999.000,9999.000,9999.000,9999.000,9999.000
202604211324,   1.182,   1.548,9999.000,9999.000,9999.000,9999.000,9999.000,9999.000,9999.000
202604211330,   1.164,   1.538,9999.000,9999.000,9999.000,9999.000,9999.000,9999.000,9999.000
202604211336,   1.146,   1.528,9999.000,9999.000,9999.000,9999.000,9999.000,9999.000,9999.000
202604211342,   1.126,   1.518,9999.000,9999.000,9999.000,9999.000,9999.000,9999.000,9999.000
202604211348,   1.106,   1.479,9999.000,9999.000,9999.000,9999.000,9999.000,9999.000,9999.000
202604211354,   1.085,   1.489,9999.000,9999.000,9999.000,9999.000,9999.000,9999.000,9999.000
202604211400,   1.063,   1.469,   0.100,   0.306,   1.469,   0.100,   1.469,   0.200,   1.569
202604211406,   1.040,   1.439,9999.000,9999.000,9999.000,9999.000,9999.000,9999.000,9999.000
202604211412,   1.017,   1.420,9999.000,9999.000,9999.000,9999.000,9999.000,9999.000,9999.000
202604211418,   0.993,   1.400,9999.000,9999.000,9999.000,9999.000,9999.000,9999.000,9999.000
202604211424,   0.968,   1.380,9999.000,9999.000,9999.000,9999.000,9999.000,9999.000,9999.000
202604211430,   0.944,   1.361,9999.000,9999.000,9999.000,9999.000,9999.000,9999.000,9999.000
202604211436,   0.918,   1.308,9999.000,9999.000,9999.000,9999.000,9999.000,9999.000,9999.000
202604211442,   0.893,   1.308,9999.000,9999.000,9999.000,9999.000,9999.000,9999.000,9999.000
202604211448,   0.867,   1.298,9999.000,9999.000,9999.000,9999.000,9999.000,9999.000,9999.000
202604211454,   0.841,   1.279,9999.000,9999.000,9999.000,9999.000,9999.000,9999.000,9999.000
202604211500,   0.815,   1.249,   0.200,   0.234,   1.249,   0.100,   1.149,   0.200,   1.249
202604211506,   0.790,   1.229,9999.000,9999.000,9999.000,9999.000,9999.000,9999.000,9999.000
202604211512,   0.764,   1.220,9999.000,9999.000,9999.000,9999.000,9999.000,9999.000,9999.000
202604211518,   0.738,   1.170,9999.000,9999.000,9999.000,9999.000,9999.000,9999.000,9999.000
202604211524,   0.713,   1.138,9999.000,9999.000,9999.000,9999.000,9999.000,9999.000,9999.000
202604211530,   0.687,   1.118,9999.000,9999.000,9999.000,9999.000,9999.000,9999.000,9999.000
202604211536,   0.662,   1.069,9999.000,9999.000,9999.000,9999.000,9999.000,9999.000,9999.000
202604211542,   0.638,   1.059,9999.000,9999.000,9999.000,9999.000,9999.000,9999.000,9999.000
202604211548,   0.614,   1.049,9999.000,9999.000,9999.000,9999.000,9999.000,9999.000,9999.000
202604211554,   0.590,   1.020,9999.000,9999.000,9999.000,9999.000,9999.000,9999.000,9999.000
202604211600,   0.567,   0.961,   0.200,   0.194,   0.961,   0.100,   0.861,   0.200,   0.961
202604211606,   0.544,   0.970,9999.000,9999.000,9999.000,9999.000,9999.000,9999.000,9999.000
202604211612,   0.522,   0.961,9999.000,9999.000,9999.000,9999.000,9999.000,9999.000,9999.000
202604211618,   0.500,   0.918,9999.000,9999.000,9999.000,9999.000,9999.000,9999.000,9999.000
202604211624,   0.479,   0.869,9999.000,9999.000,9999.000,9999.000,9999.000,9999.000,9999.000
202604211630,   0.459,   0.869,9999.000,9999.000,9999.000,9999.000,9999.000,9999.000,9999.000
202604211636,   0.439,   0.849,9999.000,9999.000,9999.000,9999.000,9999.000,9999.000,9999.000
202604211642,   0.420,   0.839,9999.000,9999.000,9999.000,9999.000,9999.000,9999.000,9999.000
202604211648,   0.401,   0.829,9999.000,9999.000,9999.000,9999.000,9999.000,9999.000,9999.000
202604211654,   0.383,   0.800,9999.000,9999.000,9999.000,9999.000,9999.000,9999.000,9999.000
202604211700,   0.366,   0.780,   0.200,   0.214,   0.780,   0.100,   0.680,   0.200,   0.780
202604211706,   0.349,   0.790,9999.000,9999.000,9999.000,9999.000,9999.000,9999.000,9999.000
202604211712,   0.333,   0.770,9999.000,9999.000,9999.000,9999.000,9999.000,9999.000,9999.000
202604211718,   0.317,   0.688,9999.000,9999.000,9999.000,9999.000,9999.000,9999.000,9999.000
202604211724,   0.302,   0.698,9999.000,9999.000,9999.000,9999.000,9999.000,9999.000,9999.000
202604211730,   0.288,   0.718,9999.000,9999.000,9999.000,9999.000,9999.000,9999.000,9999.000
202604211736,   0.275,   0.688,9999.000,9999.000,9999.000,9999.000,9999.000,9999.000,9999.000
202604211742,   0.262,   0.649,9999.000,9999.000,9999.000,9999.000,9999.000,9999.000,9999.000
202604211748,   0.250,   0.649,9999.000,9999.000,9999.000,9999.000,9999.000,9999.000,9999.000
202604211754,   0.238,   0.678,9999.000,9999.000,9999.000,9999.000,9999.000,9999.000,9999.000
202604211800,   0.227,   0.639,   0.200,   0.212,   0.639,   0.100,   0.539,   0.200,   0.639
202604211806,   0.218,   0.600,9999.000,9999.000,9999.000,9999.000,9999.000,9999.000,9999.000
202604211812,   0.209,   0.600,9999.000,9999.000,9999.000,9999.000,9999.000,9999.000,9999.000
202604211818,   0.200,   0.629,9999.000,9999.000,9999.000,9999.000,9999.000,9999.000,9999.000
202604211824,   0.193,   0.600,9999.000,9999.000,9999.000,9999.000,9999.000,9999.000,9999.000
202604211830,   0.187,   0.600,9999.000,9999.000,9999.000,9999.000,9999.000,9999.000,9999.000
202604211836,   0.182,   0.580,9999.000,9999.000,9999.000,9999.000,9999.000,9999.000,9999.000
202604211842,   0.178,   0.580,9999.000,9999.000,9999.000,9999.000,9999.000,9999.000,9999.000
202604211848,   0.175,   0.659,9999.000,9999.000,9999.000,9999.000,9999.000,9999.000,9999.000
202604211854,   0.173,   0.610,9999.000,9999.000,9999.000,9999.000,9999.000,9999.000,9999.000
202604211900,   0.172,   0.610,   0.200,   0.238,   0.610,   0.100,   0.510,   0.200,   0.610
202604211906,   0.173,   0.619,9999.000,9999.000,9999.000,9999.000,9999.000,9999.000,9999.000
202604211912,   0.175,   0.649,9999.000,9999.000,9999.000,9999.000,9999.000,9999.000,9999.000
202604211918,   0.178,   0.659,9999.000,9999.000,9999.000,9999.000,9999.000,9999.000,9999.000
202604211924,   0.182,   0.659,9999.000,9999.000,9999.000,9999.000,9999.000,9999.000,9999.000
202604211930,   0.188,   0.688,9999.000,9999.000,9999.000,9999.000,9999.000,9999.000,9999.000
202604211936,   0.196,   0.688,9999.000,9999.000,9999.000,9999.000,9999.000,9999.000,9999.000
202604211942,   0.204,   0.770,9999.000,9999.000,9999.000,9999.000,9999.000,9999.000,9999.000
202604211948,   0.214,   0.751,9999.000,9999.000,9999.000,9999.000,9999.000,9999.000,9999.000
202604211954,   0.226,   0.741,9999.000,9999.000,9999.000,9999.000,9999.000,9999.000,9999.000
202604212000,   0.239,   0.780,   0.200,   0.341,   0.780,   0.200,   0.780,   0.200,   0.780
202604212006,   0.253,   0.849,9999.000,9999.000,9999.000,9999.000,9999.000,9999.000,9999.000
202604212012,   0.268,   0.869,9999.000,9999.000,9999.000,9999.000,9999.000,9999.000,9999.000
202604212018,   0.285,   0.849,9999.000,9999.000,9999.000,9999.000,9999.000,9999.000,9999.000
202604212024,   0.302,   0.908,9999.000,9999.000,9999.000,9999.000,9999.000,9999.000,9999.000
202604212030,   0.321,   0.970,9999.000,9999.000,9999.000,9999.000,9999.000,9999.000,9999.000
202604212036,   0.341,   1.000,9999.000,9999.000,9999.000,9999.000,9999.000,9999.000,9999.000
202604212042,   0.362,   0.970,9999.000,9999.000,9999.000,9999.000,9999.000,9999.000,9999.000
202604212048,   0.384,   1.059,9999.000,9999.000,9999.000,9999.000,9999.000,9999.000,9999.000
202604212054,   0.406,   1.059,9999.000,9999.000,9999.000,9999.000,9999.000,9999.000,9999.000
202604212100,   0.429,   1.088,   0.200,   0.459,   1.088,   0.200,   1.088,   0.200,   1.088
202604212106,   0.452,   1.138,9999.000,9999.000,9999.000,9999.000,9999.000,9999.000,9999.000
202604212112,   0.476,   1.161,9999.000,9999.000,9999.000,9999.000,9999.000,9999.000,9999.000
202604212118,   0.500,   1.220,9999.000,9999.000,9999.000,9999.000,9999.000,9999.000,9999.000
202604212124,   0.525,   1.249,9999.000,9999.000,9999.000,9999.000,9999.000,9999.000,9999.000
202604212130,   0.549,   1.289,9999.000,9999.000,9999.000,9999.000,9999.000,9999.000,9999.000
202604212136,   0.573,   1.318,9999.000,9999.000,9999.000,9999.000,9999.000,9999.000,9999.000
202604212142,   0.597,   1.348,9999.000,9999.000,9999.000,9999.000,9999.000,9999.000,9999.000
202604212148,   0.621,   1.380,9999.000,9999.000,9999.000,9999.000,9999.000,9999.000,9999.000
202604212154,   0.644,   1.420,9999.000,9999.000,9999.000,9999.000,9999.000,9999.000,9999.000
202604212200,   0.667,   1.439,   0.200,   0.572,   1.439,   0.200,   1.439,   0.200,   1.439
202604212206,   0.689,   1.508,9999.000,9999.000,9999.000,9999.000,9999.000,9999.000,9999.000
202604212212,   0.711,   1.538,9999.000,9999.000,9999.000,9999.000,9999.000,9999.000,9999.000
202604212218,   0.731,   1.590,9999.000,9999.000,9999.000,9999.000,9999.000,9999.000,9999.000
202604212224,   0.751,   1.580,9999.000,9999.000,9999.000,9999.000,9999.000,9999.000,9999.000
202604212230,   0.770,   1.630,9999.000,9999.000,9999.000,9999.000,9999.000,9999.000,9999.000
202604212236,   0.788,   1.639,9999.000,9999.000,9999.000,9999.000,9999.000,9999.000,9999.000
202604212242,   0.804,   1.669,9999.000,9999.000,9999.000,9999.000,9999.000,9999.000,9999.000
202604212248,   0.820,   1.738,9999.000,9999.000,9999.000,9999.000,9999.000,9999.000,9999.000
202604212254,   0.835,   1.728,9999.000,9999.000,9999.000,9999.000,9999.000,9999.000,9999.000
202604212300,   0.848,   1.748,   0.200,   0.700,   1.748,   0.200,   1.748,   0.200,   1.748
202604212306,   0.860,   1.790,9999.000,9999.000,9999.000,9999.000,9999.000,9999.000,9999.000
202604212312,   0.871,   1.810,9999.000,9999.000,9999.000,9999.000,9999.000,9999.000,9999.000
202604212318,   0.880,   1.830,9999.000,9999.000,9999.000,9999.000,9999.000,9999.000,9999.000
202604212324,   0.888,   1.869,9999.000,9999.000,9999.000,9999.000,9999.000,9999.000,9999.000
202604212330,   0.895,   1.879,9999.000,9999.000,9999.000,9999.000,9999.000,9999.000,9999.000
202604212336,   0.901,   1.869,9999.000,9999.000,9999.000,9999.000,9999.000,9999.000,9999.000
202604212342,   0.905,   1.889,9999.000,9999.000,9999.000,9999.000,9999.000,9999.000,9999.000
202604212348,   0.908,   1.899,9999.000,9999.000,9999.000,9999.000,9999.000,9999.000,9999.000
202604212354,   0.910,   1.928,9999.000,9999.000,9999.000,9999.000,9999.000,9999.000,9999.000
202604220000,   0.911,   1.928,   0.300,   0.717,   1.928,   0.300,   1.928,   0.300,   1.928
202604220006,   0.910,   1.918,9999.000,9999.000,9999.000,9999.000,9999.000,9999.000,9999.000
202604220012,   0.908,   1.928,9999.000,9999.000,9999.000,9999.000,9999.000,9999.000,9999.000
202604220018,   0.905,   1.948,9999.000,9999.000,9999.000,9999.000,9999.000,9999.000,9999.000
202604220024,   0.901,   1.938,9999.000,9999.000,9999.000,9999.000,9999.000,9999.000,9999.000
202604220030,   0.895,   1.928,9999.000,9999.000,9999.000,9999.000,9999.000,9999.000,9999.000
202604220036,   0.888,   1.938,9999.000,9999.000,9999.000,9999.000,9999.000,9999.000,9999.000
202604220042,   0.880,   1.938,9999.000,9999.000,9999.000,9999.000,9999.000,9999.000,9999.000
202604220048,   0.871,   1.928,9999.000,9999.000,9999.000,9999.000,9999.000,9999.000,9999.000
202604220054,   0.861,   1.918,9999.000,9999.000,9999.000,9999.000,9999.000,9999.000,9999.000
202604220100,   0.850,   1.889,   0.300,   0.739,   1.889,   0.300,   1.889,   0.300,   1.889
202604220106,   0.838,   1.889,9999.000,9999.000,9999.000,9999.000,9999.000,9999.000,9999.000
202604220112,   0.824,   1.869,9999.000,9999.000,9999.000,9999.000,9999.000,9999.000,9999.000
202604220118,   0.810,   1.830,9999.000,9999.000,9999.000,9999.000,9999.000,9999.000,9999.000
202604220124,   0.794,   1.849,9999.000,9999.000,9999.000,9999.000,9999.000,9999.000,9999.000
202604220130,   0.778,   1.810,9999.000,9999.000,9999.000,9999.000,9999.000,9999.000,9999.000
202604220136,   0.760,   1.849,9999.000,9999.000,9999.000,9999.000,9999.000,9999.000,9999.000
202604220142,   0.742,   1.830,9999.000,9999.000,9999.000,9999.000,9999.000,9999.000,9999.000
202604220148,   0.723,   1.767,9999.000,9999.000,9999.000,9999.000,9999.000,9999.000,9999.000
202604220154,   0.703,   1.748,9999.000,9999.000,9999.000,9999.000,9999.000,9999.000,9999.000
202604220200,   0.682,   1.810,   0.300,   0.828,   1.810,   0.300,   1.810,   0.400,   1.910
202604220206,   0.661,   1.767,9999.000,9999.000,9999.000,9999.000,9999.000,9999.000,9999.000
202604220212,   0.639,   1.738,9999.000,9999.000,9999.000,9999.000,9999.000,9999.000,9999.000
202604220218,   0.616,   1.679,9999.000,9999.000,9999.000,9999.000,9999.000,9999.000,9999.000
202604220224,   0.593,   1.738,9999.000,9999.000,9999.000,9999.000,9999.000,9999.000,9999.000
202604220230,   0.570,   1.738,9999.000,9999.000,9999.000,9999.000,9999.000,9999.000,9999.000
202604220236,   0.546,   1.689,9999.000,9999.000,9999.000,9999.000,9999.000,9999.000,9999.000
202604220242,   0.522,   1.669,9999.000,9999.000,9999.000,9999.000,9999.000,9999.000,9999.000
202604220248,   0.498,   1.718,9999.000,9999.000,9999.000,9999.000,9999.000,9999.000,9999.000
202604220254,   0.473,   1.649,9999.000,9999.000,9999.000,9999.000,9999.000,9999.000,9999.000
202604220300,   0.449,   1.679,   0.400,   0.830,   1.679,   0.300,   1.579,   0.400,   1.679
202604220306,   0.424,   1.708,9999.000,9999.000,9999.000,9999.000,9999.000,9999.000,9999.000
202604220312,   0.400,   1.649,9999.000,9999.000,9999.000,9999.000,9999.000,9999.000,9999.000
202604220318,   0.376,   1.630,9999.000,9999.000,9999.000,9999.000,9999.000,9999.000,9999.000
202604220324,   0.353,   1.620,9999.000,9999.000,9999.000,9999.000,9999.000,9999.000,9999.000
202604220330,   0.329,   1.610,9999.000,9999.000,9999.000,9999.000,9999.000,9999.000,9999.000
202604220336,   0.307,   1.639,9999.000,9999.000,9999.000,9999.000,9999.000,9999.000,9999.000
202604220342,   0.284,   1.590,9999.000,9999.000,9999.000,9999.000,9999.000,9999.000,9999.000
202604220348,   0.263,   1.580,9999.000,9999.000,9999.000,9999.000,9999.000,9999.000,9999.000
202604220354,   0.242,   1.548,9999.000,9999.000,9999.000,9999.000,9999.000,9999.000,9999.000
202604220400,   0.222,   1.518,   0.400,   0.896,   1.518,   0.400,   1.518,   0.500,   1.618
202604220406,   0.202,   1.508,9999.000,9999.000,9999.000,9999.000,9999.000,9999.000,9999.000
202604220412,   0.184,   1.538,9999.000,9999.000,9999.000,9999.000,9999.000,9999.000,9999.000
202604220418,   0.166,   1.459,9999.000,9999.000,9999.000,9999.000,9999.000,9999.000,9999.000
202604220424,   0.149,   1.390,9999.000,9999.000,9999.000,9999.000,9999.000,9999.000,9999.000
202604220430,   0.133,   1.439,9999.000,9999.000,9999.000,9999.000,9999.000,9999.000,9999.000
202604220436,   0.119,   1.449,9999.000,9999.000,9999.000,9999.000,9999.000,9999.000,9999.000
202604220442,   0.105,   1.479,9999.000,9999.000,9999.000,9999.000,9999.000,9999.000,9999.000
202604220448,   0.092,   1.400,9999.000,9999.000,9999.000,9999.000,9999.000,9999.000,9999.000
202604220454,   0.080,   1.400,9999.000,9999.000,9999.000,9999.000,9999.000,9999.000,9999.000
202604220500,   0.069,   1.430,   0.500,   0.861,   1.430,   0.400,   1.330,   0.600,   1.530
202604220506,   0.059,   1.420,9999.000,9999.000,9999.000,9999.000,9999.000,9999.000,9999.000
202604220512,   0.050,   1.400,9999.000,9999.000,9999.000,9999.000,9999.000,9999.000,9999.000
202604220518,   0.042,   1.348,9999.000,9999.000,9999.000,9999.000,9999.000,9999.000,9999.000
202604220524,   0.035,   1.410,9999.000,9999.000,9999.000,9999.000,9999.000,9999.000,9999.000
202604220530,   0.029,   1.348,9999.000,9999.000,9999.000,9999.000,9999.000,9999.000,9999.000
202604220536,   0.024,   1.361,9999.000,9999.000,9999.000,9999.000,9999.000,9999.000,9999.000
202604220542,   0.019,   1.390,9999.000,9999.000,9999.000,9999.000,9999.000,9999.000,9999.000
202604220548,   0.016,   1.371,9999.000,9999.000,9999.000,9999.000,9999.000,9999.000,9999.000
202604220554,   0.014,   1.371,9999.000,9999.000,9999.000,9999.000,9999.000,9999.000,9999.000
202604220600,   0.012,   1.361,   0.600,   0.749,   1.361,   0.500,   1.261,   0.700,   1.461
202604220606,   0.011,   1.390,9999.000,9999.000,9999.000,9999.000,9999.000,9999.000,9999.000
202604220612,   0.012,   1.361,9999.000,9999.000,9999.000,9999.000,9999.000,9999.000,9999.000
202604220618,   0.013,   1.449,9999.000,9999.000,9999.000,9999.000,9999.000,9999.000,9999.000
202604220624,   0.015,   1.390,9999.000,9999.000,9999.000,9999.000,9999.000,9999.000,9999.000
202604220630,   0.017,   1.371,9999.000,9999.000,9999.000,9999.000,9999.000,9999.000,9999.000
202604220636,   0.021,   1.439,9999.000,9999.000,9999.000,9999.000,9999.000,9999.000,9999.000
202604220642,   0.026,   1.400,9999.000,9999.000,9999.000,9999.000,9999.000,9999.000,9999.000
202604220648,   0.032,   1.449,9999.000,9999.000,9999.000,9999.000,9999.000,9999.000,9999.000
202604220654,   0.038,   1.439,9999.000,9999.000,9999.000,9999.000,9999.000,9999.000,9999.000
202604220700,   0.046,   1.430,   0.600,   0.784,   1.430,   0.500,   1.330,   0.700,   1.530
202604220706,   0.055,   1.449,9999.000,9999.000,9999.000,9999.000,9999.000,9999.000,9999.000
202604220712,   0.064,   1.557,9999.000,9999.000,9999.000,9999.000,9999.000,9999.000,9999.000
202604220718,   0.075,   1.571,9999.000,9999.000,9999.000,9999.000,9999.000,9999.000,9999.000
202604220724,   0.087,   1.580,9999.000,9999.000,9999.000,9999.000,9999.000,9999.000,9999.000
202604220730,   0.100,   1.620,9999.000,9999.000,9999.000,9999.000,9999.000,9999.000,9999.000
202604220736,   0.114,   1.639,9999.000,9999.000,9999.000,9999.000,9999.000,9999.000,9999.000
202604220742,   0.130,   1.610,9999.000,9999.000,9999.000,9999.000,9999.000,9999.000,9999.000
202604220748,   0.146,   1.649,9999.000,9999.000,9999.000,9999.000,9999.000,9999.000,9999.000
202604220754,   0.164,   1.699,9999.000,9999.000,9999.000,9999.000,9999.000,9999.000,9999.000
202604220800,   0.183,   1.708,   0.700,   0.825,   1.708,   0.600,   1.608,   0.800,   1.808
202604220806,   0.203,   1.748,9999.000,9999.000,9999.000,9999.000,9999.000,9999.000,9999.000
202604220812,   0.224,   1.800,9999.000,9999.000,9999.000,9999.000,9999.000,9999.000,9999.000
202604220818,   0.246,   1.849,9999.000,9999.000,9999.000,9999.000,9999.000,9999.000,9999.000
202604220824,   0.269,   1.869,9999.000,9999.000,9999.000,9999.000,9999.000,9999.000,9999.000
202604220830,   0.294,   1.889,9999.000,9999.000,9999.000,9999.000,9999.000,9999.000,9999.000
202604220836,   0.319,   1.948,9999.000,9999.000,9999.000,9999.000,9999.000,9999.000,9999.000
202604220842,   0.346,   1.918,9999.000,9999.000,9999.000,9999.000,9999.000,9999.000,9999.000
202604220848,   0.373,   2.049,9999.000,9999.000,9999.000,9999.000,9999.000,9999.000,9999.000
202604220854,   0.401,   2.059,9999.000,9999.000,9999.000,9999.000,9999.000,9999.000,9999.000
202604220900,   0.430,   2.079,   0.700,   0.949,   2.079,   0.600,   1.979,   0.800,   2.179
202604220906,   0.460,   2.089,9999.000,9999.000,9999.000,9999.000,9999.000,9999.000,9999.000
202604220912,   0.490,   2.210,9999.000,9999.000,9999.000,9999.000,9999.000,9999.000,9999.000
202604220918,   0.521,   2.128,9999.000,9999.000,9999.000,9999.000,9999.000,9999.000,9999.000
202604220924,   0.552,   2.230,9999.000,9999.000,9999.000,9999.000,9999.000,9999.000,9999.000
202604220930,   0.583,   2.309,9999.000,9999.000,9999.000,9999.000,9999.000,9999.000,9999.000
202604220936,   0.614,   2.358,9999.000,9999.000,9999.000,9999.000,9999.000,9999.000,9999.000
202604220942,   0.646,   2.410,9999.000,9999.000,9999.000,9999.000,9999.000,9999.000,9999.000
202604220948,   0.677,   2.430,9999.000,9999.000,9999.000,9999.000,9999.000,9999.000,9999.000
202604220954,   0.709,   2.479,9999.000,9999.000,9999.000,9999.000,9999.000,9999.000,9999.000
202604221000,   0.740,   2.528,   0.700,   1.088,   2.528,   0.600,   2.428,   0.800,   2.628
202604221006,   0.771,   2.528,9999.000,9999.000,9999.000,9999.000,9999.000,9999.000,9999.000
202604221012,   0.801,   2.528,9999.000,9999.000,9999.000,9999.000,9999.000,9999.000,9999.000
202604221018,   0.831,   2.499,9999.000,9999.000,9999.000,9999.000,9999.000,9999.000,9999.000
202604221024,   0.860,   2.660,9999.000,9999.000,9999.000,9999.000,9999.000,9999.000,9999.000
202604221030,   0.888,   2.719,9999.000,9999.000,9999.000,9999.000,9999.000,9999.000,9999.000
202604221036,   0.916,   2.679,9999.000,9999.000,9999.000,9999.000,9999.000,9999.000,9999.000
202604221042,   0.943,   2.748,9999.000,9999.000,9999.000,9999.000,9999.000,9999.000,9999.000
202604221048,   0.969,   2.748,9999.000,9999.000,9999.000,9999.000,9999.000,9999.000,9999.000
202604221054,   0.994,   2.758,9999.000,9999.000,9999.000,9999.000,9999.000,9999.000,9999.000
202604221100,   1.017,   2.850,   0.800,   1.033,   2.850,   0.700,   2.750,   0.900,   2.950
202604221106,   1.040,   2.850,9999.000,9999.000,9999.000,9999.000,9999.000,9999.000,9999.000
202604221112,   1.062,   2.860,9999.000,9999.000,9999.000,9999.000,9999.000,9999.000,9999.000
202604221118,   1.082,   2.899,9999.000,9999.000,9999.000,9999.000,9999.000,9999.000,9999.000
202604221124,   1.101,   2.899,9999.000,9999.000,9999.000,9999.000,9999.000,9999.000,9999.000
202604221130,   1.120,   3.007,9999.000,9999.000,9999.000,9999.000,9999.000,9999.000,9999.000
202604221136,   1.136,   3.017,9999.000,9999.000,9999.000,9999.000,9999.000,9999.000,9999.000
202604221142,   1.152,   2.988,9999.000,9999.000,9999.000,9999.000,9999.000,9999.000,9999.000
202604221148,   1.167,   2.997,9999.000,9999.000,9999.000,9999.000,9999.000,9999.000,9999.000
202604221154,   1.180,   3.017,9999.000,9999.000,9999.000,9999.000,9999.000,9999.000,9999.000
202604221200,   1.192,   3.060,   0.700,   1.168,   3.060,   0.600,   2.960,   0.800,   3.160
202604221206,   1.203,   3.007,9999.000,9999.000,9999.000,9999.000,9999.000,9999.000,9999.000
202604221212,   1.213,   3.050,9999.000,9999.000,9999.000,9999.000,9999.000,9999.000,9999.000
202604221218,   1.221,   3.050,9999.000,9999.000,9999.000,9999.000,9999.000,9999.000,9999.000
202604221224,   1.228,   3.060,9999.000,9999.000,9999.000,9999.000,9999.000,9999.000,9999.000
202604221230,   1.235,   3.070,9999.000,9999.000,9999.000,9999.000,9999.000,9999.000,9999.000
202604221236,   1.240,   3.079,9999.000,9999.000,9999.000,9999.000,9999.000,9999.000,9999.000
202604221242,   1.243,   3.070,9999.000,9999.000,9999.000,9999.000,9999.000,9999.000,9999.000
202604221248,   1.246,   3.040,9999.000,9999.000,9999.000,9999.000,9999.000,9999.000,9999.000
202604221254,   1.248,   3.070,9999.000,9999.000,9999.000,9999.000,9999.000,9999.000,9999.000
202604221300,   1.248,   3.109,   0.700,   1.161,   3.109,   0.600,   3.009,   0.800,   3.209
202604221306,   1.247,   3.079,9999.000,9999.000,9999.000,9999.000,9999.000,9999.000,9999.000
202604221312,   1.245,   3.060,9999.000,9999.000,9999.000,9999.000,9999.000,9999.000,9999.000
202604221318,   1.242,   3.060,9999.000,9999.000,9999.000,9999.000,9999.000,9999.000,9999.000
202604221324,   1.238,   3.050,9999.000,9999.000,9999.000,9999.000,9999.000,9999.000,9999.000
202604221330,   1.233,   3.030,9999.000,9999.000,9999.000,9999.000,9999.000,9999.000,9999.000
202604221336,   1.227,   3.017,9999.000,9999.000,9999.000,9999.000,9999.000,9999.000,9999.000
202604221342,   1.219,   3.007,9999.000,9999.000,9999.000,9999.000,9999.000,9999.000,9999.000
202604221348,   1.211,   2.968,9999.000,9999.000,9999.000,9999.000,9999.000,9999.000,9999.000
202604221354,   1.201,   2.919,9999.000,9999.000,9999.000,9999.000,9999.000,9999.000,9999.000
202604221400,   1.191,   2.958,   0.700,   1.067,   2.958,   0.600,   2.858,   0.800,   3.058
202604221406,   1.179,   2.919,9999.000,9999.000,9999.000,9999.000,9999.000,9999.000,9999.000
202604221412,   1.166,   2.889,9999.000,9999.000,9999.000,9999.000,9999.000,9999.000,9999.000
202604221418,   1.152,   2.869,9999.000,9999.000,9999.000,9999.000,9999.000,9999.000,9999.000
202604221424,   1.138,   2.869,9999.000,9999.000,9999.000,9999.000,9999.000,9999.000,9999.000
202604221430,   1.122,   2.820,9999.000,9999.000,9999.000,9999.000,9999.000,9999.000,9999.000
202604221436,   1.105,   2.807,9999.000,9999.000,9999.000,9999.000,9999.000,9999.000,9999.000
202604221442,   1.088,   2.797,9999.000,9999.000,9999.000,9999.000,9999.000,9999.000,9999.000
202604221448,   1.070,   2.738,9999.000,9999.000,9999.000,9999.000,9999.000,9999.000,9999.000
202604221454,   1.050,   2.738,9999.000,9999.000,9999.000,9999.000,9999.000,9999.000,9999.000
202604221500,   1.031,   2.650,   0.700,   0.919,   2.650,   0.600,   2.550,   0.800,   2.750
202604221506,   1.010,   2.679,9999.000,9999.000,9999.000,9999.000,9999.000,9999.000,9999.000
202604221512,   0.989,   2.640,9999.000,9999.000,9999.000,9999.000,9999.000,9999.000,9999.000
202604221518,   0.967,   2.620,9999.000,9999.000,9999.000,9999.000,9999.000,9999.000,9999.000
202604221524,   0.945,   2.558,9999.000,9999.000,9999.000,9999.000,9999.000,9999.000,9999.000
202604221530,   0.923,   2.587,9999.000,9999.000,9999.000,9999.000,9999.000,9999.000,9999.000
202604221536,   0.900,   2.538,9999.000,9999.000,9999.000,9999.000,9999.000,9999.000,9999.000
202604221542,   0.876,   2.459,9999.000,9999.000,9999.000,9999.000,9999.000,9999.000,9999.000
202604221548,   0.853,   2.469,9999.000,9999.000,9999.000,9999.000,9999.000,9999.000,9999.000
202604221554,   0.829,   2.459,9999.000,9999.000,9999.000,9999.000,9999.000,9999.000,9999.000
202604221600,   0.806,   2.377,   0.700,   0.871,   2.377,   0.600,   2.277,   0.800,   2.477
202604221606,   0.782,   2.338,9999.000,9999.000,9999.000,9999.000,9999.000,9999.000,9999.000
202604221612,   0.758,   2.318,9999.000,9999.000,9999.000,9999.000,9999.000,9999.000,9999.000
202604221618,   0.735,   2.309,9999.000,9999.000,9999.000,9999.000,9999.000,9999.000,9999.000
202604221624,   0.711,   2.210,9999.000,9999.000,9999.000,9999.000,9999.000,9999.000,9999.000
202604221630,   0.688,   2.191,9999.000,9999.000,9999.000,9999.000,9999.000,9999.000,9999.000
202604221636,   0.665,   2.210,9999.000,9999.000,9999.000,9999.000,9999.000,9999.000,9999.000
202604221642,   0.642,   2.210,9999.000,9999.000,9999.000,9999.000,9999.000,9999.000,9999.000
202604221648,   0.620,   2.109,9999.000,9999.000,9999.000,9999.000,9999.000,9999.000,9999.000
202604221654,   0.598,   2.079,9999.000,9999.000,9999.000,9999.000,9999.000,9999.000,9999.000
202604221700,   0.576,   2.000,   0.700,   0.724,   2.000,   0.600,   1.900,   0.800,   2.100
202604221706,   0.555,   2.040,9999.000,9999.000,9999.000,9999.000,9999.000,9999.000,9999.000
202604221712,   0.534,   2.030,9999.000,9999.000,9999.000,9999.000,9999.000,9999.000,9999.000
202604221718,   0.514,   1.958,9999.000,9999.000,9999.000,9999.000,9999.000,9999.000,9999.000
202604221724,   0.494,   1.899,9999.000,9999.000,9999.000,9999.000,9999.000,9999.000,9999.000
202604221730,   0.475,   1.967,9999.000,9999.000,9999.000,9999.000,9999.000,9999.000,9999.000
202604221736,   0.456,   1.889,9999.000,9999.000,9999.000,9999.000,9999.000,9999.000,9999.000
202604221742,   0.437,   1.830,9999.000,9999.000,9999.000,9999.000,9999.000,9999.000,9999.000
202604221748,   0.419,   1.781,9999.000,9999.000,9999.000,9999.000,9999.000,9999.000,9999.000
202604221754,   0.402,   1.800,9999.000,9999.000,9999.000,9999.000,9999.000,9999.000,9999.000
202604221800,   0.385,   1.790,   0.700,   0.705,   1.790,   0.600,   1.690,   0.700,   1.790
202604221806,   0.369,   1.738,9999.000,9999.000,9999.000,9999.000,9999.000,9999.000,9999.000
202604221812,   0.353,   1.728,9999.000,9999.000,9999.000,9999.000,9999.000,9999.000,9999.000
202604221818,   0.337,   1.718,9999.000,9999.000,9999.000,9999.000,9999.000,9999.000,9999.000
202604221824,   0.322,   1.699,9999.000,9999.000,9999.000,9999.000,9999.000,9999.000,9999.000
202604221830,   0.308,   1.649,9999.000,9999.000,9999.000,9999.000,9999.000,9999.000,9999.000
202604221836,   0.295,   1.590,9999.000,9999.000,9999.000,9999.000,9999.000,9999.000,9999.000
202604221842,   0.282,   1.620,9999.000,9999.000,9999.000,9999.000,9999.000,9999.000,9999.000
202604221848,   0.269,   1.600,9999.000,9999.000,9999.000,9999.000,9999.000,9999.000,9999.000
202604221854,   0.258,   1.557,9999.000,9999.000,9999.000,9999.000,9999.000,9999.000,9999.000
202604221900,   0.247,   1.548,   0.600,   0.701,   1.548,   0.600,   1.548,   0.700,   1.648
202604221906,   0.236,   1.538,9999.000,9999.000,9999.000,9999.000,9999.000,9999.000,9999.000
202604221912,   0.227,   1.498,9999.000,9999.000,9999.000,9999.000,9999.000,9999.000,9999.000
202604221918,   0.219,   1.459,9999.000,9999.000,9999.000,9999.000,9999.000,9999.000,9999.000
202604221924,   0.211,   1.459,9999.000,9999.000,9999.000,9999.000,9999.000,9999.000,9999.000
202604221930,   0.204,   1.469,9999.000,9999.000,9999.000,9999.000,9999.000,9999.000,9999.000
202604221936,   0.199,   1.479,9999.000,9999.000,9999.000,9999.000,9999.000,9999.000,9999.000
202604221942,   0.194,   1.430,9999.000,9999.000,9999.000,9999.000,9999.000,9999.000,9999.000
202604221948,   0.191,   1.400,9999.000,9999.000,9999.000,9999.000,9999.000,9999.000,9999.000
202604221954,   0.189,   1.420,9999.000,9999.000,9999.000,9999.000,9999.000,9999.000,9999.000
202604222000,   0.188,   1.390,   0.600,   0.602,   1.390,   0.600,   1.390,   0.700,   1.490
202604222006,   0.188,   1.390,9999.000,9999.000,9999.000,9999.000,9999.000,9999.000,9999.000
202604222012,   0.190,   1.361,9999.000,9999.000,9999.000,9999.000,9999.000,9999.000,9999.000
202604222018,   0.193,   1.371,9999.000,9999.000,9999.000,9999.000,9999.000,9999.000,9999.000
202604222024,   0.197,   1.390,9999.000,9999.000,9999.000,9999.000,9999.000,9999.000,9999.000
202604222030,   0.202,   1.348,9999.000,9999.000,9999.000,9999.000,9999.000,9999.000,9999.000
202604222036,   0.209,   1.361,9999.000,9999.000,9999.000,9999.000,9999.000,9999.000,9999.000
202604222042,   0.217,   1.361,9999.000,9999.000,9999.000,9999.000,9999.000,9999.000,9999.000
202604222048,   0.227,   1.380,9999.000,9999.000,9999.000,9999.000,9999.000,9999.000,9999.000
202604222054,   0.238,   1.338,9999.000,9999.000,9999.000,9999.000,9999.000,9999.000,9999.000
202604222100,   0.250,   1.338,   0.600,   0.488,   1.338,   0.500,   1.238,   0.600,   1.338
202604222106,   0.263,   1.371,9999.000,9999.000,9999.000,9999.000,9999.000,9999.000,9999.000
202604222112,   0.277,   1.390,9999.000,9999.000,9999.000,9999.000,9999.000,9999.000,9999.000
202604222118,   0.293,   1.380,9999.000,9999.000,9999.000,9999.000,9999.000,9999.000,9999.000
202604222124,   0.310,   1.348,9999.000,9999.000,9999.000,9999.000,9999.000,9999.000,9999.000
202604222130,   0.327,   1.400,9999.000,9999.000,9999.000,9999.000,9999.000,9999.000,9999.000
202604222136,   0.346,   1.420,9999.000,9999.000,9999.000,9999.000,9999.000,9999.000,9999.000
202604222142,   0.365,   1.420,9999.000,9999.000,9999.000,9999.000,9999.000,9999.000,9999.000
202604222148,   0.385,   1.400,9999.000,9999.000,9999.000,9999.000,9999.000,9999.000,9999.000
202604222154,   0.405,   1.439,9999.000,9999.000,9999.000,9999.000,9999.000,9999.000,9999.000
202604222200,   0.426,   1.459,   0.600,   0.433,   1.459,   0.500,   1.359,   0.600,   1.459
202604222206,   0.448,   1.459,9999.000,9999.000,9999.000,9999.000,9999.000,9999.000,9999.000
202604222212,   0.470,   1.449,9999.000,9999.000,9999.000,9999.000,9999.000,9999.000,9999.000
202604222218,   0.491,   1.498,9999.000,9999.000,9999.000,9999.000,9999.000,9999.000,9999.000
202604222224,   0.513,   1.508,9999.000,9999.000,9999.000,9999.000,9999.000,9999.000,9999.000
202604222230,   0.535,   1.508,9999.000,9999.000,9999.000,9999.000,9999.000,9999.000,9999.000
202604222236,   0.557,   1.538,9999.000,9999.000,9999.000,9999.000,9999.000,9999.000,9999.000
202604222242,   0.578,   1.538,9999.000,9999.000,9999.000,9999.000,9999.000,9999.000,9999.000
202604222248,   0.599,   1.571,9999.000,9999.000,9999.000,9999.000,9999.000,9999.000,9999.000
202604222254,   0.620,   1.590,9999.000,9999.000,9999.000,9999.000,9999.000,9999.000,9999.000
202604222300,   0.640,   1.600,   0.500,   0.460,   1.600,   0.500,   1.600,   0.600,   1.700
202604222306,   0.660,   1.630,9999.000,9999.000,9999.000,9999.000,9999.000,9999.000,9999.000
202604222312,   0.678,   1.630,9999.000,9999.000,9999.000,9999.000,9999.000,9999.000,9999.000
202604222318,   0.697,   1.669,9999.000,9999.000,9999.000,9999.000,9999.000,9999.000,9999.000
202604222324,   0.714,   1.669,9999.000,9999.000,9999.000,9999.000,9999.000,9999.000,9999.000
202604222330,   0.730,   1.679,9999.000,9999.000,9999.000,9999.000,9999.000,9999.000,9999.000
202604222336,   0.746,   1.708,9999.000,9999.000,9999.000,9999.000,9999.000,9999.000,9999.000
202604222342,   0.760,   1.728,9999.000,9999.000,9999.000,9999.000,9999.000,9999.000,9999.000
202604222348,   0.774,   1.748,9999.000,9999.000,9999.000,9999.000,9999.000,9999.000,9999.000
202604222354,   0.786,   1.758,9999.000,9999.000,9999.000,9999.000,9999.000,9999.000,9999.000
202604230000,   0.798,   1.781,   0.500,   0.483,   1.781,   0.500,   1.781,   0.600,   1.881
202604230006,   0.808,   1.810,9999.000,9999.000,9999.000,9999.000,9999.000,9999.000,9999.000
202604230012,   0.817,   1.810,9999.000,9999.000,9999.000,9999.000,9999.000,9999.000,9999.000
202604230018,   0.826,   1.810,9999.000,9999.000,9999.000,9999.000,9999.000,9999.000,9999.000
202604230024,   0.833,   1.810,9999.000,9999.000,9999.000,9999.000,9999.000,9999.000,9999.000
202604230030,   0.839,   1.830,9999.000,9999.000,9999.000,9999.000,9999.000,9999.000,9999.000
202604230036,   0.844,   1.830,9999.000,9999.000,9999.000,9999.000,9999.000,9999.000,9999.000
202604230042,   0.848,   1.859,9999.000,9999.000,9999.000,9999.000,9999.000,9999.000,9999.000
202604230048,   0.851,   1.869,9999.000,9999.000,9999.000,9999.000,9999.000,9999.000,9999.000
202604230054,   0.853,   1.859,9999.000,9999.000,9999.000,9999.000,9999.000,9999.000,9999.000
202604230100,   0.854,   1.869,   0.500,   0.515,   1.869,   0.500,   1.869,   0.600,   1.969
202604230106,   0.854,   1.869,9999.000,9999.000,9999.000,9999.000,9999.000,9999.000,9999.000
202604230112,   0.853,   1.849,9999.000,9999.000,9999.000,9999.000,9999.000,9999.000,9999.000
202604230118,   0.851,   1.859,9999.000,9999.000,9999.000,9999.000,9999.000,9999.000,9999.000
202604230124,   0.847,   1.840,9999.000,9999.000,9999.000,9999.000,9999.000,9999.000,9999.000
202604230130,   0.843,   1.849,9999.000,9999.000,9999.000,9999.000,9999.000,9999.000,9999.000
202604230136,   0.838,   1.879,9999.000,9999.000,9999.000,9999.000,9999.000,9999.000,9999.000
202604230142,   0.831,   1.849,9999.000,9999.000,9999.000,9999.000,9999.000,9999.000,9999.000
202604230148,   0.824,   1.800,9999.000,9999.000,9999.000,9999.000,9999.000,9999.000,9999.000
202604230154,   0.816,   1.810,9999.000,9999.000,9999.000,9999.000,9999.000,9999.000,9999.000
202604230200,   0.807,   1.810,   0.500,   0.503,   1.810,   0.500,   1.810,   0.600,   1.910
202604230206,   0.796,   1.758,9999.000,9999.000,9999.000,9999.000,9999.000,9999.000,9999.000
202604230212,   0.785,   1.748,9999.000,9999.000,9999.000,9999.000,9999.000,9999.000,9999.000
202604230218,   0.773,   1.728,9999.000,9999.000,9999.000,9999.000,9999.000,9999.000,9999.000
202604230224,   0.760,   1.699,9999.000,9999.000,9999.000,9999.000,9999.000,9999.000,9999.000
202604230230,   0.746,   1.679,9999.000,9999.000,9999.000,9999.000,9999.000,9999.000,9999.000
202604230236,   0.731,   1.659,9999.000,9999.000,9999.000,9999.000,9999.000,9999.000,9999.000
202604230242,   0.716,   1.659,9999.000,9999.000,9999.000,9999.000,9999.000,9999.000,9999.000
202604230248,   0.699,   1.610,9999.000,9999.000,9999.000,9999.000,9999.000,9999.000,9999.000
202604230254,   0.682,   1.620,9999.000,9999.000,9999.000,9999.000,9999.000,9999.000,9999.000
202604230300,   0.664,   1.557,   0.500,   0.393,   1.557,   0.500,   1.557,   0.500,   1.557
202604230306,   0.646,   1.528,9999.000,9999.000,9999.000,9999.000,9999.000,9999.000,9999.000
202604230312,   0.627,   1.498,9999.000,9999.000,9999.000,9999.000,9999.000,9999.000,9999.000
202604230318,   0.607,   1.489,9999.000,9999.000,9999.000,9999.000,9999.000,9999.000,9999.000
202604230324,   0.587,   1.459,9999.000,9999.000,9999.000,9999.000,9999.000,9999.000,9999.000
202604230330,   0.567,   1.410,9999.000,9999.000,9999.000,9999.000,9999.000,9999.000,9999.000
202604230336,   0.546,   1.390,9999.000,9999.000,9999.000,9999.000,9999.000,9999.000,9999.000
202604230342,   0.525,   1.348,9999.000,9999.000,9999.000,9999.000,9999.000,9999.000,9999.000
202604230348,   0.503,   1.308,9999.000,9999.000,9999.000,9999.000,9999.000,9999.000,9999.000
202604230354,   0.482,   1.269,9999.000,9999.000,9999.000,9999.000,9999.000,9999.000,9999.000
202604230400,   0.461,   1.249,   0.500,   0.288,   1.249,   0.500,   1.249,   0.500,   1.249
202604230406,   0.439,   1.210,9999.000,9999.000,9999.000,9999.000,9999.000,9999.000,9999.000
202604230412,   0.418,   1.190,9999.000,9999.000,9999.000,9999.000,9999.000,9999.000,9999.000
202604230418,   0.397,   1.151,9999.000,9999.000,9999.000,9999.000,9999.000,9999.000,9999.000
202604230424,   0.376,   1.108,9999.000,9999.000,9999.000,9999.000,9999.000,9999.000,9999.000
202604230430,   0.356,   1.098,9999.000,9999.000,9999.000,9999.000,9999.000,9999.000,9999.000
202604230436,   0.336,   1.069,9999.000,9999.000,9999.000,9999.000,9999.000,9999.000,9999.000
202604230442,   0.316,   1.039,9999.000,9999.000,9999.000,9999.000,9999.000,9999.000,9999.000
202604230448,   0.297,   1.000,9999.000,9999.000,9999.000,9999.000,9999.000,9999.000,9999.000
202604230454,   0.279,   0.980,9999.000,9999.000,9999.000,9999.000,9999.000,9999.000,9999.000
202604230500,   0.261,   0.951,   0.500,   0.190,   0.951,   0.500,   0.951,   0.500,   0.951
202604230506,   0.244,   0.928,9999.000,9999.000,9999.000,9999.000,9999.000,9999.000,9999.000
202604230512,   0.228,   0.918,9999.000,9999.000,9999.000,9999.000,9999.000,9999.000,9999.000
202604230518,   0.212,   0.879,9999.000,9999.000,9999.000,9999.000,9999.000,9999.000,9999.000
202604230524,   0.197,   0.829,9999.000,9999.000,9999.000,9999.000,9999.000,9999.000,9999.000
202604230530,   0.183,   0.819,9999.000,9999.000,9999.000,9999.000,9999.000,9999.000,9999.000
202604230536,   0.170,   0.790,9999.000,9999.000,9999.000,9999.000,9999.000,9999.000,9999.000
202604230542,   0.157,   0.790,9999.000,9999.000,9999.000,9999.000,9999.000,9999.000,9999.000
202604230548,   0.146,   0.770,9999.000,9999.000,9999.000,9999.000,9999.000,9999.000,9999.000
202604230554,   0.135,   0.760,9999.000,9999.000,9999.000,9999.000,9999.000,9999.000,9999.000
202604230600,   0.125,   0.698,   0.500,   0.073,   0.698,   0.500,   0.698,   0.500,   0.698
202604230606,   0.116,   0.698,9999.000,9999.000,9999.000,9999.000,9999.000,9999.000,9999.000
202604230612,   0.107,   0.678,9999.000,9999.000,9999.000,9999.000,9999.000,9999.000,9999.000
202604230618,   0.100,   0.639,9999.000,9999.000,9999.000,9999.000,9999.000,9999.000,9999.000
202604230624,   0.093,   0.649,9999.000,9999.000,9999.000,9999.000,9999.000,9999.000,9999.000
202604230630,   0.087,   0.649,9999.000,9999.000,9999.000,9999.000,9999.000,9999.000,9999.000
202604230636,   0.082,   0.659,9999.000,9999.000,9999.000,9999.000,9999.000,9999.000,9999.000
202604230642,   0.077,   0.610,9999.000,9999.000,9999.000,9999.000,9999.000,9999.000,9999.000
202604230648,   0.073,   0.610,9999.000,9999.000,9999.000,9999.000,9999.000,9999.000,9999.000
202604230654,   0.070,   0.610,9999.000,9999.000,9999.000,9999.000,9999.000,9999.000,9999.000
202604230700,   0.068,   0.590,   0.500,   0.022,   0.590,   0.500,   0.590,   0.500,   0.590
202604230706,   0.067,   0.590,9999.000,9999.000,9999.000,9999.000,9999.000,9999.000,9999.000
202604230712,   0.066,   0.551,9999.000,9999.000,9999.000,9999.000,9999.000,9999.000,9999.000
202604230718,   0.066,   0.560,9999.000,9999.000,9999.000,9999.000,9999.000,9999.000,9999.000
202604230724,   0.067,   0.590,9999.000,9999.000,9999.000,9999.000,9999.000,9999.000,9999.000
202604230730,   0.069,   0.580,9999.000,9999.000,9999.000,9999.000,9999.000,9999.000,9999.000
202604230736,   0.071,   0.551,9999.000,9999.000,9999.000,9999.000,9999.000,9999.000,9999.000
202604230742,   0.075,   0.560,9999.000,9999.000,9999.000,9999.000,9999.000,9999.000,9999.000
202604230748,   0.079,   0.560,9999.000,9999.000,9999.000,9999.000,9999.000,9999.000,9999.000
202604230754,   0.085,   0.541,9999.000,9999.000,9999.000,9999.000,9999.000,9999.000,9999.000
202604230800,   0.091,   0.580,   0.500,  -0.011,   0.580,   0.500,   0.580,   0.500,   0.580
202604230806,   0.098,   0.600,9999.000,9999.000,9999.000,9999.000,9999.000,9999.000,9999.000
202604230812,   0.106,   0.600,9999.000,9999.000,9999.000,9999.000,9999.000,9999.000,9999.000
202604230818,   0.115,   0.610,9999.000,9999.000,9999.000,9999.000,9999.000,9999.000,9999.000
202604230824,   0.126,   0.619,9999.000,9999.000,9999.000,9999.000,9999.000,9999.000,9999.000
202604230830,   0.137,   0.610,9999.000,9999.000,9999.000,9999.000,9999.000,9999.000,9999.000
202604230836,   0.150,   0.649,9999.000,9999.000,9999.000,9999.000,9999.000,9999.000,9999.000
202604230842,   0.163,   0.678,9999.000,9999.000,9999.000,9999.000,9999.000,9999.000,9999.000
202604230848,   0.178,   0.698,9999.000,9999.000,9999.000,9999.000,9999.000,9999.000,9999.000
202604230854,   0.194,   0.751,9999.000,9999.000,9999.000,9999.000,9999.000,9999.000,9999.000
202604230900,   0.211,   0.790,   0.500,   0.079,   0.790,   0.500,   0.790,   0.500,   0.790
202604230906,   0.229,   0.800,9999.000,9999.000,9999.000,9999.000,9999.000,9999.000,9999.000
202604230912,   0.249,   0.800,9999.000,9999.000,9999.000,9999.000,9999.000,9999.000,9999.000
202604230918,   0.269,   0.829,9999.000,9999.000,9999.000,9999.000,9999.000,9999.000,9999.000
202604230924,   0.290,   0.888,9999.000,9999.000,9999.000,9999.000,9999.000,9999.000,9999.000
202604230930,   0.313,   0.928,9999.000,9999.000,9999.000,9999.000,9999.000,9999.000,9999.000
202604230936,   0.336,   0.961,9999.000,9999.000,9999.000,9999.000,9999.000,9999.000,9999.000
202604230942,   0.360,   0.990,9999.000,9999.000,9999.000,9999.000,9999.000,9999.000,9999.000
202604230948,   0.385,   1.010,9999.000,9999.000,9999.000,9999.000,9999.000,9999.000,9999.000
202604230954,   0.411,   1.069,9999.000,9999.000,9999.000,9999.000,9999.000,9999.000,9999.000
202604231000,   0.437,   1.108,   0.500,   0.171,   1.108,   0.500,   1.108,   0.500,   1.108
202604231006,   0.464,   1.138,9999.000,9999.000,9999.000,9999.000,9999.000,9999.000,9999.000
202604231012,   0.491,   1.180,9999.000,9999.000,9999.000,9999.000,9999.000,9999.000,9999.000
202604231018,   0.519,   1.220,9999.000,9999.000,9999.000,9999.000,9999.000,9999.000,9999.000
202604231024,   0.547,   1.289,9999.000,9999.000,9999.000,9999.000,9999.000,9999.000,9999.000
202604231030,   0.575,   1.298,9999.000,9999.000,9999.000,9999.000,9999.000,9999.000,9999.000
202604231036,   0.604,   1.338,9999.000,9999.000,9999.000,9999.000,9999.000,9999.000,9999.000
202604231042,   0.632,   1.390,9999.000,9999.000,9999.000,9999.000,9999.000,9999.000,9999.000
202604231048,   0.661,   1.430,9999.000,9999.000,9999.000,9999.000,9999.000,9999.000,9999.000
202604231054,   0.689,   1.449,9999.000,9999.000,9999.000,9999.000,9999.000,9999.000,9999.000
202604231100,   0.717,   1.469,   0.500,   0.252,   1.469,   0.500,   1.469,   0.500,   1.469
202604231106,   0.744,   1.557,9999.000,9999.000,9999.000,9999.000,9999.000,9999.000,9999.000
202604231112,   0.771,   1.580,9999.000,9999.000,9999.000,9999.000,9999.000,9999.000,9999.000
202604231118,   0.798,   1.600,9999.000,9999.000,9999.000,9999.000,9999.000,9999.000,9999.000
202604231124,   0.824,   1.639,9999.000,9999.000,9999.000,9999.000,9999.000,9999.000,9999.000
202604231130,   0.849,   1.718,9999.000,9999.000,9999.000,9999.000,9999.000,9999.000,9999.000
202604231136,   0.874,   1.728,9999.000,9999.000,9999.000,9999.000,9999.000,9999.000,9999.000
202604231142,   0.898,   1.748,9999.000,9999.000,9999.000,9999.000,9999.000,9999.000,9999.000
202604231148,   0.921,   1.790,9999.000,9999.000,9999.000,9999.000,9999.000,9999.000,9999.000
202604231154,   0.943,   1.800,9999.000,9999.000,9999.000,9999.000,9999.000,9999.000,9999.000
202604231200,   0.965,   1.849,   0.400,   0.484,   1.849,   0.400,   1.849,   0.500,   1.949
202604231206,   0.985,   1.889,9999.000,9999.000,9999.000,9999.000,9999.000,9999.000,9999.000
202604231212,   1.005,   1.938,9999.000,9999.000,9999.000,9999.000,9999.000,9999.000,9999.000
202604231218,   1.023,   1.918,9999.000,9999.000,9999.000,9999.000,9999.000,9999.000,9999.000
202604231224,   1.041,   1.981,9999.000,9999.000,9999.000,9999.000,9999.000,9999.000,9999.000
202604231230,   1.057,   2.000,9999.000,9999.000,9999.000,9999.000,9999.000,9999.000,9999.000
202604231236,   1.073,   2.030,9999.000,9999.000,9999.000,9999.000,9999.000,9999.000,9999.000
202604231242,   1.088,   2.059,9999.000,9999.000,9999.000,9999.000,9999.000,9999.000,9999.000
202604231248,   1.101,   2.059,9999.000,9999.000,9999.000,9999.000,9999.000,9999.000,9999.000
202604231254,   1.114,   2.069,9999.000,9999.000,9999.000,9999.000,9999.000,9999.000,9999.000
202604231300,   1.126,   2.109,   0.400,   0.583,   2.109,   0.400,   2.109,   0.500,   2.209
202604231306,   1.137,   2.118,9999.000,9999.000,9999.000,9999.000,9999.000,9999.000,9999.000
202604231312,   1.146,   2.109,9999.000,9999.000,9999.000,9999.000,9999.000,9999.000,9999.000
202604231318,   1.155,   2.138,9999.000,9999.000,9999.000,9999.000,9999.000,9999.000,9999.000
202604231324,   1.163,   2.168,9999.000,9999.000,9999.000,9999.000,9999.000,9999.000,9999.000
202604231330,   1.170,   2.158,9999.000,9999.000,9999.000,9999.000,9999.000,9999.000,9999.000
202604231336,   1.176,   2.191,9999.000,9999.000,9999.000,9999.000,9999.000,9999.000,9999.000
202604231342,   1.180,   2.191,9999.000,9999.000,9999.000,9999.000,9999.000,9999.000,9999.000
202604231348,   1.184,   2.210,9999.000,9999.000,9999.000,9999.000,9999.000,9999.000,9999.000
202604231354,   1.187,   2.210,9999.000,9999.000,9999.000,9999.000,9999.000,9999.000,9999.000
202604231400,   1.189,   2.200,   0.400,   0.611,   2.200,   0.400,   2.200,   0.500,   2.300
202604231406,   1.190,   2.177,9999.000,9999.000,9999.000,9999.000,9999.000,9999.000,9999.000
202604231412,   1.190,   2.191,9999.000,9999.000,9999.000,9999.000,9999.000,9999.000,9999.000
202604231418,   1.189,   2.191,9999.000,9999.000,9999.000,9999.000,9999.000,9999.000,9999.000
202604231424,   1.186,   2.168,9999.000,9999.000,9999.000,9999.000,9999.000,9999.000,9999.000
202604231430,   1.183,   2.177,9999.000,9999.000,9999.000,9999.000,9999.000,9999.000,9999.000
202604231436,   1.179,   2.191,9999.000,9999.000,9999.000,9999.000,9999.000,9999.000,9999.000
202604231442,   1.173,   2.168,9999.000,9999.000,9999.000,9999.000,9999.000,9999.000,9999.000
202604231448,   1.167,   2.128,9999.000,9999.000,9999.000,9999.000,9999.000,9999.000,9999.000
202604231454,   1.159,   2.148,9999.000,9999.000,9999.000,9999.000,9999.000,9999.000,9999.000
202604231500,   1.151,   2.148,   0.400,   0.597,   2.148,   0.400,   2.148,   0.500,   2.248
202604231506,   1.141,   2.118,9999.000,9999.000,9999.000,9999.000,9999.000,9999.000,9999.000
202604231512,   1.130,   2.099,9999.000,9999.000,9999.000,9999.000,9999.000,9999.000,9999.000
202604231518,   1.119,   2.109,9999.000,9999.000,9999.000,9999.000,9999.000,9999.000,9999.000
202604231524,   1.106,   2.079,9999.000,9999.000,9999.000,9999.000,9999.000,9999.000,9999.000
202604231530,   1.092,   2.059,9999.000,9999.000,9999.000,9999.000,9999.000,9999.000,9999.000
202604231536,   1.078,   2.049,9999.000,9999.000,9999.000,9999.000,9999.000,9999.000,9999.000
202604231542,   1.062,   2.020,9999.000,9999.000,9999.000,9999.000,9999.000,9999.000,9999.000
202604231548,   1.046,   2.000,9999.000,9999.000,9999.000,9999.000,9999.000,9999.000,9999.000
202604231554,   1.029,   2.000,9999.000,9999.000,9999.000,9999.000,9999.000,9999.000,9999.000
202604231600,   1.011,   1.948,   0.400,   0.537,   1.948,   0.400,   1.948,   0.500,   2.048
202604231606,   0.992,   1.918,9999.000,9999.000,9999.000,9999.000,9999.000,9999.000,9999.000
202604231612,   0.973,   1.928,9999.000,9999.000,9999.000,9999.000,9999.000,9999.000,9999.000
202604231618,   0.953,   1.879,9999.000,9999.000,9999.000,9999.000,9999.000,9999.000,9999.000
202604231624,   0.932,   1.859,9999.000,9999.000,9999.000,9999.000,9999.000,9999.000,9999.000
202604231630,   0.911,   1.849,9999.000,9999.000,9999.000,9999.000,9999.000,9999.000,9999.000
202604231636,   0.890,   1.859,9999.000,9999.000,9999.000,9999.000,9999.000,9999.000,9999.000
202604231642,   0.868,   1.790,9999.000,9999.000,9999.000,9999.000,9999.000,9999.000,9999.000
202604231648,   0.846,   1.758,9999.000,9999.000,9999.000,9999.000,9999.000,9999.000,9999.000
202604231654,   0.824,   1.758,9999.000,9999.000,9999.000,9999.000,9999.000,9999.000,9999.000
202604231700,   0.801,   1.718,   0.500,   0.417,   1.718,   0.400,   1.618,   0.500,   1.718
202604231706,   0.779,   1.669,9999.000,9999.000,9999.000,9999.000,9999.000,9999.000,9999.000
202604231712,   0.757,   1.659,9999.000,9999.000,9999.000,9999.000,9999.000,9999.000,9999.000
202604231718,   0.734,   1.639,9999.000,9999.000,9999.000,9999.000,9999.000,9999.000,9999.000
202604231724,   0.712,   1.610,9999.000,9999.000,9999.000,9999.000,9999.000,9999.000,9999.000
202604231730,   0.689,   1.580,9999.000,9999.000,9999.000,9999.000,9999.000,9999.000,9999.000
202604231736,   0.667,   1.557,9999.000,9999.000,9999.000,9999.000,9999.000,9999.000,9999.000
202604231742,   0.645,   1.538,9999.000,9999.000,9999.000,9999.000,9999.000,9999.000,9999.000
202604231748,   0.624,   1.518,9999.000,9999.000,9999.000,9999.000,9999.000,9999.000,9999.000
202604231754,   0.602,   1.479,9999.000,9999.000,9999.000,9999.000,9999.000,9999.000,9999.000
202604231800,   0.581,   1.449,   0.500,   0.368,   1.449,   0.400,   1.349,   0.500,   1.449
202604231806,   0.560,   1.439,9999.000,9999.000,9999.000,9999.000,9999.000,9999.000,9999.000
202604231812,   0.540,   1.420,9999.000,9999.000,9999.000,9999.000,9999.000,9999.000,9999.000
202604231818,   0.520,   1.420,9999.000,9999.000,9999.000,9999.000,9999.000,9999.000,9999.000
202604231824,   0.500,   1.361,9999.000,9999.000,9999.000,9999.000,9999.000,9999.000,9999.000
202604231830,   0.480,   1.328,9999.000,9999.000,9999.000,9999.000,9999.000,9999.000,9999.000
202604231836,   0.461,   1.318,9999.000,9999.000,9999.000,9999.000,9999.000,9999.000,9999.000
202604231842,   0.443,   1.289,9999.000,9999.000,9999.000,9999.000,9999.000,9999.000,9999.000
202604231848,   0.424,   1.269,9999.000,9999.000,9999.000,9999.000,9999.000,9999.000,9999.000
202604231854,   0.406,   1.239,9999.000,9999.000,9999.000,9999.000,9999.000,9999.000,9999.000
202604231900,   0.389,   1.210,   0.500,   0.321,   1.210,   0.400,   1.110,   0.500,   1.210
202604231906,   0.372,   1.220,9999.000,9999.000,9999.000,9999.000,9999.000,9999.000,9999.000
202604231912,   0.355,   1.190,9999.000,9999.000,9999.000,9999.000,9999.000,9999.000,9999.000
202604231918,   0.339,   1.161,9999.000,9999.000,9999.000,9999.000,9999.000,9999.000,9999.000
202604231924,   0.324,   1.170,9999.000,9999.000,9999.000,9999.000,9999.000,9999.000,9999.000
202604231930,   0.309,   1.138,9999.000,9999.000,9999.000,9999.000,9999.000,9999.000,9999.000
202604231936,   0.294,   1.118,9999.000,9999.000,9999.000,9999.000,9999.000,9999.000,9999.000
202604231942,   0.281,   1.098,9999.000,9999.000,9999.000,9999.000,9999.000,9999.000,9999.000
202604231948,   0.268,   1.088,9999.000,9999.000,9999.000,9999.000,9999.000,9999.000,9999.000
202604231954,   0.255,   1.059,9999.000,9999.000,9999.000,9999.000,9999.000,9999.000,9999.000
202604232000,   0.243,   1.059,   0.500,   0.316,   1.059,   0.400,   0.959,   0.500,   1.059
202604232006,   0.233,   1.059,9999.000,9999.000,9999.000,9999.000,9999.000,9999.000,9999.000
202604232012,   0.223,   1.029,9999.000,9999.000,9999.000,9999.000,9999.000,9999.000,9999.000
202604232018,   0.213,   1.010,9999.000,9999.000,9999.000,9999.000,9999.000,9999.000,9999.000
202604232024,   0.205,   1.020,9999.000,9999.000,9999.000,9999.000,9999.000,9999.000,9999.000
202604232030,   0.198,   1.020,9999.000,9999.000,9999.000,9999.000,9999.000,9999.000,9999.000
202604232036,   0.192,   1.000,9999.000,9999.000,9999.000,9999.000,9999.000,9999.000,9999.000
202604232042,   0.187,   1.000,9999.000,9999.000,9999.000,9999.000,9999.000,9999.000,9999.000
202604232048,   0.183,   0.990,9999.000,9999.000,9999.000,9999.000,9999.000,9999.000,9999.000
202604232054,   0.180,   0.990,9999.000,9999.000,9999.000,9999.000,9999.000,9999.000,9999.000
202604232100,   0.179,   1.010,   0.500,   0.331,   1.010,   0.500,   1.010,   0.500,   1.010
202604232106,   0.179,   1.010,9999.000,9999.000,9999.000,9999.000,9999.000,9999.000,9999.000
202604232112,   0.180,   1.020,9999.000,9999.000,9999.000,9999.000,9999.000,9999.000,9999.000
202604232118,   0.182,   1.020,9999.000,9999.000,9999.000,9999.000,9999.000,9999.000,9999.000
202604232124,   0.186,   1.029,9999.000,9999.000,9999.000,9999.000,9999.000,9999.000,9999.000
202604232130,   0.191,   1.020,9999.000,9999.000,9999.000,9999.000,9999.000,9999.000,9999.000
202604232136,   0.197,   1.039,9999.000,9999.000,9999.000,9999.000,9999.000,9999.000,9999.000
202604232142,   0.205,   1.049,9999.000,9999.000,9999.000,9999.000,9999.000,9999.000,9999.000
202604232148,   0.214,   1.069,9999.000,9999.000,9999.000,9999.000,9999.000,9999.000,9999.000
202604232154,   0.224,   1.098,9999.000,9999.000,9999.000,9999.000,9999.000,9999.000,9999.000
202604232200,   0.236,   1.108,   0.500,   0.372,   1.108,   0.500,   1.108,   0.500,   1.108
202604232206,   0.248,   1.108,9999.000,9999.000,9999.000,9999.000,9999.000,9999.000,9999.000
202604232212,   0.262,   1.128,9999.000,9999.000,9999.000,9999.000,9999.000,9999.000,9999.000
202604232218,   0.277,   1.170,9999.000,9999.000,9999.000,9999.000,9999.000,9999.000,9999.000
202604232224,   0.292,   1.170,9999.000,9999.000,9999.000,9999.000,9999.000,9999.000,9999.000
202604232230,   0.309,   1.200,9999.000,9999.000,9999.000,9999.000,9999.000,9999.000,9999.000
202604232236,   0.326,   1.239,9999.000,9999.000,9999.000,9999.000,9999.000,9999.000,9999.000
202604232242,   0.344,   1.229,9999.000,9999.000,9999.000,9999.000,9999.000,9999.000,9999.000
202604232248,   0.363,   1.259,9999.000,9999.000,9999.000,9999.000,9999.000,9999.000,9999.000
202604232254,   0.382,   1.298,9999.000,9999.000,9999.000,9999.000,9999.000,9999.000,9999.000
202604232300,   0.402,   1.338,   0.500,   0.436,   1.338,   0.500,   1.338,   0.500,   1.338
202604232306,   0.422,   1.348,9999.000,9999.000,9999.000,9999.000,9999.000,9999.000,9999.000
202604232312,   0.442,   1.400,9999.000,9999.000,9999.000,9999.000,9999.000,9999.000,9999.000
202604232318,   0.463,   1.449,9999.000,9999.000,9999.000,9999.000,9999.000,9999.000,9999.000
202604232324,   0.483,   1.469,9999.000,9999.000,9999.000,9999.000,9999.000,9999.000,9999.000
202604232330,   0.504,   1.489,9999.000,9999.000,9999.000,9999.000,9999.000,9999.000,9999.000
202604232336,   0.524,   1.538,9999.000,9999.000,9999.000,9999.000,9999.000,9999.000,9999.000
202604232342,   0.544,   1.518,9999.000,9999.000,9999.000,9999.000,9999.000,9999.000,9999.000
202604232348,   0.563,   1.600,9999.000,9999.000,9999.000,9999.000,9999.000,9999.000,9999.000
202604232354,   0.583,   1.620,9999.000,9999.000,9999.000,9999.000,9999.000,9999.000,9999.000
202604240000,   0.601,   1.679,   0.500,   0.578,   1.679,   0.500,   1.679,   0.500,   1.679
202604240006,   0.620,   1.659,9999.000,9999.000,9999.000,9999.000,9999.000,9999.000,9999.000
202604240012,   0.637,   1.679,9999.000,9999.000,9999.000,9999.000,9999.000,9999.000,9999.000
202604240018,   0.655,   1.738,9999.000,9999.000,9999.000,9999.000,9999.000,9999.000,9999.000
202604240024,   0.671,   1.748,9999.000,9999.000,9999.000,9999.000,9999.000,9999.000,9999.000
202604240030,   0.687,   1.790,9999.000,9999.000,9999.000,9999.000,9999.000,9999.000,9999.000
202604240036,   0.702,   1.800,9999.000,9999.000,9999.000,9999.000,9999.000,9999.000,9999.000
202604240042,   0.716,   1.849,9999.000,9999.000,9999.000,9999.000,9999.000,9999.000,9999.000
202604240048,   0.729,   1.879,9999.000,9999.000,9999.000,9999.000,9999.000,9999.000,9999.000
202604240054,   0.742,   1.869,9999.000,9999.000,9999.000,9999.000,9999.000,9999.000,9999.000
202604240100,   0.754,   1.918,   0.500,   0.664,   1.918,   0.500,   1.918,   0.500,   1.918
202604240106,   0.765,   1.948,9999.000,9999.000,9999.000,9999.000,9999.000,9999.000,9999.000
202604240112,   0.775,   1.981,9999.000,9999.000,9999.000,9999.000,9999.000,9999.000,9999.000
202604240118,   0.784,   2.000,9999.000,9999.000,9999.000,9999.000,9999.000,9999.000,9999.000
202604240124,   0.793,   2.020,9999.000,9999.000,9999.000,9999.000,9999.000,9999.000,9999.000
202604240130,   0.800,   2.030,9999.000,9999.000,9999.000,9999.000,9999.000,9999.000,9999.000
202604240136,   0.807,   2.059,9999.000,9999.000,9999.000,9999.000,9999.000,9999.000,9999.000
202604240142,   0.813,   2.030,9999.000,9999.000,9999.000,9999.000,9999.000,9999.000,9999.000
202604240148,   0.818,   2.040,9999.000,9999.000,9999.000,9999.000,9999.000,9999.000,9999.000
202604240154,   0.822,   2.079,9999.000,9999.000,9999.000,9999.000,9999.000,9999.000,9999.000
202604240200,   0.825,   2.099,   0.500,   0.774,   2.099,   0.500,   2.099,   0.600,   2.199
202604240206,   0.828,   2.079,9999.000,9999.000,9999.000,9999.000,9999.000,9999.000,9999.000
202604240212,   0.829,   2.079,9999.000,9999.000,9999.000,9999.000,9999.000,9999.000,9999.000
202604240218,   0.830,   2.109,9999.000,9999.000,9999.000,9999.000,9999.000,9999.000,9999.000
202604240224,   0.829,   2.118,9999.000,9999.000,9999.000,9999.000,9999.000,9999.000,9999.000
202604240230,   0.828,   2.099,9999.000,9999.000,9999.000,9999.000,9999.000,9999.000,9999.000
202604240236,   0.826,   2.089,9999.000,9999.000,9999.000,9999.000,9999.000,9999.000,9999.000
202604240242,   0.823,   2.128,9999.000,9999.000,9999.000,9999.000,9999.000,9999.000,9999.000
202604240248,   0.819,   2.109,9999.000,9999.000,9999.000,9999.000,9999.000,9999.000,9999.000
202604240254,   0.814,   2.118,9999.000,9999.000,9999.000,9999.000,9999.000,9999.000,9999.000
202604240300,   0.808,   2.079,   0.600,   0.671,   2.079,   0.500,   1.979,   0.600,   2.079
202604240306,   0.801,   2.099,9999.000,9999.000,9999.000,9999.000,9999.000,9999.000,9999.000
202604240312,   0.793,   2.059,9999.000,9999.000,9999.000,9999.000,9999.000,9999.000,9999.000
202604240318,   0.785,   2.040,9999.000,9999.000,9999.000,9999.000,9999.000,9999.000,9999.000
202604240324,   0.775,   2.069,9999.000,9999.000,9999.000,9999.000,9999.000,9999.000,9999.000
202604240330,   0.764,   2.040,9999.000,9999.000,9999.000,9999.000,9999.000,9999.000,9999.000
202604240336,   0.753,   2.049,9999.000,9999.000,9999.000,9999.000,9999.000,9999.000,9999.000
202604240342,   0.741,   2.010,9999.000,9999.000,9999.000,9999.000,9999.000,9999.000,9999.000
202604240348,   0.727,   2.000,9999.000,9999.000,9999.000,9999.000,9999.000,9999.000,9999.000
202604240354,   0.713,   1.981,9999.000,9999.000,9999.000,9999.000,9999.000,9999.000,9999.000
202604240400,   0.699,   2.030,   0.600,   0.731,   2.030,   0.600,   2.030,   0.600,   2.030
202604240406,   0.683,   1.981,9999.000,9999.000,9999.000,9999.000,9999.000,9999.000,9999.000
202604240412,   0.667,   1.928,9999.000,9999.000,9999.000,9999.000,9999.000,9999.000,9999.000
202604240418,   0.651,   1.918,9999.000,9999.000,9999.000,9999.000,9999.000,9999.000,9999.000
202604240424,   0.633,   1.948,9999.000,9999.000,9999.000,9999.000,9999.000,9999.000,9999.000
202604240430,   0.616,   1.869,9999.000,9999.000,9999.000,9999.000,9999.000,9999.000,9999.000
202604240436,   0.597,   1.859,9999.000,9999.000,9999.000,9999.000,9999.000,9999.000,9999.000
202604240442,   0.580,   1.849,9999.000,9999.000,9999.000,9999.000,9999.000,9999.000,9999.000
202604240448,   0.560,   1.840,9999.000,9999.000,9999.000,9999.000,9999.000,9999.000,9999.000
202604240454,   0.541,   1.800,9999.000,9999.000,9999.000,9999.000,9999.000,9999.000,9999.000
202604240500,   0.522,   1.758,   0.600,   0.636,   1.758,   0.600,   1.758,   0.700,   1.858
202604240506,   0.503,   1.748,9999.000,9999.000,9999.000,9999.000,9999.000,9999.000,9999.000
202604240512,   0.484,   1.718,9999.000,9999.000,9999.000,9999.000,9999.000,9999.000,9999.000
202604240518,   0.465,   1.699,9999.000,9999.000,9999.000,9999.000,9999.000,9999.000,9999.000
202604240524,   0.446,   1.689,9999.000,9999.000,9999.000,9999.000,9999.000,9999.000,9999.000
202604240530,   0.427,   1.649,9999.000,9999.000,9999.000,9999.000,9999.000,9999.000,9999.000
202604240536,   0.409,   1.630,9999.000,9999.000,9999.000,9999.000,9999.000,9999.000,9999.000
202604240542,   0.391,   1.620,9999.000,9999.000,9999.000,9999.000,9999.000,9999.000,9999.000
202604240548,   0.373,   1.590,9999.000,9999.000,9999.000,9999.000,9999.000,9999.000,9999.000
202604240554,   0.356,   1.580,9999.000,9999.000,9999.000,9999.000,9999.000,9999.000,9999.000
202604240600,   0.339,   1.548,   0.600,   0.609,   1.548,   0.600,   1.548,   0.700,   1.648
202604240606,   0.323,   1.518,9999.000,9999.000,9999.000,9999.000,9999.000,9999.000,9999.000
202604240612,   0.308,   1.469,9999.000,9999.000,9999.000,9999.000,9999.000,9999.000,9999.000
202604240618,   0.292,   1.479,9999.000,9999.000,9999.000,9999.000,9999.000,9999.000,9999.000
202604240624,   0.278,   1.459,9999.000,9999.000,9999.000,9999.000,9999.000,9999.000,9999.000
202604240630,   0.264,   1.410,9999.000,9999.000,9999.000,9999.000,9999.000,9999.000,9999.000
202604240636,   0.251,   1.430,9999.000,9999.000,9999.000,9999.000,9999.000,9999.000,9999.000
202604240642,   0.238,   1.371,9999.000,9999.000,9999.000,9999.000,9999.000,9999.000,9999.000
202604240648,   0.226,   1.400,9999.000,9999.000,9999.000,9999.000,9999.000,9999.000,9999.000
202604240654,   0.215,   1.361,9999.000,9999.000,9999.000,9999.000,9999.000,9999.000,9999.000
202604240700,   0.204,   1.328,   0.700,   0.424,   1.328,   0.600,   1.228,   0.700,   1.328
202604240706,   0.194,   1.348,9999.000,9999.000,9999.000,9999.000,9999.000,9999.000,9999.000
202604240712,   0.185,   1.289,9999.000,9999.000,9999.000,9999.000,9999.000,9999.000,9999.000
202604240718,   0.176,   1.308,9999.000,9999.000,9999.000,9999.000,9999.000,9999.000,9999.000
202604240724,   0.168,   1.259,9999.000,9999.000,9999.000,9999.000,9999.000,9999.000,9999.000
202604240730,   0.161,   1.259,9999.000,9999.000,9999.000,9999.000,9999.000,9999.000,9999.000
202604240736,   0.154,   1.239,9999.000,9999.000,9999.000,9999.000,9999.000,9999.000,9999.000
202604240742,   0.147,   1.229,9999.000,9999.000,9999.000,9999.000,9999.000,9999.000,9999.000
202604240748,   0.142,   1.249,9999.000,9999.000,9999.000,9999.000,9999.000,9999.000,9999.000
202604240754,   0.137,   1.200,9999.000,9999.000,9999.000,9999.000,9999.000,9999.000,9999.000
202604240800,   0.132,   1.200,   0.700,   0.368,   1.200,   0.600,   1.100,   0.700,   1.200
202604240806,   0.129,   1.161,9999.000,9999.000,9999.000,9999.000,9999.000,9999.000,9999.000
202604240812,   0.126,   1.200,9999.000,9999.000,9999.000,9999.000,9999.000,9999.000,9999.000
202604240818,   0.124,   1.170,9999.000,9999.000,9999.000,9999.000,9999.000,9999.000,9999.000
202604240824,   0.122,   1.151,9999.000,9999.000,9999.000,9999.000,9999.000,9999.000,9999.000
202604240830,   0.122,   1.170,9999.000,9999.000,9999.000,9999.000,9999.000,9999.000,9999.000
202604240836,   0.122,   1.138,9999.000,9999.000,9999.000,9999.000,9999.000,9999.000,9999.000
202604240842,   0.123,   1.180,9999.000,9999.000,9999.000,9999.000,9999.000,9999.000,9999.000
202604240848,   0.124,   1.180,9999.000,9999.000,9999.000,9999.000,9999.000,9999.000,9999.000
202604240854,   0.127,   1.190,9999.000,9999.000,9999.000,9999.000,9999.000,9999.000,9999.000
202604240900,   0.131,   1.210,   0.700,   0.379,   1.210,   0.700,   1.210,   0.700,   1.210
202604240906,   0.135,   1.210,9999.000,9999.000,9999.000,9999.000,9999.000,9999.000,9999.000
202604240912,   0.141,   1.298,9999.000,9999.000,9999.000,9999.000,9999.000,9999.000,9999.000
202604240918,   0.148,   1.170,9999.000,9999.000,9999.000,9999.000,9999.000,9999.000,9999.000
202604240924,   0.155,   1.180,9999.000,9999.000,9999.000,9999.000,9999.000,9999.000,9999.000
202604240930,   0.164,   1.220,9999.000,9999.000,9999.000,9999.000,9999.000,9999.000,9999.000
202604240936,   0.174,   1.259,9999.000,9999.000,9999.000,9999.000,9999.000,9999.000,9999.000
202604240942,   0.185,   1.338,9999.000,9999.000,9999.000,9999.000,9999.000,9999.000,9999.000
202604240948,   0.197,   1.289,9999.000,9999.000,9999.000,9999.000,9999.000,9999.000,9999.000
202604240954,   0.210,   1.279,9999.000,9999.000,9999.000,9999.000,9999.000,9999.000,9999.000
202604241000,   0.225,   1.289,   0.700,   0.364,   1.289,   0.700,   1.289,   0.700,   1.289
202604241006,   0.240,   1.348,9999.000,9999.000,9999.000,9999.000,9999.000,9999.000,9999.000
202604241012,   0.257,   1.371,9999.000,9999.000,9999.000,9999.000,9999.000,9999.000,9999.000
202604241018,   0.274,   1.390,9999.000,9999.000,9999.000,9999.000,9999.000,9999.000,9999.000
202604241024,   0.293,   1.430,9999.000,9999.000,9999.000,9999.000,9999.000,9999.000,9999.000
202604241030,   0.312,   1.430,9999.000,9999.000,9999.000,9999.000,9999.000,9999.000,9999.000
202604241036,   0.333,   1.508,9999.000,9999.000,9999.000,9999.000,9999.000,9999.000,9999.000
202604241042,   0.354,   1.548,9999.000,9999.000,9999.000,9999.000,9999.000,9999.000,9999.000
202604241048,   0.376,   1.548,9999.000,9999.000,9999.000,9999.000,9999.000,9999.000,9999.000
202604241054,   0.399,   1.580,9999.000,9999.000,9999.000,9999.000,9999.000,9999.000,9999.000
202604241100,   0.422,   1.630,   0.700,   0.508,   1.630,   0.700,   1.630,   0.700,   1.630
202604241106,   0.446,   1.610,9999.000,9999.000,9999.000,9999.000,9999.000,9999.000,9999.000
202604241112,   0.470,   1.689,9999.000,9999.000,9999.000,9999.000,9999.000,9999.000,9999.000
202604241118,   0.495,   1.718,9999.000,9999.000,9999.000,9999.000,9999.000,9999.000,9999.000
202604241124,   0.520,   1.728,9999.000,9999.000,9999.000,9999.000,9999.000,9999.000,9999.000
202604241130,   0.545,   1.810,9999.000,9999.000,9999.000,9999.000,9999.000,9999.000,9999.000
202604241136,   0.571,   1.849,9999.000,9999.000,9999.000,9999.000,9999.000,9999.000,9999.000
202604241142,   0.596,   1.849,9999.000,9999.000,9999.000,9999.000,9999.000,9999.000,9999.000
202604241148,   0.621,   1.899,9999.000,9999.000,9999.000,9999.000,9999.000,9999.000,9999.000
202604241154,   0.647,   1.928,9999.000,9999.000,9999.000,9999.000,9999.000,9999.000,9999.000
202604241200,   0.672,   1.938,   0.700,   0.566,   1.938,   0.700,   1.938,   0.700,   1.938
202604241206,   0.697,   1.967,9999.000,9999.000,9999.000,9999.000,9999.000,9999.000,9999.000
202604241212,   0.721,   2.010,9999.000,9999.000,9999.000,9999.000,9999.000,9999.000,9999.000
202604241218,   0.745,   2.059,9999.000,9999.000,9999.000,9999.000,9999.000,9999.000,9999.000
202604241224,   0.769,   2.079,9999.000,9999.000,9999.000,9999.000,9999.000,9999.000,9999.000
202604241230,   0.792,   2.089,9999.000,9999.000,9999.000,9999.000,9999.000,9999.000,9999.000
202604241236,   0.814,   2.158,9999.000,9999.000,9999.000,9999.000,9999.000,9999.000,9999.000
202604241242,   0.836,   2.158,9999.000,9999.000,9999.000,9999.000,9999.000,9999.000,9999.000
202604241248,   0.858,   2.177,9999.000,9999.000,9999.000,9999.000,9999.000,9999.000,9999.000
202604241254,   0.878,   2.240,9999.000,9999.000,9999.000,9999.000,9999.000,9999.000,9999.000
202604241300,   0.898,   2.250,   0.700,   0.652,   2.250,   0.700,   2.250,   0.700,   2.250
202604241306,   0.918,   2.289,9999.000,9999.000,9999.000,9999.000,9999.000,9999.000,9999.000
202604241312,   0.936,   2.318,9999.000,9999.000,9999.000,9999.000,9999.000,9999.000,9999.000
202604241318,   0.954,   2.309,9999.000,9999.000,9999.000,9999.000,9999.000,9999.000,9999.000
202604241324,   0.972,   2.328,9999.000,9999.000,9999.000,9999.000,9999.000,9999.000,9999.000
202604241330,   0.988,   2.368,9999.000,9999.000,9999.000,9999.000,9999.000,9999.000,9999.000
202604241336,   1.004,   2.348,9999.000,9999.000,9999.000,9999.000,9999.000,9999.000,9999.000
202604241342,   1.019,   2.368,9999.000,9999.000,9999.000,9999.000,9999.000,9999.000,9999.000
202604241348,   1.033,   2.420,9999.000,9999.000,9999.000,9999.000,9999.000,9999.000,9999.000
202604241354,   1.046,   2.420,9999.000,9999.000,9999.000,9999.000,9999.000,9999.000,9999.000
202604241400,   1.059,   2.430,   0.700,   0.671,   2.430,   0.700,   2.430,   0.700,   2.430
202604241406,   1.071,   2.440,9999.000,9999.000,9999.000,9999.000,9999.000,9999.000,9999.000
202604241412,   1.082,   2.469,9999.000,9999.000,9999.000,9999.000,9999.000,9999.000,9999.000
202604241418,   1.092,   2.469,9999.000,9999.000,9999.000,9999.000,9999.000,9999.000,9999.000
202604241424,   1.101,   2.459,9999.000,9999.000,9999.000,9999.000,9999.000,9999.000,9999.000
202604241430,   1.110,   2.459,9999.000,9999.000,9999.000,9999.000,9999.000,9999.000,9999.000
202604241436,   1.118,   2.479,9999.000,9999.000,9999.000,9999.000,9999.000,9999.000,9999.000
202604241442,   1.124,   2.469,9999.000,9999.000,9999.000,9999.000,9999.000,9999.000,9999.000
202604241448,   1.130,   2.459,9999.000,9999.000,9999.000,9999.000,9999.000,9999.000,9999.000
202604241454,   1.135,   2.459,9999.000,9999.000,9999.000,9999.000,9999.000,9999.000,9999.000
202604241500,   1.139,   2.459,   0.700,   0.620,   2.459,   0.700,   2.459,   0.700,   2.459
202604241506,   1.142,   2.469,9999.000,9999.000,9999.000,9999.000,9999.000,9999.000,9999.000
202604241512,   1.144,   2.440,9999.000,9999.000,9999.000,9999.000,9999.000,9999.000,9999.000
202604241518,   1.145,   2.450,9999.000,9999.000,9999.000,9999.000,9999.000,9999.000,9999.000
202604241524,   1.145,   2.459,9999.000,9999.000,9999.000,9999.000,9999.000,9999.000,9999.000
202604241530,   1.144,   2.440,9999.000,9999.000,9999.000,9999.000,9999.000,9999.000,9999.000
202604241536,   1.141,   2.410,9999.000,9999.000,9999.000,9999.000,9999.000,9999.000,9999.000
202604241542,   1.138,   2.400,9999.000,9999.000,9999.000,9999.000,9999.000,9999.000,9999.000
202604241548,   1.134,   2.420,9999.000,9999.000,9999.000,9999.000,9999.000,9999.000,9999.000
202604241554,   1.128,   2.377,9999.000,9999.000,9999.000,9999.000,9999.000,9999.000,9999.000
202604241600,   1.121,   2.328,   0.700,   0.507,   2.328,   0.700,   2.328,   0.700,   2.328
202604241606,   1.113,   2.338,9999.000,9999.000,9999.000,9999.000,9999.000,9999.000,9999.000
202604241612,   1.104,   2.338,9999.000,9999.000,9999.000,9999.000,9999.000,9999.000,9999.000
202604241618,   1.094,   2.289,9999.000,9999.000,9999.000,9999.000,9999.000,9999.000,9999.000
202604241624,   1.083,   2.299,9999.000,9999.000,9999.000,9999.000,9999.000,9999.000,9999.000
202604241630,   1.070,   2.259,9999.000,9999.000,9999.000,9999.000,9999.000,9999.000,9999.000
202604241636,   1.057,   2.259,9999.000,9999.000,9999.000,9999.000,9999.000,9999.000,9999.000
202604241642,   1.042,   2.210,9999.000,9999.000,9999.000,9999.000,9999.000,9999.000,9999.000
202604241648,   1.027,   2.191,9999.000,9999.000,9999.000,9999.000,9999.000,9999.000,9999.000
202604241654,   1.011,   2.191,9999.000,9999.000,9999.000,9999.000,9999.000,9999.000,9999.000
202604241700,   0.994,   2.168,   0.700,   0.474,   2.168,   0.700,   2.168,   0.700,   2.168
202604241706,   0.976,   2.118,9999.000,9999.000,9999.000,9999.000,9999.000,9999.000,9999.000
202604241712,   0.957,   2.069,9999.000,9999.000,9999.000,9999.000,9999.000,9999.000,9999.000
202604241718,   0.938,   2.059,9999.000,9999.000,9999.000,9999.000,9999.000,9999.000,9999.000
202604241724,   0.918,   2.040,9999.000,9999.000,9999.000,9999.000,9999.000,9999.000,9999.000
202604241730,   0.898,   2.010,9999.000,9999.000,9999.000,9999.000,9999.000,9999.000,9999.000
202604241736,   0.877,   2.000,9999.000,9999.000,9999.000,9999.000,9999.000,9999.000,9999.000
202604241742,   0.855,   1.948,9999.000,9999.000,9999.000,9999.000,9999.000,9999.000,9999.000
202604241748,   0.834,   1.918,9999.000,9999.000,9999.000,9999.000,9999.000,9999.000,9999.000
202604241754,   0.812,   1.879,9999.000,9999.000,9999.000,9999.000,9999.000,9999.000,9999.000
202604241800,   0.790,   1.849,   0.700,   0.359,   1.849,   0.600,   1.749,   0.700,   1.849
202604241806,   0.767,   1.810,9999.000,9999.000,9999.000,9999.000,9999.000,9999.000,9999.000
202604241812,   0.745,   1.810,9999.000,9999.000,9999.000,9999.000,9999.000,9999.000,9999.000
202604241818,   0.722,   1.748,9999.000,9999.000,9999.000,9999.000,9999.000,9999.000,9999.000
202604241824,   0.700,   1.708,9999.000,9999.000,9999.000,9999.000,9999.000,9999.000,9999.000
202604241830,   0.678,   1.679,9999.000,9999.000,9999.000,9999.000,9999.000,9999.000,9999.000
202604241836,   0.655,   1.639,9999.000,9999.000,9999.000,9999.000,9999.000,9999.000,9999.000
202604241842,   0.633,   1.659,9999.000,9999.000,9999.000,9999.000,9999.000,9999.000,9999.000
202604241848,   0.611,   1.610,9999.000,9999.000,9999.000,9999.000,9999.000,9999.000,9999.000
202604241854,   0.589,   1.600,9999.000,9999.000,9999.000,9999.000,9999.000,9999.000,9999.000
202604241900,   0.568,   1.538,   0.700,   0.270,   1.538,   0.600,   1.438,   0.700,   1.538
202604241906,   0.546,   1.538,9999.000,9999.000,9999.000,9999.000,9999.000,9999.000,9999.000
202604241912,   0.525,   1.469,9999.000,9999.000,9999.000,9999.000,9999.000,9999.000,9999.000
202604241918,   0.504,   1.449,9999.000,9999.000,9999.000,9999.000,9999.000,9999.000,9999.000
202604241924,   0.484,   1.479,9999.000,9999.000,9999.000,9999.000,9999.000,9999.000,9999.000
202604241930,   0.464,   1.420,9999.000,9999.000,9999.000,9999.000,9999.000,9999.000,9999.000
202604241936,   0.444,   1.371,9999.000,9999.000,9999.000,9999.000,9999.000,9999.000,9999.000
202604241942,   0.424,   1.361,9999.000,9999.000,9999.000,9999.000,9999.000,9999.000,9999.000
202604241948,   0.405,   1.380,9999.000,9999.000,9999.000,9999.000,9999.000,9999.000,9999.000
202604241954,   0.386,   1.308,9999.000,9999.000,9999.000,9999.000,9999.000,9999.000,9999.000
202604242000,   0.368,   1.279,   0.700,   0.211,   1.279,   0.600,   1.179,   0.700,   1.279
202604242006,   0.350,   1.229,9999.000,9999.000,9999.000,9999.000,9999.000,9999.000,9999.000
202604242012,   0.333,   1.229,9999.000,9999.000,9999.000,9999.000,9999.000,9999.000,9999.000
202604242018,   0.316,   1.210,9999.000,9999.000,9999.000,9999.000,9999.000,9999.000,9999.000
202604242024,   0.300,   1.220,9999.000,9999.000,9999.000,9999.000,9999.000,9999.000,9999.000
202604242030,   0.284,   1.190,9999.000,9999.000,9999.000,9999.000,9999.000,9999.000,9999.000
202604242036,   0.269,   1.151,9999.000,9999.000,9999.000,9999.000,9999.000,9999.000,9999.000
202604242042,   0.254,   1.170,9999.000,9999.000,9999.000,9999.000,9999.000,9999.000,9999.000
202604242048,   0.240,   1.161,9999.000,9999.000,9999.000,9999.000,9999.000,9999.000,9999.000
202604242054,   0.227,   1.348,9999.000,9999.000,9999.000,9999.000,9999.000,9999.000,9999.000
202604242100,   0.215,   1.289,   0.700,   0.374,   1.289,   0.700,   1.289,   0.700,   1.289
202604242106,   0.204,   0.770,9999.000,9999.000,9999.000,9999.000,9999.000,9999.000,9999.000
202604242112,   0.193,   0.869,9999.000,9999.000,9999.000,9999.000,9999.000,9999.000,9999.000
202604242118,   0.184,   1.138,9999.000,9999.000,9999.000,9999.000,9999.000,9999.000,9999.000
202604242124,   0.175,   0.961,9999.000,9999.000,9999.000,9999.000,9999.000,9999.000,9999.000
202604242130,   0.168,   0.790,9999.000,9999.000,9999.000,9999.000,9999.000,9999.000,9999.000
202604242136,   0.161,   0.888,9999.000,9999.000,9999.000,9999.000,9999.000,9999.000,9999.000
202604242142,   0.156,   1.049,9999.000,9999.000,9999.000,9999.000,9999.000,9999.000,9999.000
202604242148,   0.152,   1.210,9999.000,9999.000,9999.000,9999.000,9999.000,9999.000,9999.000
202604242154,   0.149,   0.898,9999.000,9999.000,9999.000,9999.000,9999.000,9999.000,9999.000
202604242200,   0.148,   0.688,   0.700,  -0.160,   0.688,   0.700,   0.688,   0.700,   0.688
202604242206,   0.148,   0.951,9999.000,9999.000,9999.000,9999.000,9999.000,9999.000,9999.000
202604242212,   0.149,   1.128,9999.000,9999.000,9999.000,9999.000,9999.000,9999.000,9999.000
202604242218,   0.152,   0.961,9999.000,9999.000,9999.000,9999.000,9999.000,9999.000,9999.000
202604242224,   0.156,   0.869,9999.000,9999.000,9999.000,9999.000,9999.000,9999.000,9999.000
202604242230,   0.161,   0.941,9999.000,9999.000,9999.000,9999.000,9999.000,9999.000,9999.000
202604242236,   0.168,   1.000,9999.000,9999.000,9999.000,9999.000,9999.000,9999.000,9999.000
202604242242,   0.175,   0.951,9999.000,9999.000,9999.000,9999.000,9999.000,9999.000,9999.000
202604242248,   0.185,   0.961,9999.000,9999.000,9999.000,9999.000,9999.000,9999.000,9999.000
202604242254,   0.195,   0.951,9999.000,9999.000,9999.000,9999.000,9999.000,9999.000,9999.000
202604242300,   0.206,   1.079,   0.700,   0.173,   1.079,   0.700,   1.079,   0.700,   1.079
202604242306,   0.219,   1.108,9999.000,9999.000,9999.000,9999.000,9999.000,9999.000,9999.000
202604242312,   0.233,   1.069,9999.000,9999.000,9999.000,9999.000,9999.000,9999.000,9999.000
202604242318,   0.248,   1.170,9999.000,9999.000,9999.000,9999.000,9999.000,9999.000,9999.000
202604242324,   0.263,   1.200,9999.000,9999.000,9999.000,9999.000,9999.000,9999.000,9999.000
202604242330,   0.280,   1.161,9999.000,9999.000,9999.000,9999.000,9999.000,9999.000,9999.000
202604242336,   0.297,   1.128,9999.000,9999.000,9999.000,9999.000,9999.000,9999.000,9999.000
202604242342,   0.315,   1.190,9999.000,9999.000,9999.000,9999.000,9999.000,9999.000,9999.000
202604242348,   0.334,   1.318,9999.000,9999.000,9999.000,9999.000,9999.000,9999.000,9999.000
202604242354,   0.353,   1.239,9999.000,9999.000,9999.000,9999.000,9999.000,9999.000,9999.000
202604250000,   0.372,   1.239,   0.700,   0.167,   1.239,   0.700,   1.239,   0.700,   1.239
202604250006,   0.392,   1.371,9999.000,9999.000,9999.000,9999.000,9999.000,9999.000,9999.000
202604250012,   0.412,   1.420,9999.000,9999.000,9999.000,9999.000,9999.000,9999.000,9999.000
202604250018,   0.433,   1.328,9999.000,9999.000,9999.000,9999.000,9999.000,9999.000,9999.000
202604250024,   0.453,   1.348,9999.000,9999.000,9999.000,9999.000,9999.000,9999.000,9999.000
202604250030,   0.473,   1.420,9999.000,9999.000,9999.000,9999.000,9999.000,9999.000,9999.000
202604250036,   0.494,   1.518,9999.000,9999.000,9999.000,9999.000,9999.000,9999.000,9999.000
202604250042,   0.514,   1.580,9999.000,9999.000,9999.000,9999.000,9999.000,9999.000,9999.000
202604250048,   0.534,   1.590,9999.000,9999.000,9999.000,9999.000,9999.000,9999.000,9999.000
202604250054,   0.553,   1.571,9999.000,9999.000,9999.000,9999.000,9999.000,9999.000,9999.000
202604250100,   0.572,   1.679,   0.700,   0.407,   1.679,   0.700,   1.679,   0.700,   1.679
202604250106,   0.591,   1.689,9999.000,9999.000,9999.000,9999.000,9999.000,9999.000,9999.000
202604250112,   0.610,   1.728,9999.000,9999.000,9999.000,9999.000,9999.000,9999.000,9999.000
202604250118,   0.628,   1.669,9999.000,9999.000,9999.000,9999.000,9999.000,9999.000,9999.000
202604250124,   0.645,   1.571,9999.000,9999.000,9999.000,9999.000,9999.000,9999.000,9999.000
202604250130,   0.662,   1.738,9999.000,9999.000,9999.000,9999.000,9999.000,9999.000,9999.000
202604250136,   0.679,   1.758,9999.000,9999.000,9999.000,9999.000,9999.000,9999.000,9999.000
202604250142,   0.695,   1.790,9999.000,9999.000,9999.000,9999.000,9999.000,9999.000,9999.000
202604250148,   0.710,   1.859,9999.000,9999.000,9999.000,9999.000,9999.000,9999.000,9999.000
202604250154,   0.725,   2.010,9999.000,9999.000,9999.000,9999.000,9999.000,9999.000,9999.000
202604250200,   0.739,   1.849,   0.700,   0.410,   1.849,   0.700,   1.849,   0.700,   1.849
202604250206,   0.752,   1.938,9999.000,9999.000,9999.000,9999.000,9999.000,9999.000,9999.000
202604250212,   0.765,   2.059,9999.000,9999.000,9999.000,9999.000,9999.000,9999.000,9999.000
202604250218,   0.777,   2.040,9999.000,9999.000,9999.000,9999.000,9999.000,9999.000,9999.000
202604250224,   0.788,   2.020,9999.000,9999.000,9999.000,9999.000,9999.000,9999.000,9999.000
202604250230,   0.799,   2.030,9999.000,9999.000,9999.000,9999.000,9999.000,9999.000,9999.000
202604250236,   0.809,   2.177,9999.000,9999.000,9999.000,9999.000,9999.000,9999.000,9999.000
202604250242,   0.818,   2.069,9999.000,9999.000,9999.000,9999.000,9999.000,9999.000,9999.000
202604250248,   0.826,   2.089,9999.000,9999.000,9999.000,9999.000,9999.000,9999.000,9999.000
202604250254,   0.834,   2.089,9999.000,9999.000,9999.000,9999.000,9999.000,9999.000,9999.000
202604250300,   0.841,   2.099,   0.700,   0.558,   2.099,   0.700,   2.099,   0.800,   2.199
202604250306,   0.847,   2.069,9999.000,9999.000,9999.000,9999.000,9999.000,9999.000,9999.000
202604250312,   0.852,   2.158,9999.000,9999.000,9999.000,9999.000,9999.000,9999.000,9999.000
202604250318,   0.857,   2.250,9999.000,9999.000,9999.000,9999.000,9999.000,9999.000,9999.000
202604250324,   0.860,   2.191,9999.000,9999.000,9999.000,9999.000,9999.000,9999.000,9999.000
202604250330,   0.862,   2.191,9999.000,9999.000,9999.000,9999.000,9999.000,9999.000,9999.000
202604250336,   0.864,   2.200,9999.000,9999.000,9999.000,9999.000,9999.000,9999.000,9999.000
202604250342,   0.865,   2.200,9999.000,9999.000,9999.000,9999.000,9999.000,9999.000,9999.000
202604250348,   0.864,   2.200,9999.000,9999.000,9999.000,9999.000,9999.000,9999.000,9999.000
202604250354,   0.863,   2.168,9999.000,9999.000,9999.000,9999.000,9999.000,9999.000,9999.000
202604250400,   0.860,   2.240,   0.800,   0.580,   2.240,   0.700,   2.140,   0.800,   2.240
202604250406,   0.857,   2.200,9999.000,9999.000,9999.000,9999.000,9999.000,9999.000,9999.000
202604250412,   0.852,   2.168,9999.000,9999.000,9999.000,9999.000,9999.000,9999.000,9999.000
202604250418,   0.847,   2.220,9999.000,9999.000,9999.000,9999.000,9999.000,9999.000,9999.000
202604250424,   0.840,   2.200,9999.000,9999.000,9999.000,9999.000,9999.000,9999.000,9999.000
202604250430,   0.833,   2.200,9999.000,9999.000,9999.000,9999.000,9999.000,9999.000,9999.000
202604250436,   0.824,   2.158,9999.000,9999.000,9999.000,9999.000,9999.000,9999.000,9999.000
202604250442,   0.814,   2.168,9999.000,9999.000,9999.000,9999.000,9999.000,9999.000,9999.000
202604250448,   0.804,   2.158,9999.000,9999.000,9999.000,9999.000,9999.000,9999.000,9999.000
202604250454,   0.792,   2.138,9999.000,9999.000,9999.000,9999.000,9999.000,9999.000,9999.000
202604250500,   0.780,   2.109,   0.800,   0.529,   2.109,   0.700,   2.009,   0.800,   2.109
202604250506,   0.766,   2.118,9999.000,9999.000,9999.000,9999.000,9999.000,9999.000,9999.000
202604250512,   0.752,   2.089,9999.000,9999.000,9999.000,9999.000,9999.000,9999.000,9999.000
202604250518,   0.737,   2.040,9999.000,9999.000,9999.000,9999.000,9999.000,9999.000,9999.000
202604250524,   0.722,   2.059,9999.000,9999.000,9999.000,9999.000,9999.000,9999.000,9999.000
202604250530,   0.706,   2.030,9999.000,9999.000,9999.000,9999.000,9999.000,9999.000,9999.000
202604250536,   0.689,   2.010,9999.000,9999.000,9999.000,9999.000,9999.000,9999.000,9999.000
202604250542,   0.672,   1.981,9999.000,9999.000,9999.000,9999.000,9999.000,9999.000,9999.000
202604250548,   0.654,   1.967,9999.000,9999.000,9999.000,9999.000,9999.000,9999.000,9999.000
202604250554,   0.636,   1.908,9999.000,9999.000,9999.000,9999.000,9999.000,9999.000,9999.000
202604250600,   0.618,   1.928,   0.800,   0.510,   1.928,   0.700,   1.828,   0.800,   1.928
202604250606,   0.600,   1.869,9999.000,9999.000,9999.000,9999.000,9999.000,9999.000,9999.000
202604250612,   0.581,   1.820,9999.000,9999.000,9999.000,9999.000,9999.000,9999.000,9999.000
202604250618,   0.563,   1.810,9999.000,9999.000,9999.000,9999.000,9999.000,9999.000,9999.000
202604250624,   0.544,   1.820,9999.000,9999.000,9999.000,9999.000,9999.000,9999.000,9999.000
202604250630,   0.526,   1.758,9999.000,9999.000,9999.000,9999.000,9999.000,9999.000,9999.000
202604250636,   0.507,   1.758,9999.000,9999.000,9999.000,9999.000,9999.000,9999.000,9999.000
202604250642,   0.489,   1.767,9999.000,9999.000,9999.000,9999.000,9999.000,9999.000,9999.000
202604250648,   0.472,   1.728,9999.000,9999.000,9999.000,9999.000,9999.000,9999.000,9999.000
202604250654,   0.454,   1.699,9999.000,9999.000,9999.000,9999.000,9999.000,9999.000,9999.000
202604250700,   0.437,   1.679,   0.800,   0.442,   1.679,   0.700,   1.579,   0.800,   1.679
202604250706,   0.420,   1.659,9999.000,9999.000,9999.000,9999.000,9999.000,9999.000,9999.000
202604250712,   0.403,   1.639,9999.000,9999.000,9999.000,9999.000,9999.000,9999.000,9999.000
202604250718,   0.387,   1.610,9999.000,9999.000,9999.000,9999.000,9999.000,9999.000,9999.000
202604250724,   0.372,   1.620,9999.000,9999.000,9999.000,9999.000,9999.000,9999.000,9999.000
202604250730,   0.356,   1.620,9999.000,9999.000,9999.000,9999.000,9999.000,9999.000,9999.000
202604250736,   0.342,   1.580,9999.000,9999.000,9999.000,9999.000,9999.000,9999.000,9999.000
202604250742,   0.327,   1.557,9999.000,9999.000,9999.000,9999.000,9999.000,9999.000,9999.000
202604250748,   0.314,   1.571,9999.000,9999.000,9999.000,9999.000,9999.000,9999.000,9999.000
202604250754,   0.300,   1.538,9999.000,9999.000,9999.000,9999.000,9999.000,9999.000,9999.000
202604250800,   0.288,   1.538,   0.800,   0.450,   1.538,   0.700,   1.438,   0.800,   1.538
202604250806,   0.275,   1.489,9999.000,9999.000,9999.000,9999.000,9999.000,9999.000,9999.000
202604250812,   0.264,   1.469,9999.000,9999.000,9999.000,9999.000,9999.000,9999.000,9999.000
202604250818,   0.252,   1.498,9999.000,9999.000,9999.000,9999.000,9999.000,9999.000,9999.000
202604250824,   0.242,   1.469,9999.000,9999.000,9999.000,9999.000,9999.000,9999.000,9999.000
202604250830,   0.231,   1.479,9999.000,9999.000,9999.000,9999.000,9999.000,9999.000,9999.000
202604250836,   0.222,   1.430,9999.000,9999.000,9999.000,9999.000,9999.000,9999.000,9999.000
202604250842,   0.213,   1.459,9999.000,9999.000,9999.000,9999.000,9999.000,9999.000,9999.000
202604250848,   0.204,   1.361,9999.000,9999.000,9999.000,9999.000,9999.000,9999.000,9999.000
202604250854,   0.196,   1.390,9999.000,9999.000,9999.000,9999.000,9999.000,9999.000,9999.000
202604250900,   0.189,   1.420,   0.800,   0.431,   1.420,   0.800,   1.420,   0.800,   1.420
202604250906,   0.182,   1.400,9999.000,9999.000,9999.000,9999.000,9999.000,9999.000,9999.000
202604250912,   0.176,   1.361,9999.000,9999.000,9999.000,9999.000,9999.000,9999.000,9999.000
202604250918,   0.170,   1.380,9999.000,9999.000,9999.000,9999.000,9999.000,9999.000,9999.000
202604250924,   0.166,   1.390,9999.000,9999.000,9999.000,9999.000,9999.000,9999.000,9999.000
202604250930,   0.162,   1.338,9999.000,9999.000,9999.000,9999.000,9999.000,9999.000,9999.000
202604250936,   0.159,   1.348,9999.000,9999.000,9999.000,9999.000,9999.000,9999.000,9999.000
202604250942,   0.156,   1.338,9999.000,9999.000,9999.000,9999.000,9999.000,9999.000,9999.000
202604250948,   0.155,   1.348,9999.000,9999.000,9999.000,9999.000,9999.000,9999.000,9999.000
202604250954,   0.154,   1.361,9999.000,9999.000,9999.000,9999.000,9999.000,9999.000,9999.000
202604251000,   0.155,   1.328,   0.800,   0.373,   1.328,   0.800,   1.328,   0.900,   1.428
202604251006,   0.156,   1.338,9999.000,9999.000,9999.000,9999.000,9999.000,9999.000,9999.000
202604251012,   0.159,   1.371,9999.000,9999.000,9999.000,9999.000,9999.000,9999.000,9999.000
202604251018,   0.163,   1.390,9999.000,9999.000,9999.000,9999.000,9999.000,9999.000,9999.000
202604251024,   0.167,   1.371,9999.000,9999.000,9999.000,9999.000,9999.000,9999.000,9999.000
202604251030,   0.173,   1.390,9999.000,9999.000,9999.000,9999.000,9999.000,9999.000,9999.000
202604251036,   0.180,   1.410,9999.000,9999.000,9999.000,9999.000,9999.000,9999.000,9999.000
202604251042,   0.188,   1.439,9999.000,9999.000,9999.000,9999.000,9999.000,9999.000,9999.000
202604251048,   0.197,   1.430,9999.000,9999.000,9999.000,9999.000,9999.000,9999.000,9999.000
202604251054,   0.208,   1.449,9999.000,9999.000,9999.000,9999.000,9999.000,9999.000,9999.000
202604251100,   0.219,   1.508,   0.800,   0.489,   1.508,   0.800,   1.508,   0.900,   1.608
202604251106,   0.232,   1.489,9999.000,9999.000,9999.000,9999.000,9999.000,9999.000,9999.000
202604251112,   0.246,   1.498,9999.000,9999.000,9999.000,9999.000,9999.000,9999.000,9999.000
202604251118,   0.260,   1.528,9999.000,9999.000,9999.000,9999.000,9999.000,9999.000,9999.000
202604251124,   0.276,   1.557,9999.000,9999.000,9999.000,9999.000,9999.000,9999.000,9999.000
202604251130,   0.293,   1.590,9999.000,9999.000,9999.000,9999.000,9999.000,9999.000,9999.000
202604251136,   0.310,   1.620,9999.000,9999.000,9999.000,9999.000,9999.000,9999.000,9999.000
202604251142,   0.329,   1.659,9999.000,9999.000,9999.000,9999.000,9999.000,9999.000,9999.000
202604251148,   0.348,   1.679,9999.000,9999.000,9999.000,9999.000,9999.000,9999.000,9999.000
202604251154,   0.368,   1.718,9999.000,9999.000,9999.000,9999.000,9999.000,9999.000,9999.000
202604251200,   0.389,   1.708,   0.900,   0.419,   1.708,   0.800,   1.608,   0.900,   1.708
202604251206,   0.410,   1.738,9999.000,9999.000,9999.000,9999.000,9999.000,9999.000,9999.000
202604251212,   0.432,   1.790,9999.000,9999.000,9999.000,9999.000,9999.000,9999.000,9999.000
202604251218,   0.454,   1.849,9999.000,9999.000,9999.000,9999.000,9999.000,9999.000,9999.000
202604251224,   0.477,   1.869,9999.000,9999.000,9999.000,9999.000,9999.000,9999.000,9999.000
202604251230,   0.499,   1.899,9999.000,9999.000,9999.000,9999.000,9999.000,9999.000,9999.000
202604251236,   0.522,   1.958,9999.000,9999.000,9999.000,9999.000,9999.000,9999.000,9999.000
202604251242,   0.546,   1.981,9999.000,9999.000,9999.000,9999.000,9999.000,9999.000,9999.000
202604251248,   0.569,   1.990,9999.000,9999.000,9999.000,9999.000,9999.000,9999.000,9999.000
202604251254,   0.592,   2.030,9999.000,9999.000,9999.000,9999.000,9999.000,9999.000,9999.000
202604251300,   0.615,   2.089,   0.900,   0.574,   2.089,   0.800,   1.989,   0.900,   2.089
202604251306,   0.638,   2.128,9999.000,9999.000,9999.000,9999.000,9999.000,9999.000,9999.000
202604251312,   0.661,   2.128,9999.000,9999.000,9999.000,9999.000,9999.000,9999.000,9999.000
202604251318,   0.683,   2.200,9999.000,9999.000,9999.000,9999.000,9999.000,9999.000,9999.000
202604251324,   0.706,   2.250,9999.000,9999.000,9999.000,9999.000,9999.000,9999.000,9999.000
202604251330,   0.728,   2.279,9999.000,9999.000,9999.000,9999.000,9999.000,9999.000,9999.000
202604251336,   0.749,   2.279,9999.000,9999.000,9999.000,9999.000,9999.000,9999.000,9999.000
202604251342,   0.771,   2.338,9999.000,9999.000,9999.000,9999.000,9999.000,9999.000,9999.000
202604251348,   0.791,   2.400,9999.000,9999.000,9999.000,9999.000,9999.000,9999.000,9999.000
202604251354,   0.812,   2.377,9999.000,9999.000,9999.000,9999.000,9999.000,9999.000,9999.000
202604251400,   0.832,   2.420,   0.900,   0.688,   2.420,   0.900,   2.420,   1.000,   2.520
202604251406,   0.851,   2.450,9999.000,9999.000,9999.000,9999.000,9999.000,9999.000,9999.000
202604251412,   0.870,   2.509,9999.000,9999.000,9999.000,9999.000,9999.000,9999.000,9999.000
202604251418,   0.889,   2.509,9999.000,9999.000,9999.000,9999.000,9999.000,9999.000,9999.000
202604251424,   0.907,   2.528,9999.000,9999.000,9999.000,9999.000,9999.000,9999.000,9999.000
202604251430,   0.924,   2.578,9999.000,9999.000,9999.000,9999.000,9999.000,9999.000,9999.000
202604251436,   0.941,   2.578,9999.000,9999.000,9999.000,9999.000,9999.000,9999.000,9999.000
202604251442,   0.957,   2.610,9999.000,9999.000,9999.000,9999.000,9999.000,9999.000,9999.000
202604251448,   0.972,   2.650,9999.000,9999.000,9999.000,9999.000,9999.000,9999.000,9999.000
202604251454,   0.987,   2.640,9999.000,9999.000,9999.000,9999.000,9999.000,9999.000,9999.000
202604251500,   1.002,   2.660,   0.900,   0.758,   2.660,   0.900,   2.660,   1.000,   2.760
202604251506,   1.015,   2.709,9999.000,9999.000,9999.000,9999.000,9999.000,9999.000,9999.000
202604251512,   1.028,   2.699,9999.000,9999.000,9999.000,9999.000,9999.000,9999.000,9999.000
202604251518,   1.040,   2.728,9999.000,9999.000,9999.000,9999.000,9999.000,9999.000,9999.000
202604251524,   1.052,   2.738,9999.000,9999.000,9999.000,9999.000,9999.000,9999.000,9999.000
202604251530,   1.062,   2.768,9999.000,9999.000,9999.000,9999.000,9999.000,9999.000,9999.000
202604251536,   1.072,   2.778,9999.000,9999.000,9999.000,9999.000,9999.000,9999.000,9999.000
202604251542,   1.081,   2.768,9999.000,9999.000,9999.000,9999.000,9999.000,9999.000,9999.000
202604251548,   1.088,   2.768,9999.000,9999.000,9999.000,9999.000,9999.000,9999.000,9999.000
202604251554,   1.095,   2.778,9999.000,9999.000,9999.000,9999.000,9999.000,9999.000,9999.000
202604251600,   1.101,   2.797,   0.900,   0.796,   2.797,   0.900,   2.797,   1.000,   2.897
202604251606,   1.106,   2.778,9999.000,9999.000,9999.000,9999.000,9999.000,9999.000,9999.000
202604251612,   1.110,   2.787,9999.000,9999.000,9999.000,9999.000,9999.000,9999.000,9999.000
202604251618,   1.112,   2.787,9999.000,9999.000,9999.000,9999.000,9999.000,9999.000,9999.000
202604251624,   1.114,   2.787,9999.000,9999.000,9999.000,9999.000,9999.000,9999.000,9999.000
202604251630,   1.114,   2.797,9999.000,9999.000,9999.000,9999.000,9999.000,9999.000,9999.000
202604251636,   1.113,   2.768,9999.000,9999.000,9999.000,9999.000,9999.000,9999.000,9999.000
202604251642,   1.111,   2.787,9999.000,9999.000,9999.000,9999.000,9999.000,9999.000,9999.000
202604251648,   1.107,   2.787,9999.000,9999.000,9999.000,9999.000,9999.000,9999.000,9999.000
202604251654,   1.102,   2.778,9999.000,9999.000,9999.000,9999.000,9999.000,9999.000,9999.000
202604251700,   1.096,   2.748,   0.900,   0.752,   2.748,   0.900,   2.748,   1.000,   2.848
202604251706,   1.089,   2.748,9999.000,9999.000,9999.000,9999.000,9999.000,9999.000,9999.000
202604251712,   1.080,   2.738,9999.000,9999.000,9999.000,9999.000,9999.000,9999.000,9999.000
202604251718,   1.070,   2.728,9999.000,9999.000,9999.000,9999.000,9999.000,9999.000,9999.000
202604251724,   1.059,   2.679,9999.000,9999.000,9999.000,9999.000,9999.000,9999.000,9999.000
202604251730,   1.047,   2.679,9999.000,9999.000,9999.000,9999.000,9999.000,9999.000,9999.000
202604251736,   1.034,   2.689,9999.000,9999.000,9999.000,9999.000,9999.000,9999.000,9999.000
202604251742,   1.019,   2.679,9999.000,9999.000,9999.000,9999.000,9999.000,9999.000,9999.000
202604251748,   1.004,   2.630,9999.000,9999.000,9999.000,9999.000,9999.000,9999.000,9999.000
202604251754,   0.987,   2.578,9999.000,9999.000,9999.000,9999.000,9999.000,9999.000,9999.000
202604251800,   0.970,   2.597,   1.000,   0.627,   2.597,   0.900,   2.497,   1.000,   2.597
202604251806,   0.951,   2.578,9999.000,9999.000,9999.000,9999.000,9999.000,9999.000,9999.000
202604251812,   0.932,   2.519,9999.000,9999.000,9999.000,9999.000,9999.000,9999.000,9999.000
202604251818,   0.912,   2.538,9999.000,9999.000,9999.000,9999.000,9999.000,9999.000,9999.000
202604251824,   0.892,   2.528,9999.000,9999.000,9999.000,9999.000,9999.000,9999.000,9999.000
202604251830,   0.871,   2.489,9999.000,9999.000,9999.000,9999.000,9999.000,9999.000,9999.000
202604251836,   0.849,   2.450,9999.000,9999.000,9999.000,9999.000,9999.000,9999.000,9999.000
202604251842,   0.827,   2.420,9999.000,9999.000,9999.000,9999.000,9999.000,9999.000,9999.000
202604251848,   0.805,   2.400,9999.000,9999.000,9999.000,9999.000,9999.000,9999.000,9999.000
202604251854,   0.782,   2.368,9999.000,9999.000,9999.000,9999.000,9999.000,9999.000,9999.000
202604251900,   0.759,   2.368,   1.000,   0.609,   2.368,   0.900,   2.268,   1.000,   2.368
202604251906,   0.736,   2.358,9999.000,9999.000,9999.000,9999.000,9999.000,9999.000,9999.000
202604251912,   0.713,   2.309,9999.000,9999.000,9999.000,9999.000,9999.000,9999.000,9999.000
202604251918,   0.689,   2.299,9999.000,9999.000,9999.000,9999.000,9999.000,9999.000,9999.000
202604251924,   0.666,   2.240,9999.000,9999.000,9999.000,9999.000,9999.000,9999.000,9999.000
202604251930,   0.643,   2.230,9999.000,9999.000,9999.000,9999.000,9999.000,9999.000,9999.000
202604251936,   0.620,   2.220,9999.000,9999.000,9999.000,9999.000,9999.000,9999.000,9999.000
202604251942,   0.597,   2.158,9999.000,9999.000,9999.000,9999.000,9999.000,9999.000,9999.000
202604251948,   0.574,   2.148,9999.000,9999.000,9999.000,9999.000,9999.000,9999.000,9999.000
202604251954,   0.551,   2.138,9999.000,9999.000,9999.000,9999.000,9999.000,9999.000,9999.000
202604252000,   0.528,   2.109,   1.000,   0.581,   2.109,   0.900,   2.009,   1.000,   2.109
202604252006,   0.506,   2.069,9999.000,9999.000,9999.000,9999.000,9999.000,9999.000,9999.000
202604252012,   0.484,   2.059,9999.000,9999.000,9999.000,9999.000,9999.000,9999.000,9999.000
202604252018,   0.463,   2.030,9999.000,9999.000,9999.000,9999.000,9999.000,9999.000,9999.000
202604252024,   0.441,   2.020,9999.000,9999.000,9999.000,9999.000,9999.000,9999.000,9999.000
202604252030,   0.420,   1.981,9999.000,9999.000,9999.000,9999.000,9999.000,9999.000,9999.000
202604252036,   0.400,   1.958,9999.000,9999.000,9999.000,9999.000,9999.000,9999.000,9999.000
202604252042,   0.380,   1.948,9999.000,9999.000,9999.000,9999.000,9999.000,9999.000,9999.000
202604252048,   0.360,   1.928,9999.000,9999.000,9999.000,9999.000,9999.000,9999.000,9999.000
202604252054,   0.340,   1.899,9999.000,9999.000,9999.000,9999.000,9999.000,9999.000,9999.000
202604252100,   0.321,   1.908,   1.000,   0.587,   1.908,   0.900,   1.808,   1.000,   1.908
202604252106,   0.303,   1.849,9999.000,9999.000,9999.000,9999.000,9999.000,9999.000,9999.000
202604252112,   0.285,   1.810,9999.000,9999.000,9999.000,9999.000,9999.000,9999.000,9999.000
202604252118,   0.268,   1.790,9999.000,9999.000,9999.000,9999.000,9999.000,9999.000,9999.000
202604252124,   0.251,   1.810,9999.000,9999.000,9999.000,9999.000,9999.000,9999.000,9999.000
202604252130,   0.235,   1.790,9999.000,9999.000,9999.000,9999.000,9999.000,9999.000,9999.000
202604252136,   0.220,   1.781,9999.000,9999.000,9999.000,9999.000,9999.000,9999.000,9999.000
202604252142,   0.205,   1.748,9999.000,9999.000,9999.000,9999.000,9999.000,9999.000,9999.000
202604252148,   0.191,   1.767,9999.000,9999.000,9999.000,9999.000,9999.000,9999.000,9999.000
202604252154,   0.178,   1.669,9999.000,9999.000,9999.000,9999.000,9999.000,9999.000,9999.000
202604252200,   0.166,   1.669,   1.000,   0.503,   1.669,   0.900,   1.569,   1.000,   1.669
202604252206,   0.155,   1.689,9999.000,9999.000,9999.000,9999.000,9999.000,9999.000,9999.000
202604252212,   0.145,   1.758,9999.000,9999.000,9999.000,9999.000,9999.000,9999.000,9999.000
202604252218,   0.136,   1.748,9999.000,9999.000,9999.000,9999.000,9999.000,9999.000,9999.000
202604252224,   0.128,   1.649,9999.000,9999.000,9999.000,9999.000,9999.000,9999.000,9999.000
202604252230,   0.122,   1.639,9999.000,9999.000,9999.000,9999.000,9999.000,9999.000,9999.000
202604252236,   0.116,   1.689,9999.000,9999.000,9999.000,9999.000,9999.000,9999.000,9999.000
202604252242,   0.112,   1.630,9999.000,9999.000,9999.000,9999.000,9999.000,9999.000,9999.000
202604252248,   0.109,   1.557,9999.000,9999.000,9999.000,9999.000,9999.000,9999.000,9999.000
202604252254,   0.107,   1.659,9999.000,9999.000,9999.000,9999.000,9999.000,9999.000,9999.000
202604252300,   0.107,   1.679,   1.000,   0.572,   1.679,   0.900,   1.579,   1.000,   1.679
202604252306,   0.108,   1.659,9999.000,9999.000,9999.000,9999.000,9999.000,9999.000,9999.000
202604252312,   0.111,   1.600,9999.000,9999.000,9999.000,9999.000,9999.000,9999.000,9999.000
202604252318,   0.114,   1.590,9999.000,9999.000,9999.000,9999.000,9999.000,9999.000,9999.000
202604252324,   0.120,   1.699,9999.000,9999.000,9999.000,9999.000,9999.000,9999.000,9999.000
202604252330,   0.126,   1.600,9999.000,9999.000,9999.000,9999.000,9999.000,9999.000,9999.000
202604252336,   0.134,   1.489,9999.000,9999.000,9999.000,9999.000,9999.000,9999.000,9999.000
202604252342,   0.143,   1.630,9999.000,9999.000,9999.000,9999.000,9999.000,9999.000,9999.000
202604252348,   0.154,   1.580,9999.000,9999.000,9999.000,9999.000,9999.000,9999.000,9999.000
202604252354,   0.165,   1.630,9999.000,9999.000,9999.000,9999.000,9999.000,9999.000,9999.000
202604260000,   0.178,   1.571,   0.900,   0.493,   1.571,   0.900,   1.571,   1.000,   1.671
202604260006,   0.192,   1.600,9999.000,9999.000,9999.000,9999.000,9999.000,9999.000,9999.000
202604260012,   0.207,   1.699,9999.000,9999.000,9999.000,9999.000,9999.000,9999.000,9999.000
202604260018,   0.223,   1.758,9999.000,9999.000,9999.000,9999.000,9999.000,9999.000,9999.000
202604260024,   0.240,   1.649,9999.000,9999.000,9999.000,9999.000,9999.000,9999.000,9999.000
202604260030,   0.258,   1.669,9999.000,9999.000,9999.000,9999.000,9999.000,9999.000,9999.000
202604260036,   0.277,   1.728,9999.000,9999.000,9999.000,9999.000,9999.000,9999.000,9999.000
202604260042,   0.296,   1.738,9999.000,9999.000,9999.000,9999.000,9999.000,9999.000,9999.000
202604260048,   0.316,   1.748,9999.000,9999.000,9999.000,9999.000,9999.000,9999.000,9999.000
202604260054,   0.336,   1.790,9999.000,9999.000,9999.000,9999.000,9999.000,9999.000,9999.000
202604260100,   0.357,   1.849,   0.900,   0.592,   1.849,   0.900,   1.849,   1.000,   1.949
202604260106,   0.378,   1.840,9999.000,9999.000,9999.000,9999.000,9999.000,9999.000,9999.000
202604260112,   0.400,   1.869,9999.000,9999.000,9999.000,9999.000,9999.000,9999.000,9999.000
202604260118,   0.421,   1.889,9999.000,9999.000,9999.000,9999.000,9999.000,9999.000,9999.000
202604260124,   0.443,   1.958,9999.000,9999.000,9999.000,9999.000,9999.000,9999.000,9999.000
202604260130,   0.465,   1.981,9999.000,9999.000,9999.000,9999.000,9999.000,9999.000,9999.000
202604260136,   0.487,   2.020,9999.000,9999.000,9999.000,9999.000,9999.000,9999.000,9999.000
202604260142,   0.508,   1.958,9999.000,9999.000,9999.000,9999.000,9999.000,9999.000,9999.000
202604260148,   0.530,   2.069,9999.000,9999.000,9999.000,9999.000,9999.000,9999.000,9999.000
202604260154,   0.552,   2.040,9999.000,9999.000,9999.000,9999.000,9999.000,9999.000,9999.000
202604260200,   0.573,   2.069,   0.900,   0.596,   2.069,   0.900,   2.069,   1.000,   2.169
202604260206,   0.594,   2.089,9999.000,9999.000,9999.000,9999.000,9999.000,9999.000,9999.000
202604260212,   0.615,   2.128,9999.000,9999.000,9999.000,9999.000,9999.000,9999.000,9999.000
202604260218,   0.635,   2.148,9999.000,9999.000,9999.000,9999.000,9999.000,9999.000,9999.000
202604260224,   0.655,   2.158,9999.000,9999.000,9999.000,9999.000,9999.000,9999.000,9999.000
202604260230,   0.675,   2.168,9999.000,9999.000,9999.000,9999.000,9999.000,9999.000,9999.000
202604260236,   0.694,   2.158,9999.000,9999.000,9999.000,9999.000,9999.000,9999.000,9999.000
202604260242,   0.713,   2.200,9999.000,9999.000,9999.000,9999.000,9999.000,9999.000,9999.000
202604260248,   0.731,   2.259,9999.000,9999.000,9999.000,9999.000,9999.000,9999.000,9999.000
202604260254,   0.749,   2.230,9999.000,9999.000,9999.000,9999.000,9999.000,9999.000,9999.000
202604260300,   0.766,   2.309,   0.900,   0.643,   2.309,   0.900,   2.309,   1.000,   2.409
202604260306,   0.783,   2.259,9999.000,9999.000,9999.000,9999.000,9999.000,9999.000,9999.000
202604260312,   0.799,   2.338,9999.000,9999.000,9999.000,9999.000,9999.000,9999.000,9999.000
202604260318,   0.815,   2.269,9999.000,9999.000,9999.000,9999.000,9999.000,9999.000,9999.000
202604260324,   0.830,   2.318,9999.000,9999.000,9999.000,9999.000,9999.000,9999.000,9999.000
202604260330,   0.844,   2.338,9999.000,9999.000,9999.000,9999.000,9999.000,9999.000,9999.000
202604260336,   0.858,   2.348,9999.000,9999.000,9999.000,9999.000,9999.000,9999.000,9999.000
202604260342,   0.870,   2.387,9999.000,9999.000,9999.000,9999.000,9999.000,9999.000,9999.000
202604260348,   0.882,   2.358,9999.000,9999.000,9999.000,9999.000,9999.000,9999.000,9999.000
202604260354,   0.894,   2.387,9999.000,9999.000,9999.000,9999.000,9999.000,9999.000,9999.000
202604260400,   0.904,   2.430,   0.900,   0.626,   2.430,   0.800,   2.330,   1.000,   2.530
202604260406,   0.914,   2.400,9999.000,9999.000,9999.000,9999.000,9999.000,9999.000,9999.000
202604260412,   0.922,   2.387,9999.000,9999.000,9999.000,9999.000,9999.000,9999.000,9999.000
202604260418,   0.930,   2.430,9999.000,9999.000,9999.000,9999.000,9999.000,9999.000,9999.000
202604260424,   0.937,   2.377,9999.000,9999.000,9999.000,9999.000,9999.000,9999.000,9999.000
202604260430,   0.942,   2.420,9999.000,9999.000,9999.000,9999.000,9999.000,9999.000,9999.000
202604260436,   0.947,   2.430,9999.000,9999.000,9999.000,9999.000,9999.000,9999.000,9999.000
202604260442,   0.950,   2.400,9999.000,9999.000,9999.000,9999.000,9999.000,9999.000,9999.000
202604260448,   0.953,   2.420,9999.000,9999.000,9999.000,9999.000,9999.000,9999.000,9999.000
202604260454,   0.954,   2.400,9999.000,9999.000,9999.000,9999.000,9999.000,9999.000,9999.000
202604260500,   0.954,   2.358,   0.900,   0.504,   2.358,   0.800,   2.258,   0.900,   2.358
202604260506,   0.952,   2.338,9999.000,9999.000,9999.000,9999.000,9999.000,9999.000,9999.000
202604260512,   0.950,   2.338,9999.000,9999.000,9999.000,9999.000,9999.000,9999.000,9999.000
202604260518,   0.946,   2.309,9999.000,9999.000,9999.000,9999.000,9999.000,9999.000,9999.000
202604260524,   0.941,   2.318,9999.000,9999.000,9999.000,9999.000,9999.000,9999.000,9999.000
202604260530,   0.935,   2.309,9999.000,9999.000,9999.000,9999.000,9999.000,9999.000,9999.000
202604260536,   0.928,   2.279,9999.000,9999.000,9999.000,9999.000,9999.000,9999.000,9999.000
202604260542,   0.919,9999.000,9999.000,9999.000,9999.000,9999.000,9999.000,9999.000,9999.000
202604260548,   0.909,9999.000,9999.000,9999.000,9999.000,9999.000,9999.000,9999.000,9999.000
202604260554,   0.899,9999.000,9999.000,9999.000,9999.000,9999.000,9999.000,9999.000,9999.000
202604260600,   0.887,9999.000,   0.900,   0.500,   2.287,   0.800,   2.187,   0.900,   2.287
202604260606,   0.874,9999.000,9999.000,9999.000,9999.000,9999.000,9999.000,9999.000,9999.000
202604260612,   0.860,9999.000,9999.000,9999.000,9999.000,9999.000,9999.000,9999.000,9999.000
202604260618,   0.845,9999.000,9999.000,9999.000,9999.000,9999.000,9999.000,9999.000,9999.000
202604260624,   0.830,9999.000,9999.000,9999.000,9999.000,9999.000,9999.000,9999.000,9999.000
202604260630,   0.814,9999.000,9999.000,9999.000,9999.000,9999.000,9999.000,9999.000,9999.000
202604260636,   0.797,9999.000,9999.000,9999.000,9999.000,9999.000,9999.000,9999.000,9999.000
202604260642,   0.779,9999.000,9999.000,9999.000,9999.000,9999.000,9999.000,9999.000,9999.000
202604260648,   0.761,9999.000,9999.000,9999.000,9999.000,9999.000,9999.000,9999.000,9999.000
202604260654,   0.742,9999.000,9999.000,9999.000,9999.000,9999.000,9999.000,9999.000,9999.000
202604260700,   0.723,9999.000,   0.900,   0.495,   2.118,   0.800,   2.018,   0.900,   2.118
202604260706,   0.704,9999.000,9999.000,9999.000,9999.000,9999.000,9999.000,9999.000,9999.000
202604260712,   0.685,9999.000,9999.000,9999.000,9999.000,9999.000,9999.000,9999.000,9999.000
202604260718,   0.665,9999.000,9999.000,9999.000,9999.000,9999.000,9999.000,9999.000,9999.000
202604260724,   0.645,9999.000,9999.000,9999.000,9999.000,9999.000,9999.000,9999.000,9999.000
202604260730,   0.626,9999.000,9999.000,9999.000,9999.000,9999.000,9999.000,9999.000,9999.000
202604260736,   0.606,9999.000,9999.000,9999.000,9999.000,9999.000,9999.000,9999.000,9999.000
202604260742,   0.586,9999.000,9999.000,9999.000,9999.000,9999.000,9999.000,9999.000,9999.000
202604260748,   0.567,9999.000,9999.000,9999.000,9999.000,9999.000,9999.000,9999.000,9999.000
202604260754,   0.547,9999.000,9999.000,9999.000,9999.000,9999.000,9999.000,9999.000,9999.000
202604260800,   0.528,9999.000,   0.800,   0.491,   1.819,   0.800,   1.819,   0.900,   1.919
202604260806,   0.509,9999.000,9999.000,9999.000,9999.000,9999.000,9999.000,9999.000,9999.000
202604260812,   0.491,9999.000,9999.000,9999.000,9999.000,9999.000,9999.000,9999.000,9999.000
202604260818,   0.472,9999.000,9999.000,9999.000,9999.000,9999.000,9999.000,9999.000,9999.000
202604260824,   0.454,9999.000,9999.000,9999.000,9999.000,9999.000,9999.000,9999.000,9999.000
202604260830,   0.437,9999.000,9999.000,9999.000,9999.000,9999.000,9999.000,9999.000,9999.000
202604260836,   0.420,9999.000,9999.000,9999.000,9999.000,9999.000,9999.000,9999.000,9999.000
202604260842,   0.403,9999.000,9999.000,9999.000,9999.000,9999.000,9999.000,9999.000,9999.000
202604260848,   0.386,9999.000,9999.000,9999.000,9999.000,9999.000,9999.000,9999.000,9999.000
202604260854,   0.370,9999.000,9999.000,9999.000,9999.000,9999.000,9999.000,9999.000,9999.000
202604260900,   0.354,9999.000,   0.800,   0.486,   1.640,   0.800,   1.640,   0.900,   1.740
202604260906,   0.339,9999.000,9999.000,9999.000,9999.000,9999.000,9999.000,9999.000,9999.000
202604260912,   0.324,9999.000,9999.000,9999.000,9999.000,9999.000,9999.000,9999.000,9999.000
202604260918,   0.310,9999.000,9999.000,9999.000,9999.000,9999.000,9999.000,9999.000,9999.000
202604260924,   0.296,9999.000,9999.000,9999.000,9999.000,9999.000,9999.000,9999.000,9999.000
202604260930,   0.283,9999.000,9999.000,9999.000,9999.000,9999.000,9999.000,9999.000,9999.000
202604260936,   0.270,9999.000,9999.000,9999.000,9999.000,9999.000,9999.000,9999.000,9999.000
202604260942,   0.257,9999.000,9999.000,9999.000,9999.000,9999.000,9999.000,9999.000,9999.000
202604260948,   0.245,9999.000,9999.000,9999.000,9999.000,9999.000,9999.000,9999.000,9999.000
202604260954,   0.234,9999.000,9999.000,9999.000,9999.000,9999.000,9999.000,9999.000,9999.000
202604261000,   0.223,9999.000,   0.800,   0.482,   1.505,   0.700,   1.405,   0.900,   1.605
202604261006,   0.213,9999.000,9999.000,9999.000,9999.000,9999.000,9999.000,9999.000,9999.000
202604261012,   0.204,9999.000,9999.000,9999.000,9999.000,9999.000,9999.000,9999.000,9999.000
202604261018,   0.195,9999.000,9999.000,9999.000,9999.000,9999.000,9999.000,9999.000,9999.000
202604261024,   0.187,9999.000,9999.000,9999.000,9999.000,9999.000,9999.000,9999.000,9999.000
202604261030,   0.180,9999.000,9999.000,9999.000,9999.000,9999.000,9999.000,9999.000,9999.000
202604261036,   0.174,9999.000,9999.000,9999.000,9999.000,9999.000,9999.000,9999.000,9999.000
202604261042,   0.168,9999.000,9999.000,9999.000,9999.000,9999.000,9999.000,9999.000,9999.000
202604261048,   0.164,9999.000,9999.000,9999.000,9999.000,9999.000,9999.000,9999.000,9999.000
202604261054,   0.161,9999.000,9999.000,9999.000,9999.000,9999.000,9999.000,9999.000,9999.000
202604261100,   0.158,9999.000,   0.800,   0.477,   1.435,   0.700,   1.335,   0.800,   1.435
202604261106,   0.157,9999.000,9999.000,9999.000,9999.000,9999.000,9999.000,9999.000,9999.000
202604261112,   0.157,9999.000,9999.000,9999.000,9999.000,9999.000,9999.000,9999.000,9999.000
202604261118,   0.158,9999.000,9999.000,9999.000,9999.000,9999.000,9999.000,9999.000,9999.000
202604261124,   0.160,9999.000,9999.000,9999.000,9999.000,9999.000,9999.000,9999.000,9999.000
202604261130,   0.163,9999.000,9999.000,9999.000,9999.000,9999.000,9999.000,9999.000,9999.000
202604261136,   0.168,9999.000,9999.000,9999.000,9999.000,9999.000,9999.000,9999.000,9999.000
202604261142,   0.173,9999.000,9999.000,9999.000,9999.000,9999.000,9999.000,9999.000,9999.000
202604261148,   0.180,9999.000,9999.000,9999.000,9999.000,9999.000,9999.000,9999.000,9999.000
202604261154,   0.188,9999.000,9999.000,9999.000,9999.000,9999.000,9999.000,9999.000,9999.000
202604261200,   0.197,9999.000,   0.700,   0.473,   1.370,   0.700,   1.370,   0.800,   1.470
202604261206,   0.208,9999.000,9999.000,9999.000,9999.000,9999.000,9999.000,9999.000,9999.000
202604261212,   0.219,9999.000,9999.000,9999.000,9999.000,9999.000,9999.000,9999.000,9999.000
202604261218,   0.232,9999.000,9999.000,9999.000,9999.000,9999.000,9999.000,9999.000,9999.000
202604261224,   0.246,9999.000,9999.000,9999.000,9999.000,9999.000,9999.000,9999.000,9999.000
202604261230,   0.261,9999.000,9999.000,9999.000,9999.000,9999.000,9999.000,9999.000,9999.000
202604261236,   0.276,9999.000,9999.000,9999.000,9999.000,9999.000,9999.000,9999.000,9999.000
202604261242,   0.293,9999.000,9999.000,9999.000,9999.000,9999.000,9999.000,9999.000,9999.000
202604261248,   0.310,9999.000,9999.000,9999.000,9999.000,9999.000,9999.000,9999.000,9999.000
202604261254,   0.328,9999.000,9999.000,9999.000,9999.000,9999.000,9999.000,9999.000,9999.000
202604261300,   0.347,9999.000,   0.700,   0.468,   1.515,   0.700,   1.515,   0.800,   1.615
202604261306,   0.367,9999.000,9999.000,9999.000,9999.000,9999.000,9999.000,9999.000,9999.000
202604261312,   0.387,9999.000,9999.000,9999.000,9999.000,9999.000,9999.000,9999.000,9999.000
202604261318,   0.408,9999.000,9999.000,9999.000,9999.000,9999.000,9999.000,9999.000,9999.000
202604261324,   0.429,9999.000,9999.000,9999.000,9999.000,9999.000,9999.000,9999.000,9999.000
202604261330,   0.450,9999.000,9999.000,9999.000,9999.000,9999.000,9999.000,9999.000,9999.000
202604261336,   0.472,9999.000,9999.000,9999.000,9999.000,9999.000,9999.000,9999.000,9999.000
202604261342,   0.494,9999.000,9999.000,9999.000,9999.000,9999.000,9999.000,9999.000,9999.000
202604261348,   0.516,9999.000,9999.000,9999.000,9999.000,9999.000,9999.000,9999.000,9999.000
202604261354,   0.539,9999.000,9999.000,9999.000,9999.000,9999.000,9999.000,9999.000,9999.000
202604261400,   0.561,9999.000,   0.700,   0.464,   1.725,   0.600,   1.625,   0.700,   1.725
202604261406,   0.583,9999.000,9999.000,9999.000,9999.000,9999.000,9999.000,9999.000,9999.000
202604261412,   0.606,9999.000,9999.000,9999.000,9999.000,9999.000,9999.000,9999.000,9999.000
202604261418,   0.628,9999.000,9999.000,9999.000,9999.000,9999.000,9999.000,9999.000,9999.000
202604261424,   0.650,9999.000,9999.000,9999.000,9999.000,9999.000,9999.000,9999.000,9999.000
202604261430,   0.672,9999.000,9999.000,9999.000,9999.000,9999.000,9999.000,9999.000,9999.000
202604261436,   0.694,9999.000,9999.000,9999.000,9999.000,9999.000,9999.000,9999.000,9999.000
202604261442,   0.715,9999.000,9999.000,9999.000,9999.000,9999.000,9999.000,9999.000,9999.000
202604261448,   0.737,9999.000,9999.000,9999.000,9999.000,9999.000,9999.000,9999.000,9999.000
202604261454,   0.758,9999.000,9999.000,9999.000,9999.000,9999.000,9999.000,9999.000,9999.000
202604261500,   0.779,9999.000,   0.700,   0.459,   1.938,   0.600,   1.838,   0.700,   1.938
202604261506,   0.799,9999.000,9999.000,9999.000,9999.000,9999.000,9999.000,9999.000,9999.000
202604261512,   0.819,9999.000,9999.000,9999.000,9999.000,9999.000,9999.000,9999.000,9999.000
202604261518,   0.839,9999.000,9999.000,9999.000,9999.000,9999.000,9999.000,9999.000,9999.000
202604261524,   0.858,9999.000,9999.000,9999.000,9999.000,9999.000,9999.000,9999.000,9999.000
202604261530,   0.876,9999.000,9999.000,9999.000,9999.000,9999.000,9999.000,9999.000,9999.000
202604261536,   0.895,9999.000,9999.000,9999.000,9999.000,9999.000,9999.000,9999.000,9999.000
202604261542,   0.912,9999.000,9999.000,9999.000,9999.000,9999.000,9999.000,9999.000,9999.000
202604261548,   0.930,9999.000,9999.000,9999.000,9999.000,9999.000,9999.000,9999.000,9999.000
202604261554,   0.946,9999.000,9999.000,9999.000,9999.000,9999.000,9999.000,9999.000,9999.000
202604261600,   0.962,9999.000,   0.600,   0.455,   2.017,   0.600,   2.017,   0.700,   2.117
202604261606,   0.977,9999.000,9999.000,9999.000,9999.000,9999.000,9999.000,9999.000,9999.000
202604261612,   0.992,9999.000,9999.000,9999.000,9999.000,9999.000,9999.000,9999.000,9999.000
202604261618,   1.005,9999.000,9999.000,9999.000,9999.000,9999.000,9999.000,9999.000,9999.000
202604261624,   1.018,9999.000,9999.000,9999.000,9999.000,9999.000,9999.000,9999.000,9999.000
202604261630,   1.030,9999.000,9999.000,9999.000,9999.000,9999.000,9999.000,9999.000,9999.000
202604261636,   1.041,9999.000,9999.000,9999.000,9999.000,9999.000,9999.000,9999.000,9999.000
202604261642,   1.051,9999.000,9999.000,9999.000,9999.000,9999.000,9999.000,9999.000,9999.000
202604261648,   1.060,9999.000,9999.000,9999.000,9999.000,9999.000,9999.000,9999.000,9999.000
202604261654,   1.068,9999.000,9999.000,9999.000,9999.000,9999.000,9999.000,9999.000,9999.000
202604261700,   1.074,9999.000,   0.600,   0.450,   2.124,   0.500,   2.024,   0.700,   2.224
202604261706,   1.080,9999.000,9999.000,9999.000,9999.000,9999.000,9999.000,9999.000,9999.000
202604261712,   1.084,9999.000,9999.000,9999.000,9999.000,9999.000,9999.000,9999.000,9999.000
202604261718,   1.087,9999.000,9999.000,9999.000,9999.000,9999.000,9999.000,9999.000,9999.000
202604261724,   1.088,9999.000,9999.000,9999.000,9999.000,9999.000,9999.000,9999.000,9999.000
202604261730,   1.088,9999.000,9999.000,9999.000,9999.000,9999.000,9999.000,9999.000,9999.000
202604261736,   1.087,9999.000,9999.000,9999.000,9999.000,9999.000,9999.000,9999.000,9999.000
202604261742,   1.085,9999.000,9999.000,9999.000,9999.000,9999.000,9999.000,9999.000,9999.000
202604261748,   1.081,9999.000,9999.000,9999.000,9999.000,9999.000,9999.000,9999.000,9999.000
202604261754,   1.075,9999.000,9999.000,9999.000,9999.000,9999.000,9999.000,9999.000,9999.000
202604261800,   1.068,9999.000,   0.600,   0.450,   2.118,   0.500,   2.018,   0.700,   2.218
202604261806,   1.060,9999.000,9999.000,9999.000,9999.000,9999.000,9999.000,9999.000,9999.000
202604261812,   1.050,9999.000,9999.000,9999.000,9999.000,9999.000,9999.000,9999.000,9999.000
202604261818,   1.039,9999.000,9999.000,9999.000,9999.000,9999.000,9999.000,9999.000,9999.000
202604261824,   1.027,9999.000,9999.000,9999.000,9999.000,9999.000,9999.000,9999.000,9999.000
202604261830,   1.013,9999.000,9999.000,9999.000,9999.000,9999.000,9999.000,9999.000,9999.000
202604261836,   0.998,9999.000,9999.000,9999.000,9999.000,9999.000,9999.000,9999.000,9999.000
202604261842,   0.982,9999.000,9999.000,9999.000,9999.000,9999.000,9999.000,9999.000,9999.000
202604261848,   0.965,9999.000,9999.000,9999.000,9999.000,9999.000,9999.000,9999.000,9999.000
202604261854,   0.947,9999.000,9999.000,9999.000,9999.000,9999.000,9999.000,9999.000,9999.000
202604261900,   0.928,9999.000,   0.600,   0.450,   1.978,   0.400,   1.778,   0.700,   2.078
202604261906,   0.908,9999.000,9999.000,9999.000,9999.000,9999.000,9999.000,9999.000,9999.000
202604261912,   0.888,9999.000,9999.000,9999.000,9999.000,9999.000,9999.000,9999.000,9999.000
202604261918,   0.866,9999.000,9999.000,9999.000,9999.000,9999.000,9999.000,9999.000,9999.000
202604261924,   0.844,9999.000,9999.000,9999.000,9999.000,9999.000,9999.000,9999.000,9999.000
202604261930,   0.821,9999.000,9999.000,9999.000,9999.000,9999.000,9999.000,9999.000,9999.000
202604261936,   0.798,9999.000,9999.000,9999.000,9999.000,9999.000,9999.000,9999.000,9999.000
202604261942,   0.775,9999.000,9999.000,9999.000,9999.000,9999.000,9999.000,9999.000,9999.000
202604261948,   0.751,9999.000,9999.000,9999.000,9999.000,9999.000,9999.000,9999.000,9999.000
202604261954,   0.727,9999.000,9999.000,9999.000,9999.000,9999.000,9999.000,9999.000,9999.000
202604262000,   0.703,9999.000,   0.600,   0.450,   1.753,   0.500,   1.653,   0.700,   1.853
202604262006,   0.678,9999.000,9999.000,9999.000,9999.000,9999.000,9999.000,9999.000,9999.000
202604262012,   0.654,9999.000,9999.000,9999.000,9999.000,9999.000,9999.000,9999.000,9999.000
202604262018,   0.630,9999.000,9999.000,9999.000,9999.000,9999.000,9999.000,9999.000,9999.000
202604262024,   0.605,9999.000,9999.000,9999.000,9999.000,9999.000,9999.000,9999.000,9999.000
202604262030,   0.581,9999.000,9999.000,9999.000,9999.000,9999.000,9999.000,9999.000,9999.000
202604262036,   0.557,9999.000,9999.000,9999.000,9999.000,9999.000,9999.000,9999.000,9999.000
202604262042,   0.533,9999.000,9999.000,9999.000,9999.000,9999.000,9999.000,9999.000,9999.000
202604262048,   0.509,9999.000,9999.000,9999.000,9999.000,9999.000,9999.000,9999.000,9999.000
202604262054,   0.486,9999.000,9999.000,9999.000,9999.000,9999.000,9999.000,9999.000,9999.000
202604262100,   0.463,9999.000,   0.600,   0.450,   1.513,   0.400,   1.313,   0.700,   1.613
202604262106,   0.440,9999.000,9999.000,9999.000,9999.000,9999.000,9999.000,9999.000,9999.000
202604262112,   0.418,9999.000,9999.000,9999.000,9999.000,9999.000,9999.000,9999.000,9999.000
202604262118,   0.396,9999.000,9999.000,9999.000,9999.000,9999.000,9999.000,9999.000,9999.000
202604262124,   0.374,9999.000,9999.000,9999.000,9999.000,9999.000,9999.000,9999.000,9999.000
202604262130,   0.353,9999.000,9999.000,9999.000,9999.000,9999.000,9999.000,9999.000,9999.000
202604262136,   0.332,9999.000,9999.000,9999.000,9999.000,9999.000,9999.000,9999.000,9999.000
202604262142,   0.312,9999.000,9999.000,9999.000,9999.000,9999.000,9999.000,9999.000,9999.000
202604262148,   0.293,9999.000,9999.000,9999.000,9999.000,9999.000,9999.000,9999.000,9999.000
202604262154,   0.273,9999.000,9999.000,9999.000,9999.000,9999.000,9999.000,9999.000,9999.000
202604262200,   0.255,9999.000,   0.600,   0.450,   1.305,   0.400,   1.105,   0.700,   1.405
202604262206,   0.237,9999.000,9999.000,9999.000,9999.000,9999.000,9999.000,9999.000,9999.000
202604262212,   0.219,9999.000,9999.000,9999.000,9999.000,9999.000,9999.000,9999.000,9999.000
202604262218,   0.203,9999.000,9999.000,9999.000,9999.000,9999.000,9999.000,9999.000,9999.000
202604262224,   0.187,9999.000,9999.000,9999.000,9999.000,9999.000,9999.000,9999.000,9999.000
202604262230,   0.171,9999.000,9999.000,9999.000,9999.000,9999.000,9999.000,9999.000,9999.000
202604262236,   0.157,9999.000,9999.000,9999.000,9999.000,9999.000,9999.000,9999.000,9999.000
202604262242,   0.144,9999.000,9999.000,9999.000,9999.000,9999.000,9999.000,9999.000,9999.000
202604262248,   0.131,9999.000,9999.000,9999.000,9999.000,9999.000,9999.000,9999.000,9999.000
202604262254,   0.120,9999.000,9999.000,9999.000,9999.000,9999.000,9999.000,9999.000,9999.000
202604262300,   0.109,9999.000,   0.600,   0.450,   1.159,   0.400,   0.959,   0.700,   1.259
202604262306,   0.099,9999.000,9999.000,9999.000,9999.000,9999.000,9999.000,9999.000,9999.000
202604262312,   0.091,9999.000,9999.000,9999.000,9999.000,9999.000,9999.000,9999.000,9999.000
202604262318,   0.084,9999.000,9999.000,9999.000,9999.000,9999.000,9999.000,9999.000,9999.000
202604262324,   0.078,9999.000,9999.000,9999.000,9999.000,9999.000,9999.000,9999.000,9999.000
202604262330,   0.073,9999.000,9999.000,9999.000,9999.000,9999.000,9999.000,9999.000,9999.000
202604262336,   0.070,9999.000,9999.000,9999.000,9999.000,9999.000,9999.000,9999.000,9999.000
202604262342,   0.068,9999.000,9999.000,9999.000,9999.000,9999.000,9999.000,9999.000,9999.000
202604262348,   0.067,9999.000,9999.000,9999.000,9999.000,9999.000,9999.000,9999.000,9999.000
202604262354,   0.068,9999.000,9999.000,9999.000,9999.000,9999.000,9999.000,9999.000,9999.000
202604270000,   0.070,9999.000,   0.700,   0.450,   1.220,   0.400,   0.920,   0.800,   1.320
202604270006,   0.074,9999.000,9999.000,9999.000,9999.000,9999.000,9999.000,9999.000,9999.000
202604270012,   0.079,9999.000,9999.000,9999.000,9999.000,9999.000,9999.000,9999.000,9999.000
202604270018,   0.086,9999.000,9999.000,9999.000,9999.000,9999.000,9999.000,9999.000,9999.000
202604270024,   0.093,9999.000,9999.000,9999.000,9999.000,9999.000,9999.000,9999.000,9999.000
202604270030,   0.103,9999.000,9999.000,9999.000,9999.000,9999.000,9999.000,9999.000,9999.000
202604270036,   0.113,9999.000,9999.000,9999.000,9999.000,9999.000,9999.000,9999.000,9999.000
202604270042,   0.125,9999.000,9999.000,9999.000,9999.000,9999.000,9999.000,9999.000,9999.000
202604270048,   0.138,9999.000,9999.000,9999.000,9999.000,9999.000,9999.000,9999.000,9999.000
202604270054,   0.153,9999.000,9999.000,9999.000,9999.000,9999.000,9999.000,9999.000,9999.000
202604270100,   0.168,9999.000,   0.700,   0.450,   1.318,   0.500,   1.118,   0.800,   1.418
202604270106,   0.185,9999.000,9999.000,9999.000,9999.000,9999.000,9999.000,9999.000,9999.000
202604270112,   0.202,9999.000,9999.000,9999.000,9999.000,9999.000,9999.000,9999.000,9999.000
202604270118,   0.221,9999.000,9999.000,9999.000,9999.000,9999.000,9999.000,9999.000,9999.000
202604270124,   0.241,9999.000,9999.000,9999.000,9999.000,9999.000,9999.000,9999.000,9999.000
202604270130,   0.261,9999.000,9999.000,9999.000,9999.000,9999.000,9999.000,9999.000,9999.000
202604270136,   0.282,9999.000,9999.000,9999.000,9999.000,9999.000,9999.000,9999.000,9999.000
202604270142,   0.304,9999.000,9999.000,9999.000,9999.000,9999.000,9999.000,9999.000,9999.000
202604270148,   0.326,9999.000,9999.000,9999.000,9999.000,9999.000,9999.000,9999.000,9999.000
202604270154,   0.349,9999.000,9999.000,9999.000,9999.000,9999.000,9999.000,9999.000,9999.000
202604270200,   0.372,9999.000,   0.800,   0.450,   1.622,   0.500,   1.322,   0.900,   1.722
202604270206,   0.396,9999.000,9999.000,9999.000,9999.000,9999.000,9999.000,9999.000,9999.000
202604270212,   0.420,9999.000,9999.000,9999.000,9999.000,9999.000,9999.000,9999.000,9999.000
202604270218,   0.444,9999.000,9999.000,9999.000,9999.000,9999.000,9999.000,9999.000,9999.000
202604270224,   0.468,9999.000,9999.000,9999.000,9999.000,9999.000,9999.000,9999.000,9999.000
202604270230,   0.492,9999.000,9999.000,9999.000,9999.000,9999.000,9999.000,9999.000,9999.000
202604270236,   0.517,9999.000,9999.000,9999.000,9999.000,9999.000,9999.000,9999.000,9999.000
202604270242,   0.541,9999.000,9999.000,9999.000,9999.000,9999.000,9999.000,9999.000,9999.000
202604270248,   0.565,9999.000,9999.000,9999.000,9999.000,9999.000,9999.000,9999.000,9999.000
202604270254,   0.590,9999.000,9999.000,9999.000,9999.000,9999.000,9999.000,9999.000,9999.000
202604270300,   0.614,9999.000,   0.800,   0.450,   1.864,   0.600,   1.664,   0.900,   1.964
202604270306,   0.638,9999.000,9999.000,9999.000,9999.000,9999.000,9999.000,9999.000,9999.000
202604270312,   0.661,9999.000,9999.000,9999.000,9999.000,9999.000,9999.000,9999.000,9999.000
202604270318,   0.684,9999.000,9999.000,9999.000,9999.000,9999.000,9999.000,9999.000,9999.000
202604270324,   0.707,9999.000,9999.000,9999.000,9999.000,9999.000,9999.000,9999.000,9999.000
202604270330,   0.730,9999.000,9999.000,9999.000,9999.000,9999.000,9999.000,9999.000,9999.000
202604270336,   0.752,9999.000,9999.000,9999.000,9999.000,9999.000,9999.000,9999.000,9999.000
202604270342,   0.774,9999.000,9999.000,9999.000,9999.000,9999.000,9999.000,9999.000,9999.000
202604270348,   0.796,9999.000,9999.000,9999.000,9999.000,9999.000,9999.000,9999.000,9999.000
202604270354,   0.817,9999.000,9999.000,9999.000,9999.000,9999.000,9999.000,9999.000,9999.000
202604270400,   0.837,9999.000,   0.800,   0.450,   2.087,   0.700,   1.987,   1.000,   2.287
202604270406,   0.857,9999.000,9999.000,9999.000,9999.000,9999.000,9999.000,9999.000,9999.000
202604270412,   0.876,9999.000,9999.000,9999.000,9999.000,9999.000,9999.000,9999.000,9999.000
202604270418,   0.895,9999.000,9999.000,9999.000,9999.000,9999.000,9999.000,9999.000,9999.000
202604270424,   0.913,9999.000,9999.000,9999.000,9999.000,9999.000,9999.000,9999.000,9999.000
202604270430,   0.930,9999.000,9999.000,9999.000,9999.000,9999.000,9999.000,9999.000,9999.000
202604270436,   0.946,9999.000,9999.000,9999.000,9999.000,9999.000,9999.000,9999.000,9999.000
202604270442,   0.962,9999.000,9999.000,9999.000,9999.000,9999.000,9999.000,9999.000,9999.000
202604270448,   0.977,9999.000,9999.000,9999.000,9999.000,9999.000,9999.000,9999.000,9999.000
202604270454,   0.990,9999.000,9999.000,9999.000,9999.000,9999.000,9999.000,9999.000,9999.000
202604270500,   1.003,9999.000,   0.900,   0.450,   2.353,   0.700,   2.153,   1.000,   2.453
202604270506,   1.015,9999.000,9999.000,9999.000,9999.000,9999.000,9999.000,9999.000,9999.000
202604270512,   1.026,9999.000,9999.000,9999.000,9999.000,9999.000,9999.000,9999.000,9999.000
202604270518,   1.035,9999.000,9999.000,9999.000,9999.000,9999.000,9999.000,9999.000,9999.000
202604270524,   1.043,9999.000,9999.000,9999.000,9999.000,9999.000,9999.000,9999.000,9999.000
202604270530,   1.050,9999.000,9999.000,9999.000,9999.000,9999.000,9999.000,9999.000,9999.000
202604270536,   1.056,9999.000,9999.000,9999.000,9999.000,9999.000,9999.000,9999.000,9999.000
202604270542,   1.060,9999.000,9999.000,9999.000,9999.000,9999.000,9999.000,9999.000,9999.000
202604270548,   1.063,9999.000,9999.000,9999.000,9999.000,9999.000,9999.000,9999.000,9999.000
202604270554,   1.065,9999.000,9999.000,9999.000,9999.000,9999.000,9999.000,9999.000,9999.000
202604270600,   1.065,9999.000,   0.900,   0.450,   2.415,   0.800,   2.315,   1.000,   2.515
202604270606,   1.064,9999.000,9999.000,9999.000,9999.000,9999.000,9999.000,9999.000,9999.000
202604270612,   1.062,9999.000,9999.000,9999.000,9999.000,9999.000,9999.000,9999.000,9999.000
202604270618,   1.058,9999.000,9999.000,9999.000,9999.000,9999.000,9999.000,9999.000,9999.000
202604270624,   1.052,9999.000,9999.000,9999.000,9999.000,9999.000,9999.000,9999.000,9999.000
202604270630,   1.046,9999.000,9999.000,9999.000,9999.000,9999.000,9999.000,9999.000,9999.000
202604270636,   1.037,9999.000,9999.000,9999.000,9999.000,9999.000,9999.000,9999.000,9999.000
202604270642,   1.028,9999.000,9999.000,9999.000,9999.000,9999.000,9999.000,9999.000,9999.000
202604270648,   1.017,9999.000,9999.000,9999.000,9999.000,9999.000,9999.000,9999.000,9999.000
202604270654,   1.005,9999.000,9999.000,9999.000,9999.000,9999.000,9999.000,9999.000,9999.000
202604270700,   0.992,9999.000,   1.000,   0.450,   2.442,   0.800,   2.242,   1.100,   2.542
202604270706,   0.978,9999.000,9999.000,9999.000,9999.000,9999.000,9999.000,9999.000,9999.000
202604270712,   0.962,9999.000,9999.000,9999.000,9999.000,9999.000,9999.000,9999.000,9999.000
202604270718,   0.946,9999.000,9999.000,9999.000,9999.000,9999.000,9999.000,9999.000,9999.000
202604270724,   0.929,9999.000,9999.000,9999.000,9999.000,9999.000,9999.000,9999.000,9999.000
202604270730,   0.910,9999.000,9999.000,9999.000,9999.000,9999.000,9999.000,9999.000,9999.000
202604270736,   0.892,9999.000,9999.000,9999.000,9999.000,9999.000,9999.000,9999.000,9999.000
202604270742,   0.872,9999.000,9999.000,9999.000,9999.000,9999.000,9999.000,9999.000,9999.000
202604270748,   0.852,9999.000,9999.000,9999.000,9999.000,9999.000,9999.000,9999.000,9999.000
202604270754,   0.831,9999.000,9999.000,9999.000,9999.000,9999.000,9999.000,9999.000,9999.000
202604270800,   0.810,9999.000,   1.000,   0.450,   2.260,   0.900,   2.160,   1.100,   2.360
202604270806,   0.789,9999.000,9999.000,9999.000,9999.000,9999.000,9999.000,9999.000,9999.000
202604270812,   0.767,9999.000,9999.000,9999.000,9999.000,9999.000,9999.000,9999.000,9999.000
202604270818,   0.745,9999.000,9999.000,9999.000,9999.000,9999.000,9999.000,9999.000,9999.000
202604270824,   0.723,9999.000,9999.000,9999.000,9999.000,9999.000,9999.000,9999.000,9999.000
202604270830,   0.701,9999.000,9999.000,9999.000,9999.000,9999.000,9999.000,9999.000,9999.000
202604270836,   0.679,9999.000,9999.000,9999.000,9999.000,9999.000,9999.000,9999.000,9999.000
202604270842,   0.657,9999.000,9999.000,9999.000,9999.000,9999.000,9999.000,9999.000,9999.000
202604270848,   0.635,9999.000,9999.000,9999.000,9999.000,9999.000,9999.000,9999.000,9999.000
202604270854,   0.613,9999.000,9999.000,9999.000,9999.000,9999.000,9999.000,9999.000,9999.000
202604270900,   0.592,9999.000,   1.100,   0.450,   2.142,   0.900,   1.942,   1.100,   2.142
202604270906,   0.570,9999.000,9999.000,9999.000,9999.000,9999.000,9999.000,9999.000,9999.000
202604270912,   0.549,9999.000,9999.000,9999.000,9999.000,9999.000,9999.000,9999.000,9999.000
202604270918,   0.528,9999.000,9999.000,9999.000,9999.000,9999.000,9999.000,9999.000,9999.000
202604270924,   0.508,9999.000,9999.000,9999.000,9999.000,9999.000,9999.000,9999.000,9999.000
202604270930,   0.487,9999.000,9999.000,9999.000,9999.000,9999.000,9999.000,9999.000,9999.000
202604270936,   0.467,9999.000,9999.000,9999.000,9999.000,9999.000,9999.000,9999.000,9999.000
202604270942,   0.448,9999.000,9999.000,9999.000,9999.000,9999.000,9999.000,9999.000,9999.000
202604270948,   0.428,9999.000,9999.000,9999.000,9999.000,9999.000,9999.000,9999.000,9999.000
202604270954,   0.409,9999.000,9999.000,9999.000,9999.000,9999.000,9999.000,9999.000,9999.000
202604271000,   0.391,9999.000,   1.100,   0.450,   1.941,   1.000,   1.841,   1.200,   2.041
202604271006,   0.373,9999.000,9999.000,9999.000,9999.000,9999.000,9999.000,9999.000,9999.000
202604271012,   0.355,9999.000,9999.000,9999.000,9999.000,9999.000,9999.000,9999.000,9999.000
202604271018,   0.338,9999.000,9999.000,9999.000,9999.000,9999.000,9999.000,9999.000,9999.000
202604271024,   0.321,9999.000,9999.000,9999.000,9999.000,9999.000,9999.000,9999.000,9999.000
202604271030,   0.304,9999.000,9999.000,9999.000,9999.000,9999.000,9999.000,9999.000,9999.000
202604271036,   0.289,9999.000,9999.000,9999.000,9999.000,9999.000,9999.000,9999.000,9999.000
202604271042,   0.273,9999.000,9999.000,9999.000,9999.000,9999.000,9999.000,9999.000,9999.000
202604271048,   0.259,9999.000,9999.000,9999.000,9999.000,9999.000,9999.000,9999.000,9999.000
202604271054,   0.244,9999.000,9999.000,9999.000,9999.000,9999.000,9999.000,9999.000,9999.000
202604271100,   0.231,9999.000,   1.100,   0.450,   1.781,   1.000,   1.681,   1.200,   1.881
202604271106,   0.218,9999.000,9999.000,9999.000,9999.000,9999.000,9999.000,9999.000,9999.000
202604271112,   0.206,9999.000,9999.000,9999.000,9999.000,9999.000,9999.000,9999.000,9999.000
202604271118,   0.195,9999.000,9999.000,9999.000,9999.000,9999.000,9999.000,9999.000,9999.000
202604271124,   0.185,9999.000,9999.000,9999.000,9999.000,9999.000,9999.000,9999.000,9999.000
202604271130,   0.175,9999.000,9999.000,9999.000,9999.000,9999.000,9999.000,9999.000,9999.000
202604271136,   0.167,9999.000,9999.000,9999.000,9999.000,9999.000,9999.000,9999.000,9999.000
202604271142,   0.160,9999.000,9999.000,9999.000,9999.000,9999.000,9999.000,9999.000,9999.000
202604271148,   0.153,9999.000,9999.000,9999.000,9999.000,9999.000,9999.000,9999.000,9999.000
202604271154,   0.148,9999.000,9999.000,9999.000,9999.000,9999.000,9999.000,9999.000,9999.000
202604271200,   0.144,9999.000,   1.100,   0.450,   1.694,   1.000,   1.594,   1.200,   1.794
202604271206,   0.141,9999.000,9999.000,9999.000,9999.000,9999.000,9999.000,9999.000,9999.000
202604271212,   0.139,9999.000,9999.000,9999.000,9999.000,9999.000,9999.000,9999.000,9999.000
202604271218,   0.138,9999.000,9999.000,9999.000,9999.000,9999.000,9999.000,9999.000,9999.000
202604271224,   0.139,9999.000,9999.000,9999.000,9999.000,9999.000,9999.000,9999.000,9999.000
202604271230,   0.141,9999.000,9999.000,9999.000,9999.000,9999.000,9999.000,9999.000,9999.000
202604271236,   0.144,9999.000,9999.000,9999.000,9999.000,9999.000,9999.000,9999.000,9999.000
202604271242,   0.148,9999.000,9999.000,9999.000,9999.000,9999.000,9999.000,9999.000,9999.000
202604271248,   0.154,9999.000,9999.000,9999.000,9999.000,9999.000,9999.000,9999.000,9999.000
202604271254,   0.161,9999.000,9999.000,9999.000,9999.000,9999.000,9999.000,9999.000,9999.000
202604271300,   0.170,9999.000,   1.100,   0.450,   1.720,   1.100,   1.720,   1.200,   1.820
202604271306,   0.179,9999.000,9999.000,9999.000,9999.000,9999.000,9999.000,9999.000,9999.000
202604271312,   0.190,9999.000,9999.000,9999.000,9999.000,9999.000,9999.000,9999.000,9999.000
202604271318,   0.202,9999.000,9999.000,9999.000,9999.000,9999.000,9999.000,9999.000,9999.000
202604271324,   0.215,9999.000,9999.000,9999.000,9999.000,9999.000,9999.000,9999.000,9999.000
202604271330,   0.229,9999.000,9999.000,9999.000,9999.000,9999.000,9999.000,9999.000,9999.000
202604271336,   0.244,9999.000,9999.000,9999.000,9999.000,9999.000,9999.000,9999.000,9999.000
202604271342,   0.260,9999.000,9999.000,9999.000,9999.000,9999.000,9999.000,9999.000,9999.000
202604271348,   0.277,9999.000,9999.000,9999.000,9999.000,9999.000,9999.000,9999.000,9999.000
202604271354,   0.294,9999.000,9999.000,9999.000,9999.000,9999.000,9999.000,9999.000,9999.000
202604271400,   0.313,9999.000,   1.200,   0.450,   1.963,   1.100,   1.863,   1.300,   2.063
202604271406,   0.332,9999.000,9999.000,9999.000,9999.000,9999.000,9999.000,9999.000,9999.000
202604271412,   0.352,9999.000,9999.000,9999.000,9999.000,9999.000,9999.000,9999.000,9999.000
202604271418,   0.372,9999.000,9999.000,9999.000,9999.000,9999.000,9999.000,9999.000,9999.000
202604271424,   0.393,9999.000,9999.000,9999.000,9999.000,9999.000,9999.000,9999.000,9999.000
202604271430,   0.415,9999.000,9999.000,9999.000,9999.000,9999.000,9999.000,9999.000,9999.000
202604271436,   0.436,9999.000,9999.000,9999.000,9999.000,9999.000,9999.000,9999.000,9999.000
202604271442,   0.458,9999.000,9999.000,9999.000,9999.000,9999.000,9999.000,9999.000,9999.000
202604271448,   0.481,9999.000,9999.000,9999.000,9999.000,9999.000,9999.000,9999.000,9999.000
202604271454,   0.503,9999.000,9999.000,9999.000,9999.000,9999.000,9999.000,9999.000,9999.000
202604271500,   0.526,9999.000,   1.200,   0.450,   2.176,   1.100,   2.076,   1.300,   2.276
202604271506,   0.548,9999.000,9999.000,9999.000,9999.000,9999.000,9999.000,9999.000,9999.000
202604271512,   0.571,9999.000,9999.000,9999.000,9999.000,9999.000,9999.000,9999.000,9999.000
202604271518,   0.594,9999.000,9999.000,9999.000,9999.000,9999.000,9999.000,9999.000,9999.000
202604271524,   0.617,9999.000,9999.000,9999.000,9999.000,9999.000,9999.000,9999.000,9999.000
202604271530,   0.639,9999.000,9999.000,9999.000,9999.000,9999.000,9999.000,9999.000,9999.000
202604271536,   0.662,9999.000,9999.000,9999.000,9999.000,9999.000,9999.000,9999.000,9999.000
202604271542,   0.684,9999.000,9999.000,9999.000,9999.000,9999.000,9999.000,9999.000,9999.000
202604271548,   0.706,9999.000,9999.000,9999.000,9999.000,9999.000,9999.000,9999.000,9999.000
202604271554,   0.728,9999.000,9999.000,9999.000,9999.000,9999.000,9999.000,9999.000,9999.000
202604271600,   0.750,9999.000,   1.200,   0.450,   2.400,   1.100,   2.300,   1.300,   2.500
202604271606,   0.771,9999.000,9999.000,9999.000,9999.000,9999.000,9999.000,9999.000,9999.000
202604271612,   0.792,9999.000,9999.000,9999.000,9999.000,9999.000,9999.000,9999.000,9999.000
202604271618,   0.813,9999.000,9999.000,9999.000,9999.000,9999.000,9999.000,9999.000,9999.000
202604271624,   0.833,9999.000,9999.000,9999.000,9999.000,9999.000,9999.000,9999.000,9999.000
202604271630,   0.853,9999.000,9999.000,9999.000,9999.000,9999.000,9999.000,9999.000,9999.000
202604271636,   0.872,9999.000,9999.000,9999.000,9999.000,9999.000,9999.000,9999.000,9999.000
202604271642,   0.891,9999.000,9999.000,9999.000,9999.000,9999.000,9999.000,9999.000,9999.000
202604271648,   0.909,9999.000,9999.000,9999.000,9999.000,9999.000,9999.000,9999.000,9999.000
202604271654,   0.926,9999.000,9999.000,9999.000,9999.000,9999.000,9999.000,9999.000,9999.000
202604271700,   0.943,9999.000,   1.200,   0.450,   2.593,   1.100,   2.493,   1.300,   2.693
202604271706,   0.958,9999.000,9999.000,9999.000,9999.000,9999.000,9999.000,9999.000,9999.000
202604271712,   0.973,9999.000,9999.000,9999.000,9999.000,9999.000,9999.000,9999.000,9999.000
202604271718,   0.987,9999.000,9999.000,9999.000,9999.000,9999.000,9999.000,9999.000,9999.000
202604271724,   1.000,9999.000,9999.000,9999.000,9999.000,9999.000,9999.000,9999.000,9999.000
202604271730,   1.012,9999.000,9999.000,9999.000,9999.000,9999.000,9999.000,9999.000,9999.000
202604271736,   1.023,9999.000,9999.000,9999.000,9999.000,9999.000,9999.000,9999.000,9999.000
202604271742,   1.032,9999.000,9999.000,9999.000,9999.000,9999.000,9999.000,9999.000,9999.000
202604271748,   1.041,9999.000,9999.000,9999.000,9999.000,9999.000,9999.000,9999.000,9999.000
202604271754,   1.048,9999.000,9999.000,9999.000,9999.000,9999.000,9999.000,9999.000,9999.000
202604271800,   1.053,9999.000,   1.200,   0.450,   2.703,   1.100,   2.603,   1.300,   2.803
202604271806,   1.058,9999.000,9999.000,9999.000,9999.000,9999.000,9999.000,9999.000,9999.000
202604271812,   1.061,9999.000,9999.000,9999.000,9999.000,9999.000,9999.000,9999.000,9999.000
202604271818,   1.062,9999.000,9999.000,9999.000,9999.000,9999.000,9999.000,9999.000,9999.000
202604271824,   1.062,9999.000,9999.000,9999.000,9999.000,9999.000,9999.000,9999.000,9999.000
202604271830,   1.060,9999.000,9999.000,9999.000,9999.000,9999.000,9999.000,9999.000,9999.000
202604271836,   1.057,9999.000,9999.000,9999.000,9999.000,9999.000,9999.000,9999.000,9999.000
202604271842,   1.052,9999.000,9999.000,9999.000,9999.000,9999.000,9999.000,9999.000,9999.000
202604271848,   1.046,9999.000,9999.000,9999.000,9999.000,9999.000,9999.000,9999.000,9999.000
202604271854,   1.038,9999.000,9999.000,9999.000,9999.000,9999.000,9999.000,9999.000,9999.000
202604271900,   1.029,9999.000,   1.200,   0.450,   2.679,   1.100,   2.579,   1.300,   2.779
202604271906,   1.018,9999.000,9999.000,9999.000,9999.000,9999.000,9999.000,9999.000,9999.000
202604271912,   1.006,9999.000,9999.000,9999.000,9999.000,9999.000,9999.000,9999.000,9999.000
202604271918,   0.992,9999.000,9999.000,9999.000,9999.000,9999.000,9999.000,9999.000,9999.000
202604271924,   0.977,9999.000,9999.000,9999.000,9999.000,9999.000,9999.000,9999.000,9999.000
202604271930,   0.961,9999.000,9999.000,9999.000,9999.000,9999.000,9999.000,9999.000,9999.000
202604271936,   0.943,9999.000,9999.000,9999.000,9999.000,9999.000,9999.000,9999.000,9999.000
202604271942,   0.925,9999.000,9999.000,9999.000,9999.000,9999.000,9999.000,9999.000,9999.000
202604271948,   0.905,9999.000,9999.000,9999.000,9999.000,9999.000,9999.000,9999.000,9999.000
202604271954,   0.884,9999.000,9999.000,9999.000,9999.000,9999.000,9999.000,9999.000,9999.000
202604272000,   0.863,9999.000,   1.200,   0.450,   2.513,   1.200,   2.513,   1.300,   2.613
202604272006,   0.841,9999.000,9999.000,9999.000,9999.000,9999.000,9999.000,9999.000,9999.000
202604272012,   0.818,9999.000,9999.000,9999.000,9999.000,9999.000,9999.000,9999.000,9999.000
202604272018,   0.794,9999.000,9999.000,9999.000,9999.000,9999.000,9999.000,9999.000,9999.000
202604272024,   0.770,9999.000,9999.000,9999.000,9999.000,9999.000,9999.000,9999.000,9999.000
202604272030,   0.746,9999.000,9999.000,9999.000,9999.000,9999.000,9999.000,9999.000,9999.000
202604272036,   0.721,9999.000,9999.000,9999.000,9999.000,9999.000,9999.000,9999.000,9999.000
202604272042,   0.696,9999.000,9999.000,9999.000,9999.000,9999.000,9999.000,9999.000,9999.000
202604272048,   0.670,9999.000,9999.000,9999.000,9999.000,9999.000,9999.000,9999.000,9999.000
202604272054,   0.645,9999.000,9999.000,9999.000,9999.000,9999.000,9999.000,9999.000,9999.000
202604272100,   0.620,9999.000,   1.200,   0.450,   2.270,   1.200,   2.270,   1.300,   2.370
202604272106,   0.594,9999.000,9999.000,9999.000,9999.000,9999.000,9999.000,9999.000,9999.000
202604272112,   0.569,9999.000,9999.000,9999.000,9999.000,9999.000,9999.000,9999.000,9999.000
202604272118,   0.544,9999.000,9999.000,9999.000,9999.000,9999.000,9999.000,9999.000,9999.000
202604272124,   0.519,9999.000,9999.000,9999.000,9999.000,9999.000,9999.000,9999.000,9999.000
202604272130,   0.494,9999.000,9999.000,9999.000,9999.000,9999.000,9999.000,9999.000,9999.000
202604272136,   0.470,9999.000,9999.000,9999.000,9999.000,9999.000,9999.000,9999.000,9999.000
202604272142,   0.446,9999.000,9999.000,9999.000,9999.000,9999.000,9999.000,9999.000,9999.000
202604272148,   0.422,9999.000,9999.000,9999.000,9999.000,9999.000,9999.000,9999.000,9999.000
202604272154,   0.399,9999.000,9999.000,9999.000,9999.000,9999.000,9999.000,9999.000,9999.000
202604272200,   0.376,9999.000,   1.300,   0.450,   2.126,   1.200,   2.026,   1.400,   2.226
202604272206,   0.354,9999.000,9999.000,9999.000,9999.000,9999.000,9999.000,9999.000,9999.000
202604272212,   0.332,9999.000,9999.000,9999.000,9999.000,9999.000,9999.000,9999.000,9999.000
202604272218,   0.311,9999.000,9999.000,9999.000,9999.000,9999.000,9999.000,9999.000,9999.000
202604272224,   0.290,9999.000,9999.000,9999.000,9999.000,9999.000,9999.000,9999.000,9999.000
202604272230,   0.270,9999.000,9999.000,9999.000,9999.000,9999.000,9999.000,9999.000,9999.000
202604272236,   0.250,9999.000,9999.000,9999.000,9999.000,9999.000,9999.000,9999.000,9999.000
202604272242,   0.231,9999.000,9999.000,9999.000,9999.000,9999.000,9999.000,9999.000,9999.000
202604272248,   0.213,9999.000,9999.000,9999.000,9999.000,9999.000,9999.000,9999.000,9999.000
202604272254,   0.195,9999.000,9999.000,9999.000,9999.000,9999.000,9999.000,9999.000,9999.000
202604272300,   0.178,9999.000,   1.300,   0.450,   1.928,   1.200,   1.828,   1.400,   2.028
202604272306,   0.162,9999.000,9999.000,9999.000,9999.000,9999.000,9999.000,9999.000,9999.000
202604272312,   0.146,9999.000,9999.000,9999.000,9999.000,9999.000,9999.000,9999.000,9999.000
202604272318,   0.131,9999.000,9999.000,9999.000,9999.000,9999.000,9999.000,9999.000,9999.000
202604272324,   0.118,9999.000,9999.000,9999.000,9999.000,9999.000,9999.000,9999.000,9999.000
202604272330,   0.105,9999.000,9999.000,9999.000,9999.000,9999.000,9999.000,9999.000,9999.000
202604272336,   0.093,9999.000,9999.000,9999.000,9999.000,9999.000,9999.000,9999.000,9999.000
202604272342,   0.082,9999.000,9999.000,9999.000,9999.000,9999.000,9999.000,9999.000,9999.000
202604272348,   0.072,9999.000,9999.000,9999.000,9999.000,9999.000,9999.000,9999.000,9999.000
202604272354,   0.063,9999.000,9999.000,9999.000,9999.000,9999.000,9999.000,9999.000,9999.000
202604280000,   0.056,9999.000,   1.300,   0.450,   1.806,   1.200,   1.706,   1.400,   1.906
202604280006,   0.049,9999.000,9999.000,9999.000,9999.000,9999.000,9999.000,9999.000,9999.000
202604280012,   0.044,9999.000,9999.000,9999.000,9999.000,9999.000,9999.000,9999.000,9999.000
202604280018,   0.040,9999.000,9999.000,9999.000,9999.000,9999.000,9999.000,9999.000,9999.000
202604280024,   0.038,9999.000,9999.000,9999.000,9999.000,9999.000,9999.000,9999.000,9999.000
202604280030,   0.037,9999.000,9999.000,9999.000,9999.000,9999.000,9999.000,9999.000,9999.000
202604280036,   0.037,9999.000,9999.000,9999.000,9999.000,9999.000,9999.000,9999.000,9999.000
202604280042,   0.039,9999.000,9999.000,9999.000,9999.000,9999.000,9999.000,9999.000,9999.000
202604280048,   0.042,9999.000,9999.000,9999.000,9999.000,9999.000,9999.000,9999.000,9999.000
202604280054,   0.046,9999.000,9999.000,9999.000,9999.000,9999.000,9999.000,9999.000,9999.000
202604280100,   0.052,9999.000,   1.300,   0.450,   1.802,   1.200,   1.702,   1.400,   1.902
202604280106,   0.060,9999.000,9999.000,9999.000,9999.000,9999.000,9999.000,9999.000,9999.000
202604280112,   0.069,9999.000,9999.000,9999.000,9999.000,9999.000,9999.000,9999.000,9999.000
202604280118,   0.079,9999.000,9999.000,9999.000,9999.000,9999.000,9999.000,9999.000,9999.000
202604280124,   0.091,9999.000,9999.000,9999.000,9999.000,9999.000,9999.000,9999.000,9999.000
202604280130,   0.104,9999.000,9999.000,9999.000,9999.000,9999.000,9999.000,9999.000,9999.000
202604280136,   0.118,9999.000,9999.000,9999.000,9999.000,9999.000,9999.000,9999.000,9999.000
202604280142,   0.134,9999.000,9999.000,9999.000,9999.000,9999.000,9999.000,9999.000,9999.000
202604280148,   0.151,9999.000,9999.000,9999.000,9999.000,9999.000,9999.000,9999.000,9999.000
202604280154,   0.169,9999.000,9999.000,9999.000,9999.000,9999.000,9999.000,9999.000,9999.000
202604280200,   0.188,9999.000,   1.300,   0.450,   1.938,   1.200,   1.838,   1.400,   2.038
202604280206,   0.209,9999.000,9999.000,9999.000,9999.000,9999.000,9999.000,9999.000,9999.000
202604280212,   0.230,9999.000,9999.000,9999.000,9999.000,9999.000,9999.000,9999.000,9999.000
202604280218,   0.252,9999.000,9999.000,9999.000,9999.000,9999.000,9999.000,9999.000,9999.000
202604280224,   0.275,9999.000,9999.000,9999.000,9999.000,9999.000,9999.000,9999.000,9999.000
202604280230,   0.298,9999.000,9999.000,9999.000,9999.000,9999.000,9999.000,9999.000,9999.000
202604280236,   0.323,9999.000,9999.000,9999.000,9999.000,9999.000,9999.000,9999.000,9999.000
202604280242,   0.348,9999.000,9999.000,9999.000,9999.000,9999.000,9999.000,9999.000,9999.000
202604280248,   0.373,9999.000,9999.000,9999.000,9999.000,9999.000,9999.000,9999.000,9999.000
202604280254,   0.399,9999.000,9999.000,9999.000,9999.000,9999.000,9999.000,9999.000,9999.000
202604280300,   0.425,9999.000,   1.300,   0.450,   2.175,   1.200,   2.075,   1.400,   2.275
202604280306,   0.452,9999.000,9999.000,9999.000,9999.000,9999.000,9999.000,9999.000,9999.000
202604280312,   0.478,9999.000,9999.000,9999.000,9999.000,9999.000,9999.000,9999.000,9999.000
202604280318,   0.505,9999.000,9999.000,9999.000,9999.000,9999.000,9999.000,9999.000,9999.000
202604280324,   0.532,9999.000,9999.000,9999.000,9999.000,9999.000,9999.000,9999.000,9999.000
202604280330,   0.560,9999.000,9999.000,9999.000,9999.000,9999.000,9999.000,9999.000,9999.000
202604280336,   0.587,9999.000,9999.000,9999.000,9999.000,9999.000,9999.000,9999.000,9999.000
202604280342,   0.614,9999.000,9999.000,9999.000,9999.000,9999.000,9999.000,9999.000,9999.000
202604280348,   0.641,9999.000,9999.000,9999.000,9999.000,9999.000,9999.000,9999.000,9999.000
202604280354,   0.667,9999.000,9999.000,9999.000,9999.000,9999.000,9999.000,9999.000,9999.000
202604280400,   0.694,9999.000,   1.300,   0.450,   2.444,   1.200,   2.344,   1.400,   2.544
202604280406,   0.720,9999.000,9999.000,9999.000,9999.000,9999.000,9999.000,9999.000,9999.000
202604280412,   0.746,9999.000,9999.000,9999.000,9999.000,9999.000,9999.000,9999.000,9999.000
202604280418,   0.772,9999.000,9999.000,9999.000,9999.000,9999.000,9999.000,9999.000,9999.000
202604280424,   0.797,9999.000,9999.000,9999.000,9999.000,9999.000,9999.000,9999.000,9999.000
202604280430,   0.822,9999.000,9999.000,9999.000,9999.000,9999.000,9999.000,9999.000,9999.000
202604280436,   0.847,9999.000,9999.000,9999.000,9999.000,9999.000,9999.000,9999.000,9999.000
202604280442,   0.871,9999.000,9999.000,9999.000,9999.000,9999.000,9999.000,9999.000,9999.000
202604280448,   0.894,9999.000,9999.000,9999.000,9999.000,9999.000,9999.000,9999.000,9999.000
202604280454,   0.917,9999.000,9999.000,9999.000,9999.000,9999.000,9999.000,9999.000,9999.000
202604280500,   0.939,9999.000,   1.300,   0.450,   2.689,   1.200,   2.589,   1.400,   2.789
202604280506,   0.961,9999.000,9999.000,9999.000,9999.000,9999.000,9999.000,9999.000,9999.000
202604280512,   0.982,9999.000,9999.000,9999.000,9999.000,9999.000,9999.000,9999.000,9999.000
202604280518,   1.002,9999.000,9999.000,9999.000,9999.000,9999.000,9999.000,9999.000,9999.000
202604280524,   1.021,9999.000,9999.000,9999.000,9999.000,9999.000,9999.000,9999.000,9999.000
202604280530,   1.039,9999.000,9999.000,9999.000,9999.000,9999.000,9999.000,9999.000,9999.000
202604280536,   1.057,9999.000,9999.000,9999.000,9999.000,9999.000,9999.000,9999.000,9999.000
202604280542,   1.073,9999.000,9999.000,9999.000,9999.000,9999.000,9999.000,9999.000,9999.000
202604280548,   1.088,9999.000,9999.000,9999.000,9999.000,9999.000,9999.000,9999.000,9999.000
202604280554,   1.102,9999.000,9999.000,9999.000,9999.000,9999.000,9999.000,9999.000,9999.000
202604280600,   1.115,9999.000,   1.300,   0.450,   2.865,   1.200,   2.765,   1.400,   2.965
202604280606,   1.127,9999.000,9999.000,9999.000,9999.000,9999.000,9999.000,9999.000,9999.000
202604280612,   1.137,9999.000,9999.000,9999.000,9999.000,9999.000,9999.000,9999.000,9999.000
202604280618,   1.146,9999.000,9999.000,9999.000,9999.000,9999.000,9999.000,9999.000,9999.000
202604280624,   1.153,9999.000,9999.000,9999.000,9999.000,9999.000,9999.000,9999.000,9999.000
202604280630,   1.160,9999.000,9999.000,9999.000,9999.000,9999.000,9999.000,9999.000,9999.000
202604280636,   1.164,9999.000,9999.000,9999.000,9999.000,9999.000,9999.000,9999.000,9999.000
202604280642,   1.167,9999.000,9999.000,9999.000,9999.000,9999.000,9999.000,9999.000,9999.000
202604280648,   1.169,9999.000,9999.000,9999.000,9999.000,9999.000,9999.000,9999.000,9999.000
202604280654,   1.169,9999.000,9999.000,9999.000,9999.000,9999.000,9999.000,9999.000,9999.000
202604280700,   1.167,9999.000,   1.300,   0.450,   2.917,   1.200,   2.817,   1.400,   3.017
202604280706,   1.164,9999.000,9999.000,9999.000,9999.000,9999.000,9999.000,9999.000,9999.000
202604280712,   1.159,9999.000,9999.000,9999.000,9999.000,9999.000,9999.000,9999.000,9999.000
202604280718,   1.152,9999.000,9999.000,9999.000,9999.000,9999.000,9999.000,9999.000,9999.000
202604280724,   1.145,9999.000,9999.000,9999.000,9999.000,9999.000,9999.000,9999.000,9999.000
202604280730,   1.135,9999.000,9999.000,9999.000,9999.000,9999.000,9999.000,9999.000,9999.000
202604280736,   1.124,9999.000,9999.000,9999.000,9999.000,9999.000,9999.000,9999.000,9999.000
202604280742,   1.112,9999.000,9999.000,9999.000,9999.000,9999.000,9999.000,9999.000,9999.000
202604280748,   1.098,9999.000,9999.000,9999.000,9999.000,9999.000,9999.000,9999.000,9999.000
202604280754,   1.084,9999.000,9999.000,9999.000,9999.000,9999.000,9999.000,9999.000,9999.000
202604280800,   1.067,9999.000,   1.300,   0.450,   2.817,   1.200,   2.717,   1.500,   3.017
202604280806,   1.050,9999.000,9999.000,9999.000,9999.000,9999.000,9999.000,9999.000,9999.000
202604280812,   1.032,9999.000,9999.000,9999.000,9999.000,9999.000,9999.000,9999.000,9999.000
202604280818,   1.013,9999.000,9999.000,9999.000,9999.000,9999.000,9999.000,9999.000,9999.000
202604280824,   0.992,9999.000,9999.000,9999.000,9999.000,9999.000,9999.000,9999.000,9999.000
202604280830,   0.971,9999.000,9999.000,9999.000,9999.000,9999.000,9999.000,9999.000,9999.000
202604280836,   0.950,9999.000,9999.000,9999.000,9999.000,9999.000,9999.000,9999.000,9999.000
202604280842,   0.927,9999.000,9999.000,9999.000,9999.000,9999.000,9999.000,9999.000,9999.000
202604280848,   0.904,9999.000,9999.000,9999.000,9999.000,9999.000,9999.000,9999.000,9999.000
202604280854,   0.881,9999.000,9999.000,9999.000,9999.000,9999.000,9999.000,9999.000,9999.000
202604280900,   0.857,9999.000,   1.300,   0.450,   2.607,   1.100,   2.407,   1.500,   2.807
202604280906,   0.833,9999.000,9999.000,9999.000,9999.000,9999.000,9999.000,9999.000,9999.000
202604280912,   0.809,9999.000,9999.000,9999.000,9999.000,9999.000,9999.000,9999.000,9999.000
202604280918,   0.785,9999.000,9999.000,9999.000,9999.000,9999.000,9999.000,9999.000,9999.000
202604280924,   0.760,9999.000,9999.000,9999.000,9999.000,9999.000,9999.000,9999.000,9999.000
202604280930,   0.736,9999.000,9999.000,9999.000,9999.000,9999.000,9999.000,9999.000,9999.000
202604280936,   0.711,9999.000,9999.000,9999.000,9999.000,9999.000,9999.000,9999.000,9999.000
202604280942,   0.687,9999.000,9999.000,9999.000,9999.000,9999.000,9999.000,9999.000,9999.000
202604280948,   0.663,9999.000,9999.000,9999.000,9999.000,9999.000,9999.000,9999.000,9999.000
202604280954,   0.638,9999.000,9999.000,9999.000,9999.000,9999.000,9999.000,9999.000,9999.000
202604281000,   0.615,9999.000,   1.300,   0.450,   2.365,   1.100,   2.165,   1.500,   2.565
202604281006,   0.591,9999.000,9999.000,9999.000,9999.000,9999.000,9999.000,9999.000,9999.000
202604281012,   0.568,9999.000,9999.000,9999.000,9999.000,9999.000,9999.000,9999.000,9999.000
202604281018,   0.545,9999.000,9999.000,9999.000,9999.000,9999.000,9999.000,9999.000,9999.000
202604281024,   0.522,9999.000,9999.000,9999.000,9999.000,9999.000,9999.000,9999.000,9999.000
202604281030,   0.499,9999.000,9999.000,9999.000,9999.000,9999.000,9999.000,9999.000,9999.000
202604281036,   0.477,9999.000,9999.000,9999.000,9999.000,9999.000,9999.000,9999.000,9999.000
202604281042,   0.456,9999.000,9999.000,9999.000,9999.000,9999.000,9999.000,9999.000,9999.000
202604281048,   0.434,9999.000,9999.000,9999.000,9999.000,9999.000,9999.000,9999.000,9999.000
202604281054,   0.413,9999.000,9999.000,9999.000,9999.000,9999.000,9999.000,9999.000,9999.000
202604281100,   0.393,9999.000,   1.300,   0.450,   2.143,   1.100,   1.943,   1.500,   2.343
202604281106,   0.373,9999.000,9999.000,9999.000,9999.000,9999.000,9999.000,9999.000,9999.000
202604281112,   0.353,9999.000,9999.000,9999.000,9999.000,9999.000,9999.000,9999.000,9999.000
202604281118,   0.334,9999.000,9999.000,9999.000,9999.000,9999.000,9999.000,9999.000,9999.000
202604281124,   0.315,9999.000,9999.000,9999.000,9999.000,9999.000,9999.000,9999.000,9999.000
202604281130,   0.297,9999.000,9999.000,9999.000,9999.000,9999.000,9999.000,9999.000,9999.000
202604281136,   0.280,9999.000,9999.000,9999.000,9999.000,9999.000,9999.000,9999.000,9999.000
202604281142,   0.263,9999.000,9999.000,9999.000,9999.000,9999.000,9999.000,9999.000,9999.000
202604281148,   0.247,9999.000,9999.000,9999.000,9999.000,9999.000,9999.000,9999.000,9999.000
202604281154,   0.231,9999.000,9999.000,9999.000,9999.000,9999.000,9999.000,9999.000,9999.000
202604281200,   0.217,9999.000,   1.300,   0.450,   1.967,   1.100,   1.767,   1.500,   2.167
202604281206,   0.203,9999.000,9999.000,9999.000,9999.000,9999.000,9999.000,9999.000,9999.000
202604281212,   0.190,9999.000,9999.000,9999.000,9999.000,9999.000,9999.000,9999.000,9999.000
202604281218,   0.178,9999.000,9999.000,9999.000,9999.000,9999.000,9999.000,9999.000,9999.000
202604281224,   0.167,9999.000,9999.000,9999.000,9999.000,9999.000,9999.000,9999.000,9999.000
202604281230,   0.156,9999.000,9999.000,9999.000,9999.000,9999.000,9999.000,9999.000,9999.000
202604281236,   0.147,9999.000,9999.000,9999.000,9999.000,9999.000,9999.000,9999.000,9999.000
202604281242,   0.139,9999.000,9999.000,9999.000,9999.000,9999.000,9999.000,9999.000,9999.000
202604281248,   0.133,9999.000,9999.000,9999.000,9999.000,9999.000,9999.000,9999.000,9999.000
202604281254,   0.127,9999.000,9999.000,9999.000,9999.000,9999.000,9999.000,9999.000,9999.000
202604281300,   0.123,9999.000,   1.300,   0.450,   1.873,   1.100,   1.673,   1.500,   2.073
202604281306,   0.119,9999.000,9999.000,9999.000,9999.000,9999.000,9999.000,9999.000,9999.000
202604281312,   0.118,9999.000,9999.000,9999.000,9999.000,9999.000,9999.000,9999.000,9999.000
202604281318,   0.117,9999.000,9999.000,9999.000,9999.000,9999.000,9999.000,9999.000,9999.000
202604281324,   0.118,9999.000,9999.000,9999.000,9999.000,9999.000,9999.000,9999.000,9999.000
202604281330,   0.120,9999.000,9999.000,9999.000,9999.000,9999.000,9999.000,9999.000,9999.000
202604281336,   0.124,9999.000,9999.000,9999.000,9999.000,9999.000,9999.000,9999.000,9999.000
202604281342,   0.129,9999.000,9999.000,9999.000,9999.000,9999.000,9999.000,9999.000,9999.000
202604281348,   0.135,9999.000,9999.000,9999.000,9999.000,9999.000,9999.000,9999.000,9999.000
202604281354,   0.143,9999.000,9999.000,9999.000,9999.000,9999.000,9999.000,9999.000,9999.000
202604281400,   0.152,9999.000,   1.300,   0.450,   1.902,   1.100,   1.702,   1.500,   2.102
202604281406,   0.162,9999.000,9999.000,9999.000,9999.000,9999.000,9999.000,9999.000,9999.000
202604281412,   0.173,9999.000,9999.000,9999.000,9999.000,9999.000,9999.000,9999.000,9999.000
202604281418,   0.186,9999.000,9999.000,9999.000,9999.000,9999.000,9999.000,9999.000,9999.000
202604281424,   0.200,9999.000,9999.000,9999.000,9999.000,9999.000,9999.000,9999.000,9999.000
202604281430,   0.214,9999.000,9999.000,9999.000,9999.000,9999.000,9999.000,9999.000,9999.000
202604281436,   0.230,9999.000,9999.000,9999.000,9999.000,9999.000,9999.000,9999.000,9999.000
202604281442,   0.247,9999.000,9999.000,9999.000,9999.000,9999.000,9999.000,9999.000,9999.000
202604281448,   0.265,9999.000,9999.000,9999.000,9999.000,9999.000,9999.000,9999.000,9999.000
202604281454,   0.283,9999.000,9999.000,9999.000,9999.000,9999.000,9999.000,9999.000,9999.000
202604281500,   0.302,9999.000,   1.300,   0.450,   2.052,   1.100,   1.852,   1.500,   2.252
202604281506,   0.322,9999.000,9999.000,9999.000,9999.000,9999.000,9999.000,9999.000,9999.000
202604281512,   0.343,9999.000,9999.000,9999.000,9999.000,9999.000,9999.000,9999.000,9999.000
202604281518,   0.364,9999.000,9999.000,9999.000,9999.000,9999.000,9999.000,9999.000,9999.000
202604281524,   0.385,9999.000,9999.000,9999.000,9999.000,9999.000,9999.000,9999.000,9999.000
202604281530,   0.407,9999.000,9999.000,9999.000,9999.000,9999.000,9999.000,9999.000,9999.000
202604281536,   0.430,9999.000,9999.000,9999.000,9999.000,9999.000,9999.000,9999.000,9999.000
202604281542,   0.452,9999.000,9999.000,9999.000,9999.000,9999.000,9999.000,9999.000,9999.000
202604281548,   0.475,9999.000,9999.000,9999.000,9999.000,9999.000,9999.000,9999.000,9999.000
202604281554,   0.499,9999.000,9999.000,9999.000,9999.000,9999.000,9999.000,9999.000,9999.000
202604281600,   0.522,9999.000,   1.300,   0.450,   2.272,   1.100,   2.072,   1.500,   2.472
202604281606,   0.545,9999.000,9999.000,9999.000,9999.000,9999.000,9999.000,9999.000,9999.000
202604281612,   0.568,9999.000,9999.000,9999.000,9999.000,9999.000,9999.000,9999.000,9999.000
202604281618,   0.592,9999.000,9999.000,9999.000,9999.000,9999.000,9999.000,9999.000,9999.000
202604281624,   0.615,9999.000,9999.000,9999.000,9999.000,9999.000,9999.000,9999.000,9999.000
202604281630,   0.638,9999.000,9999.000,9999.000,9999.000,9999.000,9999.000,9999.000,9999.000
202604281636,   0.661,9999.000,9999.000,9999.000,9999.000,9999.000,9999.000,9999.000,9999.000
202604281642,   0.684,9999.000,9999.000,9999.000,9999.000,9999.000,9999.000,9999.000,9999.000
202604281648,   0.707,9999.000,9999.000,9999.000,9999.000,9999.000,9999.000,9999.000,9999.000
202604281654,   0.729,9999.000,9999.000,9999.000,9999.000,9999.000,9999.000,9999.000,9999.000
202604281700,   0.751,9999.000,   1.300,   0.450,   2.501,   1.100,   2.301,   1.500,   2.701
202604281706,   0.773,9999.000,9999.000,9999.000,9999.000,9999.000,9999.000,9999.000,9999.000
202604281712,   0.794,9999.000,9999.000,9999.000,9999.000,9999.000,9999.000,9999.000,9999.000
202604281718,   0.814,9999.000,9999.000,9999.000,9999.000,9999.000,9999.000,9999.000,9999.000
202604281724,   0.835,9999.000,9999.000,9999.000,9999.000,9999.000,9999.000,9999.000,9999.000
202604281730,   0.854,9999.000,9999.000,9999.000,9999.000,9999.000,9999.000,9999.000,9999.000
202604281736,   0.873,9999.000,9999.000,9999.000,9999.000,9999.000,9999.000,9999.000,9999.000
202604281742,   0.891,9999.000,9999.000,9999.000,9999.000,9999.000,9999.000,9999.000,9999.000
202604281748,   0.908,9999.000,9999.000,9999.000,9999.000,9999.000,9999.000,9999.000,9999.000
202604281754,   0.925,9999.000,9999.000,9999.000,9999.000,9999.000,9999.000,9999.000,9999.000
202604281800,   0.940,9999.000,   1.200,   0.450,   2.590,   1.100,   2.490,   1.500,   2.890
202604281806,   0.955,9999.000,9999.000,9999.000,9999.000,9999.000,9999.000,9999.000,9999.000
202604281812,   0.968,9999.000,9999.000,9999.000,9999.000,9999.000,9999.000,9999.000,9999.000
202604281818,   0.980,9999.000,9999.000,9999.000,9999.000,9999.000,9999.000,9999.000,9999.000
202604281824,   0.991,9999.000,9999.000,9999.000,9999.000,9999.000,9999.000,9999.000,9999.000
202604281830,   1.001,9999.000,9999.000,9999.000,9999.000,9999.000,9999.000,9999.000,9999.000
202604281836,   1.010,9999.000,9999.000,9999.000,9999.000,9999.000,9999.000,9999.000,9999.000
202604281842,   1.017,9999.000,9999.000,9999.000,9999.000,9999.000,9999.000,9999.000,9999.000
202604281848,   1.023,9999.000,9999.000,9999.000,9999.000,9999.000,9999.000,9999.000,9999.000
202604281854,   1.027,9999.000,9999.000,9999.000,9999.000,9999.000,9999.000,9999.000,9999.000
202604281900,   1.030,9999.000,   1.200,   0.450,   2.680,   1.100,   2.580,   1.500,   2.980
202604281906,   1.031,9999.000,9999.000,9999.000,9999.000,9999.000,9999.000,9999.000,9999.000
202604281912,   1.030,9999.000,9999.000,9999.000,9999.000,9999.000,9999.000,9999.000,9999.000
202604281918,   1.028,9999.000,9999.000,9999.000,9999.000,9999.000,9999.000,9999.000,9999.000
202604281924,   1.025,9999.000,9999.000,9999.000,9999.000,9999.000,9999.000,9999.000,9999.000
202604281930,   1.019,9999.000,9999.000,9999.000,9999.000,9999.000,9999.000,9999.000,9999.000
202604281936,   1.012,9999.000,9999.000,9999.000,9999.000,9999.000,9999.000,9999.000,9999.000
202604281942,   1.004,9999.000,9999.000,9999.000,9999.000,9999.000,9999.000,9999.000,9999.000
202604281948,   0.994,9999.000,9999.000,9999.000,9999.000,9999.000,9999.000,9999.000,9999.000
202604281954,   0.982,9999.000,9999.000,9999.000,9999.000,9999.000,9999.000,9999.000,9999.000
202604282000,   0.969,9999.000,   1.200,   0.450,   2.619,   1.100,   2.519,   1.500,   2.919
202604282006,   0.954,9999.000,9999.000,9999.000,9999.000,9999.000,9999.000,9999.000,9999.000
202604282012,   0.938,9999.000,9999.000,9999.000,9999.000,9999.000,9999.000,9999.000,9999.000
202604282018,   0.921,9999.000,9999.000,9999.000,9999.000,9999.000,9999.000,9999.000,9999.000
202604282024,   0.903,9999.000,9999.000,9999.000,9999.000,9999.000,9999.000,9999.000,9999.000
202604282030,   0.883,9999.000,9999.000,9999.000,9999.000,9999.000,9999.000,9999.000,9999.000
202604282036,   0.862,9999.000,9999.000,9999.000,9999.000,9999.000,9999.000,9999.000,9999.000
202604282042,   0.840,9999.000,9999.000,9999.000,9999.000,9999.000,9999.000,9999.000,9999.000
202604282048,   0.818,9999.000,9999.000,9999.000,9999.000,9999.000,9999.000,9999.000,9999.000
202604282054,   0.794,9999.000,9999.000,9999.000,9999.000,9999.000,9999.000,9999.000,9999.000
202604282100,   0.770,9999.000,   1.200,   0.450,   2.420,   1.100,   2.320,   1.500,   2.720
202604282106,   0.746,9999.000,9999.000,9999.000,9999.000,9999.000,9999.000,9999.000,9999.000
202604282112,   0.721,9999.000,9999.000,9999.000,9999.000,9999.000,9999.000,9999.000,9999.000
202604282118,   0.695,9999.000,9999.000,9999.000,9999.000,9999.000,9999.000,9999.000,9999.000
202604282124,   0.669,9999.000,9999.000,9999.000,9999.000,9999.000,9999.000,9999.000,9999.000
202604282130,   0.643,9999.000,9999.000,9999.000,9999.000,9999.000,9999.000,9999.000,9999.000
202604282136,   0.617,9999.000,9999.000,9999.000,9999.000,9999.000,9999.000,9999.000,9999.000
202604282142,   0.591,9999.000,9999.000,9999.000,9999.000,9999.000,9999.000,9999.000,9999.000
202604282148,   0.565,9999.000,9999.000,9999.000,9999.000,9999.000,9999.000,9999.000,9999.000
202604282154,   0.539,9999.000,9999.000,9999.000,9999.000,9999.000,9999.000,9999.000,9999.000
202604282200,   0.513,9999.000,   1.200,   0.450,   2.163,   1.100,   2.063,   1.500,   2.463
202604282206,   0.487,9999.000,9999.000,9999.000,9999.000,9999.000,9999.000,9999.000,9999.000
202604282212,   0.462,9999.000,9999.000,9999.000,9999.000,9999.000,9999.000,9999.000,9999.000
202604282218,   0.437,9999.000,9999.000,9999.000,9999.000,9999.000,9999.000,9999.000,9999.000
202604282224,   0.413,9999.000,9999.000,9999.000,9999.000,9999.000,9999.000,9999.000,9999.000
202604282230,   0.389,9999.000,9999.000,9999.000,9999.000,9999.000,9999.000,9999.000,9999.000
202604282236,   0.365,9999.000,9999.000,9999.000,9999.000,9999.000,9999.000,9999.000,9999.000
202604282242,   0.342,9999.000,9999.000,9999.000,9999.000,9999.000,9999.000,9999.000,9999.000
202604282248,   0.320,9999.000,9999.000,9999.000,9999.000,9999.000,9999.000,9999.000,9999.000
202604282254,   0.298,9999.000,9999.000,9999.000,9999.000,9999.000,9999.000,9999.000,9999.000
202604282300,   0.276,9999.000,   1.200,   0.450,   1.926,   1.000,   1.726,   1.500,   2.226
202604282306,   0.256,9999.000,9999.000,9999.000,9999.000,9999.000,9999.000,9999.000,9999.000
202604282312,   0.236,9999.000,9999.000,9999.000,9999.000,9999.000,9999.000,9999.000,9999.000
202604282318,   0.216,9999.000,9999.000,9999.000,9999.000,9999.000,9999.000,9999.000,9999.000
202604282324,   0.198,9999.000,9999.000,9999.000,9999.000,9999.000,9999.000,9999.000,9999.000
202604282330,   0.180,9999.000,9999.000,9999.000,9999.000,9999.000,9999.000,9999.000,9999.000
202604282336,   0.163,9999.000,9999.000,9999.000,9999.000,9999.000,9999.000,9999.000,9999.000
202604282342,   0.146,9999.000,9999.000,9999.000,9999.000,9999.000,9999.000,9999.000,9999.000
202604282348,   0.131,9999.000,9999.000,9999.000,9999.000,9999.000,9999.000,9999.000,9999.000
202604282354,   0.116,9999.000,9999.000,9999.000,9999.000,9999.000,9999.000,9999.000,9999.000
202604290000,   0.102,9999.000,   1.300,   0.450,   1.852,   1.000,   1.552,   1.500,   2.052
202604290006,   0.089,9999.000,9999.000,9999.000,9999.000,9999.000,9999.000,9999.000,9999.000
202604290012,   0.077,9999.000,9999.000,9999.000,9999.000,9999.000,9999.000,9999.000,9999.000
202604290018,   0.066,9999.000,9999.000,9999.000,9999.000,9999.000,9999.000,9999.000,9999.000
202604290024,   0.055,9999.000,9999.000,9999.000,9999.000,9999.000,9999.000,9999.000,9999.000
202604290030,   0.046,9999.000,9999.000,9999.000,9999.000,9999.000,9999.000,9999.000,9999.000
202604290036,   0.038,9999.000,9999.000,9999.000,9999.000,9999.000,9999.000,9999.000,9999.000
202604290042,   0.031,9999.000,9999.000,9999.000,9999.000,9999.000,9999.000,9999.000,9999.000
202604290048,   0.026,9999.000,9999.000,9999.000,9999.000,9999.000,9999.000,9999.000,9999.000
202604290054,   0.021,9999.000,9999.000,9999.000,9999.000,9999.000,9999.000,9999.000,9999.000
202604290100,   0.018,9999.000,   1.300,   0.450,   1.768,   1.000,   1.468,   1.600,   2.068
202604290106,   0.016,9999.000,9999.000,9999.000,9999.000,9999.000,9999.000,9999.000,9999.000
202604290112,   0.016,9999.000,9999.000,9999.000,9999.000,9999.000,9999.000,9999.000,9999.000
202604290118,   0.017,9999.000,9999.000,9999.000,9999.000,9999.000,9999.000,9999.000,9999.000
202604290124,   0.019,9999.000,9999.000,9999.000,9999.000,9999.000,9999.000,9999.000,9999.000
202604290130,   0.022,9999.000,9999.000,9999.000,9999.000,9999.000,9999.000,9999.000,9999.000
202604290136,   0.028,9999.000,9999.000,9999.000,9999.000,9999.000,9999.000,9999.000,9999.000
202604290142,   0.034,9999.000,9999.000,9999.000,9999.000,9999.000,9999.000,9999.000,9999.000
202604290148,   0.042,9999.000,9999.000,9999.000,9999.000,9999.000,9999.000,9999.000,9999.000
202604290154,   0.052,9999.000,9999.000,9999.000,9999.000,9999.000,9999.000,9999.000,9999.000
202604290200,   0.063,9999.000,   1.300,   0.450,   1.813,   1.100,   1.613,   1.600,   2.113
202604290206,   0.075,9999.000,9999.000,9999.000,9999.000,9999.000,9999.000,9999.000,9999.000
202604290212,   0.089,9999.000,9999.000,9999.000,9999.000,9999.000,9999.000,9999.000,9999.000
202604290218,   0.104,9999.000,9999.000,9999.000,9999.000,9999.000,9999.000,9999.000,9999.000
202604290224,   0.120,9999.000,9999.000,9999.000,9999.000,9999.000,9999.000,9999.000,9999.000
202604290230,   0.138,9999.000,9999.000,9999.000,9999.000,9999.000,9999.000,9999.000,9999.000
202604290236,   0.157,9999.000,9999.000,9999.000,9999.000,9999.000,9999.000,9999.000,9999.000
202604290242,   0.177,9999.000,9999.000,9999.000,9999.000,9999.000,9999.000,9999.000,9999.000
202604290248,   0.198,9999.000,9999.000,9999.000,9999.000,9999.000,9999.000,9999.000,9999.000
202604290254,   0.221,9999.000,9999.000,9999.000,9999.000,9999.000,9999.000,9999.000,9999.000
202604290300,   0.244,9999.000,   1.300,   0.450,   1.994,   1.100,   1.794,   1.600,   2.294
202604290306,   0.268,9999.000,9999.000,9999.000,9999.000,9999.000,9999.000,9999.000,9999.000
202604290312,   0.293,9999.000,9999.000,9999.000,9999.000,9999.000,9999.000,9999.000,9999.000
202604290318,   0.319,9999.000,9999.000,9999.000,9999.000,9999.000,9999.000,9999.000,9999.000
202604290324,   0.346,9999.000,9999.000,9999.000,9999.000,9999.000,9999.000,9999.000,9999.000
202604290330,   0.373,9999.000,9999.000,9999.000,9999.000,9999.000,9999.000,9999.000,9999.000
202604290336,   0.400,9999.000,9999.000,9999.000,9999.000,9999.000,9999.000,9999.000,9999.000
202604290342,   0.428,9999.000,9999.000,9999.000,9999.000,9999.000,9999.000,9999.000,9999.000
202604290348,   0.457,9999.000,9999.000,9999.000,9999.000,9999.000,9999.000,9999.000,9999.000
202604290354,   0.485,9999.000,9999.000,9999.000,9999.000,9999.000,9999.000,9999.000,9999.000
202604290400,   0.514,9999.000,   1.300,   0.450,   2.264,   1.100,   2.064,   1.600,   2.564
202604290406,   0.543,9999.000,9999.000,9999.000,9999.000,9999.000,9999.000,9999.000,9999.000
202604290412,   0.573,9999.000,9999.000,9999.000,9999.000,9999.000,9999.000,9999.000,9999.000
202604290418,   0.602,9999.000,9999.000,9999.000,9999.000,9999.000,9999.000,9999.000,9999.000
202604290424,   0.631,9999.000,9999.000,9999.000,9999.000,9999.000,9999.000,9999.000,9999.000
202604290430,   0.660,9999.000,9999.000,9999.000,9999.000,9999.000,9999.000,9999.000,9999.000
202604290436,   0.689,9999.000,9999.000,9999.000,9999.000,9999.000,9999.000,9999.000,9999.000
202604290442,   0.718,9999.000,9999.000,9999.000,9999.000,9999.000,9999.000,9999.000,9999.000
202604290448,   0.746,9999.000,9999.000,9999.000,9999.000,9999.000,9999.000,9999.000,9999.000
202604290454,   0.774,9999.000,9999.000,9999.000,9999.000,9999.000,9999.000,9999.000,9999.000
202604290500,   0.802,9999.000,   1.300,   0.450,   2.552,   1.100,   2.352,   1.600,   2.852
202604290506,   0.830,9999.000,9999.000,9999.000,9999.000,9999.000,9999.000,9999.000,9999.000
202604290512,   0.857,9999.000,9999.000,9999.000,9999.000,9999.000,9999.000,9999.000,9999.000
202604290518,   0.883,9999.000,9999.000,9999.000,9999.000,9999.000,9999.000,9999.000,9999.000
202604290524,   0.910,9999.000,9999.000,9999.000,9999.000,9999.000,9999.000,9999.000,9999.000
202604290530,   0.935,9999.000,9999.000,9999.000,9999.000,9999.000,9999.000,9999.000,9999.000
202604290536,   0.960,9999.000,9999.000,9999.000,9999.000,9999.000,9999.000,9999.000,9999.000
202604290542,   0.984,9999.000,9999.000,9999.000,9999.000,9999.000,9999.000,9999.000,9999.000
202604290548,   1.008,9999.000,9999.000,9999.000,9999.000,9999.000,9999.000,9999.000,9999.000
202604290554,   1.030,9999.000,9999.000,9999.000,9999.000,9999.000,9999.000,9999.000,9999.000
202604290600,   1.052,9999.000,   1.300,   0.450,   2.802,   1.100,   2.602,   1.600,   3.102
202604290606,   1.073,9999.000,9999.000,9999.000,9999.000,9999.000,9999.000,9999.000,9999.000
202604290612,   1.094,9999.000,9999.000,9999.000,9999.000,9999.000,9999.000,9999.000,9999.000
202604290618,   1.113,9999.000,9999.000,9999.000,9999.000,9999.000,9999.000,9999.000,9999.000
202604290624,   1.131,9999.000,9999.000,9999.000,9999.000,9999.000,9999.000,9999.000,9999.000
202604290630,   1.148,9999.000,9999.000,9999.000,9999.000,9999.000,9999.000,9999.000,9999.000
202604290636,   1.164,9999.000,9999.000,9999.000,9999.000,9999.000,9999.000,9999.000,9999.000
202604290642,   1.178,9999.000,9999.000,9999.000,9999.000,9999.000,9999.000,9999.000,9999.000
202604290648,   1.191,9999.000,9999.000,9999.000,9999.000,9999.000,9999.000,9999.000,9999.000
202604290654,   1.203,9999.000,9999.000,9999.000,9999.000,9999.000,9999.000,9999.000,9999.000
202604290700,   1.214,9999.000,   1.300,   0.450,   2.964,   1.100,   2.764,   1.600,   3.264
202604290706,   1.223,9999.000,9999.000,9999.000,9999.000,9999.000,9999.000,9999.000,9999.000
202604290712,   1.230,9999.000,9999.000,9999.000,9999.000,9999.000,9999.000,9999.000,9999.000
202604290718,   1.236,9999.000,9999.000,9999.000,9999.000,9999.000,9999.000,9999.000,9999.000
202604290724,   1.241,9999.000,9999.000,9999.000,9999.000,9999.000,9999.000,9999.000,9999.000
202604290730,   1.244,9999.000,9999.000,9999.000,9999.000,9999.000,9999.000,9999.000,9999.000
202604290736,   1.245,9999.000,9999.000,9999.000,9999.000,9999.000,9999.000,9999.000,9999.000
202604290742,   1.244,9999.000,9999.000,9999.000,9999.000,9999.000,9999.000,9999.000,9999.000
202604290748,   1.242,9999.000,9999.000,9999.000,9999.000,9999.000,9999.000,9999.000,9999.000
202604290754,   1.238,9999.000,9999.000,9999.000,9999.000,9999.000,9999.000,9999.000,9999.000
202604290800,   1.233,9999.000,   1.300,   0.450,   2.983,   1.100,   2.783,   1.600,   3.283
202604290806,   1.226,9999.000,9999.000,9999.000,9999.000,9999.000,9999.000,9999.000,9999.000
202604290812,   1.217,9999.000,9999.000,9999.000,9999.000,9999.000,9999.000,9999.000,9999.000
202604290818,   1.207,9999.000,9999.000,9999.000,9999.000,9999.000,9999.000,9999.000,9999.000
202604290824,   1.195,9999.000,9999.000,9999.000,9999.000,9999.000,9999.000,9999.000,9999.000
202604290830,   1.181,9999.000,9999.000,9999.000,9999.000,9999.000,9999.000,9999.000,9999.000
202604290836,   1.167,9999.000,9999.000,9999.000,9999.000,9999.000,9999.000,9999.000,9999.000
202604290842,   1.150,9999.000,9999.000,9999.000,9999.000,9999.000,9999.000,9999.000,9999.000
202604290848,   1.133,9999.000,9999.000,9999.000,9999.000,9999.000,9999.000,9999.000,9999.000
202604290854,   1.114,9999.000,9999.000,9999.000,9999.000,9999.000,9999.000,9999.000,9999.000
202604290900,   1.095,9999.000,   1.300,   0.450,   2.845,   1.100,   2.645,   1.600,   3.145
202604290906,   1.074,9999.000,9999.000,9999.000,9999.000,9999.000,9999.000,9999.000,9999.000
202604290912,   1.052,9999.000,9999.000,9999.000,9999.000,9999.000,9999.000,9999.000,9999.000
202604290918,   1.029,9999.000,9999.000,9999.000,9999.000,9999.000,9999.000,9999.000,9999.000
202604290924,   1.006,9999.000,9999.000,9999.000,9999.000,9999.000,9999.000,9999.000,9999.000
202604290930,   0.982,9999.000,9999.000,9999.000,9999.000,9999.000,9999.000,9999.000,9999.000
202604290936,   0.958,9999.000,9999.000,9999.000,9999.000,9999.000,9999.000,9999.000,9999.000
202604290942,   0.932,9999.000,9999.000,9999.000,9999.000,9999.000,9999.000,9999.000,9999.000
202604290948,   0.907,9999.000,9999.000,9999.000,9999.000,9999.000,9999.000,9999.000,9999.000
202604290954,   0.881,9999.000,9999.000,9999.000,9999.000,9999.000,9999.000,9999.000,9999.000
202604291000,   0.855,9999.000,   1.300,   0.450,   2.605,   1.000,   2.305,   1.600,   2.905
202604291006,   0.829,9999.000,9999.000,9999.000,9999.000,9999.000,9999.000,9999.000,9999.000
202604291012,   0.803,9999.000,9999.000,9999.000,9999.000,9999.000,9999.000,9999.000,9999.000
202604291018,   0.777,9999.000,9999.000,9999.000,9999.000,9999.000,9999.000,9999.000,9999.000
202604291024,   0.750,9999.000,9999.000,9999.000,9999.000,9999.000,9999.000,9999.000,9999.000
202604291030,   0.724,9999.000,9999.000,9999.000,9999.000,9999.000,9999.000,9999.000,9999.000
202604291036,   0.698,9999.000,9999.000,9999.000,9999.000,9999.000,9999.000,9999.000,9999.000
202604291042,   0.673,9999.000,9999.000,9999.000,9999.000,9999.000,9999.000,9999.000,9999.000
202604291048,   0.647,9999.000,9999.000,9999.000,9999.000,9999.000,9999.000,9999.000,9999.000
202604291054,   0.622,9999.000,9999.000,9999.000,9999.000,9999.000,9999.000,9999.000,9999.000
202604291100,   0.597,9999.000,   1.300,   0.450,   2.347,   1.000,   2.047,   1.600,   2.647
202604291106,   0.572,9999.000,9999.000,9999.000,9999.000,9999.000,9999.000,9999.000,9999.000
202604291112,   0.548,9999.000,9999.000,9999.000,9999.000,9999.000,9999.000,9999.000,9999.000
202604291118,   0.524,9999.000,9999.000,9999.000,9999.000,9999.000,9999.000,9999.000,9999.000
202604291124,   0.500,9999.000,9999.000,9999.000,9999.000,9999.000,9999.000,9999.000,9999.000
202604291130,   0.477,9999.000,9999.000,9999.000,9999.000,9999.000,9999.000,9999.000,9999.000
202604291136,   0.454,9999.000,9999.000,9999.000,9999.000,9999.000,9999.000,9999.000,9999.000
202604291142,   0.432,9999.000,9999.000,9999.000,9999.000,9999.000,9999.000,9999.000,9999.000
202604291148,   0.410,9999.000,9999.000,9999.000,9999.000,9999.000,9999.000,9999.000,9999.000
202604291154,   0.389,9999.000,9999.000,9999.000,9999.000,9999.000,9999.000,9999.000,9999.000
202604291200,   0.368,9999.000,   1.300,   0.450,   2.118,   1.000,   1.818,   1.600,   2.418
202604291206,   0.348,9999.000,9999.000,9999.000,9999.000,9999.000,9999.000,9999.000,9999.000
202604291212,   0.328,9999.000,9999.000,9999.000,9999.000,9999.000,9999.000,9999.000,9999.000
202604291218,   0.309,9999.000,9999.000,9999.000,9999.000,9999.000,9999.000,9999.000,9999.000
202604291224,   0.290,9999.000,9999.000,9999.000,9999.000,9999.000,9999.000,9999.000,9999.000
202604291230,   0.272,9999.000,9999.000,9999.000,9999.000,9999.000,9999.000,9999.000,9999.000
202604291236,   0.255,9999.000,9999.000,9999.000,9999.000,9999.000,9999.000,9999.000,9999.000
202604291242,   0.238,9999.000,9999.000,9999.000,9999.000,9999.000,9999.000,9999.000,9999.000
202604291248,   0.222,9999.000,9999.000,9999.000,9999.000,9999.000,9999.000,9999.000,9999.000
202604291254,   0.207,9999.000,9999.000,9999.000,9999.000,9999.000,9999.000,9999.000,9999.000
202604291300,   0.193,9999.000,   1.200,   0.450,   1.843,   1.000,   1.643,   1.500,   2.143
202604291306,   0.180,9999.000,9999.000,9999.000,9999.000,9999.000,9999.000,9999.000,9999.000
202604291312,   0.168,9999.000,9999.000,9999.000,9999.000,9999.000,9999.000,9999.000,9999.000
202604291318,   0.156,9999.000,9999.000,9999.000,9999.000,9999.000,9999.000,9999.000,9999.000
202604291324,   0.146,9999.000,9999.000,9999.000,9999.000,9999.000,9999.000,9999.000,9999.000
202604291330,   0.137,9999.000,9999.000,9999.000,9999.000,9999.000,9999.000,9999.000,9999.000
202604291336,   0.130,9999.000,9999.000,9999.000,9999.000,9999.000,9999.000,9999.000,9999.000
202604291342,   0.123,9999.000,9999.000,9999.000,9999.000,9999.000,9999.000,9999.000,9999.000
202604291348,   0.118,9999.000,9999.000,9999.000,9999.000,9999.000,9999.000,9999.000,9999.000
202604291354,   0.114,9999.000,9999.000,9999.000,9999.000,9999.000,9999.000,9999.000,9999.000
202604291400,   0.111,9999.000,   1.200,   0.450,   1.761,   1.000,   1.561,   1.500,   2.061
202604291406,   0.110,9999.000,9999.000,9999.000,9999.000,9999.000,9999.000,9999.000,9999.000
202604291412,   0.110,9999.000,9999.000,9999.000,9999.000,9999.000,9999.000,9999.000,9999.000
202604291418,   0.111,9999.000,9999.000,9999.000,9999.000,9999.000,9999.000,9999.000,9999.000
202604291424,   0.114,9999.000,9999.000,9999.000,9999.000,9999.000,9999.000,9999.000,9999.000
202604291430,   0.118,9999.000,9999.000,9999.000,9999.000,9999.000,9999.000,9999.000,9999.000
202604291436,   0.124,9999.000,9999.000,9999.000,9999.000,9999.000,9999.000,9999.000,9999.000
202604291442,   0.131,9999.000,9999.000,9999.000,9999.000,9999.000,9999.000,9999.000,9999.000
202604291448,   0.139,9999.000,9999.000,9999.000,9999.000,9999.000,9999.000,9999.000,9999.000
202604291454,   0.149,9999.000,9999.000,9999.000,9999.000,9999.000,9999.000,9999.000,9999.000
202604291500,   0.160,9999.000,   1.200,   0.450,   1.810,   1.000,   1.610,   1.500,   2.110
202604291506,   0.172,9999.000,9999.000,9999.000,9999.000,9999.000,9999.000,9999.000,9999.000
202604291512,   0.185,9999.000,9999.000,9999.000,9999.000,9999.000,9999.000,9999.000,9999.000
202604291518,   0.199,9999.000,9999.000,9999.000,9999.000,9999.000,9999.000,9999.000,9999.000
202604291524,   0.215,9999.000,9999.000,9999.000,9999.000,9999.000,9999.000,9999.000,9999.000
202604291530,   0.231,9999.000,9999.000,9999.000,9999.000,9999.000,9999.000,9999.000,9999.000
202604291536,   0.249,9999.000,9999.000,9999.000,9999.000,9999.000,9999.000,9999.000,9999.000
202604291542,   0.267,9999.000,9999.000,9999.000,9999.000,9999.000,9999.000,9999.000,9999.000
202604291548,   0.286,9999.000,9999.000,9999.000,9999.000,9999.000,9999.000,9999.000,9999.000
202604291554,   0.306,9999.000,9999.000,9999.000,9999.000,9999.000,9999.000,9999.000,9999.000
202604291600,   0.327,9999.000,   1.200,   0.450,   1.977,   1.000,   1.777,   1.500,   2.277
202604291606,   0.348,9999.000,9999.000,9999.000,9999.000,9999.000,9999.000,9999.000,9999.000
202604291612,   0.370,9999.000,9999.000,9999.000,9999.000,9999.000,9999.000,9999.000,9999.000
202604291618,   0.392,9999.000,9999.000,9999.000,9999.000,9999.000,9999.000,9999.000,9999.000
202604291624,   0.414,9999.000,9999.000,9999.000,9999.000,9999.000,9999.000,9999.000,9999.000
202604291630,   0.437,9999.000,9999.000,9999.000,9999.000,9999.000,9999.000,9999.000,9999.000
202604291636,   0.460,9999.000,9999.000,9999.000,9999.000,9999.000,9999.000,9999.000,9999.000
202604291642,   0.484,9999.000,9999.000,9999.000,9999.000,9999.000,9999.000,9999.000,9999.000
202604291648,   0.507,9999.000,9999.000,9999.000,9999.000,9999.000,9999.000,9999.000,9999.000
202604291654,   0.530,9999.000,9999.000,9999.000,9999.000,9999.000,9999.000,9999.000,9999.000
202604291700,   0.554,9999.000,   1.200,   0.450,   2.204,   1.000,   2.004,   1.500,   2.504
202604291706,   0.577,9999.000,9999.000,9999.000,9999.000,9999.000,9999.000,9999.000,9999.000
202604291712,   0.601,9999.000,9999.000,9999.000,9999.000,9999.000,9999.000,9999.000,9999.000
202604291718,   0.624,9999.000,9999.000,9999.000,9999.000,9999.000,9999.000,9999.000,9999.000
202604291724,   0.647,9999.000,9999.000,9999.000,9999.000,9999.000,9999.000,9999.000,9999.000
202604291730,   0.670,9999.000,9999.000,9999.000,9999.000,9999.000,9999.000,9999.000,9999.000
202604291736,   0.692,9999.000,9999.000,9999.000,9999.000,9999.000,9999.000,9999.000,9999.000
202604291742,   0.714,9999.000,9999.000,9999.000,9999.000,9999.000,9999.000,9999.000,9999.000
202604291748,   0.736,9999.000,9999.000,9999.000,9999.000,9999.000,9999.000,9999.000,9999.000
202604291754,   0.757,9999.000,9999.000,9999.000,9999.000,9999.000,9999.000,9999.000,9999.000
202604291800,   0.778,9999.000,   1.200,   0.450,   2.428,   1.000,   2.228,   1.500,   2.728
202604291806,   0.798,9999.000,9999.000,9999.000,9999.000,9999.000,9999.000,9999.000,9999.000
202604291812,   0.817,9999.000,9999.000,9999.000,9999.000,9999.000,9999.000,9999.000,9999.000
202604291818,   0.836,9999.000,9999.000,9999.000,9999.000,9999.000,9999.000,9999.000,9999.000
202604291824,   0.854,9999.000,9999.000,9999.000,9999.000,9999.000,9999.000,9999.000,9999.000
202604291830,   0.872,9999.000,9999.000,9999.000,9999.000,9999.000,9999.000,9999.000,9999.000
202604291836,   0.888,9999.000,9999.000,9999.000,9999.000,9999.000,9999.000,9999.000,9999.000
202604291842,   0.904,9999.000,9999.000,9999.000,9999.000,9999.000,9999.000,9999.000,9999.000
202604291848,   0.918,9999.000,9999.000,9999.000,9999.000,9999.000,9999.000,9999.000,9999.000
202604291854,   0.931,9999.000,9999.000,9999.000,9999.000,9999.000,9999.000,9999.000,9999.000
202604291900,   0.944,9999.000,   1.200,   0.450,   2.594,   1.000,   2.394,   1.500,   2.894
202604291906,   0.955,9999.000,9999.000,9999.000,9999.000,9999.000,9999.000,9999.000,9999.000
202604291912,   0.965,9999.000,9999.000,9999.000,9999.000,9999.000,9999.000,9999.000,9999.000
202604291918,   0.973,9999.000,9999.000,9999.000,9999.000,9999.000,9999.000,9999.000,9999.000
202604291924,   0.980,9999.000,9999.000,9999.000,9999.000,9999.000,9999.000,9999.000,9999.000
202604291930,   0.986,9999.000,9999.000,9999.000,9999.000,9999.000,9999.000,9999.000,9999.000
202604291936,   0.990,9999.000,9999.000,9999.000,9999.000,9999.000,9999.000,9999.000,9999.000
202604291942,   0.993,9999.000,9999.000,9999.000,9999.000,9999.000,9999.000,9999.000,9999.000
202604291948,   0.994,9999.000,9999.000,9999.000,9999.000,9999.000,9999.000,9999.000,9999.000
202604291954,   0.994,9999.000,9999.000,9999.000,9999.000,9999.000,9999.000,9999.000,9999.000
202604292000,   0.992,9999.000,   1.200,   0.450,   2.642,   1.000,   2.442,   1.500,   2.942
202604292006,   0.988,9999.000,9999.000,9999.000,9999.000,9999.000,9999.000,9999.000,9999.000
202604292012,   0.983,9999.000,9999.000,9999.000,9999.000,9999.000,9999.000,9999.000,9999.000
202604292018,   0.976,9999.000,9999.000,9999.000,9999.000,9999.000,9999.000,9999.000,9999.000
202604292024,   0.967,9999.000,9999.000,9999.000,9999.000,9999.000,9999.000,9999.000,9999.000
202604292030,   0.957,9999.000,9999.000,9999.000,9999.000,9999.000,9999.000,9999.000,9999.000
202604292036,   0.945,9999.000,9999.000,9999.000,9999.000,9999.000,9999.000,9999.000,9999.000
202604292042,   0.932,9999.000,9999.000,9999.000,9999.000,9999.000,9999.000,9999.000,9999.000
202604292048,   0.917,9999.000,9999.000,9999.000,9999.000,9999.000,9999.000,9999.000,9999.000
202604292054,   0.901,9999.000,9999.000,9999.000,9999.000,9999.000,9999.000,9999.000,9999.000
202604292100,   0.883,9999.000,   1.300,   0.450,   2.633,   1.000,   2.333,   1.500,   2.833
202604292106,   0.864,9999.000,9999.000,9999.000,9999.000,9999.000,9999.000,9999.000,9999.000
202604292112,   0.844,9999.000,9999.000,9999.000,9999.000,9999.000,9999.000,9999.000,9999.000
202604292118,   0.823,9999.000,9999.000,9999.000,9999.000,9999.000,9999.000,9999.000,9999.000
202604292124,   0.800,9999.000,9999.000,9999.000,9999.000,9999.000,9999.000,9999.000,9999.000
202604292130,   0.777,9999.000,9999.000,9999.000,9999.000,9999.000,9999.000,9999.000,9999.000
202604292136,   0.753,9999.000,9999.000,9999.000,9999.000,9999.000,9999.000,9999.000,9999.000
202604292142,   0.729,9999.000,9999.000,9999.000,9999.000,9999.000,9999.000,9999.000,9999.000
202604292148,   0.703,9999.000,9999.000,9999.000,9999.000,9999.000,9999.000,9999.000,9999.000
202604292154,   0.678,9999.000,9999.000,9999.000,9999.000,9999.000,9999.000,9999.000,9999.000
202604292200,   0.651,9999.000,   1.300,   0.450,   2.401,   1.000,   2.101,   1.500,   2.601
202604292206,   0.625,9999.000,9999.000,9999.000,9999.000,9999.000,9999.000,9999.000,9999.000
202604292212,   0.598,9999.000,9999.000,9999.000,9999.000,9999.000,9999.000,9999.000,9999.000
202604292218,   0.572,9999.000,9999.000,9999.000,9999.000,9999.000,9999.000,9999.000,9999.000
202604292224,   0.545,9999.000,9999.000,9999.000,9999.000,9999.000,9999.000,9999.000,9999.000
202604292230,   0.518,9999.000,9999.000,9999.000,9999.000,9999.000,9999.000,9999.000,9999.000
202604292236,   0.492,9999.000,9999.000,9999.000,9999.000,9999.000,9999.000,9999.000,9999.000
202604292242,   0.466,9999.000,9999.000,9999.000,9999.000,9999.000,9999.000,9999.000,9999.000
202604292248,   0.440,9999.000,9999.000,9999.000,9999.000,9999.000,9999.000,9999.000,9999.000
202604292254,   0.414,9999.000,9999.000,9999.000,9999.000,9999.000,9999.000,9999.000,9999.000
202604292300,   0.389,9999.000,   1.300,   0.450,   2.139,   1.000,   1.839,   1.500,   2.339
202604292306,   0.365,9999.000,9999.000,9999.000,9999.000,9999.000,9999.000,9999.000,9999.000
202604292312,   0.341,9999.000,9999.000,9999.000,9999.000,9999.000,9999.000,9999.000,9999.000
202604292318,   0.318,9999.000,9999.000,9999.000,9999.000,9999.000,9999.000,9999.000,9999.000
202604292324,   0.295,9999.000,9999.000,9999.000,9999.000,9999.000,9999.000,9999.000,9999.000
202604292330,   0.273,9999.000,9999.000,9999.000,9999.000,9999.000,9999.000,9999.000,9999.000
202604292336,   0.251,9999.000,9999.000,9999.000,9999.000,9999.000,9999.000,9999.000,9999.000
202604292342,   0.231,9999.000,9999.000,9999.000,9999.000,9999.000,9999.000,9999.000,9999.000
202604292348,   0.211,9999.000,9999.000,9999.000,9999.000,9999.000,9999.000,9999.000,9999.000
202604292354,   0.192,9999.000,9999.000,9999.000,9999.000,9999.000,9999.000,9999.000,9999.000
202604300000,   0.174,9999.000,   1.300,   0.450,   1.924,   1.100,   1.724,   1.500,   2.124
202604300006,   0.156,9999.000,9999.000,9999.000,9999.000,9999.000,9999.000,9999.000,9999.000
202604300012,   0.139,9999.000,9999.000,9999.000,9999.000,9999.000,9999.000,9999.000,9999.000
202604300018,   0.123,9999.000,9999.000,9999.000,9999.000,9999.000,9999.000,9999.000,9999.000
202604300024,   0.108,9999.000,9999.000,9999.000,9999.000,9999.000,9999.000,9999.000,9999.000
202604300030,   0.094,9999.000,9999.000,9999.000,9999.000,9999.000,9999.000,9999.000,9999.000
202604300036,   0.081,9999.000,9999.000,9999.000,9999.000,9999.000,9999.000,9999.000,9999.000
202604300042,   0.068,9999.000,9999.000,9999.000,9999.000,9999.000,9999.000,9999.000,9999.000
202604300048,   0.057,9999.000,9999.000,9999.000,9999.000,9999.000,9999.000,9999.000,9999.000
202604300054,   0.047,9999.000,9999.000,9999.000,9999.000,9999.000,9999.000,9999.000,9999.000
202604300100,   0.037,9999.000,   1.300,   0.450,   1.787,   1.000,   1.487,   1.500,   1.987
202604300106,   0.029,9999.000,9999.000,9999.000,9999.000,9999.000,9999.000,9999.000,9999.000
202604300112,   0.021,9999.000,9999.000,9999.000,9999.000,9999.000,9999.000,9999.000,9999.000
202604300118,   0.015,9999.000,9999.000,9999.000,9999.000,9999.000,9999.000,9999.000,9999.000
202604300124,   0.010,9999.000,9999.000,9999.000,9999.000,9999.000,9999.000,9999.000,9999.000
202604300130,   0.006,9999.000,9999.000,9999.000,9999.000,9999.000,9999.000,9999.000,9999.000
202604300136,   0.003,9999.000,9999.000,9999.000,9999.000,9999.000,9999.000,9999.000,9999.000
202604300142,   0.001,9999.000,9999.000,9999.000,9999.000,9999.000,9999.000,9999.000,9999.000
202604300148,   0.001,9999.000,9999.000,9999.000,9999.000,9999.000,9999.000,9999.000,9999.000
202604300154,   0.002,9999.000,9999.000,9999.000,9999.000,9999.000,9999.000,9999.000,9999.000
202604300200,   0.004,9999.000,   1.300,   0.450,   1.754,   1.000,   1.454,   1.500,   1.954
202604300206,   0.008,9999.000,9999.000,9999.000,9999.000,9999.000,9999.000,9999.000,9999.000
202604300212,   0.013,9999.000,9999.000,9999.000,9999.000,9999.000,9999.000,9999.000,9999.000
202604300218,   0.019,9999.000,9999.000,9999.000,9999.000,9999.000,9999.000,9999.000,9999.000
202604300224,   0.027,9999.000,9999.000,9999.000,9999.000,9999.000,9999.000,9999.000,9999.000
202604300230,   0.037,9999.000,9999.000,9999.000,9999.000,9999.000,9999.000,9999.000,9999.000
202604300236,   0.048,9999.000,9999.000,9999.000,9999.000,9999.000,9999.000,9999.000,9999.000
202604300242,   0.060,9999.000,9999.000,9999.000,9999.000,9999.000,9999.000,9999.000,9999.000
202604300248,   0.073,9999.000,9999.000,9999.000,9999.000,9999.000,9999.000,9999.000,9999.000
202604300254,   0.088,9999.000,9999.000,9999.000,9999.000,9999.000,9999.000,9999.000,9999.000
202604300300,   0.105,9999.000,   1.300,   0.450,   1.855,   1.000,   1.555,   1.500,   2.055
202604300306,   0.123,9999.000,9999.000,9999.000,9999.000,9999.000,9999.000,9999.000,9999.000
202604300312,   0.142,9999.000,9999.000,9999.000,9999.000,9999.000,9999.000,9999.000,9999.000
202604300318,   0.162,9999.000,9999.000,9999.000,9999.000,9999.000,9999.000,9999.000,9999.000
202604300324,   0.183,9999.000,9999.000,9999.000,9999.000,9999.000,9999.000,9999.000,9999.000
202604300330,   0.206,9999.000,9999.000,9999.000,9999.000,9999.000,9999.000,9999.000,9999.000
202604300336,   0.230,9999.000,9999.000,9999.000,9999.000,9999.000,9999.000,9999.000,9999.000
202604300342,   0.254,9999.000,9999.000,9999.000,9999.000,9999.000,9999.000,9999.000,9999.000
202604300348,   0.280,9999.000,9999.000,9999.000,9999.000,9999.000,9999.000,9999.000,9999.000
202604300354,   0.306,9999.000,9999.000,9999.000,9999.000,9999.000,9999.000,9999.000,9999.000
202604300400,   0.333,9999.000,   1.300,   0.450,   2.083,   1.000,   1.783,   1.500,   2.283
202604300406,   0.361,9999.000,9999.000,9999.000,9999.000,9999.000,9999.000,9999.000,9999.000
202604300412,   0.390,9999.000,9999.000,9999.000,9999.000,9999.000,9999.000,9999.000,9999.000
202604300418,   0.419,9999.000,9999.000,9999.000,9999.000,9999.000,9999.000,9999.000,9999.000
202604300424,   0.448,9999.000,9999.000,9999.000,9999.000,9999.000,9999.000,9999.000,9999.000
202604300430,   0.478,9999.000,9999.000,9999.000,9999.000,9999.000,9999.000,9999.000,9999.000
202604300436,   0.508,9999.000,9999.000,9999.000,9999.000,9999.000,9999.000,9999.000,9999.000
202604300442,   0.539,9999.000,9999.000,9999.000,9999.000,9999.000,9999.000,9999.000,9999.000
202604300448,   0.569,9999.000,9999.000,9999.000,9999.000,9999.000,9999.000,9999.000,9999.000
202604300454,   0.600,9999.000,9999.000,9999.000,9999.000,9999.000,9999.000,9999.000,9999.000
202604300500,   0.630,9999.000,   1.300,   0.450,   2.380,   1.000,   2.080,   1.600,   2.680
202604300506,   0.661,9999.000,9999.000,9999.000,9999.000,9999.000,9999.000,9999.000,9999.000
202604300512,   0.691,9999.000,9999.000,9999.000,9999.000,9999.000,9999.000,9999.000,9999.000
202604300518,   0.721,9999.000,9999.000,9999.000,9999.000,9999.000,9999.000,9999.000,9999.000
202604300524,   0.751,9999.000,9999.000,9999.000,9999.000,9999.000,9999.000,9999.000,9999.000
202604300530,   0.780,9999.000,9999.000,9999.000,9999.000,9999.000,9999.000,9999.000,9999.000
202604300536,   0.810,9999.000,9999.000,9999.000,9999.000,9999.000,9999.000,9999.000,9999.000
202604300542,   0.838,9999.000,9999.000,9999.000,9999.000,9999.000,9999.000,9999.000,9999.000
202604300548,   0.867,9999.000,9999.000,9999.000,9999.000,9999.000,9999.000,9999.000,9999.000
202604300554,   0.894,9999.000,9999.000,9999.000,9999.000,9999.000,9999.000,9999.000,9999.000
202604300600,   0.922,9999.000,   1.300,   0.450,   2.672,   1.000,   2.372,   1.500,   2.872
