        TIME,    TIDE,      OB,   SURGE,    BIAS,     TWL,SURGE90p,  TWL90p,SURGE10p,   TWL10p
202605071800,   1.409,   1.580,   0.200,  -0.029,   1.580,   0.200,   1.580,   0.200,   1.580
202605071806,   1.413,9999.000,9999.000,9999.000,9999.000,9999.000,9999.000,9999.000,9999.000
202605071812,   1.415,   1.600,9999.000,9999.000,9999.000,9999.000,9999.000,9999.000,9999.000
202605071818,   1.416,9999.000,9999.000,9999.000,9999.000,9999.000,9999.000,9999.000,9999.000
202605071824,   1.417,   1.580,9999.000,9999.000,9999.000,9999.000,9999.000,9999.000,9999.000
202605071830,   1.416,9999.000,9999.000,9999.000,9999.000,9999.000,9999.000,9999.000,9999.000
202605071836,   1.414,   1.557,9999.000,9999.000,9999.000,9999.000,9999.000,9999.000,9999.000
202605071842,   1.412,9999.000,9999.000,9999.000,9999.000,9999.000,9999.000,9999.000,9999.000
202605071848,   1.409,   1.538,9999.000,9999.000,9999.000,9999.000,9999.000,9999.000,9999.000
202605071854,   1.405,9999.000,9999.000,9999.000,9999.000,9999.000,9999.000,9999.000,9999.000
202605071900,   1.400,   1.518,   0.200,  -0.082,   1.518,   0.200,   1.518,   0.200,   1.518
202605071906,   1.393,   1.508,9999.000,9999.000,9999.000,9999.000,9999.000,9999.000,9999.000
202605071912,   1.386,   1.518,9999.000,9999.000,9999.000,9999.000,9999.000,9999.000,9999.000
202605071918,   1.378,   1.489,9999.000,9999.000,9999.000,9999.000,9999.000,9999.000,9999.000
202605071924,   1.369,   1.479,9999.000,9999.000,9999.000,9999.000,9999.000,9999.000,9999.000
202605071930,   1.358,   1.459,9999.000,9999.000,9999.000,9999.000,9999.000,9999.000,9999.000
202605071936,   1.346,   1.439,9999.000,9999.000,9999.000,9999.000,9999.000,9999.000,9999.000
202605071942,   1.333,   1.420,9999.000,9999.000,9999.000,9999.000,9999.000,9999.000,9999.000
202605071948,   1.318,   1.400,9999.000,9999.000,9999.000,9999.000,9999.000,9999.000,9999.000
202605071954,   1.301,   1.380,9999.000,9999.000,9999.000,9999.000,9999.000,9999.000,9999.000
202605072000,   1.283,   1.371,   0.200,  -0.112,   1.371,   0.200,   1.371,   0.200,   1.371
202605072006,   1.263,   1.318,9999.000,9999.000,9999.000,9999.000,9999.000,9999.000,9999.000
202605072012,   1.241,   1.289,9999.000,9999.000,9999.000,9999.000,9999.000,9999.000,9999.000
202605072018,   1.218,   1.259,9999.000,9999.000,9999.000,9999.000,9999.000,9999.000,9999.000
202605072024,   1.192,   1.220,9999.000,9999.000,9999.000,9999.000,9999.000,9999.000,9999.000
202605072030,   1.165,   1.200,9999.000,9999.000,9999.000,9999.000,9999.000,9999.000,9999.000
202605072036,   1.137,   1.151,9999.000,9999.000,9999.000,9999.000,9999.000,9999.000,9999.000
202605072042,   1.106,   1.098,9999.000,9999.000,9999.000,9999.000,9999.000,9999.000,9999.000
202605072048,   1.074,   1.069,9999.000,9999.000,9999.000,9999.000,9999.000,9999.000,9999.000
202605072054,   1.040,   1.020,9999.000,9999.000,9999.000,9999.000,9999.000,9999.000,9999.000
202605072100,   1.005,   0.980,   0.200,  -0.225,   0.980,   0.200,   0.980,   0.200,   0.980
202605072106,   0.969,   0.941,9999.000,9999.000,9999.000,9999.000,9999.000,9999.000,9999.000
202605072112,   0.931,   0.898,9999.000,9999.000,9999.000,9999.000,9999.000,9999.000,9999.000
202605072118,   0.892,   0.839,9999.000,9999.000,9999.000,9999.000,9999.000,9999.000,9999.000
202605072124,   0.852,   0.790,9999.000,9999.000,9999.000,9999.000,9999.000,9999.000,9999.000
202605072130,   0.811,   0.760,9999.000,9999.000,9999.000,9999.000,9999.000,9999.000,9999.000
202605072136,   0.770,   0.698,9999.000,9999.000,9999.000,9999.000,9999.000,9999.000,9999.000
202605072142,   0.728,   0.659,9999.000,9999.000,9999.000,9999.000,9999.000,9999.000,9999.000
202605072148,   0.685,   0.629,9999.000,9999.000,9999.000,9999.000,9999.000,9999.000,9999.000
202605072154,   0.643,   0.590,9999.000,9999.000,9999.000,9999.000,9999.000,9999.000,9999.000
202605072200,   0.600,   0.551,   0.200,  -0.249,   0.551,   0.200,   0.551,   0.200,   0.551
202605072206,   0.557,   0.508,9999.000,9999.000,9999.000,9999.000,9999.000,9999.000,9999.000
202605072212,   0.515,   0.459,9999.000,9999.000,9999.000,9999.000,9999.000,9999.000,9999.000
202605072218,   0.473,   0.409,9999.000,9999.000,9999.000,9999.000,9999.000,9999.000,9999.000
202605072224,   0.432,   0.370,9999.000,9999.000,9999.000,9999.000,9999.000,9999.000,9999.000
202605072230,   0.392,   0.341,9999.000,9999.000,9999.000,9999.000,9999.000,9999.000,9999.000
202605072236,   0.353,   0.321,9999.000,9999.000,9999.000,9999.000,9999.000,9999.000,9999.000
202605072242,   0.315,   0.288,9999.000,9999.000,9999.000,9999.000,9999.000,9999.000,9999.000
202605072248,   0.279,   0.268,9999.000,9999.000,9999.000,9999.000,9999.000,9999.000,9999.000
202605072254,   0.244,   0.249,9999.000,9999.000,9999.000,9999.000,9999.000,9999.000,9999.000
202605072300,   0.211,   0.229,   0.200,  -0.182,   0.229,   0.200,   0.229,   0.200,   0.229
202605072306,   0.180,   0.219,9999.000,9999.000,9999.000,9999.000,9999.000,9999.000,9999.000
202605072312,   0.151,   0.200,9999.000,9999.000,9999.000,9999.000,9999.000,9999.000,9999.000
202605072318,   0.124,   0.180,9999.000,9999.000,9999.000,9999.000,9999.000,9999.000,9999.000
202605072324,   0.100,   0.170,9999.000,9999.000,9999.000,9999.000,9999.000,9999.000,9999.000
202605072330,   0.078,   0.160,9999.000,9999.000,9999.000,9999.000,9999.000,9999.000,9999.000
202605072336,   0.059,   0.141,9999.000,9999.000,9999.000,9999.000,9999.000,9999.000,9999.000
202605072342,   0.043,   0.131,9999.000,9999.000,9999.000,9999.000,9999.000,9999.000,9999.000
202605072348,   0.029,   0.121,9999.000,9999.000,9999.000,9999.000,9999.000,9999.000,9999.000
202605072354,   0.017,   0.121,9999.000,9999.000,9999.000,9999.000,9999.000,9999.000,9999.000
202605080000,   0.009,   0.111,   0.100,   0.002,   0.111,   0.100,   0.111,   0.200,   0.211
202605080006,   0.003,   0.098,9999.000,9999.000,9999.000,9999.000,9999.000,9999.000,9999.000
202605080012,   0.000,   0.088,9999.000,9999.000,9999.000,9999.000,9999.000,9999.000,9999.000
202605080018,  -0.001,   0.088,9999.000,9999.000,9999.000,9999.000,9999.000,9999.000,9999.000
202605080024,   0.000,   0.098,9999.000,9999.000,9999.000,9999.000,9999.000,9999.000,9999.000
202605080030,   0.004,   0.098,9999.000,9999.000,9999.000,9999.000,9999.000,9999.000,9999.000
202605080036,   0.009,   0.098,9999.000,9999.000,9999.000,9999.000,9999.000,9999.000,9999.000
202605080042,   0.017,   0.098,9999.000,9999.000,9999.000,9999.000,9999.000,9999.000,9999.000
202605080048,   0.027,   0.098,9999.000,9999.000,9999.000,9999.000,9999.000,9999.000,9999.000
202605080054,   0.038,   0.111,9999.000,9999.000,9999.000,9999.000,9999.000,9999.000,9999.000
202605080100,   0.051,   0.121,   0.100,  -0.030,   0.121,   0.100,   0.121,   0.200,   0.221
202605080106,   0.065,   0.131,9999.000,9999.000,9999.000,9999.000,9999.000,9999.000,9999.000
202605080112,   0.081,   0.141,9999.000,9999.000,9999.000,9999.000,9999.000,9999.000,9999.000
202605080118,   0.098,   0.141,9999.000,9999.000,9999.000,9999.000,9999.000,9999.000,9999.000
202605080124,   0.116,   0.150,9999.000,9999.000,9999.000,9999.000,9999.000,9999.000,9999.000
202605080130,   0.135,   0.170,9999.000,9999.000,9999.000,9999.000,9999.000,9999.000,9999.000
202605080136,   0.155,   0.190,9999.000,9999.000,9999.000,9999.000,9999.000,9999.000,9999.000
202605080142,   0.175,   0.209,9999.000,9999.000,9999.000,9999.000,9999.000,9999.000,9999.000
202605080148,   0.197,   0.229,9999.000,9999.000,9999.000,9999.000,9999.000,9999.000,9999.000
202605080154,   0.220,   0.249,9999.000,9999.000,9999.000,9999.000,9999.000,9999.000,9999.000
202605080200,   0.243,   0.268,   0.100,  -0.075,   0.268,   0.100,   0.268,   0.200,   0.368
202605080206,   0.268,   0.308,9999.000,9999.000,9999.000,9999.000,9999.000,9999.000,9999.000
202605080212,   0.294,   0.341,9999.000,9999.000,9999.000,9999.000,9999.000,9999.000,9999.000
202605080218,   0.321,   0.350,9999.000,9999.000,9999.000,9999.000,9999.000,9999.000,9999.000
202605080224,   0.349,   0.390,9999.000,9999.000,9999.000,9999.000,9999.000,9999.000,9999.000
202605080230,   0.379,   0.419,9999.000,9999.000,9999.000,9999.000,9999.000,9999.000,9999.000
202605080236,   0.410,   0.469,9999.000,9999.000,9999.000,9999.000,9999.000,9999.000,9999.000
202605080242,   0.442,   0.508,9999.000,9999.000,9999.000,9999.000,9999.000,9999.000,9999.000
202605080248,   0.477,   0.560,9999.000,9999.000,9999.000,9999.000,9999.000,9999.000,9999.000
202605080254,   0.512,   0.600,9999.000,9999.000,9999.000,9999.000,9999.000,9999.000,9999.000
202605080300,   0.550,   0.659,   0.100,   0.009,   0.659,   0.100,   0.659,   0.100,   0.659
202605080306,   0.589,   0.718,9999.000,9999.000,9999.000,9999.000,9999.000,9999.000,9999.000
202605080312,   0.629,   0.780,9999.000,9999.000,9999.000,9999.000,9999.000,9999.000,9999.000
202605080318,   0.671,   0.829,9999.000,9999.000,9999.000,9999.000,9999.000,9999.000,9999.000
202605080324,   0.715,   0.888,9999.000,9999.000,9999.000,9999.000,9999.000,9999.000,9999.000
202605080330,   0.759,   0.941,9999.000,9999.000,9999.000,9999.000,9999.000,9999.000,9999.000
202605080336,   0.805,   0.990,9999.000,9999.000,9999.000,9999.000,9999.000,9999.000,9999.000
202605080342,   0.851,   1.029,9999.000,9999.000,9999.000,9999.000,9999.000,9999.000,9999.000
202605080348,   0.898,   1.088,9999.000,9999.000,9999.000,9999.000,9999.000,9999.000,9999.000
202605080354,   0.946,   1.151,9999.000,9999.000,9999.000,9999.000,9999.000,9999.000,9999.000
202605080400,   0.993,   1.180,   0.100,   0.087,   1.180,   0.100,   1.180,   0.100,   1.180
202605080406,   1.041,   1.220,9999.000,9999.000,9999.000,9999.000,9999.000,9999.000,9999.000
202605080412,   1.087,   1.249,9999.000,9999.000,9999.000,9999.000,9999.000,9999.000,9999.000
202605080418,   1.133,   1.308,9999.000,9999.000,9999.000,9999.000,9999.000,9999.000,9999.000
202605080424,   1.178,   1.348,9999.000,9999.000,9999.000,9999.000,9999.000,9999.000,9999.000
202605080430,   1.221,   1.380,9999.000,9999.000,9999.000,9999.000,9999.000,9999.000,9999.000
202605080436,   1.262,   1.410,9999.000,9999.000,9999.000,9999.000,9999.000,9999.000,9999.000
202605080442,   1.302,   1.439,9999.000,9999.000,9999.000,9999.000,9999.000,9999.000,9999.000
202605080448,   1.339,   1.459,9999.000,9999.000,9999.000,9999.000,9999.000,9999.000,9999.000
202605080454,   1.373,   1.498,9999.000,9999.000,9999.000,9999.000,9999.000,9999.000,9999.000
202605080500,   1.406,   1.518,   0.100,   0.012,   1.518,   0.100,   1.518,   0.100,   1.518
202605080506,   1.435,   1.528,9999.000,9999.000,9999.000,9999.000,9999.000,9999.000,9999.000
202605080512,   1.462,   1.548,9999.000,9999.000,9999.000,9999.000,9999.000,9999.000,9999.000
202605080518,   1.485,   1.571,9999.000,9999.000,9999.000,9999.000,9999.000,9999.000,9999.000
202605080524,   1.506,   1.590,9999.000,9999.000,9999.000,9999.000,9999.000,9999.000,9999.000
202605080530,   1.525,   1.590,9999.000,9999.000,9999.000,9999.000,9999.000,9999.000,9999.000
202605080536,   1.540,   1.610,9999.000,9999.000,9999.000,9999.000,9999.000,9999.000,9999.000
202605080542,   1.553,   1.620,9999.000,9999.000,9999.000,9999.000,9999.000,9999.000,9999.000
202605080548,   1.564,   1.620,9999.000,9999.000,9999.000,9999.000,9999.000,9999.000,9999.000
202605080554,   1.572,   1.639,9999.000,9999.000,9999.000,9999.000,9999.000,9999.000,9999.000
202605080600,   1.578,   1.659,   0.000,   0.081,   1.659,   0.000,   1.659,   0.100,   1.759
202605080606,   1.582,   1.649,9999.000,9999.000,9999.000,9999.000,9999.000,9999.000,9999.000
202605080612,   1.585,   1.669,9999.000,9999.000,9999.000,9999.000,9999.000,9999.000,9999.000
202605080618,   1.586,   1.679,9999.000,9999.000,9999.000,9999.000,9999.000,9999.000,9999.000
202605080624,   1.586,   1.689,9999.000,9999.000,9999.000,9999.000,9999.000,9999.000,9999.000
202605080630,   1.584,   1.689,9999.000,9999.000,9999.000,9999.000,9999.000,9999.000,9999.000
202605080636,   1.582,   1.699,9999.000,9999.000,9999.000,9999.000,9999.000,9999.000,9999.000
202605080642,   1.579,   1.699,9999.000,9999.000,9999.000,9999.000,9999.000,9999.000,9999.000
202605080648,   1.575,   1.699,9999.000,9999.000,9999.000,9999.000,9999.000,9999.000,9999.000
202605080654,   1.571,   1.699,9999.000,9999.000,9999.000,9999.000,9999.000,9999.000,9999.000
202605080700,   1.566,   1.708,   0.000,   0.142,   1.708,   0.000,   1.708,   0.100,   1.808
202605080706,   1.561,   1.708,9999.000,9999.000,9999.000,9999.000,9999.000,9999.000,9999.000
202605080712,   1.555,   1.708,9999.000,9999.000,9999.000,9999.000,9999.000,9999.000,9999.000
202605080718,   1.549,   1.708,9999.000,9999.000,9999.000,9999.000,9999.000,9999.000,9999.000
202605080724,   1.543,   1.708,9999.000,9999.000,9999.000,9999.000,9999.000,9999.000,9999.000
202605080730,   1.536,   1.708,9999.000,9999.000,9999.000,9999.000,9999.000,9999.000,9999.000
202605080736,   1.529,   1.708,9999.000,9999.000,9999.000,9999.000,9999.000,9999.000,9999.000
202605080742,   1.521,   1.708,9999.000,9999.000,9999.000,9999.000,9999.000,9999.000,9999.000
202605080748,   1.513,   1.708,9999.000,9999.000,9999.000,9999.000,9999.000,9999.000,9999.000
202605080754,   1.504,   1.708,9999.000,9999.000,9999.000,9999.000,9999.000,9999.000,9999.000
202605080800,   1.494,   1.699,   0.000,   0.205,   1.699,   0.000,   1.699,   0.000,   1.699
202605080806,   1.483,   1.699,9999.000,9999.000,9999.000,9999.000,9999.000,9999.000,9999.000
202605080812,   1.471,   1.689,9999.000,9999.000,9999.000,9999.000,9999.000,9999.000,9999.000
202605080818,   1.458,   1.679,9999.000,9999.000,9999.000,9999.000,9999.000,9999.000,9999.000
202605080824,   1.444,   1.679,9999.000,9999.000,9999.000,9999.000,9999.000,9999.000,9999.000
202605080830,   1.428,   1.669,9999.000,9999.000,9999.000,9999.000,9999.000,9999.000,9999.000
202605080836,   1.412,   1.649,9999.000,9999.000,9999.000,9999.000,9999.000,9999.000,9999.000
202605080842,   1.393,   1.630,9999.000,9999.000,9999.000,9999.000,9999.000,9999.000,9999.000
202605080848,   1.374,   1.620,9999.000,9999.000,9999.000,9999.000,9999.000,9999.000,9999.000
202605080854,   1.353,   1.590,9999.000,9999.000,9999.000,9999.000,9999.000,9999.000,9999.000
202605080900,   1.330,   1.571,   0.000,   0.241,   1.571,   0.000,   1.571,   0.000,   1.571
202605080906,   1.306,   1.538,9999.000,9999.000,9999.000,9999.000,9999.000,9999.000,9999.000
202605080912,   1.280,   1.508,9999.000,9999.000,9999.000,9999.000,9999.000,9999.000,9999.000
202605080918,   1.253,   1.479,9999.000,9999.000,9999.000,9999.000,9999.000,9999.000,9999.000
202605080924,   1.225,   1.439,9999.000,9999.000,9999.000,9999.000,9999.000,9999.000,9999.000
202605080930,   1.195,   1.410,9999.000,9999.000,9999.000,9999.000,9999.000,9999.000,9999.000
202605080936,   1.164,   1.371,9999.000,9999.000,9999.000,9999.000,9999.000,9999.000,9999.000
202605080942,   1.132,   1.328,9999.000,9999.000,9999.000,9999.000,9999.000,9999.000,9999.000
202605080948,   1.098,   1.279,9999.000,9999.000,9999.000,9999.000,9999.000,9999.000,9999.000
202605080954,   1.064,   1.239,9999.000,9999.000,9999.000,9999.000,9999.000,9999.000,9999.000
202605081000,   1.028,   1.190,   0.000,   0.162,   1.190,   0.000,   1.190,   0.000,   1.190
202605081006,   0.992,   1.151,9999.000,9999.000,9999.000,9999.000,9999.000,9999.000,9999.000
202605081012,   0.955,   1.108,9999.000,9999.000,9999.000,9999.000,9999.000,9999.000,9999.000
202605081018,   0.917,   1.049,9999.000,9999.000,9999.000,9999.000,9999.000,9999.000,9999.000
202605081024,   0.879,   0.990,9999.000,9999.000,9999.000,9999.000,9999.000,9999.000,9999.000
202605081030,   0.840,   0.951,9999.000,9999.000,9999.000,9999.000,9999.000,9999.000,9999.000
202605081036,   0.801,   0.908,9999.000,9999.000,9999.000,9999.000,9999.000,9999.000,9999.000
202605081042,   0.762,   0.869,9999.000,9999.000,9999.000,9999.000,9999.000,9999.000,9999.000
202605081048,   0.723,   0.829,9999.000,9999.000,9999.000,9999.000,9999.000,9999.000,9999.000
202605081054,   0.685,   0.790,9999.000,9999.000,9999.000,9999.000,9999.000,9999.000,9999.000
202605081100,   0.646,   0.751,   0.000,   0.105,   0.751,   0.000,   0.751,   0.000,   0.751
202605081106,   0.608,   0.708,9999.000,9999.000,9999.000,9999.000,9999.000,9999.000,9999.000
202605081112,   0.571,   0.669,9999.000,9999.000,9999.000,9999.000,9999.000,9999.000,9999.000
202605081118,   0.535,   0.629,9999.000,9999.000,9999.000,9999.000,9999.000,9999.000,9999.000
202605081124,   0.500,   0.590,9999.000,9999.000,9999.000,9999.000,9999.000,9999.000,9999.000
202605081130,   0.466,   0.551,9999.000,9999.000,9999.000,9999.000,9999.000,9999.000,9999.000
202605081136,   0.433,   0.508,9999.000,9999.000,9999.000,9999.000,9999.000,9999.000,9999.000
202605081142,   0.401,   0.478,9999.000,9999.000,9999.000,9999.000,9999.000,9999.000,9999.000
202605081148,   0.372,   0.449,9999.000,9999.000,9999.000,9999.000,9999.000,9999.000,9999.000
202605081154,   0.344,   0.429,9999.000,9999.000,9999.000,9999.000,9999.000,9999.000,9999.000
202605081200,   0.317,   0.400,   0.100,  -0.017,   0.400,   0.100,   0.400,   0.100,   0.400
202605081206,   0.293,   0.370,9999.000,9999.000,9999.000,9999.000,9999.000,9999.000,9999.000
202605081212,   0.270,   0.350,9999.000,9999.000,9999.000,9999.000,9999.000,9999.000,9999.000
202605081218,   0.250,   0.341,9999.000,9999.000,9999.000,9999.000,9999.000,9999.000,9999.000
202605081224,   0.231,   0.331,9999.000,9999.000,9999.000,9999.000,9999.000,9999.000,9999.000
202605081230,   0.214,   0.308,9999.000,9999.000,9999.000,9999.000,9999.000,9999.000,9999.000
202605081236,   0.200,   0.298,9999.000,9999.000,9999.000,9999.000,9999.000,9999.000,9999.000
202605081242,   0.187,   0.288,9999.000,9999.000,9999.000,9999.000,9999.000,9999.000,9999.000
202605081248,   0.176,   0.298,9999.000,9999.000,9999.000,9999.000,9999.000,9999.000,9999.000
202605081254,   0.167,   0.288,9999.000,9999.000,9999.000,9999.000,9999.000,9999.000,9999.000
202605081300,   0.159,   0.278,   0.100,   0.019,   0.278,   0.100,   0.278,   0.100,   0.278
202605081306,   0.153,   0.278,9999.000,9999.000,9999.000,9999.000,9999.000,9999.000,9999.000
202605081312,   0.149,   0.278,9999.000,9999.000,9999.000,9999.000,9999.000,9999.000,9999.000
202605081318,   0.146,   0.278,9999.000,9999.000,9999.000,9999.000,9999.000,9999.000,9999.000
202605081324,   0.144,   0.278,9999.000,9999.000,9999.000,9999.000,9999.000,9999.000,9999.000
202605081330,   0.144,   0.278,9999.000,9999.000,9999.000,9999.000,9999.000,9999.000,9999.000
202605081336,   0.144,   0.278,9999.000,9999.000,9999.000,9999.000,9999.000,9999.000,9999.000
202605081342,   0.146,   0.278,9999.000,9999.000,9999.000,9999.000,9999.000,9999.000,9999.000
202605081348,   0.149,   0.278,9999.000,9999.000,9999.000,9999.000,9999.000,9999.000,9999.000
202605081354,   0.152,   0.288,9999.000,9999.000,9999.000,9999.000,9999.000,9999.000,9999.000
202605081400,   0.157,   0.288,   0.100,   0.031,   0.288,   0.100,   0.288,   0.100,   0.288
202605081406,   0.163,   0.298,9999.000,9999.000,9999.000,9999.000,9999.000,9999.000,9999.000
202605081412,   0.170,   0.321,9999.000,9999.000,9999.000,9999.000,9999.000,9999.000,9999.000
202605081418,   0.178,   0.321,9999.000,9999.000,9999.000,9999.000,9999.000,9999.000,9999.000
202605081424,   0.188,   0.341,9999.000,9999.000,9999.000,9999.000,9999.000,9999.000,9999.000
202605081430,   0.198,   0.360,9999.000,9999.000,9999.000,9999.000,9999.000,9999.000,9999.000
202605081436,   0.210,   0.380,9999.000,9999.000,9999.000,9999.000,9999.000,9999.000,9999.000
202605081442,   0.224,   0.390,9999.000,9999.000,9999.000,9999.000,9999.000,9999.000,9999.000
202605081448,   0.240,   0.419,9999.000,9999.000,9999.000,9999.000,9999.000,9999.000,9999.000
202605081454,   0.257,   0.439,9999.000,9999.000,9999.000,9999.000,9999.000,9999.000,9999.000
202605081500,   0.276,   0.469,   0.100,   0.093,   0.469,   0.100,   0.469,   0.100,   0.469
202605081506,   0.297,   0.498,9999.000,9999.000,9999.000,9999.000,9999.000,9999.000,9999.000
202605081512,   0.321,   0.541,9999.000,9999.000,9999.000,9999.000,9999.000,9999.000,9999.000
202605081518,   0.346,   0.580,9999.000,9999.000,9999.000,9999.000,9999.000,9999.000,9999.000
202605081524,   0.374,   0.610,9999.000,9999.000,9999.000,9999.000,9999.000,9999.000,9999.000
202605081530,   0.405,   0.669,9999.000,9999.000,9999.000,9999.000,9999.000,9999.000,9999.000
202605081536,   0.437,   0.708,9999.000,9999.000,9999.000,9999.000,9999.000,9999.000,9999.000
202605081542,   0.472,   0.751,9999.000,9999.000,9999.000,9999.000,9999.000,9999.000,9999.000
202605081548,   0.509,   0.790,9999.000,9999.000,9999.000,9999.000,9999.000,9999.000,9999.000
202605081554,   0.547,   0.859,9999.000,9999.000,9999.000,9999.000,9999.000,9999.000,9999.000
202605081600,   0.588,   0.898,   0.100,   0.210,   0.898,   0.100,   0.898,   0.100,   0.898
202605081606,   0.630,   0.951,9999.000,9999.000,9999.000,9999.000,9999.000,9999.000,9999.000
202605081612,   0.674,   1.000,9999.000,9999.000,9999.000,9999.000,9999.000,9999.000,9999.000
202605081618,   0.718,   1.059,9999.000,9999.000,9999.000,9999.000,9999.000,9999.000,9999.000
202605081624,   0.764,   1.108,9999.000,9999.000,9999.000,9999.000,9999.000,9999.000,9999.000
202605081630,   0.810,   1.161,9999.000,9999.000,9999.000,9999.000,9999.000,9999.000,9999.000
202605081636,   0.856,   1.200,9999.000,9999.000,9999.000,9999.000,9999.000,9999.000,9999.000
202605081642,   0.902,   1.269,9999.000,9999.000,9999.000,9999.000,9999.000,9999.000,9999.000
202605081648,   0.947,   1.318,9999.000,9999.000,9999.000,9999.000,9999.000,9999.000,9999.000
202605081654,   0.992,   1.348,9999.000,9999.000,9999.000,9999.000,9999.000,9999.000,9999.000
202605081700,   1.035,   1.390,   0.100,   0.255,   1.390,   0.100,   1.390,   0.200,   1.490
202605081706,   1.077,   1.430,9999.000,9999.000,9999.000,9999.000,9999.000,9999.000,9999.000
202605081712,   1.117,   1.469,9999.000,9999.000,9999.000,9999.000,9999.000,9999.000,9999.000
202605081718,   1.155,   1.498,9999.000,9999.000,9999.000,9999.000,9999.000,9999.000,9999.000
202605081724,   1.191,   1.518,9999.000,9999.000,9999.000,9999.000,9999.000,9999.000,9999.000
202605081730,   1.225,   1.548,9999.000,9999.000,9999.000,9999.000,9999.000,9999.000,9999.000
202605081736,   1.256,   1.580,9999.000,9999.000,9999.000,9999.000,9999.000,9999.000,9999.000
202605081742,   1.285,   1.590,9999.000,9999.000,9999.000,9999.000,9999.000,9999.000,9999.000
202605081748,   1.311,   1.620,9999.000,9999.000,9999.000,9999.000,9999.000,9999.000,9999.000
202605081754,   1.335,   1.639,9999.000,9999.000,9999.000,9999.000,9999.000,9999.000,9999.000
202605081800,   1.355,   1.649,   0.300,  -0.006,   1.649,   0.300,   1.649,   0.300,   1.649
202605081806,   1.374,   1.649,9999.000,9999.000,9999.000,9999.000,9999.000,9999.000,9999.000
202605081812,   1.390,   1.659,9999.000,9999.000,9999.000,9999.000,9999.000,9999.000,9999.000
202605081818,   1.403,   1.679,9999.000,9999.000,9999.000,9999.000,9999.000,9999.000,9999.000
202605081824,   1.415,   1.689,9999.000,9999.000,9999.000,9999.000,9999.000,9999.000,9999.000
202605081830,   1.424,   1.708,9999.000,9999.000,9999.000,9999.000,9999.000,9999.000,9999.000
202605081836,   1.432,   1.708,9999.000,9999.000,9999.000,9999.000,9999.000,9999.000,9999.000
202605081842,   1.438,   1.728,9999.000,9999.000,9999.000,9999.000,9999.000,9999.000,9999.000
202605081848,   1.442,   1.738,9999.000,9999.000,9999.000,9999.000,9999.000,9999.000,9999.000
202605081854,   1.445,   1.738,9999.000,9999.000,9999.000,9999.000,9999.000,9999.000,9999.000
202605081900,   1.446,   1.738,   0.300,  -0.008,   1.738,   0.300,   1.738,   0.300,   1.738
202605081906,   1.447,   1.748,9999.000,9999.000,9999.000,9999.000,9999.000,9999.000,9999.000
202605081912,   1.447,   1.748,9999.000,9999.000,9999.000,9999.000,9999.000,9999.000,9999.000
202605081918,   1.445,   1.748,9999.000,9999.000,9999.000,9999.000,9999.000,9999.000,9999.000
202605081924,   1.443,   1.738,9999.000,9999.000,9999.000,9999.000,9999.000,9999.000,9999.000
202605081930,   1.440,   1.728,9999.000,9999.000,9999.000,9999.000,9999.000,9999.000,9999.000
202605081936,   1.436,   1.718,9999.000,9999.000,9999.000,9999.000,9999.000,9999.000,9999.000
202605081942,   1.432,   1.718,9999.000,9999.000,9999.000,9999.000,9999.000,9999.000,9999.000
202605081948,   1.426,   1.718,9999.000,9999.000,9999.000,9999.000,9999.000,9999.000,9999.000
202605081954,   1.420,   1.708,9999.000,9999.000,9999.000,9999.000,9999.000,9999.000,9999.000
202605082000,   1.413,   1.699,   0.300,  -0.014,   1.699,   0.300,   1.699,   0.300,   1.699
202605082006,   1.405,   1.689,9999.000,9999.000,9999.000,9999.000,9999.000,9999.000,9999.000
202605082012,   1.396,   1.679,9999.000,9999.000,9999.000,9999.000,9999.000,9999.000,9999.000
202605082018,   1.386,   1.669,9999.000,9999.000,9999.000,9999.000,9999.000,9999.000,9999.000
202605082024,   1.374,   1.649,9999.000,9999.000,9999.000,9999.000,9999.000,9999.000,9999.000
202605082030,   1.362,   1.630,9999.000,9999.000,9999.000,9999.000,9999.000,9999.000,9999.000
202605082036,   1.348,   1.620,9999.000,9999.000,9999.000,9999.000,9999.000,9999.000,9999.000
202605082042,   1.333,   1.610,9999.000,9999.000,9999.000,9999.000,9999.000,9999.000,9999.000
202605082048,   1.316,   1.600,9999.000,9999.000,9999.000,9999.000,9999.000,9999.000,9999.000
202605082054,   1.297,   1.571,9999.000,9999.000,9999.000,9999.000,9999.000,9999.000,9999.000
202605082100,   1.277,   1.548,   0.300,  -0.029,   1.548,   0.300,   1.548,   0.400,   1.648
202605082106,   1.255,   1.528,9999.000,9999.000,9999.000,9999.000,9999.000,9999.000,9999.000
202605082112,   1.232,   1.508,9999.000,9999.000,9999.000,9999.000,9999.000,9999.000,9999.000
202605082118,   1.207,   1.489,9999.000,9999.000,9999.000,9999.000,9999.000,9999.000,9999.000
202605082124,   1.181,   1.469,9999.000,9999.000,9999.000,9999.000,9999.000,9999.000,9999.000
202605082130,   1.152,   1.439,9999.000,9999.000,9999.000,9999.000,9999.000,9999.000,9999.000
202605082136,   1.123,   1.420,9999.000,9999.000,9999.000,9999.000,9999.000,9999.000,9999.000
202605082142,   1.091,   1.390,9999.000,9999.000,9999.000,9999.000,9999.000,9999.000,9999.000
202605082148,   1.060,   1.348,9999.000,9999.000,9999.000,9999.000,9999.000,9999.000,9999.000
202605082154,   1.025,   1.328,9999.000,9999.000,9999.000,9999.000,9999.000,9999.000,9999.000
202605082200,   0.989,   1.308,   0.300,   0.019,   1.308,   0.300,   1.308,   0.400,   1.408
202605082206,   0.953,   1.269,9999.000,9999.000,9999.000,9999.000,9999.000,9999.000,9999.000
202605082212,   0.916,   1.229,9999.000,9999.000,9999.000,9999.000,9999.000,9999.000,9999.000
202605082218,   0.878,   1.180,9999.000,9999.000,9999.000,9999.000,9999.000,9999.000,9999.000
202605082224,   0.839,   1.161,9999.000,9999.000,9999.000,9999.000,9999.000,9999.000,9999.000
202605082230,   0.799,   1.118,9999.000,9999.000,9999.000,9999.000,9999.000,9999.000,9999.000
202605082236,   0.759,   1.079,9999.000,9999.000,9999.000,9999.000,9999.000,9999.000,9999.000
202605082242,   0.719,   1.049,9999.000,9999.000,9999.000,9999.000,9999.000,9999.000,9999.000
202605082248,   0.678,   1.000,9999.000,9999.000,9999.000,9999.000,9999.000,9999.000,9999.000
202605082254,   0.638,   0.961,9999.000,9999.000,9999.000,9999.000,9999.000,9999.000,9999.000
202605082300,   0.597,   0.928,   0.300,   0.031,   0.928,   0.300,   0.928,   0.400,   1.028
202605082306,   0.557,   0.879,9999.000,9999.000,9999.000,9999.000,9999.000,9999.000,9999.000
202605082312,   0.518,   0.849,9999.000,9999.000,9999.000,9999.000,9999.000,9999.000,9999.000
202605082318,   0.479,   0.829,9999.000,9999.000,9999.000,9999.000,9999.000,9999.000,9999.000
202605082324,   0.441,   0.810,9999.000,9999.000,9999.000,9999.000,9999.000,9999.000,9999.000
202605082330,   0.404,   0.770,9999.000,9999.000,9999.000,9999.000,9999.000,9999.000,9999.000
202605082336,   0.369,   0.751,9999.000,9999.000,9999.000,9999.000,9999.000,9999.000,9999.000
202605082342,   0.334,   0.731,9999.000,9999.000,9999.000,9999.000,9999.000,9999.000,9999.000
202605082348,   0.302,   0.698,9999.000,9999.000,9999.000,9999.000,9999.000,9999.000,9999.000
202605082354,   0.271,   0.659,9999.000,9999.000,9999.000,9999.000,9999.000,9999.000,9999.000
202605090000,   0.242,   0.629,   0.500,  -0.113,   0.629,   0.500,   0.629,   0.500,   0.629
202605090006,   0.215,   0.619,9999.000,9999.000,9999.000,9999.000,9999.000,9999.000,9999.000
202605090012,   0.191,   0.600,9999.000,9999.000,9999.000,9999.000,9999.000,9999.000,9999.000
202605090018,   0.168,   0.600,9999.000,9999.000,9999.000,9999.000,9999.000,9999.000,9999.000
202605090024,   0.148,   0.560,9999.000,9999.000,9999.000,9999.000,9999.000,9999.000,9999.000
202605090030,   0.130,   0.541,9999.000,9999.000,9999.000,9999.000,9999.000,9999.000,9999.000
202605090036,   0.115,   0.531,9999.000,9999.000,9999.000,9999.000,9999.000,9999.000,9999.000
202605090042,   0.103,   0.531,9999.000,9999.000,9999.000,9999.000,9999.000,9999.000,9999.000
202605090048,   0.093,   0.518,9999.000,9999.000,9999.000,9999.000,9999.000,9999.000,9999.000
202605090054,   0.085,   0.508,9999.000,9999.000,9999.000,9999.000,9999.000,9999.000,9999.000
202605090100,   0.080,   0.531,   0.500,  -0.049,   0.531,   0.500,   0.531,   0.500,   0.531
202605090106,   0.077,   0.518,9999.000,9999.000,9999.000,9999.000,9999.000,9999.000,9999.000
202605090112,   0.076,   0.508,9999.000,9999.000,9999.000,9999.000,9999.000,9999.000,9999.000
202605090118,   0.078,   0.508,9999.000,9999.000,9999.000,9999.000,9999.000,9999.000,9999.000
202605090124,   0.082,   0.531,9999.000,9999.000,9999.000,9999.000,9999.000,9999.000,9999.000
202605090130,   0.088,   0.551,9999.000,9999.000,9999.000,9999.000,9999.000,9999.000,9999.000
202605090136,   0.095,   0.541,9999.000,9999.000,9999.000,9999.000,9999.000,9999.000,9999.000
202605090142,   0.104,   0.551,9999.000,9999.000,9999.000,9999.000,9999.000,9999.000,9999.000
202605090148,   0.115,   0.570,9999.000,9999.000,9999.000,9999.000,9999.000,9999.000,9999.000
202605090154,   0.127,   0.590,9999.000,9999.000,9999.000,9999.000,9999.000,9999.000,9999.000
202605090200,   0.140,   0.610,   0.500,  -0.030,   0.610,   0.500,   0.610,   0.500,   0.610
202605090206,   0.155,   0.629,9999.000,9999.000,9999.000,9999.000,9999.000,9999.000,9999.000
202605090212,   0.170,   0.639,9999.000,9999.000,9999.000,9999.000,9999.000,9999.000,9999.000
202605090218,   0.187,   0.669,9999.000,9999.000,9999.000,9999.000,9999.000,9999.000,9999.000
202605090224,   0.205,   0.688,9999.000,9999.000,9999.000,9999.000,9999.000,9999.000,9999.000
202605090230,   0.223,   0.708,9999.000,9999.000,9999.000,9999.000,9999.000,9999.000,9999.000
202605090236,   0.243,   0.751,9999.000,9999.000,9999.000,9999.000,9999.000,9999.000,9999.000
202605090242,   0.263,   0.770,9999.000,9999.000,9999.000,9999.000,9999.000,9999.000,9999.000
202605090248,   0.284,   0.790,9999.000,9999.000,9999.000,9999.000,9999.000,9999.000,9999.000
202605090254,   0.307,   0.829,9999.000,9999.000,9999.000,9999.000,9999.000,9999.000,9999.000
202605090300,   0.330,   0.879,   0.500,   0.049,   0.879,   0.500,   0.879,   0.500,   0.879
202605090306,   0.355,   0.908,9999.000,9999.000,9999.000,9999.000,9999.000,9999.000,9999.000
202605090312,   0.381,   0.928,9999.000,9999.000,9999.000,9999.000,9999.000,9999.000,9999.000
202605090318,   0.408,   0.980,9999.000,9999.000,9999.000,9999.000,9999.000,9999.000,9999.000
202605090324,   0.437,   1.039,9999.000,9999.000,9999.000,9999.000,9999.000,9999.000,9999.000
202605090330,   0.467,   1.079,9999.000,9999.000,9999.000,9999.000,9999.000,9999.000,9999.000
202605090336,   0.499,   1.138,9999.000,9999.000,9999.000,9999.000,9999.000,9999.000,9999.000
202605090342,   0.533,   1.180,9999.000,9999.000,9999.000,9999.000,9999.000,9999.000,9999.000
202605090348,   0.568,   1.239,9999.000,9999.000,9999.000,9999.000,9999.000,9999.000,9999.000
202605090354,   0.605,   1.289,9999.000,9999.000,9999.000,9999.000,9999.000,9999.000,9999.000
202605090400,   0.644,   1.318,   0.500,   0.174,   1.318,   0.500,   1.318,   0.500,   1.318
202605090406,   0.684,   1.361,9999.000,9999.000,9999.000,9999.000,9999.000,9999.000,9999.000
202605090412,   0.725,   1.410,9999.000,9999.000,9999.000,9999.000,9999.000,9999.000,9999.000
202605090418,   0.768,   1.469,9999.000,9999.000,9999.000,9999.000,9999.000,9999.000,9999.000
202605090424,   0.812,   1.498,9999.000,9999.000,9999.000,9999.000,9999.000,9999.000,9999.000
202605090430,   0.858,   1.518,9999.000,9999.000,9999.000,9999.000,9999.000,9999.000,9999.000
202605090436,   0.903,   1.548,9999.000,9999.000,9999.000,9999.000,9999.000,9999.000,9999.000
202605090442,   0.950,   1.590,9999.000,9999.000,9999.000,9999.000,9999.000,9999.000,9999.000
202605090448,   0.996,   1.620,9999.000,9999.000,9999.000,9999.000,9999.000,9999.000,9999.000
202605090454,   1.043,   1.649,9999.000,9999.000,9999.000,9999.000,9999.000,9999.000,9999.000
202605090500,   1.089,   1.679,   0.500,   0.090,   1.679,   0.500,   1.679,   0.500,   1.679
202605090506,   1.134,   1.689,9999.000,9999.000,9999.000,9999.000,9999.000,9999.000,9999.000
202605090512,   1.178,   1.718,9999.000,9999.000,9999.000,9999.000,9999.000,9999.000,9999.000
202605090518,   1.221,   1.767,9999.000,9999.000,9999.000,9999.000,9999.000,9999.000,9999.000
202605090524,   1.262,   1.800,9999.000,9999.000,9999.000,9999.000,9999.000,9999.000,9999.000
202605090530,   1.302,   1.830,9999.000,9999.000,9999.000,9999.000,9999.000,9999.000,9999.000
202605090536,   1.339,   1.859,9999.000,9999.000,9999.000,9999.000,9999.000,9999.000,9999.000
202605090542,   1.374,   1.869,9999.000,9999.000,9999.000,9999.000,9999.000,9999.000,9999.000
202605090548,   1.406,   1.899,9999.000,9999.000,9999.000,9999.000,9999.000,9999.000,9999.000
202605090554,   1.436,   1.918,9999.000,9999.000,9999.000,9999.000,9999.000,9999.000,9999.000
202605090600,   1.463,   1.938,   0.600,  -0.125,   1.938,   0.600,   1.938,   0.600,   1.938
202605090606,   1.487,   1.967,9999.000,9999.000,9999.000,9999.000,9999.000,9999.000,9999.000
202605090612,   1.509,   1.981,9999.000,9999.000,9999.000,9999.000,9999.000,9999.000,9999.000
202605090618,   1.527,   2.000,9999.000,9999.000,9999.000,9999.000,9999.000,9999.000,9999.000
202605090624,   1.543,   2.010,9999.000,9999.000,9999.000,9999.000,9999.000,9999.000,9999.000
202605090630,   1.556,   2.030,9999.000,9999.000,9999.000,9999.000,9999.000,9999.000,9999.000
202605090636,   1.567,   2.049,9999.000,9999.000,9999.000,9999.000,9999.000,9999.000,9999.000
202605090642,   1.575,   2.059,9999.000,9999.000,9999.000,9999.000,9999.000,9999.000,9999.000
202605090648,   1.581,   2.059,9999.000,9999.000,9999.000,9999.000,9999.000,9999.000,9999.000
202605090654,   1.586,   2.069,9999.000,9999.000,9999.000,9999.000,9999.000,9999.000,9999.000
202605090700,   1.588,   2.089,   0.600,  -0.099,   2.089,   0.600,   2.089,   0.600,   2.089
202605090706,   1.589,   2.099,9999.000,9999.000,9999.000,9999.000,9999.000,9999.000,9999.000
202605090712,   1.588,   2.099,9999.000,9999.000,9999.000,9999.000,9999.000,9999.000,9999.000
202605090718,   1.587,   2.099,9999.000,9999.000,9999.000,9999.000,9999.000,9999.000,9999.000
202605090724,   1.584,   2.099,9999.000,9999.000,9999.000,9999.000,9999.000,9999.000,9999.000
202605090730,   1.580,   2.109,9999.000,9999.000,9999.000,9999.000,9999.000,9999.000,9999.000
202605090736,   1.576,   2.118,9999.000,9999.000,9999.000,9999.000,9999.000,9999.000,9999.000
202605090742,   1.571,   2.128,9999.000,9999.000,9999.000,9999.000,9999.000,9999.000,9999.000
202605090748,   1.566,   2.128,9999.000,9999.000,9999.000,9999.000,9999.000,9999.000,9999.000
202605090754,   1.560,   2.128,9999.000,9999.000,9999.000,9999.000,9999.000,9999.000,9999.000
202605090800,   1.554,   2.128,   0.600,  -0.026,   2.128,   0.600,   2.128,   0.600,   2.128
202605090806,   1.548,   2.128,9999.000,9999.000,9999.000,9999.000,9999.000,9999.000,9999.000
202605090812,   1.541,   2.138,9999.000,9999.000,9999.000,9999.000,9999.000,9999.000,9999.000
202605090818,   1.534,   2.138,9999.000,9999.000,9999.000,9999.000,9999.000,9999.000,9999.000
202605090824,   1.527,   2.138,9999.000,9999.000,9999.000,9999.000,9999.000,9999.000,9999.000
202605090830,   1.519,   2.138,9999.000,9999.000,9999.000,9999.000,9999.000,9999.000,9999.000
202605090836,   1.511,   2.128,9999.000,9999.000,9999.000,9999.000,9999.000,9999.000,9999.000
202605090842,   1.502,   2.128,9999.000,9999.000,9999.000,9999.000,9999.000,9999.000,9999.000
202605090848,   1.492,   2.118,9999.000,9999.000,9999.000,9999.000,9999.000,9999.000,9999.000
202605090854,   1.482,   2.118,9999.000,9999.000,9999.000,9999.000,9999.000,9999.000,9999.000
202605090900,   1.470,   2.109,   0.600,   0.039,   2.109,   0.600,   2.109,   0.600,   2.109
202605090906,   1.458,   2.109,9999.000,9999.000,9999.000,9999.000,9999.000,9999.000,9999.000
202605090912,   1.444,   2.089,9999.000,9999.000,9999.000,9999.000,9999.000,9999.000,9999.000
202605090918,   1.429,   2.089,9999.000,9999.000,9999.000,9999.000,9999.000,9999.000,9999.000
202605090924,   1.413,   2.079,9999.000,9999.000,9999.000,9999.000,9999.000,9999.000,9999.000
202605090930,   1.396,   2.069,9999.000,9999.000,9999.000,9999.000,9999.000,9999.000,9999.000
202605090936,   1.377,   2.049,9999.000,9999.000,9999.000,9999.000,9999.000,9999.000,9999.000
202605090942,   1.357,   2.040,9999.000,9999.000,9999.000,9999.000,9999.000,9999.000,9999.000
202605090948,   1.335,   2.020,9999.000,9999.000,9999.000,9999.000,9999.000,9999.000,9999.000
202605090954,   1.312,   2.010,9999.000,9999.000,9999.000,9999.000,9999.000,9999.000,9999.000
202605091000,   1.288,   2.000,   0.600,   0.112,   2.000,   0.600,   2.000,   0.600,   2.000
202605091006,   1.262,   1.981,9999.000,9999.000,9999.000,9999.000,9999.000,9999.000,9999.000
202605091012,   1.234,   1.958,9999.000,9999.000,9999.000,9999.000,9999.000,9999.000,9999.000
202605091018,   1.205,   1.948,9999.000,9999.000,9999.000,9999.000,9999.000,9999.000,9999.000
202605091024,   1.175,   1.918,9999.000,9999.000,9999.000,9999.000,9999.000,9999.000,9999.000
202605091030,   1.144,   1.899,9999.000,9999.000,9999.000,9999.000,9999.000,9999.000,9999.000
202605091036,   1.111,   1.879,9999.000,9999.000,9999.000,9999.000,9999.000,9999.000,9999.000
202605091042,   1.078,   1.840,9999.000,9999.000,9999.000,9999.000,9999.000,9999.000,9999.000
202605091048,   1.043,   1.810,9999.000,9999.000,9999.000,9999.000,9999.000,9999.000,9999.000
202605091054,   1.007,   1.781,9999.000,9999.000,9999.000,9999.000,9999.000,9999.000,9999.000
202605091100,   0.971,   1.748,   0.600,   0.177,   1.748,   0.600,   1.748,   0.600,   1.748
202605091106,   0.933,   1.699,9999.000,9999.000,9999.000,9999.000,9999.000,9999.000,9999.000
202605091112,   0.895,   1.649,9999.000,9999.000,9999.000,9999.000,9999.000,9999.000,9999.000
202605091118,   0.857,   1.610,9999.000,9999.000,9999.000,9999.000,9999.000,9999.000,9999.000
202605091124,   0.818,   1.580,9999.000,9999.000,9999.000,9999.000,9999.000,9999.000,9999.000
202605091130,   0.779,   1.528,9999.000,9999.000,9999.000,9999.000,9999.000,9999.000,9999.000
202605091136,   0.740,   1.479,9999.000,9999.000,9999.000,9999.000,9999.000,9999.000,9999.000
202605091142,   0.701,   1.430,9999.000,9999.000,9999.000,9999.000,9999.000,9999.000,9999.000
202605091148,   0.663,   1.390,9999.000,9999.000,9999.000,9999.000,9999.000,9999.000,9999.000
202605091154,   0.624,   1.361,9999.000,9999.000,9999.000,9999.000,9999.000,9999.000,9999.000
202605091200,   0.587,   1.318,   0.700,   0.031,   1.318,   0.700,   1.318,   0.700,   1.318
202605091206,   0.550,   1.249,9999.000,9999.000,9999.000,9999.000,9999.000,9999.000,9999.000
202605091212,   0.514,   1.220,9999.000,9999.000,9999.000,9999.000,9999.000,9999.000,9999.000
202605091218,   0.479,   1.200,9999.000,9999.000,9999.000,9999.000,9999.000,9999.000,9999.000
202605091224,   0.445,   1.151,9999.000,9999.000,9999.000,9999.000,9999.000,9999.000,9999.000
202605091230,   0.413,   1.118,9999.000,9999.000,9999.000,9999.000,9999.000,9999.000,9999.000
202605091236,   0.382,   1.098,9999.000,9999.000,9999.000,9999.000,9999.000,9999.000,9999.000
202605091242,   0.352,   1.059,9999.000,9999.000,9999.000,9999.000,9999.000,9999.000,9999.000
202605091248,   0.325,   1.029,9999.000,9999.000,9999.000,9999.000,9999.000,9999.000,9999.000
202605091254,   0.299,   0.980,9999.000,9999.000,9999.000,9999.000,9999.000,9999.000,9999.000
202605091300,   0.275,   0.961,   0.700,  -0.014,   0.961,   0.700,   0.961,   0.700,   0.961
202605091306,   0.253,   0.941,9999.000,9999.000,9999.000,9999.000,9999.000,9999.000,9999.000
202605091312,   0.233,   0.918,9999.000,9999.000,9999.000,9999.000,9999.000,9999.000,9999.000
202605091318,   0.216,   0.898,9999.000,9999.000,9999.000,9999.000,9999.000,9999.000,9999.000
202605091324,   0.200,   0.869,9999.000,9999.000,9999.000,9999.000,9999.000,9999.000,9999.000
202605091330,   0.186,   0.859,9999.000,9999.000,9999.000,9999.000,9999.000,9999.000,9999.000
202605091336,   0.174,   0.849,9999.000,9999.000,9999.000,9999.000,9999.000,9999.000,9999.000
202605091342,   0.163,   0.819,9999.000,9999.000,9999.000,9999.000,9999.000,9999.000,9999.000
202605091348,   0.155,   0.819,9999.000,9999.000,9999.000,9999.000,9999.000,9999.000,9999.000
202605091354,   0.148,   0.810,9999.000,9999.000,9999.000,9999.000,9999.000,9999.000,9999.000
202605091400,   0.143,   0.800,   0.700,  -0.043,   0.800,   0.700,   0.800,   0.700,   0.800
202605091406,   0.140,   0.790,9999.000,9999.000,9999.000,9999.000,9999.000,9999.000,9999.000
202605091412,   0.137,   0.780,9999.000,9999.000,9999.000,9999.000,9999.000,9999.000,9999.000
202605091418,   0.137,   0.770,9999.000,9999.000,9999.000,9999.000,9999.000,9999.000,9999.000
202605091424,   0.137,   0.770,9999.000,9999.000,9999.000,9999.000,9999.000,9999.000,9999.000
202605091430,   0.139,   0.760,9999.000,9999.000,9999.000,9999.000,9999.000,9999.000,9999.000
202605091436,   0.142,   0.760,9999.000,9999.000,9999.000,9999.000,9999.000,9999.000,9999.000
202605091442,   0.146,   0.751,9999.000,9999.000,9999.000,9999.000,9999.000,9999.000,9999.000
202605091448,   0.151,   0.741,9999.000,9999.000,9999.000,9999.000,9999.000,9999.000,9999.000
202605091454,   0.157,   0.741,9999.000,9999.000,9999.000,9999.000,9999.000,9999.000,9999.000
202605091500,   0.164,   0.741,   0.700,  -0.123,   0.741,   0.700,   0.741,   0.700,   0.741
202605091506,   0.173,   0.751,9999.000,9999.000,9999.000,9999.000,9999.000,9999.000,9999.000
202605091512,   0.183,   0.751,9999.000,9999.000,9999.000,9999.000,9999.000,9999.000,9999.000
202605091518,   0.194,   0.760,9999.000,9999.000,9999.000,9999.000,9999.000,9999.000,9999.000
202605091524,   0.207,   0.760,9999.000,9999.000,9999.000,9999.000,9999.000,9999.000,9999.000
202605091530,   0.222,   0.770,9999.000,9999.000,9999.000,9999.000,9999.000,9999.000,9999.000
202605091536,   0.238,   0.780,9999.000,9999.000,9999.000,9999.000,9999.000,9999.000,9999.000
202605091542,   0.256,   0.800,9999.000,9999.000,9999.000,9999.000,9999.000,9999.000,9999.000
202605091548,   0.276,   0.819,9999.000,9999.000,9999.000,9999.000,9999.000,9999.000,9999.000
202605091554,   0.298,   0.839,9999.000,9999.000,9999.000,9999.000,9999.000,9999.000,9999.000
202605091600,   0.323,   0.859,   0.700,  -0.164,   0.859,   0.700,   0.859,   0.700,   0.859
202605091606,   0.349,   0.888,9999.000,9999.000,9999.000,9999.000,9999.000,9999.000,9999.000
202605091612,   0.378,   0.918,9999.000,9999.000,9999.000,9999.000,9999.000,9999.000,9999.000
202605091618,   0.409,   0.951,9999.000,9999.000,9999.000,9999.000,9999.000,9999.000,9999.000
202605091624,   0.443,   1.000,9999.000,9999.000,9999.000,9999.000,9999.000,9999.000,9999.000
202605091630,   0.478,   1.049,9999.000,9999.000,9999.000,9999.000,9999.000,9999.000,9999.000
202605091636,   0.516,   1.098,9999.000,9999.000,9999.000,9999.000,9999.000,9999.000,9999.000
202605091642,   0.556,   1.161,9999.000,9999.000,9999.000,9999.000,9999.000,9999.000,9999.000
202605091648,   0.598,   1.200,9999.000,9999.000,9999.000,9999.000,9999.000,9999.000,9999.000
202605091654,   0.641,   1.249,9999.000,9999.000,9999.000,9999.000,9999.000,9999.000,9999.000
202605091700,   0.686,   1.308,   0.700,  -0.078,   1.308,   0.700,   1.308,   0.700,   1.308
202605091706,   0.732,   1.361,9999.000,9999.000,9999.000,9999.000,9999.000,9999.000,9999.000
202605091712,   0.778,   1.410,9999.000,9999.000,9999.000,9999.000,9999.000,9999.000,9999.000
202605091718,   0.826,   1.459,9999.000,9999.000,9999.000,9999.000,9999.000,9999.000,9999.000
202605091724,   0.873,   1.518,9999.000,9999.000,9999.000,9999.000,9999.000,9999.000,9999.000
202605091730,   0.920,   1.580,9999.000,9999.000,9999.000,9999.000,9999.000,9999.000,9999.000
202605091736,   0.967,   1.630,9999.000,9999.000,9999.000,9999.000,9999.000,9999.000,9999.000
202605091742,   1.013,   1.669,9999.000,9999.000,9999.000,9999.000,9999.000,9999.000,9999.000
202605091748,   1.058,   1.708,9999.000,9999.000,9999.000,9999.000,9999.000,9999.000,9999.000
202605091754,   1.102,   1.748,9999.000,9999.000,9999.000,9999.000,9999.000,9999.000,9999.000
202605091800,   1.144,   1.790,   0.700,  -0.054,   1.790,   0.700,   1.790,   0.700,   1.790
202605091806,   1.183,   1.840,9999.000,9999.000,9999.000,9999.000,9999.000,9999.000,9999.000
202605091812,   1.221,   1.859,9999.000,9999.000,9999.000,9999.000,9999.000,9999.000,9999.000
202605091818,   1.256,   1.889,9999.000,9999.000,9999.000,9999.000,9999.000,9999.000,9999.000
202605091824,   1.289,   1.918,9999.000,9999.000,9999.000,9999.000,9999.000,9999.000,9999.000
202605091830,   1.319,   1.938,9999.000,9999.000,9999.000,9999.000,9999.000,9999.000,9999.000
202605091836,   1.346,   1.967,9999.000,9999.000,9999.000,9999.000,9999.000,9999.000,9999.000
202605091842,   1.371,   1.990,9999.000,9999.000,9999.000,9999.000,9999.000,9999.000,9999.000
202605091848,   1.393,   2.000,9999.000,9999.000,9999.000,9999.000,9999.000,9999.000,9999.000
202605091854,   1.413,   2.020,9999.000,9999.000,9999.000,9999.000,9999.000,9999.000,9999.000
202605091900,   1.430,   2.040,   0.700,  -0.090,   2.040,   0.700,   2.040,   0.700,   2.040
202605091906,   1.444,   2.089,9999.000,9999.000,9999.000,9999.000,9999.000,9999.000,9999.000
202605091912,   1.456,   2.089,9999.000,9999.000,9999.000,9999.000,9999.000,9999.000,9999.000
202605091918,   1.466,   2.079,9999.000,9999.000,9999.000,9999.000,9999.000,9999.000,9999.000
202605091924,   1.474,   2.079,9999.000,9999.000,9999.000,9999.000,9999.000,9999.000,9999.000
202605091930,   1.481,   2.089,9999.000,9999.000,9999.000,9999.000,9999.000,9999.000,9999.000
202605091936,   1.485,   2.099,9999.000,9999.000,9999.000,9999.000,9999.000,9999.000,9999.000
202605091942,   1.489,   2.099,9999.000,9999.000,9999.000,9999.000,9999.000,9999.000,9999.000
202605091948,   1.491,   2.099,9999.000,9999.000,9999.000,9999.000,9999.000,9999.000,9999.000
202605091954,   1.492,   2.089,9999.000,9999.000,9999.000,9999.000,9999.000,9999.000,9999.000
202605092000,   1.491,   2.099,   0.700,  -0.092,   2.099,   0.700,   2.099,   0.700,   2.099
202605092006,   1.490,   2.099,9999.000,9999.000,9999.000,9999.000,9999.000,9999.000,9999.000
202605092012,   1.489,   2.099,9999.000,9999.000,9999.000,9999.000,9999.000,9999.000,9999.000
202605092018,   1.486,   2.089,9999.000,9999.000,9999.000,9999.000,9999.000,9999.000,9999.000
202605092024,   1.483,   2.089,9999.000,9999.000,9999.000,9999.000,9999.000,9999.000,9999.000
202605092030,   1.479,   2.079,9999.000,9999.000,9999.000,9999.000,9999.000,9999.000,9999.000
202605092036,   1.474,   2.069,9999.000,9999.000,9999.000,9999.000,9999.000,9999.000,9999.000
202605092042,   1.469,   2.049,9999.000,9999.000,9999.000,9999.000,9999.000,9999.000,9999.000
202605092048,   1.463,   2.040,9999.000,9999.000,9999.000,9999.000,9999.000,9999.000,9999.000
202605092054,   1.456,   2.030,9999.000,9999.000,9999.000,9999.000,9999.000,9999.000,9999.000
202605092100,   1.448,   2.010,   0.700,  -0.138,   2.010,   0.700,   2.010,   0.700,   2.010
202605092106,   1.439,   2.010,9999.000,9999.000,9999.000,9999.000,9999.000,9999.000,9999.000
202605092112,   1.430,   2.000,9999.000,9999.000,9999.000,9999.000,9999.000,9999.000,9999.000
202605092118,   1.419,   1.990,9999.000,9999.000,9999.000,9999.000,9999.000,9999.000,9999.000
202605092124,   1.407,   1.990,9999.000,9999.000,9999.000,9999.000,9999.000,9999.000,9999.000
202605092130,   1.393,   1.967,9999.000,9999.000,9999.000,9999.000,9999.000,9999.000,9999.000
202605092136,   1.378,   1.948,9999.000,9999.000,9999.000,9999.000,9999.000,9999.000,9999.000
202605092142,   1.362,   1.918,9999.000,9999.000,9999.000,9999.000,9999.000,9999.000,9999.000
202605092148,   1.344,   1.908,9999.000,9999.000,9999.000,9999.000,9999.000,9999.000,9999.000
202605092154,   1.325,   1.889,9999.000,9999.000,9999.000,9999.000,9999.000,9999.000,9999.000
202605092200,   1.304,   1.859,   0.700,  -0.145,   1.859,   0.700,   1.859,   0.700,   1.859
202605092206,   1.282,   1.830,9999.000,9999.000,9999.000,9999.000,9999.000,9999.000,9999.000
202605092212,   1.258,   1.800,9999.000,9999.000,9999.000,9999.000,9999.000,9999.000,9999.000
202605092218,   1.232,   1.758,9999.000,9999.000,9999.000,9999.000,9999.000,9999.000,9999.000
202605092224,   1.205,   1.728,9999.000,9999.000,9999.000,9999.000,9999.000,9999.000,9999.000
202605092230,   1.177,   1.699,9999.000,9999.000,9999.000,9999.000,9999.000,9999.000,9999.000
202605092236,   1.147,   1.659,9999.000,9999.000,9999.000,9999.000,9999.000,9999.000,9999.000
202605092242,   1.115,   1.620,9999.000,9999.000,9999.000,9999.000,9999.000,9999.000,9999.000
202605092248,   1.083,   1.580,9999.000,9999.000,9999.000,9999.000,9999.000,9999.000,9999.000
202605092254,   1.049,   1.538,9999.000,9999.000,9999.000,9999.000,9999.000,9999.000,9999.000
202605092300,   1.014,   1.498,   0.700,  -0.216,   1.498,   0.700,   1.498,   0.700,   1.498
202605092306,   0.978,   1.459,9999.000,9999.000,9999.000,9999.000,9999.000,9999.000,9999.000
202605092312,   0.941,   1.410,9999.000,9999.000,9999.000,9999.000,9999.000,9999.000,9999.000
202605092318,   0.903,   1.371,9999.000,9999.000,9999.000,9999.000,9999.000,9999.000,9999.000
202605092324,   0.865,   1.318,9999.000,9999.000,9999.000,9999.000,9999.000,9999.000,9999.000
202605092330,   0.826,   1.269,9999.000,9999.000,9999.000,9999.000,9999.000,9999.000,9999.000
202605092336,   0.786,   1.229,9999.000,9999.000,9999.000,9999.000,9999.000,9999.000,9999.000
202605092342,   0.747,   1.180,9999.000,9999.000,9999.000,9999.000,9999.000,9999.000,9999.000
202605092348,   0.708,   1.118,9999.000,9999.000,9999.000,9999.000,9999.000,9999.000,9999.000
202605092354,   0.668,   1.079,9999.000,9999.000,9999.000,9999.000,9999.000,9999.000,9999.000
202605100000,   0.629,   1.029,   0.700,  -0.300,   1.029,   0.600,   0.929,   0.700,   1.029
202605100006,   0.590,   0.990,9999.000,9999.000,9999.000,9999.000,9999.000,9999.000,9999.000
202605100012,   0.552,   0.941,9999.000,9999.000,9999.000,9999.000,9999.000,9999.000,9999.000
202605100018,   0.515,   0.898,9999.000,9999.000,9999.000,9999.000,9999.000,9999.000,9999.000
202605100024,   0.479,   0.859,9999.000,9999.000,9999.000,9999.000,9999.000,9999.000,9999.000
202605100030,   0.444,   0.829,9999.000,9999.000,9999.000,9999.000,9999.000,9999.000,9999.000
202605100036,   0.410,   0.800,9999.000,9999.000,9999.000,9999.000,9999.000,9999.000,9999.000
202605100042,   0.378,   0.760,9999.000,9999.000,9999.000,9999.000,9999.000,9999.000,9999.000
202605100048,   0.347,   0.731,9999.000,9999.000,9999.000,9999.000,9999.000,9999.000,9999.000
202605100054,   0.318,   0.698,9999.000,9999.000,9999.000,9999.000,9999.000,9999.000,9999.000
202605100100,   0.291,   0.669,   0.700,  -0.322,   0.669,   0.600,   0.569,   0.700,   0.669
202605100106,   0.266,   0.639,9999.000,9999.000,9999.000,9999.000,9999.000,9999.000,9999.000
202605100112,   0.244,   0.619,9999.000,9999.000,9999.000,9999.000,9999.000,9999.000,9999.000
202605100118,   0.223,   0.590,9999.000,9999.000,9999.000,9999.000,9999.000,9999.000,9999.000
202605100124,   0.205,   0.560,9999.000,9999.000,9999.000,9999.000,9999.000,9999.000,9999.000
202605100130,   0.189,   0.560,9999.000,9999.000,9999.000,9999.000,9999.000,9999.000,9999.000
202605100136,   0.176,   0.541,9999.000,9999.000,9999.000,9999.000,9999.000,9999.000,9999.000
202605100142,   0.165,   0.531,9999.000,9999.000,9999.000,9999.000,9999.000,9999.000,9999.000
202605100148,   0.156,   0.518,9999.000,9999.000,9999.000,9999.000,9999.000,9999.000,9999.000
202605100154,   0.149,   0.518,9999.000,9999.000,9999.000,9999.000,9999.000,9999.000,9999.000
202605100200,   0.145,   0.518,   0.700,  -0.327,   0.518,   0.600,   0.418,   0.700,   0.518
202605100206,   0.143,   0.518,9999.000,9999.000,9999.000,9999.000,9999.000,9999.000,9999.000
202605100212,   0.143,   0.518,9999.000,9999.000,9999.000,9999.000,9999.000,9999.000,9999.000
202605100218,   0.145,   0.518,9999.000,9999.000,9999.000,9999.000,9999.000,9999.000,9999.000
202605100224,   0.149,   0.518,9999.000,9999.000,9999.000,9999.000,9999.000,9999.000,9999.000
202605100230,   0.154,   0.531,9999.000,9999.000,9999.000,9999.000,9999.000,9999.000,9999.000
202605100236,   0.161,   0.551,9999.000,9999.000,9999.000,9999.000,9999.000,9999.000,9999.000
202605100242,   0.170,   0.551,9999.000,9999.000,9999.000,9999.000,9999.000,9999.000,9999.000
202605100248,   0.179,   0.560,9999.000,9999.000,9999.000,9999.000,9999.000,9999.000,9999.000
202605100254,   0.190,   0.570,9999.000,9999.000,9999.000,9999.000,9999.000,9999.000,9999.000
202605100300,   0.203,   0.580,   0.700,  -0.323,   0.580,   0.600,   0.480,   0.700,   0.580
202605100306,   0.216,   0.600,9999.000,9999.000,9999.000,9999.000,9999.000,9999.000,9999.000
202605100312,   0.230,   0.629,9999.000,9999.000,9999.000,9999.000,9999.000,9999.000,9999.000
202605100318,   0.246,   0.649,9999.000,9999.000,9999.000,9999.000,9999.000,9999.000,9999.000
202605100324,   0.262,   0.669,9999.000,9999.000,9999.000,9999.000,9999.000,9999.000,9999.000
202605100330,   0.279,   0.688,9999.000,9999.000,9999.000,9999.000,9999.000,9999.000,9999.000
202605100336,   0.298,   0.718,9999.000,9999.000,9999.000,9999.000,9999.000,9999.000,9999.000
202605100342,   0.317,   0.760,9999.000,9999.000,9999.000,9999.000,9999.000,9999.000,9999.000
202605100348,   0.338,   0.790,9999.000,9999.000,9999.000,9999.000,9999.000,9999.000,9999.000
202605100354,   0.360,   0.829,9999.000,9999.000,9999.000,9999.000,9999.000,9999.000,9999.000
202605100400,   0.383,   0.869,   0.700,  -0.214,   0.869,   0.600,   0.769,   0.700,   0.869
202605100406,   0.408,   0.908,9999.000,9999.000,9999.000,9999.000,9999.000,9999.000,9999.000
202605100412,   0.434,   0.961,9999.000,9999.000,9999.000,9999.000,9999.000,9999.000,9999.000
202605100418,   0.462,   1.010,9999.000,9999.000,9999.000,9999.000,9999.000,9999.000,9999.000
202605100424,   0.492,   1.059,9999.000,9999.000,9999.000,9999.000,9999.000,9999.000,9999.000
202605100430,   0.523,   1.118,9999.000,9999.000,9999.000,9999.000,9999.000,9999.000,9999.000
202605100436,   0.556,   1.170,9999.000,9999.000,9999.000,9999.000,9999.000,9999.000,9999.000
202605100442,   0.591,   1.239,9999.000,9999.000,9999.000,9999.000,9999.000,9999.000,9999.000
202605100448,   0.628,   1.298,9999.000,9999.000,9999.000,9999.000,9999.000,9999.000,9999.000
202605100454,   0.666,   1.348,9999.000,9999.000,9999.000,9999.000,9999.000,9999.000,9999.000
202605100500,   0.707,   1.410,   0.600,   0.103,   1.410,   0.600,   1.410,   0.700,   1.510
202605100506,   0.748,   1.469,9999.000,9999.000,9999.000,9999.000,9999.000,9999.000,9999.000
202605100512,   0.791,   1.528,9999.000,9999.000,9999.000,9999.000,9999.000,9999.000,9999.000
202605100518,   0.835,   1.580,9999.000,9999.000,9999.000,9999.000,9999.000,9999.000,9999.000
202605100524,   0.880,   1.630,9999.000,9999.000,9999.000,9999.000,9999.000,9999.000,9999.000
202605100530,   0.926,   1.689,9999.000,9999.000,9999.000,9999.000,9999.000,9999.000,9999.000
202605100536,   0.972,   1.728,9999.000,9999.000,9999.000,9999.000,9999.000,9999.000,9999.000
202605100542,   1.018,   1.767,9999.000,9999.000,9999.000,9999.000,9999.000,9999.000,9999.000
202605100548,   1.064,   1.810,9999.000,9999.000,9999.000,9999.000,9999.000,9999.000,9999.000
202605100554,   1.110,   1.849,9999.000,9999.000,9999.000,9999.000,9999.000,9999.000,9999.000
202605100600,   1.154,   1.889,   0.500,   0.235,   1.889,   0.500,   1.889,   0.600,   1.989
202605100606,   1.198,   1.918,9999.000,9999.000,9999.000,9999.000,9999.000,9999.000,9999.000
202605100612,   1.240,   1.948,9999.000,9999.000,9999.000,9999.000,9999.000,9999.000,9999.000
202605100618,   1.280,   1.981,9999.000,9999.000,9999.000,9999.000,9999.000,9999.000,9999.000
202605100624,   1.318,   2.000,9999.000,9999.000,9999.000,9999.000,9999.000,9999.000,9999.000
202605100630,   1.354,   2.010,9999.000,9999.000,9999.000,9999.000,9999.000,9999.000,9999.000
202605100636,   1.388,   2.030,9999.000,9999.000,9999.000,9999.000,9999.000,9999.000,9999.000
202605100642,   1.419,   2.049,9999.000,9999.000,9999.000,9999.000,9999.000,9999.000,9999.000
202605100648,   1.448,   2.069,9999.000,9999.000,9999.000,9999.000,9999.000,9999.000,9999.000
202605100654,   1.473,   2.079,9999.000,9999.000,9999.000,9999.000,9999.000,9999.000,9999.000
202605100700,   1.496,   2.089,   0.500,   0.093,   2.089,   0.500,   2.089,   0.600,   2.189
202605100706,   1.516,   2.099,9999.000,9999.000,9999.000,9999.000,9999.000,9999.000,9999.000
202605100712,   1.533,   2.109,9999.000,9999.000,9999.000,9999.000,9999.000,9999.000,9999.000
202605100718,   1.548,   2.118,9999.000,9999.000,9999.000,9999.000,9999.000,9999.000,9999.000
202605100724,   1.560,   2.128,9999.000,9999.000,9999.000,9999.000,9999.000,9999.000,9999.000
202605100730,   1.570,   2.128,9999.000,9999.000,9999.000,9999.000,9999.000,9999.000,9999.000
202605100736,   1.577,   2.138,9999.000,9999.000,9999.000,9999.000,9999.000,9999.000,9999.000
202605100742,   1.582,   2.148,9999.000,9999.000,9999.000,9999.000,9999.000,9999.000,9999.000
202605100748,   1.586,   2.148,9999.000,9999.000,9999.000,9999.000,9999.000,9999.000,9999.000
202605100754,   1.588,   2.158,9999.000,9999.000,9999.000,9999.000,9999.000,9999.000,9999.000
202605100800,   1.588,   2.148,   0.500,   0.060,   2.148,   0.500,   2.148,   0.500,   2.148
202605100806,   1.588,   2.158,9999.000,9999.000,9999.000,9999.000,9999.000,9999.000,9999.000
202605100812,   1.586,   2.158,9999.000,9999.000,9999.000,9999.000,9999.000,9999.000,9999.000
202605100818,   1.583,   2.158,9999.000,9999.000,9999.000,9999.000,9999.000,9999.000,9999.000
202605100824,   1.580,   2.158,9999.000,9999.000,9999.000,9999.000,9999.000,9999.000,9999.000
202605100830,   1.576,   2.158,9999.000,9999.000,9999.000,9999.000,9999.000,9999.000,9999.000
202605100836,   1.571,   2.158,9999.000,9999.000,9999.000,9999.000,9999.000,9999.000,9999.000
202605100842,   1.566,   2.158,9999.000,9999.000,9999.000,9999.000,9999.000,9999.000,9999.000
202605100848,   1.561,   2.158,9999.000,9999.000,9999.000,9999.000,9999.000,9999.000,9999.000
202605100854,   1.555,   2.158,9999.000,9999.000,9999.000,9999.000,9999.000,9999.000,9999.000
202605100900,   1.549,   2.158,   0.500,   0.109,   2.158,   0.500,   2.158,   0.500,   2.158
202605100906,   1.543,   2.148,9999.000,9999.000,9999.000,9999.000,9999.000,9999.000,9999.000
202605100912,   1.537,   2.148,9999.000,9999.000,9999.000,9999.000,9999.000,9999.000,9999.000
202605100918,   1.530,   2.148,9999.000,9999.000,9999.000,9999.000,9999.000,9999.000,9999.000
202605100924,   1.522,   2.138,9999.000,9999.000,9999.000,9999.000,9999.000,9999.000,9999.000
202605100930,   1.514,   2.128,9999.000,9999.000,9999.000,9999.000,9999.000,9999.000,9999.000
202605100936,   1.506,   2.128,9999.000,9999.000,9999.000,9999.000,9999.000,9999.000,9999.000
202605100942,   1.496,   2.118,9999.000,9999.000,9999.000,9999.000,9999.000,9999.000,9999.000
202605100948,   1.486,   2.109,9999.000,9999.000,9999.000,9999.000,9999.000,9999.000,9999.000
202605100954,   1.474,   2.089,9999.000,9999.000,9999.000,9999.000,9999.000,9999.000,9999.000
202605101000,   1.462,   2.079,   0.500,   0.117,   2.079,   0.500,   2.079,   0.500,   2.079
202605101006,   1.448,   2.059,9999.000,9999.000,9999.000,9999.000,9999.000,9999.000,9999.000
202605101012,   1.433,   2.030,9999.000,9999.000,9999.000,9999.000,9999.000,9999.000,9999.000
202605101018,   1.417,   2.010,9999.000,9999.000,9999.000,9999.000,9999.000,9999.000,9999.000
202605101024,   1.399,   1.990,9999.000,9999.000,9999.000,9999.000,9999.000,9999.000,9999.000
202605101030,   1.380,   1.967,9999.000,9999.000,9999.000,9999.000,9999.000,9999.000,9999.000
202605101036,   1.359,   1.938,9999.000,9999.000,9999.000,9999.000,9999.000,9999.000,9999.000
202605101042,   1.337,   1.908,9999.000,9999.000,9999.000,9999.000,9999.000,9999.000,9999.000
202605101048,   1.313,   1.869,9999.000,9999.000,9999.000,9999.000,9999.000,9999.000,9999.000
202605101054,   1.288,   1.840,9999.000,9999.000,9999.000,9999.000,9999.000,9999.000,9999.000
202605101100,   1.261,   1.800,   0.500,   0.039,   1.800,   0.500,   1.800,   0.500,   1.800
202605101106,   1.233,   1.758,9999.000,9999.000,9999.000,9999.000,9999.000,9999.000,9999.000
202605101112,   1.203,   1.728,9999.000,9999.000,9999.000,9999.000,9999.000,9999.000,9999.000
202605101118,   1.172,   1.679,9999.000,9999.000,9999.000,9999.000,9999.000,9999.000,9999.000
202605101124,   1.140,   1.630,9999.000,9999.000,9999.000,9999.000,9999.000,9999.000,9999.000
202605101130,   1.106,   1.590,9999.000,9999.000,9999.000,9999.000,9999.000,9999.000,9999.000
202605101136,   1.071,   1.548,9999.000,9999.000,9999.000,9999.000,9999.000,9999.000,9999.000
202605101142,   1.035,   1.508,9999.000,9999.000,9999.000,9999.000,9999.000,9999.000,9999.000
202605101148,   0.998,   1.469,9999.000,9999.000,9999.000,9999.000,9999.000,9999.000,9999.000
202605101154,   0.960,   1.420,9999.000,9999.000,9999.000,9999.000,9999.000,9999.000,9999.000
202605101200,   0.922,   1.361,   0.500,  -0.061,   1.361,   0.500,   1.361,   0.500,   1.361
202605101206,   0.882,   1.308,9999.000,9999.000,9999.000,9999.000,9999.000,9999.000,9999.000
202605101212,   0.843,   1.259,9999.000,9999.000,9999.000,9999.000,9999.000,9999.000,9999.000
202605101218,   0.802,   1.200,9999.000,9999.000,9999.000,9999.000,9999.000,9999.000,9999.000
202605101224,   0.762,   1.180,9999.000,9999.000,9999.000,9999.000,9999.000,9999.000,9999.000
202605101230,   0.722,   1.128,9999.000,9999.000,9999.000,9999.000,9999.000,9999.000,9999.000
202605101236,   0.681,   1.088,9999.000,9999.000,9999.000,9999.000,9999.000,9999.000,9999.000
202605101242,   0.641,   1.039,9999.000,9999.000,9999.000,9999.000,9999.000,9999.000,9999.000
202605101248,   0.602,   1.010,9999.000,9999.000,9999.000,9999.000,9999.000,9999.000,9999.000
202605101254,   0.563,   0.961,9999.000,9999.000,9999.000,9999.000,9999.000,9999.000,9999.000
202605101300,   0.525,   0.918,   0.500,  -0.107,   0.918,   0.500,   0.918,   0.500,   0.918
202605101306,   0.487,   0.888,9999.000,9999.000,9999.000,9999.000,9999.000,9999.000,9999.000
202605101312,   0.451,   0.859,9999.000,9999.000,9999.000,9999.000,9999.000,9999.000,9999.000
202605101318,   0.416,   0.819,9999.000,9999.000,9999.000,9999.000,9999.000,9999.000,9999.000
202605101324,   0.383,   0.790,9999.000,9999.000,9999.000,9999.000,9999.000,9999.000,9999.000
202605101330,   0.351,   0.751,9999.000,9999.000,9999.000,9999.000,9999.000,9999.000,9999.000
202605101336,   0.321,   0.718,9999.000,9999.000,9999.000,9999.000,9999.000,9999.000,9999.000
202605101342,   0.293,   0.688,9999.000,9999.000,9999.000,9999.000,9999.000,9999.000,9999.000
202605101348,   0.266,   0.669,9999.000,9999.000,9999.000,9999.000,9999.000,9999.000,9999.000
202605101354,   0.242,   0.639,9999.000,9999.000,9999.000,9999.000,9999.000,9999.000,9999.000
202605101400,   0.220,   0.619,   0.500,  -0.101,   0.619,   0.500,   0.619,   0.500,   0.619
202605101406,   0.199,   0.600,9999.000,9999.000,9999.000,9999.000,9999.000,9999.000,9999.000
202605101412,   0.181,   0.590,9999.000,9999.000,9999.000,9999.000,9999.000,9999.000,9999.000
202605101418,   0.165,   0.570,9999.000,9999.000,9999.000,9999.000,9999.000,9999.000,9999.000
202605101424,   0.151,   0.560,9999.000,9999.000,9999.000,9999.000,9999.000,9999.000,9999.000
202605101430,   0.139,   0.560,9999.000,9999.000,9999.000,9999.000,9999.000,9999.000,9999.000
202605101436,   0.129,   0.551,9999.000,9999.000,9999.000,9999.000,9999.000,9999.000,9999.000
202605101442,   0.120,   0.551,9999.000,9999.000,9999.000,9999.000,9999.000,9999.000,9999.000
202605101448,   0.114,   0.541,9999.000,9999.000,9999.000,9999.000,9999.000,9999.000,9999.000
202605101454,   0.109,   0.531,9999.000,9999.000,9999.000,9999.000,9999.000,9999.000,9999.000
202605101500,   0.106,   0.518,   0.500,  -0.088,   0.518,   0.500,   0.518,   0.500,   0.518
202605101506,   0.104,   0.518,9999.000,9999.000,9999.000,9999.000,9999.000,9999.000,9999.000
202605101512,   0.104,   0.518,9999.000,9999.000,9999.000,9999.000,9999.000,9999.000,9999.000
202605101518,   0.105,   0.518,9999.000,9999.000,9999.000,9999.000,9999.000,9999.000,9999.000
202605101524,   0.108,   0.518,9999.000,9999.000,9999.000,9999.000,9999.000,9999.000,9999.000
202605101530,   0.112,   0.531,9999.000,9999.000,9999.000,9999.000,9999.000,9999.000,9999.000
202605101536,   0.117,   0.531,9999.000,9999.000,9999.000,9999.000,9999.000,9999.000,9999.000
202605101542,   0.124,   0.541,9999.000,9999.000,9999.000,9999.000,9999.000,9999.000,9999.000
202605101548,   0.132,   0.551,9999.000,9999.000,9999.000,9999.000,9999.000,9999.000,9999.000
202605101554,   0.141,   0.551,9999.000,9999.000,9999.000,9999.000,9999.000,9999.000,9999.000
202605101600,   0.152,   0.560,   0.500,  -0.092,   0.560,   0.500,   0.560,   0.500,   0.560
202605101606,   0.164,   0.570,9999.000,9999.000,9999.000,9999.000,9999.000,9999.000,9999.000
202605101612,   0.178,   0.590,9999.000,9999.000,9999.000,9999.000,9999.000,9999.000,9999.000
202605101618,   0.193,   0.600,9999.000,9999.000,9999.000,9999.000,9999.000,9999.000,9999.000
202605101624,   0.210,   0.619,9999.000,9999.000,9999.000,9999.000,9999.000,9999.000,9999.000
202605101630,   0.230,   0.639,9999.000,9999.000,9999.000,9999.000,9999.000,9999.000,9999.000
202605101636,   0.251,   0.659,9999.000,9999.000,9999.000,9999.000,9999.000,9999.000,9999.000
202605101642,   0.274,   0.688,9999.000,9999.000,9999.000,9999.000,9999.000,9999.000,9999.000
202605101648,   0.300,   0.708,9999.000,9999.000,9999.000,9999.000,9999.000,9999.000,9999.000
202605101654,   0.328,   0.751,9999.000,9999.000,9999.000,9999.000,9999.000,9999.000,9999.000
202605101700,   0.358,   0.780,   0.500,  -0.078,   0.780,   0.500,   0.780,   0.500,   0.780
202605101706,   0.391,   0.810,9999.000,9999.000,9999.000,9999.000,9999.000,9999.000,9999.000
202605101712,   0.426,   0.849,9999.000,9999.000,9999.000,9999.000,9999.000,9999.000,9999.000
202605101718,   0.463,   0.888,9999.000,9999.000,9999.000,9999.000,9999.000,9999.000,9999.000
202605101724,   0.503,   0.941,9999.000,9999.000,9999.000,9999.000,9999.000,9999.000,9999.000
202605101730,   0.544,   0.990,9999.000,9999.000,9999.000,9999.000,9999.000,9999.000,9999.000
202605101736,   0.588,   1.039,9999.000,9999.000,9999.000,9999.000,9999.000,9999.000,9999.000
202605101742,   0.633,   1.088,9999.000,9999.000,9999.000,9999.000,9999.000,9999.000,9999.000
202605101748,   0.680,   1.161,9999.000,9999.000,9999.000,9999.000,9999.000,9999.000,9999.000
202605101754,   0.728,   1.210,9999.000,9999.000,9999.000,9999.000,9999.000,9999.000,9999.000
202605101800,   0.777,   1.269,   0.500,  -0.008,   1.269,   0.500,   1.269,   0.600,   1.369
202605101806,   0.826,   1.318,9999.000,9999.000,9999.000,9999.000,9999.000,9999.000,9999.000
202605101812,   0.876,   1.390,9999.000,9999.000,9999.000,9999.000,9999.000,9999.000,9999.000
202605101818,   0.925,   1.430,9999.000,9999.000,9999.000,9999.000,9999.000,9999.000,9999.000
202605101824,   0.975,   1.469,9999.000,9999.000,9999.000,9999.000,9999.000,9999.000,9999.000
202605101830,   1.023,   1.528,9999.000,9999.000,9999.000,9999.000,9999.000,9999.000,9999.000
202605101836,   1.071,   1.571,9999.000,9999.000,9999.000,9999.000,9999.000,9999.000,9999.000
202605101842,   1.117,   1.620,9999.000,9999.000,9999.000,9999.000,9999.000,9999.000,9999.000
202605101848,   1.161,   1.659,9999.000,9999.000,9999.000,9999.000,9999.000,9999.000,9999.000
202605101854,   1.203,   1.699,9999.000,9999.000,9999.000,9999.000,9999.000,9999.000,9999.000
202605101900,   1.244,   1.728,   0.500,  -0.016,   1.728,   0.500,   1.728,   0.600,   1.828
202605101906,   1.282,   1.758,9999.000,9999.000,9999.000,9999.000,9999.000,9999.000,9999.000
202605101912,   1.317,   1.790,9999.000,9999.000,9999.000,9999.000,9999.000,9999.000,9999.000
202605101918,   1.349,   1.820,9999.000,9999.000,9999.000,9999.000,9999.000,9999.000,9999.000
202605101924,   1.379,   1.840,9999.000,9999.000,9999.000,9999.000,9999.000,9999.000,9999.000
202605101930,   1.406,   1.859,9999.000,9999.000,9999.000,9999.000,9999.000,9999.000,9999.000
202605101936,   1.431,   1.879,9999.000,9999.000,9999.000,9999.000,9999.000,9999.000,9999.000
202605101942,   1.452,   1.899,9999.000,9999.000,9999.000,9999.000,9999.000,9999.000,9999.000
202605101948,   1.471,   1.908,9999.000,9999.000,9999.000,9999.000,9999.000,9999.000,9999.000
202605101954,   1.488,   1.918,9999.000,9999.000,9999.000,9999.000,9999.000,9999.000,9999.000
202605102000,   1.502,   1.938,   0.500,  -0.064,   1.938,   0.500,   1.938,   0.600,   2.038
202605102006,   1.514,   1.958,9999.000,9999.000,9999.000,9999.000,9999.000,9999.000,9999.000
202605102012,   1.524,   1.958,9999.000,9999.000,9999.000,9999.000,9999.000,9999.000,9999.000
202605102018,   1.532,   1.990,9999.000,9999.000,9999.000,9999.000,9999.000,9999.000,9999.000
202605102024,   1.538,   2.000,9999.000,9999.000,9999.000,9999.000,9999.000,9999.000,9999.000
202605102030,   1.543,   1.990,9999.000,9999.000,9999.000,9999.000,9999.000,9999.000,9999.000
202605102036,   1.546,   2.010,9999.000,9999.000,9999.000,9999.000,9999.000,9999.000,9999.000
202605102042,   1.549,   2.049,9999.000,9999.000,9999.000,9999.000,9999.000,9999.000,9999.000
202605102048,   1.550,   2.069,9999.000,9999.000,9999.000,9999.000,9999.000,9999.000,9999.000
202605102054,   1.550,   2.079,9999.000,9999.000,9999.000,9999.000,9999.000,9999.000,9999.000
202605102100,   1.550,   2.148,   0.500,   0.098,   2.148,   0.500,   2.148,   0.600,   2.248
202605102106,   1.549,   2.148,9999.000,9999.000,9999.000,9999.000,9999.000,9999.000,9999.000
202605102112,   1.547,   2.069,9999.000,9999.000,9999.000,9999.000,9999.000,9999.000,9999.000
202605102118,   1.544,   2.049,9999.000,9999.000,9999.000,9999.000,9999.000,9999.000,9999.000
202605102124,   1.541,   2.059,9999.000,9999.000,9999.000,9999.000,9999.000,9999.000,9999.000
202605102130,   1.537,   2.079,9999.000,9999.000,9999.000,9999.000,9999.000,9999.000,9999.000
202605102136,   1.533,   2.079,9999.000,9999.000,9999.000,9999.000,9999.000,9999.000,9999.000
202605102142,   1.528,   2.069,9999.000,9999.000,9999.000,9999.000,9999.000,9999.000,9999.000
202605102148,   1.522,   2.040,9999.000,9999.000,9999.000,9999.000,9999.000,9999.000,9999.000
202605102154,   1.515,   2.000,9999.000,9999.000,9999.000,9999.000,9999.000,9999.000,9999.000
202605102200,   1.507,   1.967,   0.500,  -0.040,   1.967,   0.500,   1.967,   0.500,   1.967
202605102206,   1.499,   1.981,9999.000,9999.000,9999.000,9999.000,9999.000,9999.000,9999.000
202605102212,   1.489,   2.000,9999.000,9999.000,9999.000,9999.000,9999.000,9999.000,9999.000
202605102218,   1.477,   1.990,9999.000,9999.000,9999.000,9999.000,9999.000,9999.000,9999.000
202605102224,   1.465,   1.981,9999.000,9999.000,9999.000,9999.000,9999.000,9999.000,9999.000
202605102230,   1.451,   1.981,9999.000,9999.000,9999.000,9999.000,9999.000,9999.000,9999.000
202605102236,   1.436,   1.967,9999.000,9999.000,9999.000,9999.000,9999.000,9999.000,9999.000
202605102242,   1.419,   1.938,9999.000,9999.000,9999.000,9999.000,9999.000,9999.000,9999.000
202605102248,   1.400,   1.918,9999.000,9999.000,9999.000,9999.000,9999.000,9999.000,9999.000
202605102254,   1.380,   1.889,9999.000,9999.000,9999.000,9999.000,9999.000,9999.000,9999.000
202605102300,   1.359,   1.840,   0.500,  -0.019,   1.840,   0.500,   1.840,   0.500,   1.840
202605102306,   1.336,   1.790,9999.000,9999.000,9999.000,9999.000,9999.000,9999.000,9999.000
202605102312,   1.311,   1.758,9999.000,9999.000,9999.000,9999.000,9999.000,9999.000,9999.000
202605102318,   1.284,   1.718,9999.000,9999.000,9999.000,9999.000,9999.000,9999.000,9999.000
202605102324,   1.256,   1.689,9999.000,9999.000,9999.000,9999.000,9999.000,9999.000,9999.000
202605102330,   1.227,   1.649,9999.000,9999.000,9999.000,9999.000,9999.000,9999.000,9999.000
202605102336,   1.196,   1.590,9999.000,9999.000,9999.000,9999.000,9999.000,9999.000,9999.000
202605102342,   1.164,   1.528,9999.000,9999.000,9999.000,9999.000,9999.000,9999.000,9999.000
202605102348,   1.130,   1.489,9999.000,9999.000,9999.000,9999.000,9999.000,9999.000,9999.000
202605102354,   1.096,   1.449,9999.000,9999.000,9999.000,9999.000,9999.000,9999.000,9999.000
202605110000,   1.060,   1.410,   0.500,  -0.150,   1.410,   0.500,   1.410,   0.500,   1.410
202605110006,   1.023,   1.371,9999.000,9999.000,9999.000,9999.000,9999.000,9999.000,9999.000
202605110012,   0.986,   1.318,9999.000,9999.000,9999.000,9999.000,9999.000,9999.000,9999.000
202605110018,   0.947,   1.269,9999.000,9999.000,9999.000,9999.000,9999.000,9999.000,9999.000
202605110024,   0.908,   1.220,9999.000,9999.000,9999.000,9999.000,9999.000,9999.000,9999.000
202605110030,   0.869,   1.170,9999.000,9999.000,9999.000,9999.000,9999.000,9999.000,9999.000
202605110036,   0.829,   1.118,9999.000,9999.000,9999.000,9999.000,9999.000,9999.000,9999.000
202605110042,   0.789,   1.079,9999.000,9999.000,9999.000,9999.000,9999.000,9999.000,9999.000
202605110048,   0.750,   1.020,9999.000,9999.000,9999.000,9999.000,9999.000,9999.000,9999.000
202605110054,   0.710,   0.990,9999.000,9999.000,9999.000,9999.000,9999.000,9999.000,9999.000
202605110100,   0.671,   0.941,   0.500,  -0.230,   0.941,   0.500,   0.941,   0.500,   0.941
202605110106,   0.632,   0.898,9999.000,9999.000,9999.000,9999.000,9999.000,9999.000,9999.000
202605110112,   0.594,   0.859,9999.000,9999.000,9999.000,9999.000,9999.000,9999.000,9999.000
202605110118,   0.556,   0.819,9999.000,9999.000,9999.000,9999.000,9999.000,9999.000,9999.000
202605110124,   0.520,   0.780,9999.000,9999.000,9999.000,9999.000,9999.000,9999.000,9999.000
202605110130,   0.485,   0.741,9999.000,9999.000,9999.000,9999.000,9999.000,9999.000,9999.000
202605110136,   0.451,   0.708,9999.000,9999.000,9999.000,9999.000,9999.000,9999.000,9999.000
202605110142,   0.419,   0.678,9999.000,9999.000,9999.000,9999.000,9999.000,9999.000,9999.000
202605110148,   0.389,   0.649,9999.000,9999.000,9999.000,9999.000,9999.000,9999.000,9999.000
202605110154,   0.360,   0.619,9999.000,9999.000,9999.000,9999.000,9999.000,9999.000,9999.000
202605110200,   0.334,   0.600,   0.500,  -0.234,   0.600,   0.500,   0.600,   0.500,   0.600
202605110206,   0.309,   0.570,9999.000,9999.000,9999.000,9999.000,9999.000,9999.000,9999.000
202605110212,   0.287,   0.541,9999.000,9999.000,9999.000,9999.000,9999.000,9999.000,9999.000
202605110218,   0.267,   0.518,9999.000,9999.000,9999.000,9999.000,9999.000,9999.000,9999.000
202605110224,   0.249,   0.508,9999.000,9999.000,9999.000,9999.000,9999.000,9999.000,9999.000
202605110230,   0.233,   0.498,9999.000,9999.000,9999.000,9999.000,9999.000,9999.000,9999.000
202605110236,   0.219,   0.488,9999.000,9999.000,9999.000,9999.000,9999.000,9999.000,9999.000
202605110242,   0.208,   0.478,9999.000,9999.000,9999.000,9999.000,9999.000,9999.000,9999.000
202605110248,   0.199,   0.478,9999.000,9999.000,9999.000,9999.000,9999.000,9999.000,9999.000
202605110254,   0.192,   0.469,9999.000,9999.000,9999.000,9999.000,9999.000,9999.000,9999.000
202605110300,   0.187,   0.459,   0.500,  -0.228,   0.459,   0.500,   0.459,   0.500,   0.459
202605110306,   0.185,   0.459,9999.000,9999.000,9999.000,9999.000,9999.000,9999.000,9999.000
202605110312,   0.184,   0.469,9999.000,9999.000,9999.000,9999.000,9999.000,9999.000,9999.000
202605110318,   0.184,   0.469,9999.000,9999.000,9999.000,9999.000,9999.000,9999.000,9999.000
202605110324,   0.187,   0.469,9999.000,9999.000,9999.000,9999.000,9999.000,9999.000,9999.000
202605110330,   0.191,   0.469,9999.000,9999.000,9999.000,9999.000,9999.000,9999.000,9999.000
202605110336,   0.196,   0.469,9999.000,9999.000,9999.000,9999.000,9999.000,9999.000,9999.000
202605110342,   0.203,   0.478,9999.000,9999.000,9999.000,9999.000,9999.000,9999.000,9999.000
202605110348,   0.211,   0.488,9999.000,9999.000,9999.000,9999.000,9999.000,9999.000,9999.000
202605110354,   0.220,   0.498,9999.000,9999.000,9999.000,9999.000,9999.000,9999.000,9999.000
202605110400,   0.230,   0.518,   0.500,  -0.212,   0.518,   0.500,   0.518,   0.500,   0.518
202605110406,   0.241,   0.531,9999.000,9999.000,9999.000,9999.000,9999.000,9999.000,9999.000
202605110412,   0.254,   0.541,9999.000,9999.000,9999.000,9999.000,9999.000,9999.000,9999.000
202605110418,   0.268,   0.551,9999.000,9999.000,9999.000,9999.000,9999.000,9999.000,9999.000
202605110424,   0.283,   0.580,9999.000,9999.000,9999.000,9999.000,9999.000,9999.000,9999.000
202605110430,   0.299,   0.600,9999.000,9999.000,9999.000,9999.000,9999.000,9999.000,9999.000
202605110436,   0.316,   0.610,9999.000,9999.000,9999.000,9999.000,9999.000,9999.000,9999.000
202605110442,   0.335,   0.639,9999.000,9999.000,9999.000,9999.000,9999.000,9999.000,9999.000
202605110448,   0.355,   0.669,9999.000,9999.000,9999.000,9999.000,9999.000,9999.000,9999.000
202605110454,   0.377,   0.698,9999.000,9999.000,9999.000,9999.000,9999.000,9999.000,9999.000
202605110500,   0.400,   0.731,   0.500,  -0.169,   0.731,   0.500,   0.731,   0.500,   0.731
202605110506,   0.426,   0.760,9999.000,9999.000,9999.000,9999.000,9999.000,9999.000,9999.000
202605110512,   0.453,   0.800,9999.000,9999.000,9999.000,9999.000,9999.000,9999.000,9999.000
202605110518,   0.482,   0.839,9999.000,9999.000,9999.000,9999.000,9999.000,9999.000,9999.000
202605110524,   0.513,   0.888,9999.000,9999.000,9999.000,9999.000,9999.000,9999.000,9999.000
202605110530,   0.546,   0.941,9999.000,9999.000,9999.000,9999.000,9999.000,9999.000,9999.000
202605110536,   0.581,   0.980,9999.000,9999.000,9999.000,9999.000,9999.000,9999.000,9999.000
202605110542,   0.617,   1.029,9999.000,9999.000,9999.000,9999.000,9999.000,9999.000,9999.000
202605110548,   0.656,   1.088,9999.000,9999.000,9999.000,9999.000,9999.000,9999.000,9999.000
202605110554,   0.696,   1.151,9999.000,9999.000,9999.000,9999.000,9999.000,9999.000,9999.000
202605110600,   0.738,   1.200,   0.400,   0.062,   1.200,   0.400,   1.200,   0.400,   1.200
202605110606,   0.782,   1.259,9999.000,9999.000,9999.000,9999.000,9999.000,9999.000,9999.000
202605110612,   0.826,   1.318,9999.000,9999.000,9999.000,9999.000,9999.000,9999.000,9999.000
202605110618,   0.872,   1.371,9999.000,9999.000,9999.000,9999.000,9999.000,9999.000,9999.000
202605110624,   0.918,   1.430,9999.000,9999.000,9999.000,9999.000,9999.000,9999.000,9999.000
202605110630,   0.964,   1.469,9999.000,9999.000,9999.000,9999.000,9999.000,9999.000,9999.000
202605110636,   1.011,   1.518,9999.000,9999.000,9999.000,9999.000,9999.000,9999.000,9999.000
202605110642,   1.057,   1.571,9999.000,9999.000,9999.000,9999.000,9999.000,9999.000,9999.000
202605110648,   1.103,   1.610,9999.000,9999.000,9999.000,9999.000,9999.000,9999.000,9999.000
202605110654,   1.148,   1.659,9999.000,9999.000,9999.000,9999.000,9999.000,9999.000,9999.000
202605110700,   1.191,   1.689,   0.400,   0.098,   1.689,   0.400,   1.689,   0.400,   1.689
202605110706,   1.233,   1.728,9999.000,9999.000,9999.000,9999.000,9999.000,9999.000,9999.000
202605110712,   1.273,   1.758,9999.000,9999.000,9999.000,9999.000,9999.000,9999.000,9999.000
202605110718,   1.311,   1.790,9999.000,9999.000,9999.000,9999.000,9999.000,9999.000,9999.000
202605110724,   1.347,   1.820,9999.000,9999.000,9999.000,9999.000,9999.000,9999.000,9999.000
202605110730,   1.381,   1.849,9999.000,9999.000,9999.000,9999.000,9999.000,9999.000,9999.000
202605110736,   1.412,   1.869,9999.000,9999.000,9999.000,9999.000,9999.000,9999.000,9999.000
202605110742,   1.440,   1.879,9999.000,9999.000,9999.000,9999.000,9999.000,9999.000,9999.000
202605110748,   1.465,   1.908,9999.000,9999.000,9999.000,9999.000,9999.000,9999.000,9999.000
202605110754,   1.488,   1.928,9999.000,9999.000,9999.000,9999.000,9999.000,9999.000,9999.000
202605110800,   1.508,   1.938,   0.400,   0.030,   1.938,   0.400,   1.938,   0.400,   1.938
202605110806,   1.525,   1.958,9999.000,9999.000,9999.000,9999.000,9999.000,9999.000,9999.000
202605110812,   1.540,   1.967,9999.000,9999.000,9999.000,9999.000,9999.000,9999.000,9999.000
202605110818,   1.553,   1.981,9999.000,9999.000,9999.000,9999.000,9999.000,9999.000,9999.000
202605110824,   1.563,   1.990,9999.000,9999.000,9999.000,9999.000,9999.000,9999.000,9999.000
202605110830,   1.571,   1.990,9999.000,9999.000,9999.000,9999.000,9999.000,9999.000,9999.000
202605110836,   1.577,   2.000,9999.000,9999.000,9999.000,9999.000,9999.000,9999.000,9999.000
202605110842,   1.581,   2.000,9999.000,9999.000,9999.000,9999.000,9999.000,9999.000,9999.000
202605110848,   1.584,   2.010,9999.000,9999.000,9999.000,9999.000,9999.000,9999.000,9999.000
202605110854,   1.585,   2.010,9999.000,9999.000,9999.000,9999.000,9999.000,9999.000,9999.000
202605110900,   1.586,   2.020,   0.400,   0.034,   2.020,   0.400,   2.020,   0.400,   2.020
202605110906,   1.585,   2.010,9999.000,9999.000,9999.000,9999.000,9999.000,9999.000,9999.000
202605110912,   1.584,   2.010,9999.000,9999.000,9999.000,9999.000,9999.000,9999.000,9999.000
202605110918,   1.581,   2.010,9999.000,9999.000,9999.000,9999.000,9999.000,9999.000,9999.000
202605110924,   1.579,   2.000,9999.000,9999.000,9999.000,9999.000,9999.000,9999.000,9999.000
202605110930,   1.576,   2.000,9999.000,9999.000,9999.000,9999.000,9999.000,9999.000,9999.000
202605110936,   1.572,   2.000,9999.000,9999.000,9999.000,9999.000,9999.000,9999.000,9999.000
202605110942,   1.568,   2.000,9999.000,9999.000,9999.000,9999.000,9999.000,9999.000,9999.000
202605110948,   1.564,   2.000,9999.000,9999.000,9999.000,9999.000,9999.000,9999.000,9999.000
202605110954,   1.560,   2.000,9999.000,9999.000,9999.000,9999.000,9999.000,9999.000,9999.000
202605111000,   1.554,   1.990,   0.400,   0.036,   1.990,   0.400,   1.990,   0.400,   1.990
202605111006,   1.549,   1.990,9999.000,9999.000,9999.000,9999.000,9999.000,9999.000,9999.000
202605111012,   1.543,   1.981,9999.000,9999.000,9999.000,9999.000,9999.000,9999.000,9999.000
202605111018,   1.536,   1.981,9999.000,9999.000,9999.000,9999.000,9999.000,9999.000,9999.000
202605111024,   1.529,   1.967,9999.000,9999.000,9999.000,9999.000,9999.000,9999.000,9999.000
202605111030,   1.521,   1.958,9999.000,9999.000,9999.000,9999.000,9999.000,9999.000,9999.000
202605111036,   1.512,   1.948,9999.000,9999.000,9999.000,9999.000,9999.000,9999.000,9999.000
202605111042,   1.501,   1.928,9999.000,9999.000,9999.000,9999.000,9999.000,9999.000,9999.000
202605111048,   1.490,   1.918,9999.000,9999.000,9999.000,9999.000,9999.000,9999.000,9999.000
202605111054,   1.477,   1.908,9999.000,9999.000,9999.000,9999.000,9999.000,9999.000,9999.000
202605111100,   1.463,   1.889,   0.400,   0.026,   1.889,   0.400,   1.889,   0.400,   1.889
202605111106,   1.448,   1.869,9999.000,9999.000,9999.000,9999.000,9999.000,9999.000,9999.000
202605111112,   1.431,   1.849,9999.000,9999.000,9999.000,9999.000,9999.000,9999.000,9999.000
202605111118,   1.412,   1.820,9999.000,9999.000,9999.000,9999.000,9999.000,9999.000,9999.000
202605111124,   1.392,   1.790,9999.000,9999.000,9999.000,9999.000,9999.000,9999.000,9999.000
202605111130,   1.371,   1.758,9999.000,9999.000,9999.000,9999.000,9999.000,9999.000,9999.000
202605111136,   1.347,   1.728,9999.000,9999.000,9999.000,9999.000,9999.000,9999.000,9999.000
202605111142,   1.322,   1.689,9999.000,9999.000,9999.000,9999.000,9999.000,9999.000,9999.000
202605111148,   1.295,   1.649,9999.000,9999.000,9999.000,9999.000,9999.000,9999.000,9999.000
202605111154,   1.267,   1.610,9999.000,9999.000,9999.000,9999.000,9999.000,9999.000,9999.000
202605111200,   1.237,   1.571,   0.400,  -0.066,   1.571,   0.300,   1.471,   0.400,   1.571
202605111206,   1.205,   1.528,9999.000,9999.000,9999.000,9999.000,9999.000,9999.000,9999.000
202605111212,   1.172,   1.479,9999.000,9999.000,9999.000,9999.000,9999.000,9999.000,9999.000
202605111218,   1.138,   1.430,9999.000,9999.000,9999.000,9999.000,9999.000,9999.000,9999.000
202605111224,   1.102,   1.390,9999.000,9999.000,9999.000,9999.000,9999.000,9999.000,9999.000
202605111230,   1.065,   1.338,9999.000,9999.000,9999.000,9999.000,9999.000,9999.000,9999.000
202605111236,   1.027,   1.289,9999.000,9999.000,9999.000,9999.000,9999.000,9999.000,9999.000
202605111242,   0.987,   1.239,9999.000,9999.000,9999.000,9999.000,9999.000,9999.000,9999.000
202605111248,   0.947,   1.190,9999.000,9999.000,9999.000,9999.000,9999.000,9999.000,9999.000
202605111254,   0.906,   1.151,9999.000,9999.000,9999.000,9999.000,9999.000,9999.000,9999.000
202605111300,   0.864,   1.108,   0.400,  -0.156,   1.108,   0.300,   1.008,   0.400,   1.108
202605111306,   0.822,   1.029,9999.000,9999.000,9999.000,9999.000,9999.000,9999.000,9999.000
202605111312,   0.780,   0.990,9999.000,9999.000,9999.000,9999.000,9999.000,9999.000,9999.000
202605111318,   0.737,   0.961,9999.000,9999.000,9999.000,9999.000,9999.000,9999.000,9999.000
202605111324,   0.694,   0.908,9999.000,9999.000,9999.000,9999.000,9999.000,9999.000,9999.000
202605111330,   0.651,   0.859,9999.000,9999.000,9999.000,9999.000,9999.000,9999.000,9999.000
202605111336,   0.609,   0.810,9999.000,9999.000,9999.000,9999.000,9999.000,9999.000,9999.000
202605111342,   0.567,   0.780,9999.000,9999.000,9999.000,9999.000,9999.000,9999.000,9999.000
202605111348,   0.526,   0.731,9999.000,9999.000,9999.000,9999.000,9999.000,9999.000,9999.000
202605111354,   0.486,   0.678,9999.000,9999.000,9999.000,9999.000,9999.000,9999.000,9999.000
202605111400,   0.447,   0.649,   0.400,  -0.198,   0.649,   0.300,   0.549,   0.400,   0.649
202605111406,   0.409,   0.600,9999.000,9999.000,9999.000,9999.000,9999.000,9999.000,9999.000
202605111412,   0.372,   0.560,9999.000,9999.000,9999.000,9999.000,9999.000,9999.000,9999.000
202605111418,   0.337,   0.531,9999.000,9999.000,9999.000,9999.000,9999.000,9999.000,9999.000
202605111424,   0.304,   0.498,9999.000,9999.000,9999.000,9999.000,9999.000,9999.000,9999.000
202605111430,   0.272,   0.469,9999.000,9999.000,9999.000,9999.000,9999.000,9999.000,9999.000
202605111436,   0.243,   0.439,9999.000,9999.000,9999.000,9999.000,9999.000,9999.000,9999.000
202605111442,   0.215,   0.419,9999.000,9999.000,9999.000,9999.000,9999.000,9999.000,9999.000
202605111448,   0.190,   0.400,9999.000,9999.000,9999.000,9999.000,9999.000,9999.000,9999.000
202605111454,   0.167,   0.390,9999.000,9999.000,9999.000,9999.000,9999.000,9999.000,9999.000
202605111500,   0.146,   0.370,   0.400,  -0.176,   0.370,   0.300,   0.270,   0.400,   0.370
202605111506,   0.127,   0.350,9999.000,9999.000,9999.000,9999.000,9999.000,9999.000,9999.000
202605111512,   0.110,   0.341,9999.000,9999.000,9999.000,9999.000,9999.000,9999.000,9999.000
202605111518,   0.096,   0.341,9999.000,9999.000,9999.000,9999.000,9999.000,9999.000,9999.000
202605111524,   0.083,   0.331,9999.000,9999.000,9999.000,9999.000,9999.000,9999.000,9999.000
202605111530,   0.073,   0.308,9999.000,9999.000,9999.000,9999.000,9999.000,9999.000,9999.000
202605111536,   0.065,   0.308,9999.000,9999.000,9999.000,9999.000,9999.000,9999.000,9999.000
202605111542,   0.059,   0.298,9999.000,9999.000,9999.000,9999.000,9999.000,9999.000,9999.000
202605111548,   0.054,   0.288,9999.000,9999.000,9999.000,9999.000,9999.000,9999.000,9999.000
202605111554,   0.051,   0.288,9999.000,9999.000,9999.000,9999.000,9999.000,9999.000,9999.000
202605111600,   0.050,   0.268,   0.300,  -0.082,   0.268,   0.300,   0.268,   0.400,   0.368
202605111606,   0.051,   0.278,9999.000,9999.000,9999.000,9999.000,9999.000,9999.000,9999.000
202605111612,   0.053,   0.278,9999.000,9999.000,9999.000,9999.000,9999.000,9999.000,9999.000
202605111618,   0.057,   0.278,9999.000,9999.000,9999.000,9999.000,9999.000,9999.000,9999.000
202605111624,   0.062,   0.278,9999.000,9999.000,9999.000,9999.000,9999.000,9999.000,9999.000
202605111630,   0.069,   0.278,9999.000,9999.000,9999.000,9999.000,9999.000,9999.000,9999.000
202605111636,   0.077,   0.278,9999.000,9999.000,9999.000,9999.000,9999.000,9999.000,9999.000
202605111642,   0.086,   0.288,9999.000,9999.000,9999.000,9999.000,9999.000,9999.000,9999.000
202605111648,   0.098,   0.298,9999.000,9999.000,9999.000,9999.000,9999.000,9999.000,9999.000
202605111654,   0.111,   0.321,9999.000,9999.000,9999.000,9999.000,9999.000,9999.000,9999.000
202605111700,   0.125,   0.341,   0.300,  -0.084,   0.341,   0.300,   0.341,   0.400,   0.441
202605111706,   0.142,   0.360,9999.000,9999.000,9999.000,9999.000,9999.000,9999.000,9999.000
202605111712,   0.160,   0.360,9999.000,9999.000,9999.000,9999.000,9999.000,9999.000,9999.000
202605111718,   0.181,   0.390,9999.000,9999.000,9999.000,9999.000,9999.000,9999.000,9999.000
202605111724,   0.203,   0.419,9999.000,9999.000,9999.000,9999.000,9999.000,9999.000,9999.000
202605111730,   0.228,   0.439,9999.000,9999.000,9999.000,9999.000,9999.000,9999.000,9999.000
202605111736,   0.255,   0.469,9999.000,9999.000,9999.000,9999.000,9999.000,9999.000,9999.000
202605111742,   0.285,   0.508,9999.000,9999.000,9999.000,9999.000,9999.000,9999.000,9999.000
202605111748,   0.317,   0.551,9999.000,9999.000,9999.000,9999.000,9999.000,9999.000,9999.000
202605111754,   0.351,   0.590,9999.000,9999.000,9999.000,9999.000,9999.000,9999.000,9999.000
202605111800,   0.388,   0.639,   0.400,  -0.149,   0.639,   0.300,   0.539,   0.400,   0.639
202605111806,   0.427,   0.698,9999.000,9999.000,9999.000,9999.000,9999.000,9999.000,9999.000
202605111812,   0.469,   0.751,9999.000,9999.000,9999.000,9999.000,9999.000,9999.000,9999.000
202605111818,   0.513,   0.800,9999.000,9999.000,9999.000,9999.000,9999.000,9999.000,9999.000
202605111824,   0.558,   0.859,9999.000,9999.000,9999.000,9999.000,9999.000,9999.000,9999.000
202605111830,   0.606,   0.918,9999.000,9999.000,9999.000,9999.000,9999.000,9999.000,9999.000
202605111836,   0.655,   0.980,9999.000,9999.000,9999.000,9999.000,9999.000,9999.000,9999.000
202605111842,   0.706,   1.039,9999.000,9999.000,9999.000,9999.000,9999.000,9999.000,9999.000
202605111848,   0.757,   1.118,9999.000,9999.000,9999.000,9999.000,9999.000,9999.000,9999.000
202605111854,   0.809,   1.180,9999.000,9999.000,9999.000,9999.000,9999.000,9999.000,9999.000
202605111900,   0.862,   1.229,   0.400,  -0.033,   1.229,   0.300,   1.129,   0.400,   1.229
202605111906,   0.915,   1.279,9999.000,9999.000,9999.000,9999.000,9999.000,9999.000,9999.000
202605111912,   0.967,   1.318,9999.000,9999.000,9999.000,9999.000,9999.000,9999.000,9999.000
202605111918,   1.019,   1.390,9999.000,9999.000,9999.000,9999.000,9999.000,9999.000,9999.000
202605111924,   1.070,   1.479,9999.000,9999.000,9999.000,9999.000,9999.000,9999.000,9999.000
202605111930,   1.120,   1.508,9999.000,9999.000,9999.000,9999.000,9999.000,9999.000,9999.000
202605111936,   1.168,   1.548,9999.000,9999.000,9999.000,9999.000,9999.000,9999.000,9999.000
202605111942,   1.214,   1.610,9999.000,9999.000,9999.000,9999.000,9999.000,9999.000,9999.000
202605111948,   1.258,   1.639,9999.000,9999.000,9999.000,9999.000,9999.000,9999.000,9999.000
202605111954,   1.299,   1.679,9999.000,9999.000,9999.000,9999.000,9999.000,9999.000,9999.000
202605112000,   1.338,   1.699,   0.400,  -0.039,   1.699,   0.300,   1.599,   0.400,   1.699
202605112006,   1.374,   1.738,9999.000,9999.000,9999.000,9999.000,9999.000,9999.000,9999.000
202605112012,   1.408,   1.758,9999.000,9999.000,9999.000,9999.000,9999.000,9999.000,9999.000
202605112018,   1.438,   1.781,9999.000,9999.000,9999.000,9999.000,9999.000,9999.000,9999.000
202605112024,   1.466,   1.800,9999.000,9999.000,9999.000,9999.000,9999.000,9999.000,9999.000
202605112030,   1.491,   1.820,9999.000,9999.000,9999.000,9999.000,9999.000,9999.000,9999.000
202605112036,   1.514,   1.849,9999.000,9999.000,9999.000,9999.000,9999.000,9999.000,9999.000
202605112042,   1.533,   1.869,9999.000,9999.000,9999.000,9999.000,9999.000,9999.000,9999.000
202605112048,   1.551,   1.879,9999.000,9999.000,9999.000,9999.000,9999.000,9999.000,9999.000
202605112054,   1.566,   1.879,9999.000,9999.000,9999.000,9999.000,9999.000,9999.000,9999.000
202605112100,   1.578,   1.889,   0.400,  -0.089,   1.889,   0.300,   1.789,   0.400,   1.889
202605112106,   1.589,   1.889,9999.000,9999.000,9999.000,9999.000,9999.000,9999.000,9999.000
202605112112,   1.598,   1.899,9999.000,9999.000,9999.000,9999.000,9999.000,9999.000,9999.000
202605112118,   1.605,   1.908,9999.000,9999.000,9999.000,9999.000,9999.000,9999.000,9999.000
202605112124,   1.611,   1.928,9999.000,9999.000,9999.000,9999.000,9999.000,9999.000,9999.000
202605112130,   1.615,   1.938,9999.000,9999.000,9999.000,9999.000,9999.000,9999.000,9999.000
202605112136,   1.619,   1.967,9999.000,9999.000,9999.000,9999.000,9999.000,9999.000,9999.000
202605112142,   1.621,   2.010,9999.000,9999.000,9999.000,9999.000,9999.000,9999.000,9999.000
202605112148,   1.623,   2.059,9999.000,9999.000,9999.000,9999.000,9999.000,9999.000,9999.000
202605112154,   1.624,   2.118,9999.000,9999.000,9999.000,9999.000,9999.000,9999.000,9999.000
202605112200,   1.624,   2.118,   0.300,   0.194,   2.118,   0.300,   2.118,   0.400,   2.218
202605112206,   1.623,   2.109,9999.000,9999.000,9999.000,9999.000,9999.000,9999.000,9999.000
202605112212,   1.622,   2.109,9999.000,9999.000,9999.000,9999.000,9999.000,9999.000,9999.000
202605112218,   1.620,   2.099,9999.000,9999.000,9999.000,9999.000,9999.000,9999.000,9999.000
202605112224,   1.617,   2.079,9999.000,9999.000,9999.000,9999.000,9999.000,9999.000,9999.000
202605112230,   1.614,   2.059,9999.000,9999.000,9999.000,9999.000,9999.000,9999.000,9999.000
202605112236,   1.610,   2.030,9999.000,9999.000,9999.000,9999.000,9999.000,9999.000,9999.000
202605112242,   1.605,   2.020,9999.000,9999.000,9999.000,9999.000,9999.000,9999.000,9999.000
202605112248,   1.599,   2.010,9999.000,9999.000,9999.000,9999.000,9999.000,9999.000,9999.000
202605112254,   1.592,   1.990,9999.000,9999.000,9999.000,9999.000,9999.000,9999.000,9999.000
202605112300,   1.584,   1.981,   0.300,   0.097,   1.981,   0.300,   1.981,   0.400,   2.081
202605112306,   1.575,   1.958,9999.000,9999.000,9999.000,9999.000,9999.000,9999.000,9999.000
202605112312,   1.564,   1.938,9999.000,9999.000,9999.000,9999.000,9999.000,9999.000,9999.000
202605112318,   1.552,   1.918,9999.000,9999.000,9999.000,9999.000,9999.000,9999.000,9999.000
202605112324,   1.539,   1.918,9999.000,9999.000,9999.000,9999.000,9999.000,9999.000,9999.000
202605112330,   1.524,   1.908,9999.000,9999.000,9999.000,9999.000,9999.000,9999.000,9999.000
202605112336,   1.507,   1.889,9999.000,9999.000,9999.000,9999.000,9999.000,9999.000,9999.000
202605112342,   1.489,   1.869,9999.000,9999.000,9999.000,9999.000,9999.000,9999.000,9999.000
202605112348,   1.469,   1.840,9999.000,9999.000,9999.000,9999.000,9999.000,9999.000,9999.000
202605112354,   1.448,   1.800,9999.000,9999.000,9999.000,9999.000,9999.000,9999.000,9999.000
202605120000,   1.424,   1.767,   0.300,   0.043,   1.767,   0.300,   1.767,   0.400,   1.867
202605120006,   1.399,   1.748,9999.000,9999.000,9999.000,9999.000,9999.000,9999.000,9999.000
202605120012,   1.373,   1.708,9999.000,9999.000,9999.000,9999.000,9999.000,9999.000,9999.000
202605120018,   1.344,   1.669,9999.000,9999.000,9999.000,9999.000,9999.000,9999.000,9999.000
202605120024,   1.314,   1.630,9999.000,9999.000,9999.000,9999.000,9999.000,9999.000,9999.000
202605120030,   1.283,   1.590,9999.000,9999.000,9999.000,9999.000,9999.000,9999.000,9999.000
202605120036,   1.250,   1.538,9999.000,9999.000,9999.000,9999.000,9999.000,9999.000,9999.000
202605120042,   1.216,   1.498,9999.000,9999.000,9999.000,9999.000,9999.000,9999.000,9999.000
202605120048,   1.181,   1.439,9999.000,9999.000,9999.000,9999.000,9999.000,9999.000,9999.000
202605120054,   1.144,   1.390,9999.000,9999.000,9999.000,9999.000,9999.000,9999.000,9999.000
202605120100,   1.106,   1.338,   0.300,  -0.068,   1.338,   0.300,   1.338,   0.400,   1.438
202605120106,   1.068,   1.298,9999.000,9999.000,9999.000,9999.000,9999.000,9999.000,9999.000
202605120112,   1.028,   1.249,9999.000,9999.000,9999.000,9999.000,9999.000,9999.000,9999.000
202605120118,   0.988,   1.200,9999.000,9999.000,9999.000,9999.000,9999.000,9999.000,9999.000
202605120124,   0.947,   1.138,9999.000,9999.000,9999.000,9999.000,9999.000,9999.000,9999.000
202605120130,   0.906,   1.088,9999.000,9999.000,9999.000,9999.000,9999.000,9999.000,9999.000
202605120136,   0.865,   1.039,9999.000,9999.000,9999.000,9999.000,9999.000,9999.000,9999.000
202605120142,   0.824,   1.000,9999.000,9999.000,9999.000,9999.000,9999.000,9999.000,9999.000
202605120148,   0.782,   0.951,9999.000,9999.000,9999.000,9999.000,9999.000,9999.000,9999.000
202605120154,   0.741,   0.908,9999.000,9999.000,9999.000,9999.000,9999.000,9999.000,9999.000
202605120200,   0.700,   0.869,   0.300,  -0.131,   0.869,   0.300,   0.869,   0.400,   0.969
202605120206,   0.660,   0.819,9999.000,9999.000,9999.000,9999.000,9999.000,9999.000,9999.000
202605120212,   0.621,   0.770,9999.000,9999.000,9999.000,9999.000,9999.000,9999.000,9999.000
202605120218,   0.583,   0.731,9999.000,9999.000,9999.000,9999.000,9999.000,9999.000,9999.000
202605120224,   0.546,   0.698,9999.000,9999.000,9999.000,9999.000,9999.000,9999.000,9999.000
202605120230,   0.510,   0.649,9999.000,9999.000,9999.000,9999.000,9999.000,9999.000,9999.000
202605120236,   0.475,   0.610,9999.000,9999.000,9999.000,9999.000,9999.000,9999.000,9999.000
202605120242,   0.443,   0.580,9999.000,9999.000,9999.000,9999.000,9999.000,9999.000,9999.000
202605120248,   0.411,   0.541,9999.000,9999.000,9999.000,9999.000,9999.000,9999.000,9999.000
202605120254,   0.382,   0.508,9999.000,9999.000,9999.000,9999.000,9999.000,9999.000,9999.000
202605120300,   0.355,   0.488,   0.300,  -0.167,   0.488,   0.300,   0.488,   0.400,   0.588
202605120306,   0.330,   0.459,9999.000,9999.000,9999.000,9999.000,9999.000,9999.000,9999.000
202605120312,   0.307,   0.439,9999.000,9999.000,9999.000,9999.000,9999.000,9999.000,9999.000
202605120318,   0.286,   0.409,9999.000,9999.000,9999.000,9999.000,9999.000,9999.000,9999.000
202605120324,   0.267,   0.400,9999.000,9999.000,9999.000,9999.000,9999.000,9999.000,9999.000
202605120330,   0.251,   0.390,9999.000,9999.000,9999.000,9999.000,9999.000,9999.000,9999.000
202605120336,   0.236,   0.380,9999.000,9999.000,9999.000,9999.000,9999.000,9999.000,9999.000
202605120342,   0.224,   0.370,9999.000,9999.000,9999.000,9999.000,9999.000,9999.000,9999.000
202605120348,   0.213,   0.360,9999.000,9999.000,9999.000,9999.000,9999.000,9999.000,9999.000
202605120354,   0.205,   0.350,9999.000,9999.000,9999.000,9999.000,9999.000,9999.000,9999.000
202605120400,   0.199,   0.341,   0.300,  -0.158,   0.341,   0.300,   0.341,   0.400,   0.441
202605120406,   0.194,   0.341,9999.000,9999.000,9999.000,9999.000,9999.000,9999.000,9999.000
202605120412,   0.191,   0.341,9999.000,9999.000,9999.000,9999.000,9999.000,9999.000,9999.000
202605120418,   0.190,   0.341,9999.000,9999.000,9999.000,9999.000,9999.000,9999.000,9999.000
202605120424,   0.190,   0.341,9999.000,9999.000,9999.000,9999.000,9999.000,9999.000,9999.000
202605120430,   0.192,   0.341,9999.000,9999.000,9999.000,9999.000,9999.000,9999.000,9999.000
202605120436,   0.195,   0.350,9999.000,9999.000,9999.000,9999.000,9999.000,9999.000,9999.000
202605120442,   0.199,   0.350,9999.000,9999.000,9999.000,9999.000,9999.000,9999.000,9999.000
202605120448,   0.205,   0.360,9999.000,9999.000,9999.000,9999.000,9999.000,9999.000,9999.000
202605120454,   0.212,   0.370,9999.000,9999.000,9999.000,9999.000,9999.000,9999.000,9999.000
202605120500,   0.220,   0.380,   0.300,  -0.140,   0.380,   0.300,   0.380,   0.400,   0.480
202605120506,   0.229,   0.400,9999.000,9999.000,9999.000,9999.000,9999.000,9999.000,9999.000
202605120512,   0.240,   0.409,9999.000,9999.000,9999.000,9999.000,9999.000,9999.000,9999.000
202605120518,   0.252,   0.429,9999.000,9999.000,9999.000,9999.000,9999.000,9999.000,9999.000
202605120524,   0.265,   0.449,9999.000,9999.000,9999.000,9999.000,9999.000,9999.000,9999.000
202605120530,   0.281,   0.469,9999.000,9999.000,9999.000,9999.000,9999.000,9999.000,9999.000
202605120536,   0.297,   0.498,9999.000,9999.000,9999.000,9999.000,9999.000,9999.000,9999.000
202605120542,   0.316,   0.531,9999.000,9999.000,9999.000,9999.000,9999.000,9999.000,9999.000
202605120548,   0.336,   0.560,9999.000,9999.000,9999.000,9999.000,9999.000,9999.000,9999.000
202605120554,   0.358,   0.590,9999.000,9999.000,9999.000,9999.000,9999.000,9999.000,9999.000
202605120600,   0.382,   0.629,   0.300,  -0.053,   0.629,   0.300,   0.629,   0.400,   0.729
202605120606,   0.409,   0.678,9999.000,9999.000,9999.000,9999.000,9999.000,9999.000,9999.000
202605120612,   0.437,   0.718,9999.000,9999.000,9999.000,9999.000,9999.000,9999.000,9999.000
202605120618,   0.468,   0.780,9999.000,9999.000,9999.000,9999.000,9999.000,9999.000,9999.000
202605120624,   0.501,   0.829,9999.000,9999.000,9999.000,9999.000,9999.000,9999.000,9999.000
202605120630,   0.536,   0.888,9999.000,9999.000,9999.000,9999.000,9999.000,9999.000,9999.000
202605120636,   0.573,   0.951,9999.000,9999.000,9999.000,9999.000,9999.000,9999.000,9999.000
202605120642,   0.613,   1.010,9999.000,9999.000,9999.000,9999.000,9999.000,9999.000,9999.000
202605120648,   0.654,   1.079,9999.000,9999.000,9999.000,9999.000,9999.000,9999.000,9999.000
202605120654,   0.697,   1.151,9999.000,9999.000,9999.000,9999.000,9999.000,9999.000,9999.000
202605120700,   0.741,   1.210,   0.300,   0.169,   1.210,   0.300,   1.210,   0.400,   1.310
202605120706,   0.787,   1.279,9999.000,9999.000,9999.000,9999.000,9999.000,9999.000,9999.000
202605120712,   0.833,   1.338,9999.000,9999.000,9999.000,9999.000,9999.000,9999.000,9999.000
202605120718,   0.881,   1.400,9999.000,9999.000,9999.000,9999.000,9999.000,9999.000,9999.000
202605120724,   0.928,   1.459,9999.000,9999.000,9999.000,9999.000,9999.000,9999.000,9999.000
202605120730,   0.976,   1.508,9999.000,9999.000,9999.000,9999.000,9999.000,9999.000,9999.000
202605120736,   1.023,   1.557,9999.000,9999.000,9999.000,9999.000,9999.000,9999.000,9999.000
202605120742,   1.070,   1.620,9999.000,9999.000,9999.000,9999.000,9999.000,9999.000,9999.000
202605120748,   1.116,   1.669,9999.000,9999.000,9999.000,9999.000,9999.000,9999.000,9999.000
202605120754,   1.161,   1.708,9999.000,9999.000,9999.000,9999.000,9999.000,9999.000,9999.000
202605120800,   1.204,   1.738,   0.300,   0.234,   1.738,   0.300,   1.738,   0.400,   1.838
202605120806,   1.245,   1.767,9999.000,9999.000,9999.000,9999.000,9999.000,9999.000,9999.000
202605120812,   1.285,   1.810,9999.000,9999.000,9999.000,9999.000,9999.000,9999.000,9999.000
202605120818,   1.322,   1.830,9999.000,9999.000,9999.000,9999.000,9999.000,9999.000,9999.000
202605120824,   1.356,   2.010,9999.000,9999.000,9999.000,9999.000,9999.000,9999.000,9999.000
202605120830,   1.388,9999.000,9999.000,9999.000,9999.000,9999.000,9999.000,9999.000,9999.000
202605120836,   1.418,   1.918,9999.000,9999.000,9999.000,9999.000,9999.000,9999.000,9999.000
202605120842,   1.444,   1.928,9999.000,9999.000,9999.000,9999.000,9999.000,9999.000,9999.000
202605120848,   1.468,   1.948,9999.000,9999.000,9999.000,9999.000,9999.000,9999.000,9999.000
202605120854,   1.490,   2.000,9999.000,9999.000,9999.000,9999.000,9999.000,9999.000,9999.000
202605120900,   1.508,   2.010,   0.300,   0.202,   2.010,   0.300,   2.010,   0.400,   2.110
202605120906,   1.525,   1.990,9999.000,9999.000,9999.000,9999.000,9999.000,9999.000,9999.000
202605120912,   1.539,   2.010,9999.000,9999.000,9999.000,9999.000,9999.000,9999.000,9999.000
202605120918,   1.550,   2.000,9999.000,9999.000,9999.000,9999.000,9999.000,9999.000,9999.000
202605120924,   1.560,   1.981,9999.000,9999.000,9999.000,9999.000,9999.000,9999.000,9999.000
202605120930,   1.568,   2.049,9999.000,9999.000,9999.000,9999.000,9999.000,9999.000,9999.000
202605120936,   1.574,   2.069,9999.000,9999.000,9999.000,9999.000,9999.000,9999.000,9999.000
202605120942,   1.579,   2.059,9999.000,9999.000,9999.000,9999.000,9999.000,9999.000,9999.000
202605120948,   1.583,   2.069,9999.000,9999.000,9999.000,9999.000,9999.000,9999.000,9999.000
202605120954,   1.585,   2.089,9999.000,9999.000,9999.000,9999.000,9999.000,9999.000,9999.000
202605121000,   1.586,   2.089,   0.300,   0.203,   2.089,   0.300,   2.089,   0.400,   2.189
202605121006,   1.587,   2.099,9999.000,9999.000,9999.000,9999.000,9999.000,9999.000,9999.000
202605121012,   1.587,   2.089,9999.000,9999.000,9999.000,9999.000,9999.000,9999.000,9999.000
202605121018,   1.586,   2.099,9999.000,9999.000,9999.000,9999.000,9999.000,9999.000,9999.000
202605121024,   1.585,   2.099,9999.000,9999.000,9999.000,9999.000,9999.000,9999.000,9999.000
202605121030,   1.583,   2.099,9999.000,9999.000,9999.000,9999.000,9999.000,9999.000,9999.000
202605121036,   1.581,   2.099,9999.000,9999.000,9999.000,9999.000,9999.000,9999.000,9999.000
202605121042,   1.578,   2.099,9999.000,9999.000,9999.000,9999.000,9999.000,9999.000,9999.000
202605121048,   1.575,   2.089,9999.000,9999.000,9999.000,9999.000,9999.000,9999.000,9999.000
202605121054,   1.571,   2.089,9999.000,9999.000,9999.000,9999.000,9999.000,9999.000,9999.000
202605121100,   1.567,   2.099,   0.300,   0.232,   2.099,   0.300,   2.099,   0.400,   2.199
202605121106,   1.561,   2.089,9999.000,9999.000,9999.000,9999.000,9999.000,9999.000,9999.000
202605121112,   1.555,   2.089,9999.000,9999.000,9999.000,9999.000,9999.000,9999.000,9999.000
202605121118,   1.548,   2.069,9999.000,9999.000,9999.000,9999.000,9999.000,9999.000,9999.000
202605121124,   1.540,   2.059,9999.000,9999.000,9999.000,9999.000,9999.000,9999.000,9999.000
202605121130,   1.531,   2.049,9999.000,9999.000,9999.000,9999.000,9999.000,9999.000,9999.000
202605121136,   1.520,   2.030,9999.000,9999.000,9999.000,9999.000,9999.000,9999.000,9999.000
202605121142,   1.508,   2.020,9999.000,9999.000,9999.000,9999.000,9999.000,9999.000,9999.000
202605121148,   1.495,   2.020,9999.000,9999.000,9999.000,9999.000,9999.000,9999.000,9999.000
202605121154,   1.480,   2.000,9999.000,9999.000,9999.000,9999.000,9999.000,9999.000,9999.000
202605121200,   1.463,   1.990,   0.500,   0.027,   1.990,   0.500,   1.990,   0.500,   1.990
202605121206,   1.445,   1.981,9999.000,9999.000,9999.000,9999.000,9999.000,9999.000,9999.000
202605121212,   1.425,   1.958,9999.000,9999.000,9999.000,9999.000,9999.000,9999.000,9999.000
202605121218,   1.403,   1.938,9999.000,9999.000,9999.000,9999.000,9999.000,9999.000,9999.000
202605121224,   1.379,   1.918,9999.000,9999.000,9999.000,9999.000,9999.000,9999.000,9999.000
202605121230,   1.354,   1.889,9999.000,9999.000,9999.000,9999.000,9999.000,9999.000,9999.000
202605121236,   1.327,   1.869,9999.000,9999.000,9999.000,9999.000,9999.000,9999.000,9999.000
202605121242,   1.298,   1.849,9999.000,9999.000,9999.000,9999.000,9999.000,9999.000,9999.000
202605121248,   1.267,   1.810,9999.000,9999.000,9999.000,9999.000,9999.000,9999.000,9999.000
202605121254,   1.234,   1.767,9999.000,9999.000,9999.000,9999.000,9999.000,9999.000,9999.000
202605121300,   1.200,   1.748,   0.500,   0.048,   1.748,   0.400,   1.648,   0.500,   1.748
202605121306,   1.164,   1.699,9999.000,9999.000,9999.000,9999.000,9999.000,9999.000,9999.000
202605121312,   1.127,   1.659,9999.000,9999.000,9999.000,9999.000,9999.000,9999.000,9999.000
202605121318,   1.088,   1.630,9999.000,9999.000,9999.000,9999.000,9999.000,9999.000,9999.000
202605121324,   1.048,   1.600,9999.000,9999.000,9999.000,9999.000,9999.000,9999.000,9999.000
202605121330,   1.007,   1.548,9999.000,9999.000,9999.000,9999.000,9999.000,9999.000,9999.000
202605121336,   0.965,   1.508,9999.000,9999.000,9999.000,9999.000,9999.000,9999.000,9999.000
202605121342,   0.922,   1.469,9999.000,9999.000,9999.000,9999.000,9999.000,9999.000,9999.000
202605121348,   0.878,   1.449,9999.000,9999.000,9999.000,9999.000,9999.000,9999.000,9999.000
202605121354,   0.833,   1.400,9999.000,9999.000,9999.000,9999.000,9999.000,9999.000,9999.000
202605121400,   0.788,   1.361,   0.500,   0.073,   1.361,   0.500,   1.361,   0.500,   1.361
202605121406,   0.743,   1.328,9999.000,9999.000,9999.000,9999.000,9999.000,9999.000,9999.000
202605121412,   0.697,   1.298,9999.000,9999.000,9999.000,9999.000,9999.000,9999.000,9999.000
202605121418,   0.652,   1.259,9999.000,9999.000,9999.000,9999.000,9999.000,9999.000,9999.000
202605121424,   0.607,   1.220,9999.000,9999.000,9999.000,9999.000,9999.000,9999.000,9999.000
202605121430,   0.562,   1.190,9999.000,9999.000,9999.000,9999.000,9999.000,9999.000,9999.000
202605121436,   0.518,   1.180,9999.000,9999.000,9999.000,9999.000,9999.000,9999.000,9999.000
202605121442,   0.474,   1.138,9999.000,9999.000,9999.000,9999.000,9999.000,9999.000,9999.000
202605121448,   0.432,   1.108,9999.000,9999.000,9999.000,9999.000,9999.000,9999.000,9999.000
202605121454,   0.391,   1.079,9999.000,9999.000,9999.000,9999.000,9999.000,9999.000,9999.000
202605121500,   0.351,   1.049,   0.500,   0.198,   1.049,   0.500,   1.049,   0.500,   1.049
202605121506,   0.313,   1.039,9999.000,9999.000,9999.000,9999.000,9999.000,9999.000,9999.000
202605121512,   0.276,   1.020,9999.000,9999.000,9999.000,9999.000,9999.000,9999.000,9999.000
202605121518,   0.241,   0.990,9999.000,9999.000,9999.000,9999.000,9999.000,9999.000,9999.000
202605121524,   0.208,   0.970,9999.000,9999.000,9999.000,9999.000,9999.000,9999.000,9999.000
202605121530,   0.178,   0.941,9999.000,9999.000,9999.000,9999.000,9999.000,9999.000,9999.000
202605121536,   0.149,   0.908,9999.000,9999.000,9999.000,9999.000,9999.000,9999.000,9999.000
202605121542,   0.123,   0.898,9999.000,9999.000,9999.000,9999.000,9999.000,9999.000,9999.000
202605121548,   0.099,   0.879,9999.000,9999.000,9999.000,9999.000,9999.000,9999.000,9999.000
202605121554,   0.077,   0.869,9999.000,9999.000,9999.000,9999.000,9999.000,9999.000,9999.000
202605121600,   0.058,   0.839,   0.500,   0.281,   0.839,   0.500,   0.839,   0.500,   0.839
202605121606,   0.041,   0.819,9999.000,9999.000,9999.000,9999.000,9999.000,9999.000,9999.000
202605121612,   0.026,   0.829,9999.000,9999.000,9999.000,9999.000,9999.000,9999.000,9999.000
202605121618,   0.013,   0.829,9999.000,9999.000,9999.000,9999.000,9999.000,9999.000,9999.000
202605121624,   0.003,   0.839,9999.000,9999.000,9999.000,9999.000,9999.000,9999.000,9999.000
202605121630,  -0.004,   0.819,9999.000,9999.000,9999.000,9999.000,9999.000,9999.000,9999.000
202605121636,  -0.011,   0.819,9999.000,9999.000,9999.000,9999.000,9999.000,9999.000,9999.000
202605121642,  -0.015,   0.829,9999.000,9999.000,9999.000,9999.000,9999.000,9999.000,9999.000
202605121648,  -0.017,   0.829,9999.000,9999.000,9999.000,9999.000,9999.000,9999.000,9999.000
202605121654,  -0.018,   0.849,9999.000,9999.000,9999.000,9999.000,9999.000,9999.000,9999.000
202605121700,  -0.017,   0.849,   0.500,   0.366,   0.849,   0.500,   0.849,   0.600,   0.949
202605121706,  -0.014,   0.869,9999.000,9999.000,9999.000,9999.000,9999.000,9999.000,9999.000
202605121712,  -0.009,   0.888,9999.000,9999.000,9999.000,9999.000,9999.000,9999.000,9999.000
202605121718,  -0.003,   0.908,9999.000,9999.000,9999.000,9999.000,9999.000,9999.000,9999.000
202605121724,   0.004,   0.941,9999.000,9999.000,9999.000,9999.000,9999.000,9999.000,9999.000
202605121730,   0.014,   0.980,9999.000,9999.000,9999.000,9999.000,9999.000,9999.000,9999.000
202605121736,   0.025,   1.010,9999.000,9999.000,9999.000,9999.000,9999.000,9999.000,9999.000
202605121742,   0.039,   1.039,9999.000,9999.000,9999.000,9999.000,9999.000,9999.000,9999.000
202605121748,   0.054,   1.069,9999.000,9999.000,9999.000,9999.000,9999.000,9999.000,9999.000
202605121754,   0.071,   1.108,9999.000,9999.000,9999.000,9999.000,9999.000,9999.000,9999.000
202605121800,   0.090,   1.138,   0.700,   0.348,   1.138,   0.600,   1.038,   0.700,   1.138
202605121806,   0.112,   1.200,9999.000,9999.000,9999.000,9999.000,9999.000,9999.000,9999.000
202605121812,   0.135,   1.249,9999.000,9999.000,9999.000,9999.000,9999.000,9999.000,9999.000
202605121818,   0.162,   1.289,9999.000,9999.000,9999.000,9999.000,9999.000,9999.000,9999.000
202605121824,   0.190,   1.338,9999.000,9999.000,9999.000,9999.000,9999.000,9999.000,9999.000
202605121830,   0.221,   1.390,9999.000,9999.000,9999.000,9999.000,9999.000,9999.000,9999.000
202605121836,   0.255,   1.449,9999.000,9999.000,9999.000,9999.000,9999.000,9999.000,9999.000
202605121842,   0.291,   1.489,9999.000,9999.000,9999.000,9999.000,9999.000,9999.000,9999.000
202605121848,   0.330,   1.548,9999.000,9999.000,9999.000,9999.000,9999.000,9999.000,9999.000
202605121854,   0.371,   1.630,9999.000,9999.000,9999.000,9999.000,9999.000,9999.000,9999.000
202605121900,   0.415,   1.679,   0.700,   0.564,   1.679,   0.600,   1.579,   0.700,   1.679
202605121906,   0.461,   1.699,9999.000,9999.000,9999.000,9999.000,9999.000,9999.000,9999.000
202605121912,   0.509,   1.758,9999.000,9999.000,9999.000,9999.000,9999.000,9999.000,9999.000
202605121918,   0.559,   1.840,9999.000,9999.000,9999.000,9999.000,9999.000,9999.000,9999.000
202605121924,   0.611,   1.889,9999.000,9999.000,9999.000,9999.000,9999.000,9999.000,9999.000
202605121930,   0.665,   1.948,9999.000,9999.000,9999.000,9999.000,9999.000,9999.000,9999.000
202605121936,   0.720,   1.981,9999.000,9999.000,9999.000,9999.000,9999.000,9999.000,9999.000
202605121942,   0.776,   2.020,9999.000,9999.000,9999.000,9999.000,9999.000,9999.000,9999.000
202605121948,   0.832,   2.069,9999.000,9999.000,9999.000,9999.000,9999.000,9999.000,9999.000
202605121954,   0.889,   2.118,9999.000,9999.000,9999.000,9999.000,9999.000,9999.000,9999.000
202605122000,   0.945,   2.158,   0.700,   0.513,   2.158,   0.600,   2.058,   0.700,   2.158
202605122006,   1.001,   2.177,9999.000,9999.000,9999.000,9999.000,9999.000,9999.000,9999.000
202605122012,   1.056,   2.191,9999.000,9999.000,9999.000,9999.000,9999.000,9999.000,9999.000
202605122018,   1.110,   2.220,9999.000,9999.000,9999.000,9999.000,9999.000,9999.000,9999.000
202605122024,   1.163,   2.250,9999.000,9999.000,9999.000,9999.000,9999.000,9999.000,9999.000
202605122030,   1.213,   2.269,9999.000,9999.000,9999.000,9999.000,9999.000,9999.000,9999.000
202605122036,   1.262,   2.279,9999.000,9999.000,9999.000,9999.000,9999.000,9999.000,9999.000
202605122042,   1.308,   2.299,9999.000,9999.000,9999.000,9999.000,9999.000,9999.000,9999.000
202605122048,   1.352,   2.318,9999.000,9999.000,9999.000,9999.000,9999.000,9999.000,9999.000
202605122054,   1.393,   2.338,9999.000,9999.000,9999.000,9999.000,9999.000,9999.000,9999.000
202605122100,   1.431,   2.358,   0.700,   0.227,   2.358,   0.700,   2.358,   0.700,   2.358
202605122106,   1.466,   2.377,9999.000,9999.000,9999.000,9999.000,9999.000,9999.000,9999.000
202605122112,   1.498,   2.410,9999.000,9999.000,9999.000,9999.000,9999.000,9999.000,9999.000
202605122118,   1.528,   2.420,9999.000,9999.000,9999.000,9999.000,9999.000,9999.000,9999.000
202605122124,   1.554,   2.430,9999.000,9999.000,9999.000,9999.000,9999.000,9999.000,9999.000
202605122130,   1.578,   2.459,9999.000,9999.000,9999.000,9999.000,9999.000,9999.000,9999.000
202605122136,   1.599,   2.479,9999.000,9999.000,9999.000,9999.000,9999.000,9999.000,9999.000
202605122142,   1.618,   2.489,9999.000,9999.000,9999.000,9999.000,9999.000,9999.000,9999.000
202605122148,   1.634,   2.489,9999.000,9999.000,9999.000,9999.000,9999.000,9999.000,9999.000
202605122154,   1.648,   2.499,9999.000,9999.000,9999.000,9999.000,9999.000,9999.000,9999.000
202605122200,   1.660,   2.509,   0.700,   0.149,   2.509,   0.700,   2.509,   0.700,   2.509
202605122206,   1.670,   2.519,9999.000,9999.000,9999.000,9999.000,9999.000,9999.000,9999.000
202605122212,   1.679,   2.538,9999.000,9999.000,9999.000,9999.000,9999.000,9999.000,9999.000
202605122218,   1.686,   2.548,9999.000,9999.000,9999.000,9999.000,9999.000,9999.000,9999.000
202605122224,   1.692,   2.558,9999.000,9999.000,9999.000,9999.000,9999.000,9999.000,9999.000
202605122230,   1.697,   2.558,9999.000,9999.000,9999.000,9999.000,9999.000,9999.000,9999.000
202605122236,   1.700,   2.568,9999.000,9999.000,9999.000,9999.000,9999.000,9999.000,9999.000
202605122242,   1.703,   2.578,9999.000,9999.000,9999.000,9999.000,9999.000,9999.000,9999.000
202605122248,   1.705,   2.578,9999.000,9999.000,9999.000,9999.000,9999.000,9999.000,9999.000
202605122254,   1.706,   2.578,9999.000,9999.000,9999.000,9999.000,9999.000,9999.000,9999.000
202605122300,   1.707,   2.568,   0.700,   0.161,   2.568,   0.700,   2.568,   0.800,   2.668
202605122306,   1.707,   2.558,9999.000,9999.000,9999.000,9999.000,9999.000,9999.000,9999.000
202605122312,   1.706,   2.578,9999.000,9999.000,9999.000,9999.000,9999.000,9999.000,9999.000
202605122318,   1.704,   2.587,9999.000,9999.000,9999.000,9999.000,9999.000,9999.000,9999.000
202605122324,   1.701,   2.587,9999.000,9999.000,9999.000,9999.000,9999.000,9999.000,9999.000
202605122330,   1.698,   2.587,9999.000,9999.000,9999.000,9999.000,9999.000,9999.000,9999.000
202605122336,   1.693,   2.597,9999.000,9999.000,9999.000,9999.000,9999.000,9999.000,9999.000
202605122342,   1.687,   2.597,9999.000,9999.000,9999.000,9999.000,9999.000,9999.000,9999.000
202605122348,   1.681,   2.597,9999.000,9999.000,9999.000,9999.000,9999.000,9999.000,9999.000
202605122354,   1.673,   2.610,9999.000,9999.000,9999.000,9999.000,9999.000,9999.000,9999.000
202605130000,   1.663,   2.610,   0.700,   0.247,   2.610,   0.700,   2.610,   0.800,   2.710
202605130006,   1.652,9999.000,9999.000,9999.000,9999.000,9999.000,9999.000,9999.000,9999.000
202605130012,   1.640,9999.000,9999.000,9999.000,9999.000,9999.000,9999.000,9999.000,9999.000
202605130018,   1.626,9999.000,9999.000,9999.000,9999.000,9999.000,9999.000,9999.000,9999.000
202605130024,   1.611,9999.000,9999.000,9999.000,9999.000,9999.000,9999.000,9999.000,9999.000
202605130030,   1.593,9999.000,9999.000,9999.000,9999.000,9999.000,9999.000,9999.000,9999.000
202605130036,   1.574,9999.000,9999.000,9999.000,9999.000,9999.000,9999.000,9999.000,9999.000
202605130042,   1.554,9999.000,9999.000,9999.000,9999.000,9999.000,9999.000,9999.000,9999.000
202605130048,   1.531,9999.000,9999.000,9999.000,9999.000,9999.000,9999.000,9999.000,9999.000
202605130054,   1.507,9999.000,9999.000,9999.000,9999.000,9999.000,9999.000,9999.000,9999.000
202605130100,   1.481,9999.000,   0.700,   0.227,   2.408,   0.700,   2.408,   0.800,   2.508
202605130106,   1.453,9999.000,9999.000,9999.000,9999.000,9999.000,9999.000,9999.000,9999.000
202605130112,   1.424,9999.000,9999.000,9999.000,9999.000,9999.000,9999.000,9999.000,9999.000
202605130118,   1.393,9999.000,9999.000,9999.000,9999.000,9999.000,9999.000,9999.000,9999.000
202605130124,   1.360,9999.000,9999.000,9999.000,9999.000,9999.000,9999.000,9999.000,9999.000
202605130130,   1.326,9999.000,9999.000,9999.000,9999.000,9999.000,9999.000,9999.000,9999.000
202605130136,   1.290,9999.000,9999.000,9999.000,9999.000,9999.000,9999.000,9999.000,9999.000
202605130142,   1.253,9999.000,9999.000,9999.000,9999.000,9999.000,9999.000,9999.000,9999.000
202605130148,   1.215,9999.000,9999.000,9999.000,9999.000,9999.000,9999.000,9999.000,9999.000
202605130154,   1.176,9999.000,9999.000,9999.000,9999.000,9999.000,9999.000,9999.000,9999.000
202605130200,   1.136,9999.000,   0.800,   0.206,   2.142,   0.700,   2.042,   0.800,   2.142
202605130206,   1.095,9999.000,9999.000,9999.000,9999.000,9999.000,9999.000,9999.000,9999.000
202605130212,   1.053,9999.000,9999.000,9999.000,9999.000,9999.000,9999.000,9999.000,9999.000
202605130218,   1.010,9999.000,9999.000,9999.000,9999.000,9999.000,9999.000,9999.000,9999.000
202605130224,   0.967,9999.000,9999.000,9999.000,9999.000,9999.000,9999.000,9999.000,9999.000
202605130230,   0.924,9999.000,9999.000,9999.000,9999.000,9999.000,9999.000,9999.000,9999.000
202605130236,   0.880,9999.000,9999.000,9999.000,9999.000,9999.000,9999.000,9999.000,9999.000
202605130242,   0.837,9999.000,9999.000,9999.000,9999.000,9999.000,9999.000,9999.000,9999.000
202605130248,   0.794,9999.000,9999.000,9999.000,9999.000,9999.000,9999.000,9999.000,9999.000
202605130254,   0.751,9999.000,9999.000,9999.000,9999.000,9999.000,9999.000,9999.000,9999.000
202605130300,   0.708,9999.000,   0.800,   0.186,   1.694,   0.700,   1.594,   0.800,   1.694
202605130306,   0.667,9999.000,9999.000,9999.000,9999.000,9999.000,9999.000,9999.000,9999.000
202605130312,   0.626,9999.000,9999.000,9999.000,9999.000,9999.000,9999.000,9999.000,9999.000
202605130318,   0.586,9999.000,9999.000,9999.000,9999.000,9999.000,9999.000,9999.000,9999.000
202605130324,   0.548,9999.000,9999.000,9999.000,9999.000,9999.000,9999.000,9999.000,9999.000
202605130330,   0.510,9999.000,9999.000,9999.000,9999.000,9999.000,9999.000,9999.000,9999.000
202605130336,   0.475,9999.000,9999.000,9999.000,9999.000,9999.000,9999.000,9999.000,9999.000
202605130342,   0.441,9999.000,9999.000,9999.000,9999.000,9999.000,9999.000,9999.000,9999.000
202605130348,   0.409,9999.000,9999.000,9999.000,9999.000,9999.000,9999.000,9999.000,9999.000
202605130354,   0.378,9999.000,9999.000,9999.000,9999.000,9999.000,9999.000,9999.000,9999.000
202605130400,   0.350,9999.000,   0.800,   0.165,   1.315,   0.700,   1.215,   0.800,   1.315
202605130406,   0.324,9999.000,9999.000,9999.000,9999.000,9999.000,9999.000,9999.000,9999.000
202605130412,   0.299,9999.000,9999.000,9999.000,9999.000,9999.000,9999.000,9999.000,9999.000
202605130418,   0.277,9999.000,9999.000,9999.000,9999.000,9999.000,9999.000,9999.000,9999.000
202605130424,   0.257,9999.000,9999.000,9999.000,9999.000,9999.000,9999.000,9999.000,9999.000
202605130430,   0.239,9999.000,9999.000,9999.000,9999.000,9999.000,9999.000,9999.000,9999.000
202605130436,   0.222,9999.000,9999.000,9999.000,9999.000,9999.000,9999.000,9999.000,9999.000
202605130442,   0.208,9999.000,9999.000,9999.000,9999.000,9999.000,9999.000,9999.000,9999.000
202605130448,   0.196,9999.000,9999.000,9999.000,9999.000,9999.000,9999.000,9999.000,9999.000
202605130454,   0.185,9999.000,9999.000,9999.000,9999.000,9999.000,9999.000,9999.000,9999.000
202605130500,   0.177,9999.000,   0.800,   0.145,   1.122,   0.800,   1.122,   0.800,   1.122
202605130506,   0.169,9999.000,9999.000,9999.000,9999.000,9999.000,9999.000,9999.000,9999.000
202605130512,   0.164,9999.000,9999.000,9999.000,9999.000,9999.000,9999.000,9999.000,9999.000
202605130518,   0.160,9999.000,9999.000,9999.000,9999.000,9999.000,9999.000,9999.000,9999.000
202605130524,   0.158,9999.000,9999.000,9999.000,9999.000,9999.000,9999.000,9999.000,9999.000
202605130530,   0.156,9999.000,9999.000,9999.000,9999.000,9999.000,9999.000,9999.000,9999.000
202605130536,   0.157,9999.000,9999.000,9999.000,9999.000,9999.000,9999.000,9999.000,9999.000
202605130542,   0.159,9999.000,9999.000,9999.000,9999.000,9999.000,9999.000,9999.000,9999.000
202605130548,   0.162,9999.000,9999.000,9999.000,9999.000,9999.000,9999.000,9999.000,9999.000
202605130554,   0.166,9999.000,9999.000,9999.000,9999.000,9999.000,9999.000,9999.000,9999.000
202605130600,   0.172,9999.000,   0.800,   0.125,   1.097,   0.800,   1.097,   0.800,   1.097
202605130606,   0.180,9999.000,9999.000,9999.000,9999.000,9999.000,9999.000,9999.000,9999.000
202605130612,   0.189,9999.000,9999.000,9999.000,9999.000,9999.000,9999.000,9999.000,9999.000
202605130618,   0.200,9999.000,9999.000,9999.000,9999.000,9999.000,9999.000,9999.000,9999.000
202605130624,   0.213,9999.000,9999.000,9999.000,9999.000,9999.000,9999.000,9999.000,9999.000
202605130630,   0.227,9999.000,9999.000,9999.000,9999.000,9999.000,9999.000,9999.000,9999.000
202605130636,   0.244,9999.000,9999.000,9999.000,9999.000,9999.000,9999.000,9999.000,9999.000
202605130642,   0.263,9999.000,9999.000,9999.000,9999.000,9999.000,9999.000,9999.000,9999.000
202605130648,   0.284,9999.000,9999.000,9999.000,9999.000,9999.000,9999.000,9999.000,9999.000
202605130654,   0.308,9999.000,9999.000,9999.000,9999.000,9999.000,9999.000,9999.000,9999.000
202605130700,   0.334,9999.000,   0.800,   0.104,   1.238,   0.800,   1.238,   0.800,   1.238
202605130706,   0.363,9999.000,9999.000,9999.000,9999.000,9999.000,9999.000,9999.000,9999.000
202605130712,   0.394,9999.000,9999.000,9999.000,9999.000,9999.000,9999.000,9999.000,9999.000
202605130718,   0.427,9999.000,9999.000,9999.000,9999.000,9999.000,9999.000,9999.000,9999.000
202605130724,   0.463,9999.000,9999.000,9999.000,9999.000,9999.000,9999.000,9999.000,9999.000
202605130730,   0.502,9999.000,9999.000,9999.000,9999.000,9999.000,9999.000,9999.000,9999.000
202605130736,   0.543,9999.000,9999.000,9999.000,9999.000,9999.000,9999.000,9999.000,9999.000
202605130742,   0.585,9999.000,9999.000,9999.000,9999.000,9999.000,9999.000,9999.000,9999.000
202605130748,   0.630,9999.000,9999.000,9999.000,9999.000,9999.000,9999.000,9999.000,9999.000
202605130754,   0.676,9999.000,9999.000,9999.000,9999.000,9999.000,9999.000,9999.000,9999.000
202605130800,   0.724,9999.000,   0.800,   0.084,   1.608,   0.800,   1.608,   0.800,   1.608
202605130806,   0.773,9999.000,9999.000,9999.000,9999.000,9999.000,9999.000,9999.000,9999.000
202605130812,   0.822,9999.000,9999.000,9999.000,9999.000,9999.000,9999.000,9999.000,9999.000
202605130818,   0.872,9999.000,9999.000,9999.000,9999.000,9999.000,9999.000,9999.000,9999.000
202605130824,   0.922,9999.000,9999.000,9999.000,9999.000,9999.000,9999.000,9999.000,9999.000
202605130830,   0.972,9999.000,9999.000,9999.000,9999.000,9999.000,9999.000,9999.000,9999.000
202605130836,   1.021,9999.000,9999.000,9999.000,9999.000,9999.000,9999.000,9999.000,9999.000
202605130842,   1.069,9999.000,9999.000,9999.000,9999.000,9999.000,9999.000,9999.000,9999.000
202605130848,   1.116,9999.000,9999.000,9999.000,9999.000,9999.000,9999.000,9999.000,9999.000
202605130854,   1.162,9999.000,9999.000,9999.000,9999.000,9999.000,9999.000,9999.000,9999.000
202605130900,   1.205,9999.000,   0.800,   0.063,   2.068,   0.800,   2.068,   0.800,   2.068
202605130906,   1.247,9999.000,9999.000,9999.000,9999.000,9999.000,9999.000,9999.000,9999.000
202605130912,   1.286,9999.000,9999.000,9999.000,9999.000,9999.000,9999.000,9999.000,9999.000
202605130918,   1.323,9999.000,9999.000,9999.000,9999.000,9999.000,9999.000,9999.000,9999.000
202605130924,   1.357,9999.000,9999.000,9999.000,9999.000,9999.000,9999.000,9999.000,9999.000
202605130930,   1.389,9999.000,9999.000,9999.000,9999.000,9999.000,9999.000,9999.000,9999.000
202605130936,   1.418,9999.000,9999.000,9999.000,9999.000,9999.000,9999.000,9999.000,9999.000
202605130942,   1.444,9999.000,9999.000,9999.000,9999.000,9999.000,9999.000,9999.000,9999.000
202605130948,   1.467,9999.000,9999.000,9999.000,9999.000,9999.000,9999.000,9999.000,9999.000
202605130954,   1.488,9999.000,9999.000,9999.000,9999.000,9999.000,9999.000,9999.000,9999.000
202605131000,   1.507,9999.000,   0.800,   0.043,   2.350,   0.800,   2.350,   0.800,   2.350
202605131006,   1.523,9999.000,9999.000,9999.000,9999.000,9999.000,9999.000,9999.000,9999.000
202605131012,   1.537,9999.000,9999.000,9999.000,9999.000,9999.000,9999.000,9999.000,9999.000
202605131018,   1.549,9999.000,9999.000,9999.000,9999.000,9999.000,9999.000,9999.000,9999.000
202605131024,   1.560,9999.000,9999.000,9999.000,9999.000,9999.000,9999.000,9999.000,9999.000
202605131030,   1.568,9999.000,9999.000,9999.000,9999.000,9999.000,9999.000,9999.000,9999.000
202605131036,   1.575,9999.000,9999.000,9999.000,9999.000,9999.000,9999.000,9999.000,9999.000
202605131042,   1.581,9999.000,9999.000,9999.000,9999.000,9999.000,9999.000,9999.000,9999.000
202605131048,   1.586,9999.000,9999.000,9999.000,9999.000,9999.000,9999.000,9999.000,9999.000
202605131054,   1.589,9999.000,9999.000,9999.000,9999.000,9999.000,9999.000,9999.000,9999.000
202605131100,   1.592,9999.000,   0.800,   0.022,   2.414,   0.800,   2.414,   0.800,   2.414
202605131106,   1.594,9999.000,9999.000,9999.000,9999.000,9999.000,9999.000,9999.000,9999.000
202605131112,   1.595,9999.000,9999.000,9999.000,9999.000,9999.000,9999.000,9999.000,9999.000
202605131118,   1.595,9999.000,9999.000,9999.000,9999.000,9999.000,9999.000,9999.000,9999.000
202605131124,   1.595,9999.000,9999.000,9999.000,9999.000,9999.000,9999.000,9999.000,9999.000
202605131130,   1.594,9999.000,9999.000,9999.000,9999.000,9999.000,9999.000,9999.000,9999.000
202605131136,   1.592,9999.000,9999.000,9999.000,9999.000,9999.000,9999.000,9999.000,9999.000
202605131142,   1.589,9999.000,9999.000,9999.000,9999.000,9999.000,9999.000,9999.000,9999.000
202605131148,   1.586,9999.000,9999.000,9999.000,9999.000,9999.000,9999.000,9999.000,9999.000
202605131154,   1.582,9999.000,9999.000,9999.000,9999.000,9999.000,9999.000,9999.000,9999.000
202605131200,   1.577,9999.000,   0.800,   0.002,   2.379,   0.800,   2.379,   0.800,   2.379
202605131206,   1.571,9999.000,9999.000,9999.000,9999.000,9999.000,9999.000,9999.000,9999.000
202605131212,   1.563,9999.000,9999.000,9999.000,9999.000,9999.000,9999.000,9999.000,9999.000
202605131218,   1.555,9999.000,9999.000,9999.000,9999.000,9999.000,9999.000,9999.000,9999.000
202605131224,   1.544,9999.000,9999.000,9999.000,9999.000,9999.000,9999.000,9999.000,9999.000
202605131230,   1.533,9999.000,9999.000,9999.000,9999.000,9999.000,9999.000,9999.000,9999.000
202605131236,   1.520,9999.000,9999.000,9999.000,9999.000,9999.000,9999.000,9999.000,9999.000
202605131242,   1.505,9999.000,9999.000,9999.000,9999.000,9999.000,9999.000,9999.000,9999.000
202605131248,   1.488,9999.000,9999.000,9999.000,9999.000,9999.000,9999.000,9999.000,9999.000
202605131254,   1.470,9999.000,9999.000,9999.000,9999.000,9999.000,9999.000,9999.000,9999.000
202605131300,   1.449,9999.000,   0.800,   0.002,   2.251,   0.800,   2.251,   0.800,   2.251
202605131306,   1.427,9999.000,9999.000,9999.000,9999.000,9999.000,9999.000,9999.000,9999.000
202605131312,   1.403,9999.000,9999.000,9999.000,9999.000,9999.000,9999.000,9999.000,9999.000
202605131318,   1.377,9999.000,9999.000,9999.000,9999.000,9999.000,9999.000,9999.000,9999.000
202605131324,   1.349,9999.000,9999.000,9999.000,9999.000,9999.000,9999.000,9999.000,9999.000
202605131330,   1.319,9999.000,9999.000,9999.000,9999.000,9999.000,9999.000,9999.000,9999.000
202605131336,   1.287,9999.000,9999.000,9999.000,9999.000,9999.000,9999.000,9999.000,9999.000
202605131342,   1.254,9999.000,9999.000,9999.000,9999.000,9999.000,9999.000,9999.000,9999.000
202605131348,   1.218,9999.000,9999.000,9999.000,9999.000,9999.000,9999.000,9999.000,9999.000
202605131354,   1.181,9999.000,9999.000,9999.000,9999.000,9999.000,9999.000,9999.000,9999.000
202605131400,   1.143,9999.000,   0.800,   0.002,   1.945,   0.800,   1.945,   0.800,   1.945
202605131406,   1.102,9999.000,9999.000,9999.000,9999.000,9999.000,9999.000,9999.000,9999.000
202605131412,   1.061,9999.000,9999.000,9999.000,9999.000,9999.000,9999.000,9999.000,9999.000
202605131418,   1.018,9999.000,9999.000,9999.000,9999.000,9999.000,9999.000,9999.000,9999.000
202605131424,   0.974,9999.000,9999.000,9999.000,9999.000,9999.000,9999.000,9999.000,9999.000
202605131430,   0.929,9999.000,9999.000,9999.000,9999.000,9999.000,9999.000,9999.000,9999.000
202605131436,   0.883,9999.000,9999.000,9999.000,9999.000,9999.000,9999.000,9999.000,9999.000
202605131442,   0.837,9999.000,9999.000,9999.000,9999.000,9999.000,9999.000,9999.000,9999.000
202605131448,   0.789,9999.000,9999.000,9999.000,9999.000,9999.000,9999.000,9999.000,9999.000
202605131454,   0.742,9999.000,9999.000,9999.000,9999.000,9999.000,9999.000,9999.000,9999.000
202605131500,   0.694,9999.000,   0.800,   0.002,   1.496,   0.800,   1.496,   0.800,   1.496
202605131506,   0.646,9999.000,9999.000,9999.000,9999.000,9999.000,9999.000,9999.000,9999.000
202605131512,   0.598,9999.000,9999.000,9999.000,9999.000,9999.000,9999.000,9999.000,9999.000
202605131518,   0.550,9999.000,9999.000,9999.000,9999.000,9999.000,9999.000,9999.000,9999.000
202605131524,   0.503,9999.000,9999.000,9999.000,9999.000,9999.000,9999.000,9999.000,9999.000
202605131530,   0.457,9999.000,9999.000,9999.000,9999.000,9999.000,9999.000,9999.000,9999.000
202605131536,   0.412,9999.000,9999.000,9999.000,9999.000,9999.000,9999.000,9999.000,9999.000
202605131542,   0.367,9999.000,9999.000,9999.000,9999.000,9999.000,9999.000,9999.000,9999.000
202605131548,   0.324,9999.000,9999.000,9999.000,9999.000,9999.000,9999.000,9999.000,9999.000
202605131554,   0.283,9999.000,9999.000,9999.000,9999.000,9999.000,9999.000,9999.000,9999.000
202605131600,   0.243,9999.000,   0.800,   0.002,   1.045,   0.800,   1.045,   0.800,   1.045
202605131606,   0.205,9999.000,9999.000,9999.000,9999.000,9999.000,9999.000,9999.000,9999.000
202605131612,   0.169,9999.000,9999.000,9999.000,9999.000,9999.000,9999.000,9999.000,9999.000
202605131618,   0.135,9999.000,9999.000,9999.000,9999.000,9999.000,9999.000,9999.000,9999.000
202605131624,   0.103,9999.000,9999.000,9999.000,9999.000,9999.000,9999.000,9999.000,9999.000
202605131630,   0.073,9999.000,9999.000,9999.000,9999.000,9999.000,9999.000,9999.000,9999.000
202605131636,   0.046,9999.000,9999.000,9999.000,9999.000,9999.000,9999.000,9999.000,9999.000
202605131642,   0.021,9999.000,9999.000,9999.000,9999.000,9999.000,9999.000,9999.000,9999.000
202605131648,   0.000,9999.000,9999.000,9999.000,9999.000,9999.000,9999.000,9999.000,9999.000
202605131654,  -0.021,9999.000,9999.000,9999.000,9999.000,9999.000,9999.000,9999.000,9999.000
202605131700,  -0.038,9999.000,   0.800,   0.002,   0.764,   0.700,   0.664,   0.800,   0.764
202605131706,  -0.054,9999.000,9999.000,9999.000,9999.000,9999.000,9999.000,9999.000,9999.000
202605131712,  -0.066,9999.000,9999.000,9999.000,9999.000,9999.000,9999.000,9999.000,9999.000
202605131718,  -0.077,9999.000,9999.000,9999.000,9999.000,9999.000,9999.000,9999.000,9999.000
202605131724,  -0.086,9999.000,9999.000,9999.000,9999.000,9999.000,9999.000,9999.000,9999.000
202605131730,  -0.092,9999.000,9999.000,9999.000,9999.000,9999.000,9999.000,9999.000,9999.000
202605131736,  -0.096,9999.000,9999.000,9999.000,9999.000,9999.000,9999.000,9999.000,9999.000
202605131742,  -0.099,9999.000,9999.000,9999.000,9999.000,9999.000,9999.000,9999.000,9999.000
202605131748,  -0.099,9999.000,9999.000,9999.000,9999.000,9999.000,9999.000,9999.000,9999.000
202605131754,  -0.097,9999.000,9999.000,9999.000,9999.000,9999.000,9999.000,9999.000,9999.000
202605131800,  -0.094,9999.000,   0.800,   0.002,   0.708,   0.700,   0.608,   0.800,   0.708
202605131806,  -0.088,9999.000,9999.000,9999.000,9999.000,9999.000,9999.000,9999.000,9999.000
202605131812,  -0.081,9999.000,9999.000,9999.000,9999.000,9999.000,9999.000,9999.000,9999.000
202605131818,  -0.072,9999.000,9999.000,9999.000,9999.000,9999.000,9999.000,9999.000,9999.000
202605131824,  -0.061,9999.000,9999.000,9999.000,9999.000,9999.000,9999.000,9999.000,9999.000
202605131830,  -0.047,9999.000,9999.000,9999.000,9999.000,9999.000,9999.000,9999.000,9999.000
202605131836,  -0.032,9999.000,9999.000,9999.000,9999.000,9999.000,9999.000,9999.000,9999.000
202605131842,  -0.015,9999.000,9999.000,9999.000,9999.000,9999.000,9999.000,9999.000,9999.000
202605131848,   0.004,9999.000,9999.000,9999.000,9999.000,9999.000,9999.000,9999.000,9999.000
202605131854,   0.026,9999.000,9999.000,9999.000,9999.000,9999.000,9999.000,9999.000,9999.000
202605131900,   0.050,9999.000,   0.800,   0.002,   0.852,   0.700,   0.752,   0.800,   0.852
202605131906,   0.077,9999.000,9999.000,9999.000,9999.000,9999.000,9999.000,9999.000,9999.000
202605131912,   0.107,9999.000,9999.000,9999.000,9999.000,9999.000,9999.000,9999.000,9999.000
202605131918,   0.140,9999.000,9999.000,9999.000,9999.000,9999.000,9999.000,9999.000,9999.000
202605131924,   0.175,9999.000,9999.000,9999.000,9999.000,9999.000,9999.000,9999.000,9999.000
202605131930,   0.213,9999.000,9999.000,9999.000,9999.000,9999.000,9999.000,9999.000,9999.000
202605131936,   0.253,9999.000,9999.000,9999.000,9999.000,9999.000,9999.000,9999.000,9999.000
202605131942,   0.297,9999.000,9999.000,9999.000,9999.000,9999.000,9999.000,9999.000,9999.000
202605131948,   0.343,9999.000,9999.000,9999.000,9999.000,9999.000,9999.000,9999.000,9999.000
202605131954,   0.392,9999.000,9999.000,9999.000,9999.000,9999.000,9999.000,9999.000,9999.000
202605132000,   0.443,9999.000,   0.800,   0.002,   1.245,   0.700,   1.145,   0.800,   1.245
202605132006,   0.496,9999.000,9999.000,9999.000,9999.000,9999.000,9999.000,9999.000,9999.000
202605132012,   0.552,9999.000,9999.000,9999.000,9999.000,9999.000,9999.000,9999.000,9999.000
202605132018,   0.609,9999.000,9999.000,9999.000,9999.000,9999.000,9999.000,9999.000,9999.000
202605132024,   0.668,9999.000,9999.000,9999.000,9999.000,9999.000,9999.000,9999.000,9999.000
202605132030,   0.727,9999.000,9999.000,9999.000,9999.000,9999.000,9999.000,9999.000,9999.000
202605132036,   0.788,9999.000,9999.000,9999.000,9999.000,9999.000,9999.000,9999.000,9999.000
202605132042,   0.849,9999.000,9999.000,9999.000,9999.000,9999.000,9999.000,9999.000,9999.000
202605132048,   0.910,9999.000,9999.000,9999.000,9999.000,9999.000,9999.000,9999.000,9999.000
202605132054,   0.971,9999.000,9999.000,9999.000,9999.000,9999.000,9999.000,9999.000,9999.000
202605132100,   1.031,9999.000,   0.800,   0.002,   1.833,   0.700,   1.733,   0.800,   1.833
202605132106,   1.090,9999.000,9999.000,9999.000,9999.000,9999.000,9999.000,9999.000,9999.000
202605132112,   1.147,9999.000,9999.000,9999.000,9999.000,9999.000,9999.000,9999.000,9999.000
202605132118,   1.203,9999.000,9999.000,9999.000,9999.000,9999.000,9999.000,9999.000,9999.000
202605132124,   1.257,9999.000,9999.000,9999.000,9999.000,9999.000,9999.000,9999.000,9999.000
202605132130,   1.308,9999.000,9999.000,9999.000,9999.000,9999.000,9999.000,9999.000,9999.000
202605132136,   1.357,9999.000,9999.000,9999.000,9999.000,9999.000,9999.000,9999.000,9999.000
202605132142,   1.403,9999.000,9999.000,9999.000,9999.000,9999.000,9999.000,9999.000,9999.000
202605132148,   1.446,9999.000,9999.000,9999.000,9999.000,9999.000,9999.000,9999.000,9999.000
202605132154,   1.486,9999.000,9999.000,9999.000,9999.000,9999.000,9999.000,9999.000,9999.000
202605132200,   1.524,9999.000,   0.800,   0.002,   2.326,   0.700,   2.226,   0.800,   2.326
202605132206,   1.558,9999.000,9999.000,9999.000,9999.000,9999.000,9999.000,9999.000,9999.000
202605132212,   1.589,9999.000,9999.000,9999.000,9999.000,9999.000,9999.000,9999.000,9999.000
202605132218,   1.617,9999.000,9999.000,9999.000,9999.000,9999.000,9999.000,9999.000,9999.000
202605132224,   1.642,9999.000,9999.000,9999.000,9999.000,9999.000,9999.000,9999.000,9999.000
202605132230,   1.665,9999.000,9999.000,9999.000,9999.000,9999.000,9999.000,9999.000,9999.000
202605132236,   1.685,9999.000,9999.000,9999.000,9999.000,9999.000,9999.000,9999.000,9999.000
202605132242,   1.702,9999.000,9999.000,9999.000,9999.000,9999.000,9999.000,9999.000,9999.000
202605132248,   1.718,9999.000,9999.000,9999.000,9999.000,9999.000,9999.000,9999.000,9999.000
202605132254,   1.731,9999.000,9999.000,9999.000,9999.000,9999.000,9999.000,9999.000,9999.000
202605132300,   1.742,9999.000,   0.800,   0.002,   2.544,   0.700,   2.444,   0.800,   2.544
202605132306,   1.752,9999.000,9999.000,9999.000,9999.000,9999.000,9999.000,9999.000,9999.000
202605132312,   1.760,9999.000,9999.000,9999.000,9999.000,9999.000,9999.000,9999.000,9999.000
202605132318,   1.767,9999.000,9999.000,9999.000,9999.000,9999.000,9999.000,9999.000,9999.000
202605132324,   1.772,9999.000,9999.000,9999.000,9999.000,9999.000,9999.000,9999.000,9999.000
202605132330,   1.777,9999.000,9999.000,9999.000,9999.000,9999.000,9999.000,9999.000,9999.000
202605132336,   1.780,9999.000,9999.000,9999.000,9999.000,9999.000,9999.000,9999.000,9999.000
202605132342,   1.783,9999.000,9999.000,9999.000,9999.000,9999.000,9999.000,9999.000,9999.000
202605132348,   1.784,9999.000,9999.000,9999.000,9999.000,9999.000,9999.000,9999.000,9999.000
202605132354,   1.785,9999.000,9999.000,9999.000,9999.000,9999.000,9999.000,9999.000,9999.000
202605140000,   1.785,9999.000,   0.800,   0.002,   2.587,   0.800,   2.587,   0.800,   2.587
202605140006,   1.784,9999.000,9999.000,9999.000,9999.000,9999.000,9999.000,9999.000,9999.000
202605140012,   1.782,9999.000,9999.000,9999.000,9999.000,9999.000,9999.000,9999.000,9999.000
202605140018,   1.779,9999.000,9999.000,9999.000,9999.000,9999.000,9999.000,9999.000,9999.000
202605140024,   1.776,9999.000,9999.000,9999.000,9999.000,9999.000,9999.000,9999.000,9999.000
202605140030,   1.771,9999.000,9999.000,9999.000,9999.000,9999.000,9999.000,9999.000,9999.000
202605140036,   1.764,9999.000,9999.000,9999.000,9999.000,9999.000,9999.000,9999.000,9999.000
202605140042,   1.757,9999.000,9999.000,9999.000,9999.000,9999.000,9999.000,9999.000,9999.000
202605140048,   1.748,9999.000,9999.000,9999.000,9999.000,9999.000,9999.000,9999.000,9999.000
202605140054,   1.738,9999.000,9999.000,9999.000,9999.000,9999.000,9999.000,9999.000,9999.000
202605140100,   1.726,9999.000,   0.800,   0.002,   2.528,   0.800,   2.528,   0.800,   2.528
202605140106,   1.713,9999.000,9999.000,9999.000,9999.000,9999.000,9999.000,9999.000,9999.000
202605140112,   1.698,9999.000,9999.000,9999.000,9999.000,9999.000,9999.000,9999.000,9999.000
202605140118,   1.681,9999.000,9999.000,9999.000,9999.000,9999.000,9999.000,9999.000,9999.000
202605140124,   1.663,9999.000,9999.000,9999.000,9999.000,9999.000,9999.000,9999.000,9999.000
202605140130,   1.643,9999.000,9999.000,9999.000,9999.000,9999.000,9999.000,9999.000,9999.000
202605140136,   1.621,9999.000,9999.000,9999.000,9999.000,9999.000,9999.000,9999.000,9999.000
202605140142,   1.597,9999.000,9999.000,9999.000,9999.000,9999.000,9999.000,9999.000,9999.000
202605140148,   1.571,9999.000,9999.000,9999.000,9999.000,9999.000,9999.000,9999.000,9999.000
202605140154,   1.544,9999.000,9999.000,9999.000,9999.000,9999.000,9999.000,9999.000,9999.000
202605140200,   1.515,9999.000,   0.800,   0.002,   2.317,   0.800,   2.317,   0.800,   2.317
202605140206,   1.484,9999.000,9999.000,9999.000,9999.000,9999.000,9999.000,9999.000,9999.000
202605140212,   1.452,9999.000,9999.000,9999.000,9999.000,9999.000,9999.000,9999.000,9999.000
202605140218,   1.418,9999.000,9999.000,9999.000,9999.000,9999.000,9999.000,9999.000,9999.000
202605140224,   1.382,9999.000,9999.000,9999.000,9999.000,9999.000,9999.000,9999.000,9999.000
202605140230,   1.345,9999.000,9999.000,9999.000,9999.000,9999.000,9999.000,9999.000,9999.000
202605140236,   1.307,9999.000,9999.000,9999.000,9999.000,9999.000,9999.000,9999.000,9999.000
202605140242,   1.267,9999.000,9999.000,9999.000,9999.000,9999.000,9999.000,9999.000,9999.000
202605140248,   1.226,9999.000,9999.000,9999.000,9999.000,9999.000,9999.000,9999.000,9999.000
202605140254,   1.184,9999.000,9999.000,9999.000,9999.000,9999.000,9999.000,9999.000,9999.000
202605140300,   1.141,9999.000,   0.800,   0.002,   1.943,   0.800,   1.943,   0.800,   1.943
202605140306,   1.098,9999.000,9999.000,9999.000,9999.000,9999.000,9999.000,9999.000,9999.000
202605140312,   1.053,9999.000,9999.000,9999.000,9999.000,9999.000,9999.000,9999.000,9999.000
202605140318,   1.008,9999.000,9999.000,9999.000,9999.000,9999.000,9999.000,9999.000,9999.000
202605140324,   0.963,9999.000,9999.000,9999.000,9999.000,9999.000,9999.000,9999.000,9999.000
202605140330,   0.918,9999.000,9999.000,9999.000,9999.000,9999.000,9999.000,9999.000,9999.000
202605140336,   0.872,9999.000,9999.000,9999.000,9999.000,9999.000,9999.000,9999.000,9999.000
202605140342,   0.827,9999.000,9999.000,9999.000,9999.000,9999.000,9999.000,9999.000,9999.000
202605140348,   0.781,9999.000,9999.000,9999.000,9999.000,9999.000,9999.000,9999.000,9999.000
202605140354,   0.737,9999.000,9999.000,9999.000,9999.000,9999.000,9999.000,9999.000,9999.000
202605140400,   0.692,9999.000,   0.800,   0.002,   1.494,   0.800,   1.494,   0.800,   1.494
202605140406,   0.649,9999.000,9999.000,9999.000,9999.000,9999.000,9999.000,9999.000,9999.000
202605140412,   0.606,9999.000,9999.000,9999.000,9999.000,9999.000,9999.000,9999.000,9999.000
202605140418,   0.565,9999.000,9999.000,9999.000,9999.000,9999.000,9999.000,9999.000,9999.000
202605140424,   0.525,9999.000,9999.000,9999.000,9999.000,9999.000,9999.000,9999.000,9999.000
202605140430,   0.486,9999.000,9999.000,9999.000,9999.000,9999.000,9999.000,9999.000,9999.000
202605140436,   0.449,9999.000,9999.000,9999.000,9999.000,9999.000,9999.000,9999.000,9999.000
202605140442,   0.414,9999.000,9999.000,9999.000,9999.000,9999.000,9999.000,9999.000,9999.000
202605140448,   0.380,9999.000,9999.000,9999.000,9999.000,9999.000,9999.000,9999.000,9999.000
202605140454,   0.348,9999.000,9999.000,9999.000,9999.000,9999.000,9999.000,9999.000,9999.000
202605140500,   0.318,9999.000,   0.800,   0.002,   1.120,   0.800,   1.120,   0.900,   1.220
202605140506,   0.290,9999.000,9999.000,9999.000,9999.000,9999.000,9999.000,9999.000,9999.000
202605140512,   0.264,9999.000,9999.000,9999.000,9999.000,9999.000,9999.000,9999.000,9999.000
202605140518,   0.239,9999.000,9999.000,9999.000,9999.000,9999.000,9999.000,9999.000,9999.000
202605140524,   0.217,9999.000,9999.000,9999.000,9999.000,9999.000,9999.000,9999.000,9999.000
202605140530,   0.197,9999.000,9999.000,9999.000,9999.000,9999.000,9999.000,9999.000,9999.000
202605140536,   0.178,9999.000,9999.000,9999.000,9999.000,9999.000,9999.000,9999.000,9999.000
202605140542,   0.161,9999.000,9999.000,9999.000,9999.000,9999.000,9999.000,9999.000,9999.000
202605140548,   0.147,9999.000,9999.000,9999.000,9999.000,9999.000,9999.000,9999.000,9999.000
202605140554,   0.133,9999.000,9999.000,9999.000,9999.000,9999.000,9999.000,9999.000,9999.000
202605140600,   0.122,9999.000,   0.800,   0.002,   0.924,   0.800,   0.924,   0.900,   1.024
202605140606,   0.112,9999.000,9999.000,9999.000,9999.000,9999.000,9999.000,9999.000,9999.000
202605140612,   0.104,9999.000,9999.000,9999.000,9999.000,9999.000,9999.000,9999.000,9999.000
202605140618,   0.097,9999.000,9999.000,9999.000,9999.000,9999.000,9999.000,9999.000,9999.000
202605140624,   0.091,9999.000,9999.000,9999.000,9999.000,9999.000,9999.000,9999.000,9999.000
202605140630,   0.088,9999.000,9999.000,9999.000,9999.000,9999.000,9999.000,9999.000,9999.000
202605140636,   0.086,9999.000,9999.000,9999.000,9999.000,9999.000,9999.000,9999.000,9999.000
202605140642,   0.085,9999.000,9999.000,9999.000,9999.000,9999.000,9999.000,9999.000,9999.000
202605140648,   0.086,9999.000,9999.000,9999.000,9999.000,9999.000,9999.000,9999.000,9999.000
202605140654,   0.089,9999.000,9999.000,9999.000,9999.000,9999.000,9999.000,9999.000,9999.000
202605140700,   0.094,9999.000,   0.800,   0.002,   0.896,   0.800,   0.896,   0.900,   0.996
202605140706,   0.101,9999.000,9999.000,9999.000,9999.000,9999.000,9999.000,9999.000,9999.000
202605140712,   0.110,9999.000,9999.000,9999.000,9999.000,9999.000,9999.000,9999.000,9999.000
202605140718,   0.121,9999.000,9999.000,9999.000,9999.000,9999.000,9999.000,9999.000,9999.000
202605140724,   0.134,9999.000,9999.000,9999.000,9999.000,9999.000,9999.000,9999.000,9999.000
202605140730,   0.150,9999.000,9999.000,9999.000,9999.000,9999.000,9999.000,9999.000,9999.000
202605140736,   0.168,9999.000,9999.000,9999.000,9999.000,9999.000,9999.000,9999.000,9999.000
202605140742,   0.189,9999.000,9999.000,9999.000,9999.000,9999.000,9999.000,9999.000,9999.000
202605140748,   0.213,9999.000,9999.000,9999.000,9999.000,9999.000,9999.000,9999.000,9999.000
202605140754,   0.240,9999.000,9999.000,9999.000,9999.000,9999.000,9999.000,9999.000,9999.000
202605140800,   0.269,9999.000,   0.800,   0.002,   1.071,   0.800,   1.071,   0.900,   1.171
202605140806,   0.302,9999.000,9999.000,9999.000,9999.000,9999.000,9999.000,9999.000,9999.000
202605140812,   0.337,9999.000,9999.000,9999.000,9999.000,9999.000,9999.000,9999.000,9999.000
202605140818,   0.375,9999.000,9999.000,9999.000,9999.000,9999.000,9999.000,9999.000,9999.000
202605140824,   0.416,9999.000,9999.000,9999.000,9999.000,9999.000,9999.000,9999.000,9999.000
202605140830,   0.459,9999.000,9999.000,9999.000,9999.000,9999.000,9999.000,9999.000,9999.000
202605140836,   0.504,9999.000,9999.000,9999.000,9999.000,9999.000,9999.000,9999.000,9999.000
202605140842,   0.552,9999.000,9999.000,9999.000,9999.000,9999.000,9999.000,9999.000,9999.000
202605140848,   0.601,9999.000,9999.000,9999.000,9999.000,9999.000,9999.000,9999.000,9999.000
202605140854,   0.652,9999.000,9999.000,9999.000,9999.000,9999.000,9999.000,9999.000,9999.000
202605140900,   0.704,9999.000,   0.800,   0.002,   1.506,   0.800,   1.506,   0.900,   1.606
202605140906,   0.756,9999.000,9999.000,9999.000,9999.000,9999.000,9999.000,9999.000,9999.000
202605140912,   0.810,9999.000,9999.000,9999.000,9999.000,9999.000,9999.000,9999.000,9999.000
202605140918,   0.863,9999.000,9999.000,9999.000,9999.000,9999.000,9999.000,9999.000,9999.000
202605140924,   0.916,9999.000,9999.000,9999.000,9999.000,9999.000,9999.000,9999.000,9999.000
202605140930,   0.968,9999.000,9999.000,9999.000,9999.000,9999.000,9999.000,9999.000,9999.000
202605140936,   1.020,9999.000,9999.000,9999.000,9999.000,9999.000,9999.000,9999.000,9999.000
202605140942,   1.070,9999.000,9999.000,9999.000,9999.000,9999.000,9999.000,9999.000,9999.000
202605140948,   1.118,9999.000,9999.000,9999.000,9999.000,9999.000,9999.000,9999.000,9999.000
202605140954,   1.164,9999.000,9999.000,9999.000,9999.000,9999.000,9999.000,9999.000,9999.000
202605141000,   1.209,9999.000,   0.800,   0.002,   2.011,   0.800,   2.011,   0.900,   2.111
202605141006,   1.251,9999.000,9999.000,9999.000,9999.000,9999.000,9999.000,9999.000,9999.000
202605141012,   1.290,9999.000,9999.000,9999.000,9999.000,9999.000,9999.000,9999.000,9999.000
202605141018,   1.327,9999.000,9999.000,9999.000,9999.000,9999.000,9999.000,9999.000,9999.000
202605141024,   1.361,9999.000,9999.000,9999.000,9999.000,9999.000,9999.000,9999.000,9999.000
202605141030,   1.392,9999.000,9999.000,9999.000,9999.000,9999.000,9999.000,9999.000,9999.000
202605141036,   1.421,9999.000,9999.000,9999.000,9999.000,9999.000,9999.000,9999.000,9999.000
202605141042,   1.447,9999.000,9999.000,9999.000,9999.000,9999.000,9999.000,9999.000,9999.000
202605141048,   1.470,9999.000,9999.000,9999.000,9999.000,9999.000,9999.000,9999.000,9999.000
202605141054,   1.491,9999.000,9999.000,9999.000,9999.000,9999.000,9999.000,9999.000,9999.000
202605141100,   1.509,9999.000,   0.800,   0.002,   2.311,   0.800,   2.311,   0.900,   2.411
202605141106,   1.525,9999.000,9999.000,9999.000,9999.000,9999.000,9999.000,9999.000,9999.000
202605141112,   1.539,9999.000,9999.000,9999.000,9999.000,9999.000,9999.000,9999.000,9999.000
202605141118,   1.552,9999.000,9999.000,9999.000,9999.000,9999.000,9999.000,9999.000,9999.000
202605141124,   1.562,9999.000,9999.000,9999.000,9999.000,9999.000,9999.000,9999.000,9999.000
202605141130,   1.571,9999.000,9999.000,9999.000,9999.000,9999.000,9999.000,9999.000,9999.000
202605141136,   1.578,9999.000,9999.000,9999.000,9999.000,9999.000,9999.000,9999.000,9999.000
202605141142,   1.584,9999.000,9999.000,9999.000,9999.000,9999.000,9999.000,9999.000,9999.000
202605141148,   1.589,9999.000,9999.000,9999.000,9999.000,9999.000,9999.000,9999.000,9999.000
202605141154,   1.593,9999.000,9999.000,9999.000,9999.000,9999.000,9999.000,9999.000,9999.000
202605141200,   1.596,9999.000,   0.800,   0.002,   2.398,   0.800,   2.398,   0.900,   2.498
202605141206,   1.598,9999.000,9999.000,9999.000,9999.000,9999.000,9999.000,9999.000,9999.000
202605141212,   1.599,9999.000,9999.000,9999.000,9999.000,9999.000,9999.000,9999.000,9999.000
202605141218,   1.600,9999.000,9999.000,9999.000,9999.000,9999.000,9999.000,9999.000,9999.000
202605141224,   1.599,9999.000,9999.000,9999.000,9999.000,9999.000,9999.000,9999.000,9999.000
202605141230,   1.598,9999.000,9999.000,9999.000,9999.000,9999.000,9999.000,9999.000,9999.000
202605141236,   1.595,9999.000,9999.000,9999.000,9999.000,9999.000,9999.000,9999.000,9999.000
202605141242,   1.592,9999.000,9999.000,9999.000,9999.000,9999.000,9999.000,9999.000,9999.000
202605141248,   1.587,9999.000,9999.000,9999.000,9999.000,9999.000,9999.000,9999.000,9999.000
202605141254,   1.582,9999.000,9999.000,9999.000,9999.000,9999.000,9999.000,9999.000,9999.000
202605141300,   1.575,9999.000,   0.800,   0.002,   2.377,   0.800,   2.377,   0.800,   2.377
202605141306,   1.566,9999.000,9999.000,9999.000,9999.000,9999.000,9999.000,9999.000,9999.000
202605141312,   1.556,9999.000,9999.000,9999.000,9999.000,9999.000,9999.000,9999.000,9999.000
202605141318,   1.545,9999.000,9999.000,9999.000,9999.000,9999.000,9999.000,9999.000,9999.000
202605141324,   1.532,9999.000,9999.000,9999.000,9999.000,9999.000,9999.000,9999.000,9999.000
202605141330,   1.517,9999.000,9999.000,9999.000,9999.000,9999.000,9999.000,9999.000,9999.000
202605141336,   1.500,9999.000,9999.000,9999.000,9999.000,9999.000,9999.000,9999.000,9999.000
202605141342,   1.482,9999.000,9999.000,9999.000,9999.000,9999.000,9999.000,9999.000,9999.000
202605141348,   1.461,9999.000,9999.000,9999.000,9999.000,9999.000,9999.000,9999.000,9999.000
202605141354,   1.439,9999.000,9999.000,9999.000,9999.000,9999.000,9999.000,9999.000,9999.000
202605141400,   1.415,9999.000,   0.800,   0.002,   2.217,   0.800,   2.217,   0.800,   2.217
202605141406,   1.388,9999.000,9999.000,9999.000,9999.000,9999.000,9999.000,9999.000,9999.000
202605141412,   1.360,9999.000,9999.000,9999.000,9999.000,9999.000,9999.000,9999.000,9999.000
202605141418,   1.329,9999.000,9999.000,9999.000,9999.000,9999.000,9999.000,9999.000,9999.000
202605141424,   1.297,9999.000,9999.000,9999.000,9999.000,9999.000,9999.000,9999.000,9999.000
202605141430,   1.263,9999.000,9999.000,9999.000,9999.000,9999.000,9999.000,9999.000,9999.000
202605141436,   1.227,9999.000,9999.000,9999.000,9999.000,9999.000,9999.000,9999.000,9999.000
202605141442,   1.189,9999.000,9999.000,9999.000,9999.000,9999.000,9999.000,9999.000,9999.000
202605141448,   1.150,9999.000,9999.000,9999.000,9999.000,9999.000,9999.000,9999.000,9999.000
202605141454,   1.109,9999.000,9999.000,9999.000,9999.000,9999.000,9999.000,9999.000,9999.000
202605141500,   1.066,9999.000,   0.800,   0.002,   1.868,   0.700,   1.768,   0.800,   1.868
202605141506,   1.022,9999.000,9999.000,9999.000,9999.000,9999.000,9999.000,9999.000,9999.000
202605141512,   0.977,9999.000,9999.000,9999.000,9999.000,9999.000,9999.000,9999.000,9999.000
202605141518,   0.931,9999.000,9999.000,9999.000,9999.000,9999.000,9999.000,9999.000,9999.000
202605141524,   0.884,9999.000,9999.000,9999.000,9999.000,9999.000,9999.000,9999.000,9999.000
202605141530,   0.835,9999.000,9999.000,9999.000,9999.000,9999.000,9999.000,9999.000,9999.000
202605141536,   0.786,9999.000,9999.000,9999.000,9999.000,9999.000,9999.000,9999.000,9999.000
202605141542,   0.737,9999.000,9999.000,9999.000,9999.000,9999.000,9999.000,9999.000,9999.000
202605141548,   0.687,9999.000,9999.000,9999.000,9999.000,9999.000,9999.000,9999.000,9999.000
202605141554,   0.637,9999.000,9999.000,9999.000,9999.000,9999.000,9999.000,9999.000,9999.000
202605141600,   0.587,9999.000,   0.800,   0.002,   1.389,   0.700,   1.289,   0.800,   1.389
202605141606,   0.537,9999.000,9999.000,9999.000,9999.000,9999.000,9999.000,9999.000,9999.000
202605141612,   0.488,9999.000,9999.000,9999.000,9999.000,9999.000,9999.000,9999.000,9999.000
202605141618,   0.439,9999.000,9999.000,9999.000,9999.000,9999.000,9999.000,9999.000,9999.000
202605141624,   0.390,9999.000,9999.000,9999.000,9999.000,9999.000,9999.000,9999.000,9999.000
202605141630,   0.343,9999.000,9999.000,9999.000,9999.000,9999.000,9999.000,9999.000,9999.000
202605141636,   0.297,9999.000,9999.000,9999.000,9999.000,9999.000,9999.000,9999.000,9999.000
202605141642,   0.253,9999.000,9999.000,9999.000,9999.000,9999.000,9999.000,9999.000,9999.000
202605141648,   0.210,9999.000,9999.000,9999.000,9999.000,9999.000,9999.000,9999.000,9999.000
202605141654,   0.168,9999.000,9999.000,9999.000,9999.000,9999.000,9999.000,9999.000,9999.000
202605141700,   0.129,9999.000,   0.800,   0.002,   0.931,   0.700,   0.831,   0.800,   0.931
202605141706,   0.091,9999.000,9999.000,9999.000,9999.000,9999.000,9999.000,9999.000,9999.000
202605141712,   0.056,9999.000,9999.000,9999.000,9999.000,9999.000,9999.000,9999.000,9999.000
202605141718,   0.023,9999.000,9999.000,9999.000,9999.000,9999.000,9999.000,9999.000,9999.000
202605141724,  -0.007,9999.000,9999.000,9999.000,9999.000,9999.000,9999.000,9999.000,9999.000
202605141730,  -0.035,9999.000,9999.000,9999.000,9999.000,9999.000,9999.000,9999.000,9999.000
202605141736,  -0.061,9999.000,9999.000,9999.000,9999.000,9999.000,9999.000,9999.000,9999.000
202605141742,  -0.085,9999.000,9999.000,9999.000,9999.000,9999.000,9999.000,9999.000,9999.000
202605141748,  -0.106,9999.000,9999.000,9999.000,9999.000,9999.000,9999.000,9999.000,9999.000
202605141754,  -0.124,9999.000,9999.000,9999.000,9999.000,9999.000,9999.000,9999.000,9999.000
202605141800,  -0.140,9999.000,   0.800,   0.002,   0.662,   0.700,   0.562,   0.800,   0.662
202605141806,  -0.154,9999.000,9999.000,9999.000,9999.000,9999.000,9999.000,9999.000,9999.000
202605141812,  -0.165,9999.000,9999.000,9999.000,9999.000,9999.000,9999.000,9999.000,9999.000
202605141818,  -0.174,9999.000,9999.000,9999.000,9999.000,9999.000,9999.000,9999.000,9999.000
202605141824,  -0.181,9999.000,9999.000,9999.000,9999.000,9999.000,9999.000,9999.000,9999.000
202605141830,  -0.185,9999.000,9999.000,9999.000,9999.000,9999.000,9999.000,9999.000,9999.000
202605141836,  -0.188,9999.000,9999.000,9999.000,9999.000,9999.000,9999.000,9999.000,9999.000
202605141842,  -0.188,9999.000,9999.000,9999.000,9999.000,9999.000,9999.000,9999.000,9999.000
202605141848,  -0.186,9999.000,9999.000,9999.000,9999.000,9999.000,9999.000,9999.000,9999.000
202605141854,  -0.182,9999.000,9999.000,9999.000,9999.000,9999.000,9999.000,9999.000,9999.000
202605141900,  -0.176,9999.000,   0.800,   0.002,   0.626,   0.700,   0.526,   0.800,   0.626
202605141906,  -0.167,9999.000,9999.000,9999.000,9999.000,9999.000,9999.000,9999.000,9999.000
202605141912,  -0.157,9999.000,9999.000,9999.000,9999.000,9999.000,9999.000,9999.000,9999.000
202605141918,  -0.144,9999.000,9999.000,9999.000,9999.000,9999.000,9999.000,9999.000,9999.000
202605141924,  -0.129,9999.000,9999.000,9999.000,9999.000,9999.000,9999.000,9999.000,9999.000
202605141930,  -0.112,9999.000,9999.000,9999.000,9999.000,9999.000,9999.000,9999.000,9999.000
202605141936,  -0.092,9999.000,9999.000,9999.000,9999.000,9999.000,9999.000,9999.000,9999.000
202605141942,  -0.069,9999.000,9999.000,9999.000,9999.000,9999.000,9999.000,9999.000,9999.000
202605141948,  -0.044,9999.000,9999.000,9999.000,9999.000,9999.000,9999.000,9999.000,9999.000
202605141954,  -0.016,9999.000,9999.000,9999.000,9999.000,9999.000,9999.000,9999.000,9999.000
202605142000,   0.014,9999.000,   0.800,   0.002,   0.816,   0.700,   0.716,   0.800,   0.816
202605142006,   0.047,9999.000,9999.000,9999.000,9999.000,9999.000,9999.000,9999.000,9999.000
202605142012,   0.084,9999.000,9999.000,9999.000,9999.000,9999.000,9999.000,9999.000,9999.000
202605142018,   0.124,9999.000,9999.000,9999.000,9999.000,9999.000,9999.000,9999.000,9999.000
202605142024,   0.167,9999.000,9999.000,9999.000,9999.000,9999.000,9999.000,9999.000,9999.000
202605142030,   0.212,9999.000,9999.000,9999.000,9999.000,9999.000,9999.000,9999.000,9999.000
202605142036,   0.261,9999.000,9999.000,9999.000,9999.000,9999.000,9999.000,9999.000,9999.000
202605142042,   0.312,9999.000,9999.000,9999.000,9999.000,9999.000,9999.000,9999.000,9999.000
202605142048,   0.367,9999.000,9999.000,9999.000,9999.000,9999.000,9999.000,9999.000,9999.000
202605142054,   0.423,9999.000,9999.000,9999.000,9999.000,9999.000,9999.000,9999.000,9999.000
202605142100,   0.482,9999.000,   0.800,   0.002,   1.284,   0.700,   1.184,   0.800,   1.284
202605142106,   0.543,9999.000,9999.000,9999.000,9999.000,9999.000,9999.000,9999.000,9999.000
202605142112,   0.605,9999.000,9999.000,9999.000,9999.000,9999.000,9999.000,9999.000,9999.000
202605142118,   0.669,9999.000,9999.000,9999.000,9999.000,9999.000,9999.000,9999.000,9999.000
202605142124,   0.734,9999.000,9999.000,9999.000,9999.000,9999.000,9999.000,9999.000,9999.000
202605142130,   0.799,9999.000,9999.000,9999.000,9999.000,9999.000,9999.000,9999.000,9999.000
202605142136,   0.865,9999.000,9999.000,9999.000,9999.000,9999.000,9999.000,9999.000,9999.000
202605142142,   0.930,9999.000,9999.000,9999.000,9999.000,9999.000,9999.000,9999.000,9999.000
202605142148,   0.995,9999.000,9999.000,9999.000,9999.000,9999.000,9999.000,9999.000,9999.000
202605142154,   1.060,9999.000,9999.000,9999.000,9999.000,9999.000,9999.000,9999.000,9999.000
202605142200,   1.122,9999.000,   0.800,   0.002,   1.924,   0.700,   1.824,   0.800,   1.924
202605142206,   1.183,9999.000,9999.000,9999.000,9999.000,9999.000,9999.000,9999.000,9999.000
202605142212,   1.242,9999.000,9999.000,9999.000,9999.000,9999.000,9999.000,9999.000,9999.000
202605142218,   1.298,9999.000,9999.000,9999.000,9999.000,9999.000,9999.000,9999.000,9999.000
202605142224,   1.352,9999.000,9999.000,9999.000,9999.000,9999.000,9999.000,9999.000,9999.000
202605142230,   1.403,9999.000,9999.000,9999.000,9999.000,9999.000,9999.000,9999.000,9999.000
202605142236,   1.451,9999.000,9999.000,9999.000,9999.000,9999.000,9999.000,9999.000,9999.000
202605142242,   1.496,9999.000,9999.000,9999.000,9999.000,9999.000,9999.000,9999.000,9999.000
202605142248,   1.538,9999.000,9999.000,9999.000,9999.000,9999.000,9999.000,9999.000,9999.000
202605142254,   1.577,9999.000,9999.000,9999.000,9999.000,9999.000,9999.000,9999.000,9999.000
202605142300,   1.612,9999.000,   0.800,   0.002,   2.414,   0.700,   2.314,   0.800,   2.414
202605142306,   1.644,9999.000,9999.000,9999.000,9999.000,9999.000,9999.000,9999.000,9999.000
202605142312,   1.674,9999.000,9999.000,9999.000,9999.000,9999.000,9999.000,9999.000,9999.000
202605142318,   1.700,9999.000,9999.000,9999.000,9999.000,9999.000,9999.000,9999.000,9999.000
202605142324,   1.723,9999.000,9999.000,9999.000,9999.000,9999.000,9999.000,9999.000,9999.000
202605142330,   1.743,9999.000,9999.000,9999.000,9999.000,9999.000,9999.000,9999.000,9999.000
202605142336,   1.761,9999.000,9999.000,9999.000,9999.000,9999.000,9999.000,9999.000,9999.000
202605142342,   1.777,9999.000,9999.000,9999.000,9999.000,9999.000,9999.000,9999.000,9999.000
202605142348,   1.790,9999.000,9999.000,9999.000,9999.000,9999.000,9999.000,9999.000,9999.000
202605142354,   1.802,9999.000,9999.000,9999.000,9999.000,9999.000,9999.000,9999.000,9999.000
202605150000,   1.812,9999.000,   0.800,   0.002,   2.614,   0.700,   2.514,   0.800,   2.614
202605150006,   1.820,9999.000,9999.000,9999.000,9999.000,9999.000,9999.000,9999.000,9999.000
202605150012,   1.827,9999.000,9999.000,9999.000,9999.000,9999.000,9999.000,9999.000,9999.000
202605150018,   1.832,9999.000,9999.000,9999.000,9999.000,9999.000,9999.000,9999.000,9999.000
202605150024,   1.837,9999.000,9999.000,9999.000,9999.000,9999.000,9999.000,9999.000,9999.000
202605150030,   1.840,9999.000,9999.000,9999.000,9999.000,9999.000,9999.000,9999.000,9999.000
202605150036,   1.842,9999.000,9999.000,9999.000,9999.000,9999.000,9999.000,9999.000,9999.000
202605150042,   1.843,9999.000,9999.000,9999.000,9999.000,9999.000,9999.000,9999.000,9999.000
202605150048,   1.844,9999.000,9999.000,9999.000,9999.000,9999.000,9999.000,9999.000,9999.000
202605150054,   1.843,9999.000,9999.000,9999.000,9999.000,9999.000,9999.000,9999.000,9999.000
202605150100,   1.842,9999.000,   0.800,   0.002,   2.644,   0.700,   2.544,   0.800,   2.644
202605150106,   1.839,9999.000,9999.000,9999.000,9999.000,9999.000,9999.000,9999.000,9999.000
202605150112,   1.836,9999.000,9999.000,9999.000,9999.000,9999.000,9999.000,9999.000,9999.000
202605150118,   1.831,9999.000,9999.000,9999.000,9999.000,9999.000,9999.000,9999.000,9999.000
202605150124,   1.825,9999.000,9999.000,9999.000,9999.000,9999.000,9999.000,9999.000,9999.000
202605150130,   1.818,9999.000,9999.000,9999.000,9999.000,9999.000,9999.000,9999.000,9999.000
202605150136,   1.810,9999.000,9999.000,9999.000,9999.000,9999.000,9999.000,9999.000,9999.000
202605150142,   1.800,9999.000,9999.000,9999.000,9999.000,9999.000,9999.000,9999.000,9999.000
202605150148,   1.789,9999.000,9999.000,9999.000,9999.000,9999.000,9999.000,9999.000,9999.000
202605150154,   1.776,9999.000,9999.000,9999.000,9999.000,9999.000,9999.000,9999.000,9999.000
202605150200,   1.762,9999.000,   0.800,   0.002,   2.564,   0.700,   2.464,   0.800,   2.564
202605150206,   1.746,9999.000,9999.000,9999.000,9999.000,9999.000,9999.000,9999.000,9999.000
202605150212,   1.728,9999.000,9999.000,9999.000,9999.000,9999.000,9999.000,9999.000,9999.000
202605150218,   1.709,9999.000,9999.000,9999.000,9999.000,9999.000,9999.000,9999.000,9999.000
202605150224,   1.687,9999.000,9999.000,9999.000,9999.000,9999.000,9999.000,9999.000,9999.000
202605150230,   1.664,9999.000,9999.000,9999.000,9999.000,9999.000,9999.000,9999.000,9999.000
202605150236,   1.640,9999.000,9999.000,9999.000,9999.000,9999.000,9999.000,9999.000,9999.000
202605150242,   1.613,9999.000,9999.000,9999.000,9999.000,9999.000,9999.000,9999.000,9999.000
202605150248,   1.585,9999.000,9999.000,9999.000,9999.000,9999.000,9999.000,9999.000,9999.000
202605150254,   1.554,9999.000,9999.000,9999.000,9999.000,9999.000,9999.000,9999.000,9999.000
202605150300,   1.523,9999.000,   0.800,   0.002,   2.325,   0.700,   2.225,   0.800,   2.325
202605150306,   1.489,9999.000,9999.000,9999.000,9999.000,9999.000,9999.000,9999.000,9999.000
202605150312,   1.454,9999.000,9999.000,9999.000,9999.000,9999.000,9999.000,9999.000,9999.000
202605150318,   1.417,9999.000,9999.000,9999.000,9999.000,9999.000,9999.000,9999.000,9999.000
202605150324,   1.379,9999.000,9999.000,9999.000,9999.000,9999.000,9999.000,9999.000,9999.000
202605150330,   1.339,9999.000,9999.000,9999.000,9999.000,9999.000,9999.000,9999.000,9999.000
202605150336,   1.299,9999.000,9999.000,9999.000,9999.000,9999.000,9999.000,9999.000,9999.000
202605150342,   1.256,9999.000,9999.000,9999.000,9999.000,9999.000,9999.000,9999.000,9999.000
202605150348,   1.213,9999.000,9999.000,9999.000,9999.000,9999.000,9999.000,9999.000,9999.000
202605150354,   1.169,9999.000,9999.000,9999.000,9999.000,9999.000,9999.000,9999.000,9999.000
202605150400,   1.124,9999.000,   0.800,   0.002,   1.926,   0.700,   1.826,   0.800,   1.926
202605150406,   1.078,9999.000,9999.000,9999.000,9999.000,9999.000,9999.000,9999.000,9999.000
202605150412,   1.031,9999.000,9999.000,9999.000,9999.000,9999.000,9999.000,9999.000,9999.000
202605150418,   0.984,9999.000,9999.000,9999.000,9999.000,9999.000,9999.000,9999.000,9999.000
202605150424,   0.937,9999.000,9999.000,9999.000,9999.000,9999.000,9999.000,9999.000,9999.000
202605150430,   0.889,9999.000,9999.000,9999.000,9999.000,9999.000,9999.000,9999.000,9999.000
202605150436,   0.841,9999.000,9999.000,9999.000,9999.000,9999.000,9999.000,9999.000,9999.000
202605150442,   0.794,9999.000,9999.000,9999.000,9999.000,9999.000,9999.000,9999.000,9999.000
202605150448,   0.746,9999.000,9999.000,9999.000,9999.000,9999.000,9999.000,9999.000,9999.000
202605150454,   0.700,9999.000,9999.000,9999.000,9999.000,9999.000,9999.000,9999.000,9999.000
202605150500,   0.654,9999.000,   0.800,   0.002,   1.456,   0.700,   1.356,   0.800,   1.456
202605150506,   0.608,9999.000,9999.000,9999.000,9999.000,9999.000,9999.000,9999.000,9999.000
202605150512,   0.564,9999.000,9999.000,9999.000,9999.000,9999.000,9999.000,9999.000,9999.000
202605150518,   0.521,9999.000,9999.000,9999.000,9999.000,9999.000,9999.000,9999.000,9999.000
202605150524,   0.479,9999.000,9999.000,9999.000,9999.000,9999.000,9999.000,9999.000,9999.000
202605150530,   0.438,9999.000,9999.000,9999.000,9999.000,9999.000,9999.000,9999.000,9999.000
202605150536,   0.399,9999.000,9999.000,9999.000,9999.000,9999.000,9999.000,9999.000,9999.000
202605150542,   0.362,9999.000,9999.000,9999.000,9999.000,9999.000,9999.000,9999.000,9999.000
202605150548,   0.326,9999.000,9999.000,9999.000,9999.000,9999.000,9999.000,9999.000,9999.000
202605150554,   0.293,9999.000,9999.000,9999.000,9999.000,9999.000,9999.000,9999.000,9999.000
202605150600,   0.261,9999.000,   0.800,   0.002,   1.063,   0.700,   0.963,   0.800,   1.063
202605150606,   0.230,9999.000,9999.000,9999.000,9999.000,9999.000,9999.000,9999.000,9999.000
202605150612,   0.202,9999.000,9999.000,9999.000,9999.000,9999.000,9999.000,9999.000,9999.000
202605150618,   0.176,9999.000,9999.000,9999.000,9999.000,9999.000,9999.000,9999.000,9999.000
202605150624,   0.151,9999.000,9999.000,9999.000,9999.000,9999.000,9999.000,9999.000,9999.000
202605150630,   0.128,9999.000,9999.000,9999.000,9999.000,9999.000,9999.000,9999.000,9999.000
202605150636,   0.107,9999.000,9999.000,9999.000,9999.000,9999.000,9999.000,9999.000,9999.000
202605150642,   0.088,9999.000,9999.000,9999.000,9999.000,9999.000,9999.000,9999.000,9999.000
202605150648,   0.071,9999.000,9999.000,9999.000,9999.000,9999.000,9999.000,9999.000,9999.000
202605150654,   0.055,9999.000,9999.000,9999.000,9999.000,9999.000,9999.000,9999.000,9999.000
202605150700,   0.041,9999.000,   0.800,   0.002,   0.843,   0.700,   0.743,   0.800,   0.843
202605150706,   0.029,9999.000,9999.000,9999.000,9999.000,9999.000,9999.000,9999.000,9999.000
202605150712,   0.018,9999.000,9999.000,9999.000,9999.000,9999.000,9999.000,9999.000,9999.000
202605150718,   0.009,9999.000,9999.000,9999.000,9999.000,9999.000,9999.000,9999.000,9999.000
202605150724,   0.002,9999.000,9999.000,9999.000,9999.000,9999.000,9999.000,9999.000,9999.000
202605150730,  -0.002,9999.000,9999.000,9999.000,9999.000,9999.000,9999.000,9999.000,9999.000
202605150736,  -0.005,9999.000,9999.000,9999.000,9999.000,9999.000,9999.000,9999.000,9999.000
202605150742,  -0.006,9999.000,9999.000,9999.000,9999.000,9999.000,9999.000,9999.000,9999.000
202605150748,  -0.006,9999.000,9999.000,9999.000,9999.000,9999.000,9999.000,9999.000,9999.000
202605150754,  -0.003,9999.000,9999.000,9999.000,9999.000,9999.000,9999.000,9999.000,9999.000
202605150800,   0.002,9999.000,   0.800,   0.002,   0.804,   0.700,   0.704,   0.800,   0.804
202605150806,   0.009,9999.000,9999.000,9999.000,9999.000,9999.000,9999.000,9999.000,9999.000
202605150812,   0.020,9999.000,9999.000,9999.000,9999.000,9999.000,9999.000,9999.000,9999.000
202605150818,   0.033,9999.000,9999.000,9999.000,9999.000,9999.000,9999.000,9999.000,9999.000
202605150824,   0.049,9999.000,9999.000,9999.000,9999.000,9999.000,9999.000,9999.000,9999.000
202605150830,   0.068,9999.000,9999.000,9999.000,9999.000,9999.000,9999.000,9999.000,9999.000
202605150836,   0.090,9999.000,9999.000,9999.000,9999.000,9999.000,9999.000,9999.000,9999.000
202605150842,   0.116,9999.000,9999.000,9999.000,9999.000,9999.000,9999.000,9999.000,9999.000
202605150848,   0.144,9999.000,9999.000,9999.000,9999.000,9999.000,9999.000,9999.000,9999.000
202605150854,   0.176,9999.000,9999.000,9999.000,9999.000,9999.000,9999.000,9999.000,9999.000
202605150900,   0.211,9999.000,   0.800,   0.002,   1.013,   0.700,   0.913,   0.800,   1.013
202605150906,   0.249,9999.000,9999.000,9999.000,9999.000,9999.000,9999.000,9999.000,9999.000
202605150912,   0.290,9999.000,9999.000,9999.000,9999.000,9999.000,9999.000,9999.000,9999.000
202605150918,   0.333,9999.000,9999.000,9999.000,9999.000,9999.000,9999.000,9999.000,9999.000
202605150924,   0.380,9999.000,9999.000,9999.000,9999.000,9999.000,9999.000,9999.000,9999.000
202605150930,   0.429,9999.000,9999.000,9999.000,9999.000,9999.000,9999.000,9999.000,9999.000
202605150936,   0.480,9999.000,9999.000,9999.000,9999.000,9999.000,9999.000,9999.000,9999.000
202605150942,   0.533,9999.000,9999.000,9999.000,9999.000,9999.000,9999.000,9999.000,9999.000
202605150948,   0.587,9999.000,9999.000,9999.000,9999.000,9999.000,9999.000,9999.000,9999.000
202605150954,   0.642,9999.000,9999.000,9999.000,9999.000,9999.000,9999.000,9999.000,9999.000
202605151000,   0.699,9999.000,   0.800,   0.002,   1.501,   0.700,   1.401,   0.800,   1.501
202605151006,   0.755,9999.000,9999.000,9999.000,9999.000,9999.000,9999.000,9999.000,9999.000
202605151012,   0.812,9999.000,9999.000,9999.000,9999.000,9999.000,9999.000,9999.000,9999.000
202605151018,   0.868,9999.000,9999.000,9999.000,9999.000,9999.000,9999.000,9999.000,9999.000
202605151024,   0.924,9999.000,9999.000,9999.000,9999.000,9999.000,9999.000,9999.000,9999.000
202605151030,   0.978,9999.000,9999.000,9999.000,9999.000,9999.000,9999.000,9999.000,9999.000
202605151036,   1.031,9999.000,9999.000,9999.000,9999.000,9999.000,9999.000,9999.000,9999.000
202605151042,   1.082,9999.000,9999.000,9999.000,9999.000,9999.000,9999.000,9999.000,9999.000
202605151048,   1.131,9999.000,9999.000,9999.000,9999.000,9999.000,9999.000,9999.000,9999.000
202605151054,   1.177,9999.000,9999.000,9999.000,9999.000,9999.000,9999.000,9999.000,9999.000
202605151100,   1.221,9999.000,   0.800,   0.002,   2.023,   0.700,   1.923,   0.800,   2.023
202605151106,   1.263,9999.000,9999.000,9999.000,9999.000,9999.000,9999.000,9999.000,9999.000
202605151112,   1.301,9999.000,9999.000,9999.000,9999.000,9999.000,9999.000,9999.000,9999.000
202605151118,   1.337,9999.000,9999.000,9999.000,9999.000,9999.000,9999.000,9999.000,9999.000
202605151124,   1.370,9999.000,9999.000,9999.000,9999.000,9999.000,9999.000,9999.000,9999.000
202605151130,   1.400,9999.000,9999.000,9999.000,9999.000,9999.000,9999.000,9999.000,9999.000
202605151136,   1.428,9999.000,9999.000,9999.000,9999.000,9999.000,9999.000,9999.000,9999.000
202605151142,   1.452,9999.000,9999.000,9999.000,9999.000,9999.000,9999.000,9999.000,9999.000
202605151148,   1.474,9999.000,9999.000,9999.000,9999.000,9999.000,9999.000,9999.000,9999.000
202605151154,   1.494,9999.000,9999.000,9999.000,9999.000,9999.000,9999.000,9999.000,9999.000
202605151200,   1.511,9999.000,   0.800,   0.002,   2.313,   0.700,   2.213,   0.800,   2.313
202605151206,   1.526,9999.000,9999.000,9999.000,9999.000,9999.000,9999.000,9999.000,9999.000
202605151212,   1.540,9999.000,9999.000,9999.000,9999.000,9999.000,9999.000,9999.000,9999.000
202605151218,   1.551,9999.000,9999.000,9999.000,9999.000,9999.000,9999.000,9999.000,9999.000
202605151224,   1.561,9999.000,9999.000,9999.000,9999.000,9999.000,9999.000,9999.000,9999.000
202605151230,   1.569,9999.000,9999.000,9999.000,9999.000,9999.000,9999.000,9999.000,9999.000
202605151236,   1.576,9999.000,9999.000,9999.000,9999.000,9999.000,9999.000,9999.000,9999.000
202605151242,   1.581,9999.000,9999.000,9999.000,9999.000,9999.000,9999.000,9999.000,9999.000
202605151248,   1.586,9999.000,9999.000,9999.000,9999.000,9999.000,9999.000,9999.000,9999.000
202605151254,   1.589,9999.000,9999.000,9999.000,9999.000,9999.000,9999.000,9999.000,9999.000
202605151300,   1.591,9999.000,   0.800,   0.002,   2.393,   0.700,   2.293,   0.800,   2.393
202605151306,   1.593,9999.000,9999.000,9999.000,9999.000,9999.000,9999.000,9999.000,9999.000
202605151312,   1.593,9999.000,9999.000,9999.000,9999.000,9999.000,9999.000,9999.000,9999.000
202605151318,   1.592,9999.000,9999.000,9999.000,9999.000,9999.000,9999.000,9999.000,9999.000
202605151324,   1.591,9999.000,9999.000,9999.000,9999.000,9999.000,9999.000,9999.000,9999.000
202605151330,   1.588,9999.000,9999.000,9999.000,9999.000,9999.000,9999.000,9999.000,9999.000
202605151336,   1.584,9999.000,9999.000,9999.000,9999.000,9999.000,9999.000,9999.000,9999.000
202605151342,   1.579,9999.000,9999.000,9999.000,9999.000,9999.000,9999.000,9999.000,9999.000
202605151348,   1.572,9999.000,9999.000,9999.000,9999.000,9999.000,9999.000,9999.000,9999.000
202605151354,   1.564,9999.000,9999.000,9999.000,9999.000,9999.000,9999.000,9999.000,9999.000
202605151400,   1.555,9999.000,   0.800,   0.002,   2.357,   0.700,   2.257,   0.800,   2.357
202605151406,   1.544,9999.000,9999.000,9999.000,9999.000,9999.000,9999.000,9999.000,9999.000
202605151412,   1.531,9999.000,9999.000,9999.000,9999.000,9999.000,9999.000,9999.000,9999.000
202605151418,   1.517,9999.000,9999.000,9999.000,9999.000,9999.000,9999.000,9999.000,9999.000
202605151424,   1.501,9999.000,9999.000,9999.000,9999.000,9999.000,9999.000,9999.000,9999.000
202605151430,   1.483,9999.000,9999.000,9999.000,9999.000,9999.000,9999.000,9999.000,9999.000
202605151436,   1.463,9999.000,9999.000,9999.000,9999.000,9999.000,9999.000,9999.000,9999.000
202605151442,   1.441,9999.000,9999.000,9999.000,9999.000,9999.000,9999.000,9999.000,9999.000
202605151448,   1.417,9999.000,9999.000,9999.000,9999.000,9999.000,9999.000,9999.000,9999.000
202605151454,   1.390,9999.000,9999.000,9999.000,9999.000,9999.000,9999.000,9999.000,9999.000
202605151500,   1.362,9999.000,   0.800,   0.002,   2.164,   0.700,   2.064,   0.800,   2.164
202605151506,   1.332,9999.000,9999.000,9999.000,9999.000,9999.000,9999.000,9999.000,9999.000
202605151512,   1.300,9999.000,9999.000,9999.000,9999.000,9999.000,9999.000,9999.000,9999.000
202605151518,   1.266,9999.000,9999.000,9999.000,9999.000,9999.000,9999.000,9999.000,9999.000
202605151524,   1.230,9999.000,9999.000,9999.000,9999.000,9999.000,9999.000,9999.000,9999.000
202605151530,   1.192,9999.000,9999.000,9999.000,9999.000,9999.000,9999.000,9999.000,9999.000
202605151536,   1.153,9999.000,9999.000,9999.000,9999.000,9999.000,9999.000,9999.000,9999.000
202605151542,   1.112,9999.000,9999.000,9999.000,9999.000,9999.000,9999.000,9999.000,9999.000
202605151548,   1.069,9999.000,9999.000,9999.000,9999.000,9999.000,9999.000,9999.000,9999.000
202605151554,   1.025,9999.000,9999.000,9999.000,9999.000,9999.000,9999.000,9999.000,9999.000
202605151600,   0.979,9999.000,   0.800,   0.002,   1.781,   0.700,   1.681,   0.800,   1.781
202605151606,   0.932,9999.000,9999.000,9999.000,9999.000,9999.000,9999.000,9999.000,9999.000
202605151612,   0.884,9999.000,9999.000,9999.000,9999.000,9999.000,9999.000,9999.000,9999.000
202605151618,   0.834,9999.000,9999.000,9999.000,9999.000,9999.000,9999.000,9999.000,9999.000
202605151624,   0.784,9999.000,9999.000,9999.000,9999.000,9999.000,9999.000,9999.000,9999.000
202605151630,   0.734,9999.000,9999.000,9999.000,9999.000,9999.000,9999.000,9999.000,9999.000
202605151636,   0.682,9999.000,9999.000,9999.000,9999.000,9999.000,9999.000,9999.000,9999.000
202605151642,   0.631,9999.000,9999.000,9999.000,9999.000,9999.000,9999.000,9999.000,9999.000
202605151648,   0.579,9999.000,9999.000,9999.000,9999.000,9999.000,9999.000,9999.000,9999.000
202605151654,   0.527,9999.000,9999.000,9999.000,9999.000,9999.000,9999.000,9999.000,9999.000
202605151700,   0.475,9999.000,   0.800,   0.002,   1.277,   0.700,   1.177,   0.800,   1.277
202605151706,   0.424,9999.000,9999.000,9999.000,9999.000,9999.000,9999.000,9999.000,9999.000
202605151712,   0.373,9999.000,9999.000,9999.000,9999.000,9999.000,9999.000,9999.000,9999.000
202605151718,   0.323,9999.000,9999.000,9999.000,9999.000,9999.000,9999.000,9999.000,9999.000
202605151724,   0.275,9999.000,9999.000,9999.000,9999.000,9999.000,9999.000,9999.000,9999.000
202605151730,   0.227,9999.000,9999.000,9999.000,9999.000,9999.000,9999.000,9999.000,9999.000
202605151736,   0.181,9999.000,9999.000,9999.000,9999.000,9999.000,9999.000,9999.000,9999.000
202605151742,   0.136,9999.000,9999.000,9999.000,9999.000,9999.000,9999.000,9999.000,9999.000
202605151748,   0.093,9999.000,9999.000,9999.000,9999.000,9999.000,9999.000,9999.000,9999.000
202605151754,   0.052,9999.000,9999.000,9999.000,9999.000,9999.000,9999.000,9999.000,9999.000
202605151800,   0.014,9999.000,   0.800,   0.002,   0.816,   0.700,   0.716,   0.800,   0.816
202605151806,  -0.022,9999.000,9999.000,9999.000,9999.000,9999.000,9999.000,9999.000,9999.000
202605151812,  -0.056,9999.000,9999.000,9999.000,9999.000,9999.000,9999.000,9999.000,9999.000
202605151818,  -0.088,9999.000,9999.000,9999.000,9999.000,9999.000,9999.000,9999.000,9999.000
202605151824,  -0.118,9999.000,9999.000,9999.000,9999.000,9999.000,9999.000,9999.000,9999.000
202605151830,  -0.145,9999.000,9999.000,9999.000,9999.000,9999.000,9999.000,9999.000,9999.000
202605151836,  -0.169,9999.000,9999.000,9999.000,9999.000,9999.000,9999.000,9999.000,9999.000
202605151842,  -0.191,9999.000,9999.000,9999.000,9999.000,9999.000,9999.000,9999.000,9999.000
202605151848,  -0.210,9999.000,9999.000,9999.000,9999.000,9999.000,9999.000,9999.000,9999.000
202605151854,  -0.227,9999.000,9999.000,9999.000,9999.000,9999.000,9999.000,9999.000,9999.000
202605151900,  -0.241,9999.000,   0.800,   0.002,   0.561,   0.700,   0.461,   0.800,   0.561
202605151906,  -0.253,9999.000,9999.000,9999.000,9999.000,9999.000,9999.000,9999.000,9999.000
202605151912,  -0.263,9999.000,9999.000,9999.000,9999.000,9999.000,9999.000,9999.000,9999.000
202605151918,  -0.269,9999.000,9999.000,9999.000,9999.000,9999.000,9999.000,9999.000,9999.000
202605151924,  -0.274,9999.000,9999.000,9999.000,9999.000,9999.000,9999.000,9999.000,9999.000
202605151930,  -0.276,9999.000,9999.000,9999.000,9999.000,9999.000,9999.000,9999.000,9999.000
202605151936,  -0.276,9999.000,9999.000,9999.000,9999.000,9999.000,9999.000,9999.000,9999.000
202605151942,  -0.273,9999.000,9999.000,9999.000,9999.000,9999.000,9999.000,9999.000,9999.000
202605151948,  -0.268,9999.000,9999.000,9999.000,9999.000,9999.000,9999.000,9999.000,9999.000
202605151954,  -0.261,9999.000,9999.000,9999.000,9999.000,9999.000,9999.000,9999.000,9999.000
202605152000,  -0.251,9999.000,   0.800,   0.002,   0.551,   0.700,   0.451,   0.800,   0.551
202605152006,  -0.239,9999.000,9999.000,9999.000,9999.000,9999.000,9999.000,9999.000,9999.000
202605152012,  -0.225,9999.000,9999.000,9999.000,9999.000,9999.000,9999.000,9999.000,9999.000
202605152018,  -0.207,9999.000,9999.000,9999.000,9999.000,9999.000,9999.000,9999.000,9999.000
202605152024,  -0.187,9999.000,9999.000,9999.000,9999.000,9999.000,9999.000,9999.000,9999.000
202605152030,  -0.164,9999.000,9999.000,9999.000,9999.000,9999.000,9999.000,9999.000,9999.000
202605152036,  -0.139,9999.000,9999.000,9999.000,9999.000,9999.000,9999.000,9999.000,9999.000
202605152042,  -0.110,9999.000,9999.000,9999.000,9999.000,9999.000,9999.000,9999.000,9999.000
202605152048,  -0.078,9999.000,9999.000,9999.000,9999.000,9999.000,9999.000,9999.000,9999.000
202605152054,  -0.043,9999.000,9999.000,9999.000,9999.000,9999.000,9999.000,9999.000,9999.000
202605152100,  -0.005,9999.000,   0.800,   0.002,   0.797,   0.700,   0.697,   0.800,   0.797
202605152106,   0.035,9999.000,9999.000,9999.000,9999.000,9999.000,9999.000,9999.000,9999.000
202605152112,   0.080,9999.000,9999.000,9999.000,9999.000,9999.000,9999.000,9999.000,9999.000
202605152118,   0.127,9999.000,9999.000,9999.000,9999.000,9999.000,9999.000,9999.000,9999.000
202605152124,   0.178,9999.000,9999.000,9999.000,9999.000,9999.000,9999.000,9999.000,9999.000
202605152130,   0.232,9999.000,9999.000,9999.000,9999.000,9999.000,9999.000,9999.000,9999.000
202605152136,   0.289,9999.000,9999.000,9999.000,9999.000,9999.000,9999.000,9999.000,9999.000
202605152142,   0.348,9999.000,9999.000,9999.000,9999.000,9999.000,9999.000,9999.000,9999.000
202605152148,   0.410,9999.000,9999.000,9999.000,9999.000,9999.000,9999.000,9999.000,9999.000
202605152154,   0.473,9999.000,9999.000,9999.000,9999.000,9999.000,9999.000,9999.000,9999.000
202605152200,   0.539,9999.000,   0.800,   0.002,   1.341,   0.700,   1.241,   0.800,   1.341
202605152206,   0.606,9999.000,9999.000,9999.000,9999.000,9999.000,9999.000,9999.000,9999.000
202605152212,   0.675,9999.000,9999.000,9999.000,9999.000,9999.000,9999.000,9999.000,9999.000
202605152218,   0.744,9999.000,9999.000,9999.000,9999.000,9999.000,9999.000,9999.000,9999.000
202605152224,   0.813,9999.000,9999.000,9999.000,9999.000,9999.000,9999.000,9999.000,9999.000
202605152230,   0.883,9999.000,9999.000,9999.000,9999.000,9999.000,9999.000,9999.000,9999.000
202605152236,   0.952,9999.000,9999.000,9999.000,9999.000,9999.000,9999.000,9999.000,9999.000
202605152242,   1.020,9999.000,9999.000,9999.000,9999.000,9999.000,9999.000,9999.000,9999.000
202605152248,   1.087,9999.000,9999.000,9999.000,9999.000,9999.000,9999.000,9999.000,9999.000
202605152254,   1.152,9999.000,9999.000,9999.000,9999.000,9999.000,9999.000,9999.000,9999.000
202605152300,   1.215,9999.000,   0.800,   0.002,   2.017,   0.700,   1.917,   0.800,   2.017
202605152306,   1.276,9999.000,9999.000,9999.000,9999.000,9999.000,9999.000,9999.000,9999.000
202605152312,   1.334,9999.000,9999.000,9999.000,9999.000,9999.000,9999.000,9999.000,9999.000
202605152318,   1.389,9999.000,9999.000,9999.000,9999.000,9999.000,9999.000,9999.000,9999.000
202605152324,   1.441,9999.000,9999.000,9999.000,9999.000,9999.000,9999.000,9999.000,9999.000
202605152330,   1.490,9999.000,9999.000,9999.000,9999.000,9999.000,9999.000,9999.000,9999.000
202605152336,   1.535,9999.000,9999.000,9999.000,9999.000,9999.000,9999.000,9999.000,9999.000
202605152342,   1.577,9999.000,9999.000,9999.000,9999.000,9999.000,9999.000,9999.000,9999.000
202605152348,   1.616,9999.000,9999.000,9999.000,9999.000,9999.000,9999.000,9999.000,9999.000
202605152354,   1.651,9999.000,9999.000,9999.000,9999.000,9999.000,9999.000,9999.000,9999.000
202605160000,   1.683,9999.000,   0.800,   0.002,   2.485,   0.700,   2.385,   0.800,   2.485
202605160006,   1.712,9999.000,9999.000,9999.000,9999.000,9999.000,9999.000,9999.000,9999.000
202605160012,   1.738,9999.000,9999.000,9999.000,9999.000,9999.000,9999.000,9999.000,9999.000
202605160018,   1.760,9999.000,9999.000,9999.000,9999.000,9999.000,9999.000,9999.000,9999.000
202605160024,   1.780,9999.000,9999.000,9999.000,9999.000,9999.000,9999.000,9999.000,9999.000
202605160030,   1.798,9999.000,9999.000,9999.000,9999.000,9999.000,9999.000,9999.000,9999.000
202605160036,   1.813,9999.000,9999.000,9999.000,9999.000,9999.000,9999.000,9999.000,9999.000
202605160042,   1.825,9999.000,9999.000,9999.000,9999.000,9999.000,9999.000,9999.000,9999.000
202605160048,   1.836,9999.000,9999.000,9999.000,9999.000,9999.000,9999.000,9999.000,9999.000
202605160054,   1.846,9999.000,9999.000,9999.000,9999.000,9999.000,9999.000,9999.000,9999.000
202605160100,   1.853,9999.000,   0.800,   0.002,   2.655,   0.700,   2.555,   0.800,   2.655
202605160106,   1.859,9999.000,9999.000,9999.000,9999.000,9999.000,9999.000,9999.000,9999.000
202605160112,   1.864,9999.000,9999.000,9999.000,9999.000,9999.000,9999.000,9999.000,9999.000
202605160118,   1.868,9999.000,9999.000,9999.000,9999.000,9999.000,9999.000,9999.000,9999.000
202605160124,   1.870,9999.000,9999.000,9999.000,9999.000,9999.000,9999.000,9999.000,9999.000
202605160130,   1.872,9999.000,9999.000,9999.000,9999.000,9999.000,9999.000,9999.000,9999.000
202605160136,   1.873,9999.000,9999.000,9999.000,9999.000,9999.000,9999.000,9999.000,9999.000
202605160142,   1.873,9999.000,9999.000,9999.000,9999.000,9999.000,9999.000,9999.000,9999.000
202605160148,   1.871,9999.000,9999.000,9999.000,9999.000,9999.000,9999.000,9999.000,9999.000
202605160154,   1.869,9999.000,9999.000,9999.000,9999.000,9999.000,9999.000,9999.000,9999.000
202605160200,   1.866,9999.000,   0.800,   0.002,   2.668,   0.700,   2.568,   0.800,   2.668
202605160206,   1.862,9999.000,9999.000,9999.000,9999.000,9999.000,9999.000,9999.000,9999.000
202605160212,   1.857,9999.000,9999.000,9999.000,9999.000,9999.000,9999.000,9999.000,9999.000
202605160218,   1.851,9999.000,9999.000,9999.000,9999.000,9999.000,9999.000,9999.000,9999.000
202605160224,   1.843,9999.000,9999.000,9999.000,9999.000,9999.000,9999.000,9999.000,9999.000
202605160230,   1.834,9999.000,9999.000,9999.000,9999.000,9999.000,9999.000,9999.000,9999.000
202605160236,   1.824,9999.000,9999.000,9999.000,9999.000,9999.000,9999.000,9999.000,9999.000
202605160242,   1.813,9999.000,9999.000,9999.000,9999.000,9999.000,9999.000,9999.000,9999.000
202605160248,   1.799,9999.000,9999.000,9999.000,9999.000,9999.000,9999.000,9999.000,9999.000
202605160254,   1.784,9999.000,9999.000,9999.000,9999.000,9999.000,9999.000,9999.000,9999.000
202605160300,   1.768,9999.000,   0.800,   0.002,   2.570,   0.700,   2.470,   0.800,   2.570
202605160306,   1.750,9999.000,9999.000,9999.000,9999.000,9999.000,9999.000,9999.000,9999.000
202605160312,   1.730,9999.000,9999.000,9999.000,9999.000,9999.000,9999.000,9999.000,9999.000
202605160318,   1.708,9999.000,9999.000,9999.000,9999.000,9999.000,9999.000,9999.000,9999.000
202605160324,   1.685,9999.000,9999.000,9999.000,9999.000,9999.000,9999.000,9999.000,9999.000
202605160330,   1.660,9999.000,9999.000,9999.000,9999.000,9999.000,9999.000,9999.000,9999.000
202605160336,   1.633,9999.000,9999.000,9999.000,9999.000,9999.000,9999.000,9999.000,9999.000
202605160342,   1.604,9999.000,9999.000,9999.000,9999.000,9999.000,9999.000,9999.000,9999.000
202605160348,   1.573,9999.000,9999.000,9999.000,9999.000,9999.000,9999.000,9999.000,9999.000
202605160354,   1.541,9999.000,9999.000,9999.000,9999.000,9999.000,9999.000,9999.000,9999.000
202605160400,   1.507,9999.000,   0.800,   0.002,   2.309,   0.700,   2.209,   0.800,   2.309
202605160406,   1.471,9999.000,9999.000,9999.000,9999.000,9999.000,9999.000,9999.000,9999.000
202605160412,   1.434,9999.000,9999.000,9999.000,9999.000,9999.000,9999.000,9999.000,9999.000
202605160418,   1.395,9999.000,9999.000,9999.000,9999.000,9999.000,9999.000,9999.000,9999.000
202605160424,   1.354,9999.000,9999.000,9999.000,9999.000,9999.000,9999.000,9999.000,9999.000
202605160430,   1.313,9999.000,9999.000,9999.000,9999.000,9999.000,9999.000,9999.000,9999.000
202605160436,   1.269,9999.000,9999.000,9999.000,9999.000,9999.000,9999.000,9999.000,9999.000
202605160442,   1.225,9999.000,9999.000,9999.000,9999.000,9999.000,9999.000,9999.000,9999.000
202605160448,   1.179,9999.000,9999.000,9999.000,9999.000,9999.000,9999.000,9999.000,9999.000
202605160454,   1.133,9999.000,9999.000,9999.000,9999.000,9999.000,9999.000,9999.000,9999.000
202605160500,   1.085,9999.000,   0.800,   0.002,   1.887,   0.700,   1.787,   0.800,   1.887
202605160506,   1.037,9999.000,9999.000,9999.000,9999.000,9999.000,9999.000,9999.000,9999.000
202605160512,   0.988,9999.000,9999.000,9999.000,9999.000,9999.000,9999.000,9999.000,9999.000
202605160518,   0.939,9999.000,9999.000,9999.000,9999.000,9999.000,9999.000,9999.000,9999.000
202605160524,   0.889,9999.000,9999.000,9999.000,9999.000,9999.000,9999.000,9999.000,9999.000
202605160530,   0.839,9999.000,9999.000,9999.000,9999.000,9999.000,9999.000,9999.000,9999.000
202605160536,   0.790,9999.000,9999.000,9999.000,9999.000,9999.000,9999.000,9999.000,9999.000
202605160542,   0.740,9999.000,9999.000,9999.000,9999.000,9999.000,9999.000,9999.000,9999.000
202605160548,   0.691,9999.000,9999.000,9999.000,9999.000,9999.000,9999.000,9999.000,9999.000
202605160554,   0.642,9999.000,9999.000,9999.000,9999.000,9999.000,9999.000,9999.000,9999.000
202605160600,   0.594,9999.000,   0.800,   0.002,   1.396,   0.700,   1.296,   0.800,   1.396
202605160606,   0.547,9999.000,9999.000,9999.000,9999.000,9999.000,9999.000,9999.000,9999.000
202605160612,   0.501,9999.000,9999.000,9999.000,9999.000,9999.000,9999.000,9999.000,9999.000
202605160618,   0.456,9999.000,9999.000,9999.000,9999.000,9999.000,9999.000,9999.000,9999.000
202605160624,   0.412,9999.000,9999.000,9999.000,9999.000,9999.000,9999.000,9999.000,9999.000
202605160630,   0.370,9999.000,9999.000,9999.000,9999.000,9999.000,9999.000,9999.000,9999.000
202605160636,   0.329,9999.000,9999.000,9999.000,9999.000,9999.000,9999.000,9999.000,9999.000
202605160642,   0.290,9999.000,9999.000,9999.000,9999.000,9999.000,9999.000,9999.000,9999.000
202605160648,   0.253,9999.000,9999.000,9999.000,9999.000,9999.000,9999.000,9999.000,9999.000
202605160654,   0.218,9999.000,9999.000,9999.000,9999.000,9999.000,9999.000,9999.000,9999.000
202605160700,   0.184,9999.000,   0.800,   0.002,   0.986,   0.700,   0.886,   0.800,   0.986
202605160706,   0.152,9999.000,9999.000,9999.000,9999.000,9999.000,9999.000,9999.000,9999.000
202605160712,   0.122,9999.000,9999.000,9999.000,9999.000,9999.000,9999.000,9999.000,9999.000
202605160718,   0.094,9999.000,9999.000,9999.000,9999.000,9999.000,9999.000,9999.000,9999.000
202605160724,   0.068,9999.000,9999.000,9999.000,9999.000,9999.000,9999.000,9999.000,9999.000
202605160730,   0.044,9999.000,9999.000,9999.000,9999.000,9999.000,9999.000,9999.000,9999.000
202605160736,   0.021,9999.000,9999.000,9999.000,9999.000,9999.000,9999.000,9999.000,9999.000
202605160742,   0.001,9999.000,9999.000,9999.000,9999.000,9999.000,9999.000,9999.000,9999.000
202605160748,  -0.017,9999.000,9999.000,9999.000,9999.000,9999.000,9999.000,9999.000,9999.000
202605160754,  -0.034,9999.000,9999.000,9999.000,9999.000,9999.000,9999.000,9999.000,9999.000
202605160800,  -0.049,9999.000,   0.700,   0.002,   0.653,   0.700,   0.653,   0.800,   0.753
202605160806,  -0.062,9999.000,9999.000,9999.000,9999.000,9999.000,9999.000,9999.000,9999.000
202605160812,  -0.073,9999.000,9999.000,9999.000,9999.000,9999.000,9999.000,9999.000,9999.000
202605160818,  -0.082,9999.000,9999.000,9999.000,9999.000,9999.000,9999.000,9999.000,9999.000
202605160824,  -0.089,9999.000,9999.000,9999.000,9999.000,9999.000,9999.000,9999.000,9999.000
202605160830,  -0.094,9999.000,9999.000,9999.000,9999.000,9999.000,9999.000,9999.000,9999.000
202605160836,  -0.096,9999.000,9999.000,9999.000,9999.000,9999.000,9999.000,9999.000,9999.000
202605160842,  -0.096,9999.000,9999.000,9999.000,9999.000,9999.000,9999.000,9999.000,9999.000
202605160848,  -0.094,9999.000,9999.000,9999.000,9999.000,9999.000,9999.000,9999.000,9999.000
202605160854,  -0.088,9999.000,9999.000,9999.000,9999.000,9999.000,9999.000,9999.000,9999.000
202605160900,  -0.080,9999.000,   0.700,   0.002,   0.622,   0.700,   0.622,   0.800,   0.722
202605160906,  -0.069,9999.000,9999.000,9999.000,9999.000,9999.000,9999.000,9999.000,9999.000
202605160912,  -0.055,9999.000,9999.000,9999.000,9999.000,9999.000,9999.000,9999.000,9999.000
202605160918,  -0.038,9999.000,9999.000,9999.000,9999.000,9999.000,9999.000,9999.000,9999.000
202605160924,  -0.017,9999.000,9999.000,9999.000,9999.000,9999.000,9999.000,9999.000,9999.000
202605160930,   0.006,9999.000,9999.000,9999.000,9999.000,9999.000,9999.000,9999.000,9999.000
202605160936,   0.034,9999.000,9999.000,9999.000,9999.000,9999.000,9999.000,9999.000,9999.000
202605160942,   0.065,9999.000,9999.000,9999.000,9999.000,9999.000,9999.000,9999.000,9999.000
202605160948,   0.100,9999.000,9999.000,9999.000,9999.000,9999.000,9999.000,9999.000,9999.000
202605160954,   0.137,9999.000,9999.000,9999.000,9999.000,9999.000,9999.000,9999.000,9999.000
202605161000,   0.178,9999.000,   0.700,   0.002,   0.880,   0.700,   0.880,   0.800,   0.980
202605161006,   0.223,9999.000,9999.000,9999.000,9999.000,9999.000,9999.000,9999.000,9999.000
202605161012,   0.270,9999.000,9999.000,9999.000,9999.000,9999.000,9999.000,9999.000,9999.000
202605161018,   0.320,9999.000,9999.000,9999.000,9999.000,9999.000,9999.000,9999.000,9999.000
202605161024,   0.372,9999.000,9999.000,9999.000,9999.000,9999.000,9999.000,9999.000,9999.000
202605161030,   0.426,9999.000,9999.000,9999.000,9999.000,9999.000,9999.000,9999.000,9999.000
202605161036,   0.482,9999.000,9999.000,9999.000,9999.000,9999.000,9999.000,9999.000,9999.000
202605161042,   0.540,9999.000,9999.000,9999.000,9999.000,9999.000,9999.000,9999.000,9999.000
202605161048,   0.598,9999.000,9999.000,9999.000,9999.000,9999.000,9999.000,9999.000,9999.000
202605161054,   0.658,9999.000,9999.000,9999.000,9999.000,9999.000,9999.000,9999.000,9999.000
202605161100,   0.717,9999.000,   0.700,   0.002,   1.419,   0.700,   1.419,   0.800,   1.519
202605161106,   0.776,9999.000,9999.000,9999.000,9999.000,9999.000,9999.000,9999.000,9999.000
202605161112,   0.834,9999.000,9999.000,9999.000,9999.000,9999.000,9999.000,9999.000,9999.000
202605161118,   0.892,9999.000,9999.000,9999.000,9999.000,9999.000,9999.000,9999.000,9999.000
202605161124,   0.948,9999.000,9999.000,9999.000,9999.000,9999.000,9999.000,9999.000,9999.000
202605161130,   1.002,9999.000,9999.000,9999.000,9999.000,9999.000,9999.000,9999.000,9999.000
202605161136,   1.055,9999.000,9999.000,9999.000,9999.000,9999.000,9999.000,9999.000,9999.000
202605161142,   1.105,9999.000,9999.000,9999.000,9999.000,9999.000,9999.000,9999.000,9999.000
202605161148,   1.152,9999.000,9999.000,9999.000,9999.000,9999.000,9999.000,9999.000,9999.000
202605161154,   1.197,9999.000,9999.000,9999.000,9999.000,9999.000,9999.000,9999.000,9999.000
202605161200,   1.239,9999.000,   0.700,   0.002,   1.941,   0.700,   1.941,   0.800,   2.041
202605161206,   1.278,9999.000,9999.000,9999.000,9999.000,9999.000,9999.000,9999.000,9999.000
202605161212,   1.315,9999.000,9999.000,9999.000,9999.000,9999.000,9999.000,9999.000,9999.000
202605161218,   1.348,9999.000,9999.000,9999.000,9999.000,9999.000,9999.000,9999.000,9999.000
202605161224,   1.378,9999.000,9999.000,9999.000,9999.000,9999.000,9999.000,9999.000,9999.000
202605161230,   1.406,9999.000,9999.000,9999.000,9999.000,9999.000,9999.000,9999.000,9999.000
202605161236,   1.431,9999.000,9999.000,9999.000,9999.000,9999.000,9999.000,9999.000,9999.000
202605161242,   1.453,9999.000,9999.000,9999.000,9999.000,9999.000,9999.000,9999.000,9999.000
202605161248,   1.472,9999.000,9999.000,9999.000,9999.000,9999.000,9999.000,9999.000,9999.000
202605161254,   1.490,9999.000,9999.000,9999.000,9999.000,9999.000,9999.000,9999.000,9999.000
202605161300,   1.505,9999.000,   0.700,   0.002,   2.207,   0.700,   2.207,   0.800,   2.307
202605161306,   1.518,9999.000,9999.000,9999.000,9999.000,9999.000,9999.000,9999.000,9999.000
202605161312,   1.530,9999.000,9999.000,9999.000,9999.000,9999.000,9999.000,9999.000,9999.000
202605161318,   1.540,9999.000,9999.000,9999.000,9999.000,9999.000,9999.000,9999.000,9999.000
202605161324,   1.548,9999.000,9999.000,9999.000,9999.000,9999.000,9999.000,9999.000,9999.000
202605161330,   1.555,9999.000,9999.000,9999.000,9999.000,9999.000,9999.000,9999.000,9999.000
202605161336,   1.560,9999.000,9999.000,9999.000,9999.000,9999.000,9999.000,9999.000,9999.000
202605161342,   1.565,9999.000,9999.000,9999.000,9999.000,9999.000,9999.000,9999.000,9999.000
202605161348,   1.568,9999.000,9999.000,9999.000,9999.000,9999.000,9999.000,9999.000,9999.000
202605161354,   1.571,9999.000,9999.000,9999.000,9999.000,9999.000,9999.000,9999.000,9999.000
202605161400,   1.572,9999.000,   0.700,   0.002,   2.274,   0.700,   2.274,   0.800,   2.374
202605161406,   1.573,9999.000,9999.000,9999.000,9999.000,9999.000,9999.000,9999.000,9999.000
202605161412,   1.572,9999.000,9999.000,9999.000,9999.000,9999.000,9999.000,9999.000,9999.000
202605161418,   1.570,9999.000,9999.000,9999.000,9999.000,9999.000,9999.000,9999.000,9999.000
202605161424,   1.567,9999.000,9999.000,9999.000,9999.000,9999.000,9999.000,9999.000,9999.000
202605161430,   1.563,9999.000,9999.000,9999.000,9999.000,9999.000,9999.000,9999.000,9999.000
202605161436,   1.557,9999.000,9999.000,9999.000,9999.000,9999.000,9999.000,9999.000,9999.000
202605161442,   1.551,9999.000,9999.000,9999.000,9999.000,9999.000,9999.000,9999.000,9999.000
202605161448,   1.542,9999.000,9999.000,9999.000,9999.000,9999.000,9999.000,9999.000,9999.000
202605161454,   1.533,9999.000,9999.000,9999.000,9999.000,9999.000,9999.000,9999.000,9999.000
202605161500,   1.521,9999.000,   0.700,   0.002,   2.223,   0.700,   2.223,   0.800,   2.323
202605161506,   1.508,9999.000,9999.000,9999.000,9999.000,9999.000,9999.000,9999.000,9999.000
202605161512,   1.493,9999.000,9999.000,9999.000,9999.000,9999.000,9999.000,9999.000,9999.000
202605161518,   1.476,9999.000,9999.000,9999.000,9999.000,9999.000,9999.000,9999.000,9999.000
202605161524,   1.457,9999.000,9999.000,9999.000,9999.000,9999.000,9999.000,9999.000,9999.000
202605161530,   1.436,9999.000,9999.000,9999.000,9999.000,9999.000,9999.000,9999.000,9999.000
202605161536,   1.413,9999.000,9999.000,9999.000,9999.000,9999.000,9999.000,9999.000,9999.000
202605161542,   1.388,9999.000,9999.000,9999.000,9999.000,9999.000,9999.000,9999.000,9999.000
202605161548,   1.361,9999.000,9999.000,9999.000,9999.000,9999.000,9999.000,9999.000,9999.000
202605161554,   1.332,9999.000,9999.000,9999.000,9999.000,9999.000,9999.000,9999.000,9999.000
202605161600,   1.301,9999.000,   0.700,   0.002,   2.003,   0.700,   2.003,   0.800,   2.103
202605161606,   1.268,9999.000,9999.000,9999.000,9999.000,9999.000,9999.000,9999.000,9999.000
202605161612,   1.233,9999.000,9999.000,9999.000,9999.000,9999.000,9999.000,9999.000,9999.000
202605161618,   1.196,9999.000,9999.000,9999.000,9999.000,9999.000,9999.000,9999.000,9999.000
202605161624,   1.157,9999.000,9999.000,9999.000,9999.000,9999.000,9999.000,9999.000,9999.000
202605161630,   1.116,9999.000,9999.000,9999.000,9999.000,9999.000,9999.000,9999.000,9999.000
202605161636,   1.074,9999.000,9999.000,9999.000,9999.000,9999.000,9999.000,9999.000,9999.000
202605161642,   1.030,9999.000,9999.000,9999.000,9999.000,9999.000,9999.000,9999.000,9999.000
202605161648,   0.984,9999.000,9999.000,9999.000,9999.000,9999.000,9999.000,9999.000,9999.000
202605161654,   0.937,9999.000,9999.000,9999.000,9999.000,9999.000,9999.000,9999.000,9999.000
202605161700,   0.888,9999.000,   0.700,   0.002,   1.590,   0.700,   1.590,   0.800,   1.690
202605161706,   0.839,9999.000,9999.000,9999.000,9999.000,9999.000,9999.000,9999.000,9999.000
202605161712,   0.788,9999.000,9999.000,9999.000,9999.000,9999.000,9999.000,9999.000,9999.000
202605161718,   0.736,9999.000,9999.000,9999.000,9999.000,9999.000,9999.000,9999.000,9999.000
202605161724,   0.684,9999.000,9999.000,9999.000,9999.000,9999.000,9999.000,9999.000,9999.000
202605161730,   0.631,9999.000,9999.000,9999.000,9999.000,9999.000,9999.000,9999.000,9999.000
202605161736,   0.578,9999.000,9999.000,9999.000,9999.000,9999.000,9999.000,9999.000,9999.000
202605161742,   0.524,9999.000,9999.000,9999.000,9999.000,9999.000,9999.000,9999.000,9999.000
202605161748,   0.471,9999.000,9999.000,9999.000,9999.000,9999.000,9999.000,9999.000,9999.000
202605161754,   0.418,9999.000,9999.000,9999.000,9999.000,9999.000,9999.000,9999.000,9999.000
202605161800,   0.365,9999.000,   0.700,   0.002,   1.067,   0.700,   1.067,   0.800,   1.167
202605161806,   0.313,9999.000,9999.000,9999.000,9999.000,9999.000,9999.000,9999.000,9999.000
202605161812,   0.261,9999.000,9999.000,9999.000,9999.000,9999.000,9999.000,9999.000,9999.000
202605161818,   0.211,9999.000,9999.000,9999.000,9999.000,9999.000,9999.000,9999.000,9999.000
202605161824,   0.162,9999.000,9999.000,9999.000,9999.000,9999.000,9999.000,9999.000,9999.000
202605161830,   0.114,9999.000,9999.000,9999.000,9999.000,9999.000,9999.000,9999.000,9999.000
202605161836,   0.068,9999.000,9999.000,9999.000,9999.000,9999.000,9999.000,9999.000,9999.000
202605161842,   0.024,9999.000,9999.000,9999.000,9999.000,9999.000,9999.000,9999.000,9999.000
202605161848,  -0.017,9999.000,9999.000,9999.000,9999.000,9999.000,9999.000,9999.000,9999.000
202605161854,  -0.057,9999.000,9999.000,9999.000,9999.000,9999.000,9999.000,9999.000,9999.000
202605161900,  -0.094,9999.000,   0.700,   0.002,   0.608,   0.700,   0.608,   0.800,   0.708
202605161906,  -0.129,9999.000,9999.000,9999.000,9999.000,9999.000,9999.000,9999.000,9999.000
202605161912,  -0.162,9999.000,9999.000,9999.000,9999.000,9999.000,9999.000,9999.000,9999.000
202605161918,  -0.192,9999.000,9999.000,9999.000,9999.000,9999.000,9999.000,9999.000,9999.000
202605161924,  -0.220,9999.000,9999.000,9999.000,9999.000,9999.000,9999.000,9999.000,9999.000
202605161930,  -0.245,9999.000,9999.000,9999.000,9999.000,9999.000,9999.000,9999.000,9999.000
202605161936,  -0.267,9999.000,9999.000,9999.000,9999.000,9999.000,9999.000,9999.000,9999.000
202605161942,  -0.287,9999.000,9999.000,9999.000,9999.000,9999.000,9999.000,9999.000,9999.000
202605161948,  -0.304,9999.000,9999.000,9999.000,9999.000,9999.000,9999.000,9999.000,9999.000
202605161954,  -0.318,9999.000,9999.000,9999.000,9999.000,9999.000,9999.000,9999.000,9999.000
202605162000,  -0.329,9999.000,   0.700,   0.002,   0.373,   0.700,   0.373,   0.800,   0.473
202605162006,  -0.338,9999.000,9999.000,9999.000,9999.000,9999.000,9999.000,9999.000,9999.000
202605162012,  -0.345,9999.000,9999.000,9999.000,9999.000,9999.000,9999.000,9999.000,9999.000
202605162018,  -0.349,9999.000,9999.000,9999.000,9999.000,9999.000,9999.000,9999.000,9999.000
202605162024,  -0.350,9999.000,9999.000,9999.000,9999.000,9999.000,9999.000,9999.000,9999.000
202605162030,  -0.349,9999.000,9999.000,9999.000,9999.000,9999.000,9999.000,9999.000,9999.000
202605162036,  -0.345,9999.000,9999.000,9999.000,9999.000,9999.000,9999.000,9999.000,9999.000
202605162042,  -0.339,9999.000,9999.000,9999.000,9999.000,9999.000,9999.000,9999.000,9999.000
202605162048,  -0.330,9999.000,9999.000,9999.000,9999.000,9999.000,9999.000,9999.000,9999.000
202605162054,  -0.318,9999.000,9999.000,9999.000,9999.000,9999.000,9999.000,9999.000,9999.000
202605162100,  -0.304,9999.000,   0.700,   0.002,   0.398,   0.700,   0.398,   0.800,   0.498
202605162106,  -0.287,9999.000,9999.000,9999.000,9999.000,9999.000,9999.000,9999.000,9999.000
202605162112,  -0.267,9999.000,9999.000,9999.000,9999.000,9999.000,9999.000,9999.000,9999.000
202605162118,  -0.244,9999.000,9999.000,9999.000,9999.000,9999.000,9999.000,9999.000,9999.000
202605162124,  -0.218,9999.000,9999.000,9999.000,9999.000,9999.000,9999.000,9999.000,9999.000
202605162130,  -0.189,9999.000,9999.000,9999.000,9999.000,9999.000,9999.000,9999.000,9999.000
202605162136,  -0.157,9999.000,9999.000,9999.000,9999.000,9999.000,9999.000,9999.000,9999.000
202605162142,  -0.122,9999.000,9999.000,9999.000,9999.000,9999.000,9999.000,9999.000,9999.000
202605162148,  -0.083,9999.000,9999.000,9999.000,9999.000,9999.000,9999.000,9999.000,9999.000
202605162154,  -0.041,9999.000,9999.000,9999.000,9999.000,9999.000,9999.000,9999.000,9999.000
202605162200,   0.004,9999.000,   0.700,   0.002,   0.706,   0.700,   0.706,   0.800,   0.806
202605162206,   0.052,9999.000,9999.000,9999.000,9999.000,9999.000,9999.000,9999.000,9999.000
202605162212,   0.104,9999.000,9999.000,9999.000,9999.000,9999.000,9999.000,9999.000,9999.000
202605162218,   0.159,9999.000,9999.000,9999.000,9999.000,9999.000,9999.000,9999.000,9999.000
202605162224,   0.217,9999.000,9999.000,9999.000,9999.000,9999.000,9999.000,9999.000,9999.000
202605162230,   0.278,9999.000,9999.000,9999.000,9999.000,9999.000,9999.000,9999.000,9999.000
202605162236,   0.341,9999.000,9999.000,9999.000,9999.000,9999.000,9999.000,9999.000,9999.000
202605162242,   0.407,9999.000,9999.000,9999.000,9999.000,9999.000,9999.000,9999.000,9999.000
202605162248,   0.474,9999.000,9999.000,9999.000,9999.000,9999.000,9999.000,9999.000,9999.000
202605162254,   0.543,9999.000,9999.000,9999.000,9999.000,9999.000,9999.000,9999.000,9999.000
202605162300,   0.614,9999.000,   0.700,   0.002,   1.316,   0.700,   1.316,   0.800,   1.416
202605162306,   0.685,9999.000,9999.000,9999.000,9999.000,9999.000,9999.000,9999.000,9999.000
202605162312,   0.757,9999.000,9999.000,9999.000,9999.000,9999.000,9999.000,9999.000,9999.000
202605162318,   0.828,9999.000,9999.000,9999.000,9999.000,9999.000,9999.000,9999.000,9999.000
202605162324,   0.900,9999.000,9999.000,9999.000,9999.000,9999.000,9999.000,9999.000,9999.000
202605162330,   0.970,9999.000,9999.000,9999.000,9999.000,9999.000,9999.000,9999.000,9999.000
202605162336,   1.040,9999.000,9999.000,9999.000,9999.000,9999.000,9999.000,9999.000,9999.000
202605162342,   1.107,9999.000,9999.000,9999.000,9999.000,9999.000,9999.000,9999.000,9999.000
202605162348,   1.173,9999.000,9999.000,9999.000,9999.000,9999.000,9999.000,9999.000,9999.000
202605162354,   1.236,9999.000,9999.000,9999.000,9999.000,9999.000,9999.000,9999.000,9999.000
202605170000,   1.297,9999.000,   0.700,   0.002,   1.999,   0.700,   1.999,   0.800,   2.099
