        TIME,    TIDE,      OB,   SURGE,    BIAS,     TWL,SURGE90p,  TWL90p,SURGE10p,   TWL10p
202605041200,   2.151,   2.377,   0.000,   0.226,   2.377,   0.000,   2.377,   0.000,   2.377
202605041206,   2.249,9999.000,9999.000,9999.000,9999.000,9999.000,9999.000,9999.000,9999.000
202605041212,   2.348,   2.597,9999.000,9999.000,9999.000,9999.000,9999.000,9999.000,9999.000
202605041218,   2.447,9999.000,9999.000,9999.000,9999.000,9999.000,9999.000,9999.000,9999.000
202605041224,   2.546,   2.787,9999.000,9999.000,9999.000,9999.000,9999.000,9999.000,9999.000
202605041230,   2.644,9999.000,9999.000,9999.000,9999.000,9999.000,9999.000,9999.000,9999.000
202605041236,   2.742,   2.997,9999.000,9999.000,9999.000,9999.000,9999.000,9999.000,9999.000
202605041242,   2.839,9999.000,9999.000,9999.000,9999.000,9999.000,9999.000,9999.000,9999.000
202605041248,   2.934,   3.188,9999.000,9999.000,9999.000,9999.000,9999.000,9999.000,9999.000
202605041254,   3.028,9999.000,9999.000,9999.000,9999.000,9999.000,9999.000,9999.000,9999.000
202605041300,   3.120,   3.417,   0.000,   0.297,   3.417,  -0.100,   3.317,   0.000,   3.417
202605041306,   3.210,   3.499,9999.000,9999.000,9999.000,9999.000,9999.000,9999.000,9999.000
202605041312,   3.297,   3.617,9999.000,9999.000,9999.000,9999.000,9999.000,9999.000,9999.000
202605041318,   3.382,   3.670,9999.000,9999.000,9999.000,9999.000,9999.000,9999.000,9999.000
202605041324,   3.463,   3.739,9999.000,9999.000,9999.000,9999.000,9999.000,9999.000,9999.000
202605041330,   3.542,   3.847,9999.000,9999.000,9999.000,9999.000,9999.000,9999.000,9999.000
202605041336,   3.616,   3.949,9999.000,9999.000,9999.000,9999.000,9999.000,9999.000,9999.000
202605041342,   3.687,   4.080,9999.000,9999.000,9999.000,9999.000,9999.000,9999.000,9999.000
202605041348,   3.754,   4.109,9999.000,9999.000,9999.000,9999.000,9999.000,9999.000,9999.000
202605041354,   3.817,   4.188,9999.000,9999.000,9999.000,9999.000,9999.000,9999.000,9999.000
202605041400,   3.875,   4.208,  -0.100,   0.433,   4.208,  -0.200,   4.108,   0.000,   4.308
202605041406,   3.929,   4.280,9999.000,9999.000,9999.000,9999.000,9999.000,9999.000,9999.000
202605041412,   3.978,   4.359,9999.000,9999.000,9999.000,9999.000,9999.000,9999.000,9999.000
202605041418,   4.022,   4.388,9999.000,9999.000,9999.000,9999.000,9999.000,9999.000,9999.000
202605041424,   4.061,   4.437,9999.000,9999.000,9999.000,9999.000,9999.000,9999.000,9999.000
202605041430,   4.094,   4.467,9999.000,9999.000,9999.000,9999.000,9999.000,9999.000,9999.000
202605041436,   4.123,   4.500,9999.000,9999.000,9999.000,9999.000,9999.000,9999.000,9999.000
202605041442,   4.146,   4.569,9999.000,9999.000,9999.000,9999.000,9999.000,9999.000,9999.000
202605041448,   4.164,   4.578,9999.000,9999.000,9999.000,9999.000,9999.000,9999.000,9999.000
202605041454,   4.176,   4.569,9999.000,9999.000,9999.000,9999.000,9999.000,9999.000,9999.000
202605041500,   4.182,   4.608,  -0.100,   0.526,   4.608,  -0.200,   4.508,   0.000,   4.708
202605041506,   4.182,   4.598,9999.000,9999.000,9999.000,9999.000,9999.000,9999.000,9999.000
202605041512,   4.177,   4.588,9999.000,9999.000,9999.000,9999.000,9999.000,9999.000,9999.000
202605041518,   4.166,   4.628,9999.000,9999.000,9999.000,9999.000,9999.000,9999.000,9999.000
202605041524,   4.150,   4.588,9999.000,9999.000,9999.000,9999.000,9999.000,9999.000,9999.000
202605041530,   4.127,   4.578,9999.000,9999.000,9999.000,9999.000,9999.000,9999.000,9999.000
202605041536,   4.099,   4.569,9999.000,9999.000,9999.000,9999.000,9999.000,9999.000,9999.000
202605041542,   4.066,   4.529,9999.000,9999.000,9999.000,9999.000,9999.000,9999.000,9999.000
202605041548,   4.027,   4.500,9999.000,9999.000,9999.000,9999.000,9999.000,9999.000,9999.000
202605041554,   3.983,   4.457,9999.000,9999.000,9999.000,9999.000,9999.000,9999.000,9999.000
202605041600,   3.933,   4.418,  -0.100,   0.585,   4.418,  -0.300,   4.218,   0.000,   4.518
202605041606,   3.879,   4.388,9999.000,9999.000,9999.000,9999.000,9999.000,9999.000,9999.000
202605041612,   3.820,   4.319,9999.000,9999.000,9999.000,9999.000,9999.000,9999.000,9999.000
202605041618,   3.757,   4.280,9999.000,9999.000,9999.000,9999.000,9999.000,9999.000,9999.000
202605041624,   3.689,   4.188,9999.000,9999.000,9999.000,9999.000,9999.000,9999.000,9999.000
202605041630,   3.618,   4.168,9999.000,9999.000,9999.000,9999.000,9999.000,9999.000,9999.000
202605041636,   3.543,   4.027,9999.000,9999.000,9999.000,9999.000,9999.000,9999.000,9999.000
202605041642,   3.465,   3.958,9999.000,9999.000,9999.000,9999.000,9999.000,9999.000,9999.000
202605041648,   3.383,   3.909,9999.000,9999.000,9999.000,9999.000,9999.000,9999.000,9999.000
202605041654,   3.299,   3.817,9999.000,9999.000,9999.000,9999.000,9999.000,9999.000,9999.000
202605041700,   3.213,   3.719,  -0.100,   0.606,   3.719,  -0.300,   3.519,   0.000,   3.819
202605041706,   3.125,   3.680,9999.000,9999.000,9999.000,9999.000,9999.000,9999.000,9999.000
202605041712,   3.034,   3.680,9999.000,9999.000,9999.000,9999.000,9999.000,9999.000,9999.000
202605041718,   2.943,   3.529,9999.000,9999.000,9999.000,9999.000,9999.000,9999.000,9999.000
202605041724,   2.850,   3.480,9999.000,9999.000,9999.000,9999.000,9999.000,9999.000,9999.000
202605041730,   2.756,   3.279,9999.000,9999.000,9999.000,9999.000,9999.000,9999.000,9999.000
202605041736,   2.661,   3.207,9999.000,9999.000,9999.000,9999.000,9999.000,9999.000,9999.000
202605041742,   2.566,   3.079,9999.000,9999.000,9999.000,9999.000,9999.000,9999.000,9999.000
202605041748,   2.470,   3.007,9999.000,9999.000,9999.000,9999.000,9999.000,9999.000,9999.000
202605041754,   2.375,   2.909,9999.000,9999.000,9999.000,9999.000,9999.000,9999.000,9999.000
202605041800,   2.279,   2.787,   0.000,   0.508,   2.787,  -0.100,   2.687,   0.200,   2.987
202605041806,   2.184,   2.689,9999.000,9999.000,9999.000,9999.000,9999.000,9999.000,9999.000
202605041812,   2.089,   2.587,9999.000,9999.000,9999.000,9999.000,9999.000,9999.000,9999.000
202605041818,   1.995,   2.450,9999.000,9999.000,9999.000,9999.000,9999.000,9999.000,9999.000
202605041824,   1.902,   2.400,9999.000,9999.000,9999.000,9999.000,9999.000,9999.000,9999.000
202605041830,   1.810,   2.309,9999.000,9999.000,9999.000,9999.000,9999.000,9999.000,9999.000
202605041836,   1.719,   2.250,9999.000,9999.000,9999.000,9999.000,9999.000,9999.000,9999.000
202605041842,   1.629,   2.148,9999.000,9999.000,9999.000,9999.000,9999.000,9999.000,9999.000
202605041848,   1.541,   2.020,9999.000,9999.000,9999.000,9999.000,9999.000,9999.000,9999.000
202605041854,   1.455,   1.948,9999.000,9999.000,9999.000,9999.000,9999.000,9999.000,9999.000
202605041900,   1.371,   1.869,   0.000,   0.498,   1.869,  -0.100,   1.769,   0.100,   1.969
202605041906,   1.289,   1.790,9999.000,9999.000,9999.000,9999.000,9999.000,9999.000,9999.000
202605041912,   1.210,   1.708,9999.000,9999.000,9999.000,9999.000,9999.000,9999.000,9999.000
202605041918,   1.133,   1.590,9999.000,9999.000,9999.000,9999.000,9999.000,9999.000,9999.000
202605041924,   1.060,   1.518,9999.000,9999.000,9999.000,9999.000,9999.000,9999.000,9999.000
202605041930,   0.990,   1.439,9999.000,9999.000,9999.000,9999.000,9999.000,9999.000,9999.000
202605041936,   0.924,   1.400,9999.000,9999.000,9999.000,9999.000,9999.000,9999.000,9999.000
202605041942,   0.862,   1.308,9999.000,9999.000,9999.000,9999.000,9999.000,9999.000,9999.000
202605041948,   0.805,   1.279,9999.000,9999.000,9999.000,9999.000,9999.000,9999.000,9999.000
202605041954,   0.752,   1.220,9999.000,9999.000,9999.000,9999.000,9999.000,9999.000,9999.000
202605042000,   0.704,   1.210,   0.000,   0.506,   1.210,  -0.100,   1.110,   0.100,   1.310
202605042006,   0.661,   1.108,9999.000,9999.000,9999.000,9999.000,9999.000,9999.000,9999.000
202605042012,   0.623,   1.029,9999.000,9999.000,9999.000,9999.000,9999.000,9999.000,9999.000
202605042018,   0.591,   1.029,9999.000,9999.000,9999.000,9999.000,9999.000,9999.000,9999.000
202605042024,   0.565,   0.990,9999.000,9999.000,9999.000,9999.000,9999.000,9999.000,9999.000
202605042030,   0.545,   0.961,9999.000,9999.000,9999.000,9999.000,9999.000,9999.000,9999.000
202605042036,   0.531,   0.951,9999.000,9999.000,9999.000,9999.000,9999.000,9999.000,9999.000
202605042042,   0.523,   0.970,9999.000,9999.000,9999.000,9999.000,9999.000,9999.000,9999.000
202605042048,   0.521,   0.941,9999.000,9999.000,9999.000,9999.000,9999.000,9999.000,9999.000
202605042054,   0.525,   0.941,9999.000,9999.000,9999.000,9999.000,9999.000,9999.000,9999.000
202605042100,   0.535,   0.961,   0.000,   0.426,   0.961,  -0.200,   0.761,   0.000,   0.961
202605042106,   0.552,   0.970,9999.000,9999.000,9999.000,9999.000,9999.000,9999.000,9999.000
202605042112,   0.574,   1.029,9999.000,9999.000,9999.000,9999.000,9999.000,9999.000,9999.000
202605042118,   0.602,   1.088,9999.000,9999.000,9999.000,9999.000,9999.000,9999.000,9999.000
202605042124,   0.636,   1.128,9999.000,9999.000,9999.000,9999.000,9999.000,9999.000,9999.000
202605042130,   0.675,   1.180,9999.000,9999.000,9999.000,9999.000,9999.000,9999.000,9999.000
202605042136,   0.719,   1.161,9999.000,9999.000,9999.000,9999.000,9999.000,9999.000,9999.000
202605042142,   0.768,   1.229,9999.000,9999.000,9999.000,9999.000,9999.000,9999.000,9999.000
202605042148,   0.821,   1.249,9999.000,9999.000,9999.000,9999.000,9999.000,9999.000,9999.000
202605042154,   0.879,   1.298,9999.000,9999.000,9999.000,9999.000,9999.000,9999.000,9999.000
202605042200,   0.941,   1.361,  -0.100,   0.520,   1.361,  -0.200,   1.261,   0.000,   1.461
202605042206,   1.008,   1.449,9999.000,9999.000,9999.000,9999.000,9999.000,9999.000,9999.000
202605042212,   1.077,   1.600,9999.000,9999.000,9999.000,9999.000,9999.000,9999.000,9999.000
202605042218,   1.151,   1.610,9999.000,9999.000,9999.000,9999.000,9999.000,9999.000,9999.000
202605042224,   1.227,   1.738,9999.000,9999.000,9999.000,9999.000,9999.000,9999.000,9999.000
202605042230,   1.307,   1.810,9999.000,9999.000,9999.000,9999.000,9999.000,9999.000,9999.000
202605042236,   1.390,   1.840,9999.000,9999.000,9999.000,9999.000,9999.000,9999.000,9999.000
202605042242,   1.475,   1.908,9999.000,9999.000,9999.000,9999.000,9999.000,9999.000,9999.000
202605042248,   1.563,   1.967,9999.000,9999.000,9999.000,9999.000,9999.000,9999.000,9999.000
202605042254,   1.654,   2.049,9999.000,9999.000,9999.000,9999.000,9999.000,9999.000,9999.000
202605042300,   1.746,   2.099,  -0.100,   0.453,   2.099,  -0.200,   1.999,   0.000,   2.199
202605042306,   1.842,   2.168,9999.000,9999.000,9999.000,9999.000,9999.000,9999.000,9999.000
202605042312,   1.939,   2.250,9999.000,9999.000,9999.000,9999.000,9999.000,9999.000,9999.000
202605042318,   2.038,   2.358,9999.000,9999.000,9999.000,9999.000,9999.000,9999.000,9999.000
202605042324,   2.140,   2.459,9999.000,9999.000,9999.000,9999.000,9999.000,9999.000,9999.000
202605042330,   2.243,   2.558,9999.000,9999.000,9999.000,9999.000,9999.000,9999.000,9999.000
202605042336,   2.348,   2.630,9999.000,9999.000,9999.000,9999.000,9999.000,9999.000,9999.000
202605042342,   2.455,   2.738,9999.000,9999.000,9999.000,9999.000,9999.000,9999.000,9999.000
202605042348,   2.563,   2.840,9999.000,9999.000,9999.000,9999.000,9999.000,9999.000,9999.000
202605042354,   2.672,   2.948,9999.000,9999.000,9999.000,9999.000,9999.000,9999.000,9999.000
202605050000,   2.783,   3.079,   0.000,   0.296,   3.079,  -0.100,   2.979,   0.000,   3.079
202605050006,   2.894,   3.168,9999.000,9999.000,9999.000,9999.000,9999.000,9999.000,9999.000
202605050012,   3.006,   3.309,9999.000,9999.000,9999.000,9999.000,9999.000,9999.000,9999.000
202605050018,   3.119,   3.407,9999.000,9999.000,9999.000,9999.000,9999.000,9999.000,9999.000
202605050024,   3.232,   3.499,9999.000,9999.000,9999.000,9999.000,9999.000,9999.000,9999.000
202605050030,   3.345,   3.548,9999.000,9999.000,9999.000,9999.000,9999.000,9999.000,9999.000
202605050036,   3.458,   3.689,9999.000,9999.000,9999.000,9999.000,9999.000,9999.000,9999.000
202605050042,   3.570,   3.778,9999.000,9999.000,9999.000,9999.000,9999.000,9999.000,9999.000
202605050048,   3.681,   3.880,9999.000,9999.000,9999.000,9999.000,9999.000,9999.000,9999.000
202605050054,   3.791,   3.978,9999.000,9999.000,9999.000,9999.000,9999.000,9999.000,9999.000
202605050100,   3.899,   4.070,   0.000,   0.171,   4.070,  -0.100,   3.970,   0.000,   4.070
202605050106,   4.006,   4.178,9999.000,9999.000,9999.000,9999.000,9999.000,9999.000,9999.000
202605050112,   4.110,   4.300,9999.000,9999.000,9999.000,9999.000,9999.000,9999.000,9999.000
202605050118,   4.212,   4.388,9999.000,9999.000,9999.000,9999.000,9999.000,9999.000,9999.000
202605050124,   4.311,   4.490,9999.000,9999.000,9999.000,9999.000,9999.000,9999.000,9999.000
202605050130,   4.407,   4.588,9999.000,9999.000,9999.000,9999.000,9999.000,9999.000,9999.000
202605050136,   4.499,   4.657,9999.000,9999.000,9999.000,9999.000,9999.000,9999.000,9999.000
202605050142,   4.588,   4.759,9999.000,9999.000,9999.000,9999.000,9999.000,9999.000,9999.000
202605050148,   4.673,   4.837,9999.000,9999.000,9999.000,9999.000,9999.000,9999.000,9999.000
202605050154,   4.753,   4.919,9999.000,9999.000,9999.000,9999.000,9999.000,9999.000,9999.000
202605050200,   4.829,   4.979,  -0.100,   0.250,   4.979,  -0.200,   4.879,   0.000,   5.079
202605050206,   4.900,   5.038,9999.000,9999.000,9999.000,9999.000,9999.000,9999.000,9999.000
202605050212,   4.967,   5.129,9999.000,9999.000,9999.000,9999.000,9999.000,9999.000,9999.000
202605050218,   5.028,   5.188,9999.000,9999.000,9999.000,9999.000,9999.000,9999.000,9999.000
202605050224,   5.084,   5.247,9999.000,9999.000,9999.000,9999.000,9999.000,9999.000,9999.000
202605050230,   5.134,   5.320,9999.000,9999.000,9999.000,9999.000,9999.000,9999.000,9999.000
202605050236,   5.179,   5.349,9999.000,9999.000,9999.000,9999.000,9999.000,9999.000,9999.000
202605050242,   5.218,   5.408,9999.000,9999.000,9999.000,9999.000,9999.000,9999.000,9999.000
202605050248,   5.251,   5.467,9999.000,9999.000,9999.000,9999.000,9999.000,9999.000,9999.000
202605050254,   5.279,   5.477,9999.000,9999.000,9999.000,9999.000,9999.000,9999.000,9999.000
202605050300,   5.300,   5.507,  -0.100,   0.307,   5.507,  -0.200,   5.407,   0.000,   5.607
202605050306,   5.314,   5.507,9999.000,9999.000,9999.000,9999.000,9999.000,9999.000,9999.000
202605050312,   5.323,   5.539,9999.000,9999.000,9999.000,9999.000,9999.000,9999.000,9999.000
202605050318,   5.325,   5.559,9999.000,9999.000,9999.000,9999.000,9999.000,9999.000,9999.000
202605050324,   5.321,   5.530,9999.000,9999.000,9999.000,9999.000,9999.000,9999.000,9999.000
202605050330,   5.310,   5.539,9999.000,9999.000,9999.000,9999.000,9999.000,9999.000,9999.000
202605050336,   5.293,   5.516,9999.000,9999.000,9999.000,9999.000,9999.000,9999.000,9999.000
202605050342,   5.269,   5.477,9999.000,9999.000,9999.000,9999.000,9999.000,9999.000,9999.000
202605050348,   5.239,   5.467,9999.000,9999.000,9999.000,9999.000,9999.000,9999.000,9999.000
202605050354,   5.203,   5.448,9999.000,9999.000,9999.000,9999.000,9999.000,9999.000,9999.000
202605050400,   5.161,   5.369,  -0.100,   0.308,   5.369,  -0.200,   5.269,  -0.100,   5.369
202605050406,   5.112,   5.297,9999.000,9999.000,9999.000,9999.000,9999.000,9999.000,9999.000
202605050412,   5.058,   5.238,9999.000,9999.000,9999.000,9999.000,9999.000,9999.000,9999.000
202605050418,   4.997,   5.169,9999.000,9999.000,9999.000,9999.000,9999.000,9999.000,9999.000
202605050424,   4.931,   5.110,9999.000,9999.000,9999.000,9999.000,9999.000,9999.000,9999.000
202605050430,   4.860,   5.038,9999.000,9999.000,9999.000,9999.000,9999.000,9999.000,9999.000
202605050436,   4.784,   4.949,9999.000,9999.000,9999.000,9999.000,9999.000,9999.000,9999.000
202605050442,   4.703,   4.847,9999.000,9999.000,9999.000,9999.000,9999.000,9999.000,9999.000
202605050448,   4.617,   4.729,9999.000,9999.000,9999.000,9999.000,9999.000,9999.000,9999.000
202605050454,   4.527,   4.628,9999.000,9999.000,9999.000,9999.000,9999.000,9999.000,9999.000
202605050500,   4.434,   4.500,  -0.200,   0.266,   4.500,  -0.300,   4.400,  -0.100,   4.600
202605050506,   4.336,   4.398,9999.000,9999.000,9999.000,9999.000,9999.000,9999.000,9999.000
202605050512,   4.236,   4.300,9999.000,9999.000,9999.000,9999.000,9999.000,9999.000,9999.000
202605050518,   4.132,   4.198,9999.000,9999.000,9999.000,9999.000,9999.000,9999.000,9999.000
202605050524,   4.026,   4.090,9999.000,9999.000,9999.000,9999.000,9999.000,9999.000,9999.000
202605050530,   3.918,   3.988,9999.000,9999.000,9999.000,9999.000,9999.000,9999.000,9999.000
202605050536,   3.807,   3.870,9999.000,9999.000,9999.000,9999.000,9999.000,9999.000,9999.000
202605050542,   3.695,   3.739,9999.000,9999.000,9999.000,9999.000,9999.000,9999.000,9999.000
202605050548,   3.582,   3.627,9999.000,9999.000,9999.000,9999.000,9999.000,9999.000,9999.000
202605050554,   3.467,   3.529,9999.000,9999.000,9999.000,9999.000,9999.000,9999.000,9999.000
202605050600,   3.352,   3.388,  -0.300,   0.336,   3.388,  -0.300,   3.388,  -0.200,   3.488
202605050606,   3.236,   3.279,9999.000,9999.000,9999.000,9999.000,9999.000,9999.000,9999.000
202605050612,   3.120,   3.168,9999.000,9999.000,9999.000,9999.000,9999.000,9999.000,9999.000
202605050618,   3.004,   3.030,9999.000,9999.000,9999.000,9999.000,9999.000,9999.000,9999.000
202605050624,   2.887,   2.899,9999.000,9999.000,9999.000,9999.000,9999.000,9999.000,9999.000
202605050630,   2.771,   2.778,9999.000,9999.000,9999.000,9999.000,9999.000,9999.000,9999.000
202605050636,   2.656,   2.699,9999.000,9999.000,9999.000,9999.000,9999.000,9999.000,9999.000
202605050642,   2.541,   2.597,9999.000,9999.000,9999.000,9999.000,9999.000,9999.000,9999.000
202605050648,   2.426,   2.469,9999.000,9999.000,9999.000,9999.000,9999.000,9999.000,9999.000
202605050654,   2.313,   2.289,9999.000,9999.000,9999.000,9999.000,9999.000,9999.000,9999.000
202605050700,   2.201,   2.191,  -0.300,   0.290,   2.191,  -0.400,   2.091,  -0.200,   2.291
202605050706,   2.090,   2.069,9999.000,9999.000,9999.000,9999.000,9999.000,9999.000,9999.000
202605050712,   1.981,   1.918,9999.000,9999.000,9999.000,9999.000,9999.000,9999.000,9999.000
202605050718,   1.874,   1.800,9999.000,9999.000,9999.000,9999.000,9999.000,9999.000,9999.000
202605050724,   1.768,   1.699,9999.000,9999.000,9999.000,9999.000,9999.000,9999.000,9999.000
202605050730,   1.665,   1.580,9999.000,9999.000,9999.000,9999.000,9999.000,9999.000,9999.000
202605050736,   1.564,   1.489,9999.000,9999.000,9999.000,9999.000,9999.000,9999.000,9999.000
202605050742,   1.466,   1.390,9999.000,9999.000,9999.000,9999.000,9999.000,9999.000,9999.000
202605050748,   1.371,   1.279,9999.000,9999.000,9999.000,9999.000,9999.000,9999.000,9999.000
202605050754,   1.280,   1.180,9999.000,9999.000,9999.000,9999.000,9999.000,9999.000,9999.000
202605050800,   1.192,   1.059,  -0.300,   0.167,   1.059,  -0.500,   0.859,  -0.200,   1.159
202605050806,   1.108,   0.980,9999.000,9999.000,9999.000,9999.000,9999.000,9999.000,9999.000
202605050812,   1.028,   0.908,9999.000,9999.000,9999.000,9999.000,9999.000,9999.000,9999.000
202605050818,   0.952,   0.829,9999.000,9999.000,9999.000,9999.000,9999.000,9999.000,9999.000
202605050824,   0.881,   0.741,9999.000,9999.000,9999.000,9999.000,9999.000,9999.000,9999.000
202605050830,   0.816,   0.678,9999.000,9999.000,9999.000,9999.000,9999.000,9999.000,9999.000
202605050836,   0.755,   0.610,9999.000,9999.000,9999.000,9999.000,9999.000,9999.000,9999.000
202605050842,   0.700,   0.551,9999.000,9999.000,9999.000,9999.000,9999.000,9999.000,9999.000
202605050848,   0.650,   0.459,9999.000,9999.000,9999.000,9999.000,9999.000,9999.000,9999.000
202605050854,   0.607,   0.419,9999.000,9999.000,9999.000,9999.000,9999.000,9999.000,9999.000
202605050900,   0.569,   0.350,  -0.400,   0.181,   0.350,  -0.500,   0.250,  -0.300,   0.450
202605050906,   0.537,   0.331,9999.000,9999.000,9999.000,9999.000,9999.000,9999.000,9999.000
202605050912,   0.511,   0.321,9999.000,9999.000,9999.000,9999.000,9999.000,9999.000,9999.000
202605050918,   0.491,   0.278,9999.000,9999.000,9999.000,9999.000,9999.000,9999.000,9999.000
202605050924,   0.476,   0.259,9999.000,9999.000,9999.000,9999.000,9999.000,9999.000,9999.000
202605050930,   0.468,   0.249,9999.000,9999.000,9999.000,9999.000,9999.000,9999.000,9999.000
202605050936,   0.465,   0.278,9999.000,9999.000,9999.000,9999.000,9999.000,9999.000,9999.000
202605050942,   0.468,   0.268,9999.000,9999.000,9999.000,9999.000,9999.000,9999.000,9999.000
202605050948,   0.477,   0.268,9999.000,9999.000,9999.000,9999.000,9999.000,9999.000,9999.000
202605050954,   0.490,   0.298,9999.000,9999.000,9999.000,9999.000,9999.000,9999.000,9999.000
202605051000,   0.509,   0.288,  -0.400,   0.179,   0.288,  -0.500,   0.188,  -0.300,   0.388
202605051006,   0.532,   0.298,9999.000,9999.000,9999.000,9999.000,9999.000,9999.000,9999.000
202605051012,   0.560,   0.331,9999.000,9999.000,9999.000,9999.000,9999.000,9999.000,9999.000
202605051018,   0.592,   0.341,9999.000,9999.000,9999.000,9999.000,9999.000,9999.000,9999.000
202605051024,   0.628,   0.400,9999.000,9999.000,9999.000,9999.000,9999.000,9999.000,9999.000
202605051030,   0.668,   0.439,9999.000,9999.000,9999.000,9999.000,9999.000,9999.000,9999.000
202605051036,   0.712,   0.459,9999.000,9999.000,9999.000,9999.000,9999.000,9999.000,9999.000
202605051042,   0.759,   0.488,9999.000,9999.000,9999.000,9999.000,9999.000,9999.000,9999.000
202605051048,   0.809,   0.531,9999.000,9999.000,9999.000,9999.000,9999.000,9999.000,9999.000
202605051054,   0.863,   0.551,9999.000,9999.000,9999.000,9999.000,9999.000,9999.000,9999.000
202605051100,   0.919,   0.590,  -0.400,   0.071,   0.590,  -0.500,   0.490,  -0.300,   0.690
202605051106,   0.978,   0.659,9999.000,9999.000,9999.000,9999.000,9999.000,9999.000,9999.000
202605051112,   1.039,   0.790,9999.000,9999.000,9999.000,9999.000,9999.000,9999.000,9999.000
202605051118,   1.104,   0.849,9999.000,9999.000,9999.000,9999.000,9999.000,9999.000,9999.000
202605051124,   1.170,   0.908,9999.000,9999.000,9999.000,9999.000,9999.000,9999.000,9999.000
202605051130,   1.239,   0.980,9999.000,9999.000,9999.000,9999.000,9999.000,9999.000,9999.000
202605051136,   1.310,   1.049,9999.000,9999.000,9999.000,9999.000,9999.000,9999.000,9999.000
202605051142,   1.383,   1.108,9999.000,9999.000,9999.000,9999.000,9999.000,9999.000,9999.000
202605051148,   1.458,   1.180,9999.000,9999.000,9999.000,9999.000,9999.000,9999.000,9999.000
202605051154,   1.536,   1.279,9999.000,9999.000,9999.000,9999.000,9999.000,9999.000,9999.000
202605051200,   1.615,   1.318,  -0.400,   0.103,   1.318,  -0.500,   1.218,  -0.300,   1.418
202605051206,   1.696,   1.400,9999.000,9999.000,9999.000,9999.000,9999.000,9999.000,9999.000
202605051212,   1.779,   1.498,9999.000,9999.000,9999.000,9999.000,9999.000,9999.000,9999.000
202605051218,   1.863,   1.590,9999.000,9999.000,9999.000,9999.000,9999.000,9999.000,9999.000
202605051224,   1.949,   1.659,9999.000,9999.000,9999.000,9999.000,9999.000,9999.000,9999.000
202605051230,   2.036,   1.708,9999.000,9999.000,9999.000,9999.000,9999.000,9999.000,9999.000
202605051236,   2.124,   1.830,9999.000,9999.000,9999.000,9999.000,9999.000,9999.000,9999.000
202605051242,   2.213,   1.928,9999.000,9999.000,9999.000,9999.000,9999.000,9999.000,9999.000
202605051248,   2.302,   2.030,9999.000,9999.000,9999.000,9999.000,9999.000,9999.000,9999.000
202605051254,   2.392,   2.109,9999.000,9999.000,9999.000,9999.000,9999.000,9999.000,9999.000
202605051300,   2.483,   2.230,  -0.400,   0.147,   2.230,  -0.500,   2.130,  -0.300,   2.330
202605051306,   2.573,   2.318,9999.000,9999.000,9999.000,9999.000,9999.000,9999.000,9999.000
202605051312,   2.663,   2.387,9999.000,9999.000,9999.000,9999.000,9999.000,9999.000,9999.000
202605051318,   2.752,   2.479,9999.000,9999.000,9999.000,9999.000,9999.000,9999.000,9999.000
202605051324,   2.840,   2.568,9999.000,9999.000,9999.000,9999.000,9999.000,9999.000,9999.000
202605051330,   2.927,   2.660,9999.000,9999.000,9999.000,9999.000,9999.000,9999.000,9999.000
202605051336,   3.013,   2.768,9999.000,9999.000,9999.000,9999.000,9999.000,9999.000,9999.000
202605051342,   3.096,   2.850,9999.000,9999.000,9999.000,9999.000,9999.000,9999.000,9999.000
202605051348,   3.178,   2.948,9999.000,9999.000,9999.000,9999.000,9999.000,9999.000,9999.000
202605051354,   3.257,   3.079,9999.000,9999.000,9999.000,9999.000,9999.000,9999.000,9999.000
202605051400,   3.333,   3.119,  -0.400,   0.186,   3.119,  -0.500,   3.019,  -0.300,   3.219
202605051406,   3.407,   3.197,9999.000,9999.000,9999.000,9999.000,9999.000,9999.000,9999.000
202605051412,   3.477,   3.260,9999.000,9999.000,9999.000,9999.000,9999.000,9999.000,9999.000
202605051418,   3.545,   3.309,9999.000,9999.000,9999.000,9999.000,9999.000,9999.000,9999.000
202605051424,   3.608,   3.417,9999.000,9999.000,9999.000,9999.000,9999.000,9999.000,9999.000
202605051430,   3.668,   3.489,9999.000,9999.000,9999.000,9999.000,9999.000,9999.000,9999.000
202605051436,   3.723,   3.578,9999.000,9999.000,9999.000,9999.000,9999.000,9999.000,9999.000
202605051442,   3.775,   3.650,9999.000,9999.000,9999.000,9999.000,9999.000,9999.000,9999.000
202605051448,   3.822,   3.680,9999.000,9999.000,9999.000,9999.000,9999.000,9999.000,9999.000
202605051454,   3.864,   3.709,9999.000,9999.000,9999.000,9999.000,9999.000,9999.000,9999.000
202605051500,   3.902,   3.768,  -0.300,   0.166,   3.768,  -0.400,   3.668,  -0.300,   3.768
202605051506,   3.936,   3.847,9999.000,9999.000,9999.000,9999.000,9999.000,9999.000,9999.000
202605051512,   3.964,   3.870,9999.000,9999.000,9999.000,9999.000,9999.000,9999.000,9999.000
202605051518,   3.988,   3.919,9999.000,9999.000,9999.000,9999.000,9999.000,9999.000,9999.000
202605051524,   4.006,   3.919,9999.000,9999.000,9999.000,9999.000,9999.000,9999.000,9999.000
202605051530,   4.019,   3.909,9999.000,9999.000,9999.000,9999.000,9999.000,9999.000,9999.000
202605051536,   4.027,   3.909,9999.000,9999.000,9999.000,9999.000,9999.000,9999.000,9999.000
202605051542,   4.030,   3.939,9999.000,9999.000,9999.000,9999.000,9999.000,9999.000,9999.000
202605051548,   4.027,   3.919,9999.000,9999.000,9999.000,9999.000,9999.000,9999.000,9999.000
202605051554,   4.019,   3.919,9999.000,9999.000,9999.000,9999.000,9999.000,9999.000,9999.000
202605051600,   4.006,   3.968,  -0.300,   0.262,   3.968,  -0.400,   3.868,  -0.200,   4.068
202605051606,   3.987,   3.890,9999.000,9999.000,9999.000,9999.000,9999.000,9999.000,9999.000
202605051612,   3.964,   3.909,9999.000,9999.000,9999.000,9999.000,9999.000,9999.000,9999.000
202605051618,   3.935,   3.890,9999.000,9999.000,9999.000,9999.000,9999.000,9999.000,9999.000
202605051624,   3.901,   3.808,9999.000,9999.000,9999.000,9999.000,9999.000,9999.000,9999.000
202605051630,   3.862,   3.798,9999.000,9999.000,9999.000,9999.000,9999.000,9999.000,9999.000
202605051636,   3.818,   3.709,9999.000,9999.000,9999.000,9999.000,9999.000,9999.000,9999.000
202605051642,   3.769,   3.709,9999.000,9999.000,9999.000,9999.000,9999.000,9999.000,9999.000
202605051648,   3.716,   3.650,9999.000,9999.000,9999.000,9999.000,9999.000,9999.000,9999.000
202605051654,   3.659,   3.607,9999.000,9999.000,9999.000,9999.000,9999.000,9999.000,9999.000
202605051700,   3.597,   3.548,  -0.300,   0.251,   3.548,  -0.400,   3.448,  -0.200,   3.648
202605051706,   3.532,   3.470,9999.000,9999.000,9999.000,9999.000,9999.000,9999.000,9999.000
202605051712,   3.463,   3.417,9999.000,9999.000,9999.000,9999.000,9999.000,9999.000,9999.000
202605051718,   3.391,   3.339,9999.000,9999.000,9999.000,9999.000,9999.000,9999.000,9999.000
202605051724,   3.316,   3.348,9999.000,9999.000,9999.000,9999.000,9999.000,9999.000,9999.000
202605051730,   3.239,   3.197,9999.000,9999.000,9999.000,9999.000,9999.000,9999.000,9999.000
202605051736,   3.159,   3.138,9999.000,9999.000,9999.000,9999.000,9999.000,9999.000,9999.000
202605051742,   3.077,   3.040,9999.000,9999.000,9999.000,9999.000,9999.000,9999.000,9999.000
202605051748,   2.993,   2.958,9999.000,9999.000,9999.000,9999.000,9999.000,9999.000,9999.000
202605051754,   2.908,   2.879,9999.000,9999.000,9999.000,9999.000,9999.000,9999.000,9999.000
202605051800,   2.822,   2.797,  -0.300,   0.275,   2.797,  -0.400,   2.697,  -0.200,   2.897
202605051806,   2.735,   2.728,9999.000,9999.000,9999.000,9999.000,9999.000,9999.000,9999.000
202605051812,   2.648,   2.597,9999.000,9999.000,9999.000,9999.000,9999.000,9999.000,9999.000
202605051818,   2.560,   2.519,9999.000,9999.000,9999.000,9999.000,9999.000,9999.000,9999.000
202605051824,   2.472,   2.479,9999.000,9999.000,9999.000,9999.000,9999.000,9999.000,9999.000
202605051830,   2.384,   2.348,9999.000,9999.000,9999.000,9999.000,9999.000,9999.000,9999.000
202605051836,   2.296,   2.309,9999.000,9999.000,9999.000,9999.000,9999.000,9999.000,9999.000
202605051842,   2.209,   2.309,9999.000,9999.000,9999.000,9999.000,9999.000,9999.000,9999.000
202605051848,   2.122,   2.148,9999.000,9999.000,9999.000,9999.000,9999.000,9999.000,9999.000
202605051854,   2.037,   2.049,9999.000,9999.000,9999.000,9999.000,9999.000,9999.000,9999.000
202605051900,   1.952,   1.981,  -0.300,   0.329,   1.981,  -0.400,   1.881,  -0.200,   2.081
202605051906,   1.868,   1.899,9999.000,9999.000,9999.000,9999.000,9999.000,9999.000,9999.000
202605051912,   1.786,   1.800,9999.000,9999.000,9999.000,9999.000,9999.000,9999.000,9999.000
202605051918,   1.705,   1.738,9999.000,9999.000,9999.000,9999.000,9999.000,9999.000,9999.000
202605051924,   1.625,   1.639,9999.000,9999.000,9999.000,9999.000,9999.000,9999.000,9999.000
202605051930,   1.547,   1.508,9999.000,9999.000,9999.000,9999.000,9999.000,9999.000,9999.000
202605051936,   1.471,   1.449,9999.000,9999.000,9999.000,9999.000,9999.000,9999.000,9999.000
202605051942,   1.398,   1.361,9999.000,9999.000,9999.000,9999.000,9999.000,9999.000,9999.000
202605051948,   1.326,   1.298,9999.000,9999.000,9999.000,9999.000,9999.000,9999.000,9999.000
202605051954,   1.256,   1.239,9999.000,9999.000,9999.000,9999.000,9999.000,9999.000,9999.000
202605052000,   1.190,   1.180,  -0.300,   0.290,   1.180,  -0.400,   1.080,  -0.200,   1.280
202605052006,   1.126,   1.118,9999.000,9999.000,9999.000,9999.000,9999.000,9999.000,9999.000
202605052012,   1.065,   1.000,9999.000,9999.000,9999.000,9999.000,9999.000,9999.000,9999.000
202605052018,   1.008,   0.990,9999.000,9999.000,9999.000,9999.000,9999.000,9999.000,9999.000
202605052024,   0.954,   0.879,9999.000,9999.000,9999.000,9999.000,9999.000,9999.000,9999.000
202605052030,   0.904,   0.829,9999.000,9999.000,9999.000,9999.000,9999.000,9999.000,9999.000
202605052036,   0.858,   0.800,9999.000,9999.000,9999.000,9999.000,9999.000,9999.000,9999.000
202605052042,   0.817,   0.708,9999.000,9999.000,9999.000,9999.000,9999.000,9999.000,9999.000
202605052048,   0.780,   0.669,9999.000,9999.000,9999.000,9999.000,9999.000,9999.000,9999.000
202605052054,   0.748,   0.659,9999.000,9999.000,9999.000,9999.000,9999.000,9999.000,9999.000
202605052100,   0.721,   0.610,  -0.300,   0.189,   0.610,  -0.400,   0.510,  -0.200,   0.710
202605052106,   0.699,   0.570,9999.000,9999.000,9999.000,9999.000,9999.000,9999.000,9999.000
202605052112,   0.683,   0.570,9999.000,9999.000,9999.000,9999.000,9999.000,9999.000,9999.000
202605052118,   0.672,   0.629,9999.000,9999.000,9999.000,9999.000,9999.000,9999.000,9999.000
202605052124,   0.667,   0.580,9999.000,9999.000,9999.000,9999.000,9999.000,9999.000,9999.000
202605052130,   0.668,   0.590,9999.000,9999.000,9999.000,9999.000,9999.000,9999.000,9999.000
202605052136,   0.674,   0.600,9999.000,9999.000,9999.000,9999.000,9999.000,9999.000,9999.000
202605052142,   0.687,   0.580,9999.000,9999.000,9999.000,9999.000,9999.000,9999.000,9999.000
202605052148,   0.704,   0.590,9999.000,9999.000,9999.000,9999.000,9999.000,9999.000,9999.000
202605052154,   0.728,   0.619,9999.000,9999.000,9999.000,9999.000,9999.000,9999.000,9999.000
202605052200,   0.756,   0.629,  -0.300,   0.173,   0.629,  -0.400,   0.529,  -0.200,   0.729
202605052206,   0.791,   0.678,9999.000,9999.000,9999.000,9999.000,9999.000,9999.000,9999.000
202605052212,   0.830,   0.751,9999.000,9999.000,9999.000,9999.000,9999.000,9999.000,9999.000
202605052218,   0.874,   0.790,9999.000,9999.000,9999.000,9999.000,9999.000,9999.000,9999.000
202605052224,   0.923,   0.819,9999.000,9999.000,9999.000,9999.000,9999.000,9999.000,9999.000
202605052230,   0.976,   0.898,9999.000,9999.000,9999.000,9999.000,9999.000,9999.000,9999.000
202605052236,   1.033,   0.961,9999.000,9999.000,9999.000,9999.000,9999.000,9999.000,9999.000
202605052242,   1.095,   0.970,9999.000,9999.000,9999.000,9999.000,9999.000,9999.000,9999.000
202605052248,   1.160,   1.039,9999.000,9999.000,9999.000,9999.000,9999.000,9999.000,9999.000
202605052254,   1.229,   1.088,9999.000,9999.000,9999.000,9999.000,9999.000,9999.000,9999.000
202605052300,   1.300,   1.151,  -0.300,   0.151,   1.151,  -0.400,   1.051,  -0.200,   1.251
202605052306,   1.375,   1.200,9999.000,9999.000,9999.000,9999.000,9999.000,9999.000,9999.000
202605052312,   1.453,   1.298,9999.000,9999.000,9999.000,9999.000,9999.000,9999.000,9999.000
202605052318,   1.533,   1.380,9999.000,9999.000,9999.000,9999.000,9999.000,9999.000,9999.000
202605052324,   1.615,   1.439,9999.000,9999.000,9999.000,9999.000,9999.000,9999.000,9999.000
202605052330,   1.700,   1.548,9999.000,9999.000,9999.000,9999.000,9999.000,9999.000,9999.000
202605052336,   1.787,   1.639,9999.000,9999.000,9999.000,9999.000,9999.000,9999.000,9999.000
202605052342,   1.876,   1.748,9999.000,9999.000,9999.000,9999.000,9999.000,9999.000,9999.000
202605052348,   1.967,   1.800,9999.000,9999.000,9999.000,9999.000,9999.000,9999.000,9999.000
202605052354,   2.059,   1.889,9999.000,9999.000,9999.000,9999.000,9999.000,9999.000,9999.000
202605060000,   2.154,   1.990,  -0.300,   0.136,   1.990,  -0.400,   1.890,  -0.200,   2.090
202605060006,   2.249,   2.089,9999.000,9999.000,9999.000,9999.000,9999.000,9999.000,9999.000
202605060012,   2.347,   2.210,9999.000,9999.000,9999.000,9999.000,9999.000,9999.000,9999.000
202605060018,   2.445,   2.299,9999.000,9999.000,9999.000,9999.000,9999.000,9999.000,9999.000
202605060024,   2.545,   2.420,9999.000,9999.000,9999.000,9999.000,9999.000,9999.000,9999.000
202605060030,   2.646,   2.509,9999.000,9999.000,9999.000,9999.000,9999.000,9999.000,9999.000
202605060036,   2.748,   2.630,9999.000,9999.000,9999.000,9999.000,9999.000,9999.000,9999.000
202605060042,   2.851,   2.738,9999.000,9999.000,9999.000,9999.000,9999.000,9999.000,9999.000
202605060048,   2.955,   2.840,9999.000,9999.000,9999.000,9999.000,9999.000,9999.000,9999.000
202605060054,   3.059,   2.978,9999.000,9999.000,9999.000,9999.000,9999.000,9999.000,9999.000
202605060100,   3.163,   3.079,  -0.300,   0.216,   3.079,  -0.400,   2.979,  -0.200,   3.179
202605060106,   3.268,   3.148,9999.000,9999.000,9999.000,9999.000,9999.000,9999.000,9999.000
202605060112,   3.373,   3.279,9999.000,9999.000,9999.000,9999.000,9999.000,9999.000,9999.000
202605060118,   3.477,   3.388,9999.000,9999.000,9999.000,9999.000,9999.000,9999.000,9999.000
202605060124,   3.580,   3.480,9999.000,9999.000,9999.000,9999.000,9999.000,9999.000,9999.000
202605060130,   3.683,   3.568,9999.000,9999.000,9999.000,9999.000,9999.000,9999.000,9999.000
202605060136,   3.785,   3.699,9999.000,9999.000,9999.000,9999.000,9999.000,9999.000,9999.000
202605060142,   3.885,   3.808,9999.000,9999.000,9999.000,9999.000,9999.000,9999.000,9999.000
202605060148,   3.983,   3.890,9999.000,9999.000,9999.000,9999.000,9999.000,9999.000,9999.000
202605060154,   4.079,   3.998,9999.000,9999.000,9999.000,9999.000,9999.000,9999.000,9999.000
202605060200,   4.173,   4.099,  -0.300,   0.226,   4.099,  -0.400,   3.999,  -0.200,   4.199
202605060206,   4.264,   4.237,9999.000,9999.000,9999.000,9999.000,9999.000,9999.000,9999.000
202605060212,   4.353,   4.319,9999.000,9999.000,9999.000,9999.000,9999.000,9999.000,9999.000
202605060218,   4.438,   4.388,9999.000,9999.000,9999.000,9999.000,9999.000,9999.000,9999.000
202605060224,   4.519,   4.490,9999.000,9999.000,9999.000,9999.000,9999.000,9999.000,9999.000
202605060230,   4.597,   4.549,9999.000,9999.000,9999.000,9999.000,9999.000,9999.000,9999.000
202605060236,   4.670,   4.618,9999.000,9999.000,9999.000,9999.000,9999.000,9999.000,9999.000
202605060242,   4.739,   4.749,9999.000,9999.000,9999.000,9999.000,9999.000,9999.000,9999.000
202605060248,   4.804,   4.818,9999.000,9999.000,9999.000,9999.000,9999.000,9999.000,9999.000
202605060254,   4.864,   4.887,9999.000,9999.000,9999.000,9999.000,9999.000,9999.000,9999.000
202605060300,   4.920,   4.969,  -0.300,   0.349,   4.969,  -0.500,   4.769,  -0.200,   5.069
202605060306,   4.970,   4.998,9999.000,9999.000,9999.000,9999.000,9999.000,9999.000,9999.000
202605060312,   5.015,   5.057,9999.000,9999.000,9999.000,9999.000,9999.000,9999.000,9999.000
202605060318,   5.054,   5.159,9999.000,9999.000,9999.000,9999.000,9999.000,9999.000,9999.000
202605060324,   5.088,   5.139,9999.000,9999.000,9999.000,9999.000,9999.000,9999.000,9999.000
202605060330,   5.117,   5.179,9999.000,9999.000,9999.000,9999.000,9999.000,9999.000,9999.000
202605060336,   5.140,   5.257,9999.000,9999.000,9999.000,9999.000,9999.000,9999.000,9999.000
202605060342,   5.157,   5.267,9999.000,9999.000,9999.000,9999.000,9999.000,9999.000,9999.000
202605060348,   5.168,   5.228,9999.000,9999.000,9999.000,9999.000,9999.000,9999.000,9999.000
202605060354,   5.173,   5.287,9999.000,9999.000,9999.000,9999.000,9999.000,9999.000,9999.000
202605060400,   5.173,   5.238,  -0.400,   0.465,   5.238,  -0.500,   5.138,  -0.300,   5.338
202605060406,   5.166,   5.257,9999.000,9999.000,9999.000,9999.000,9999.000,9999.000,9999.000
202605060412,   5.154,   5.277,9999.000,9999.000,9999.000,9999.000,9999.000,9999.000,9999.000
202605060418,   5.135,   5.247,9999.000,9999.000,9999.000,9999.000,9999.000,9999.000,9999.000
202605060424,   5.110,   5.247,9999.000,9999.000,9999.000,9999.000,9999.000,9999.000,9999.000
202605060430,   5.080,   5.179,9999.000,9999.000,9999.000,9999.000,9999.000,9999.000,9999.000
202605060436,   5.043,   5.129,9999.000,9999.000,9999.000,9999.000,9999.000,9999.000,9999.000
202605060442,   5.001,   5.067,9999.000,9999.000,9999.000,9999.000,9999.000,9999.000,9999.000
202605060448,   4.953,   5.008,9999.000,9999.000,9999.000,9999.000,9999.000,9999.000,9999.000
202605060454,   4.900,   4.979,9999.000,9999.000,9999.000,9999.000,9999.000,9999.000,9999.000
202605060500,   4.841,   4.919,  -0.500,   0.578,   4.919,  -0.600,   4.819,  -0.400,   5.019
202605060506,   4.777,   4.847,9999.000,9999.000,9999.000,9999.000,9999.000,9999.000,9999.000
202605060512,   4.708,   4.798,9999.000,9999.000,9999.000,9999.000,9999.000,9999.000,9999.000
202605060518,   4.635,   4.739,9999.000,9999.000,9999.000,9999.000,9999.000,9999.000,9999.000
202605060524,   4.556,   4.667,9999.000,9999.000,9999.000,9999.000,9999.000,9999.000,9999.000
202605060530,   4.474,   4.588,9999.000,9999.000,9999.000,9999.000,9999.000,9999.000,9999.000
202605060536,   4.388,   4.539,9999.000,9999.000,9999.000,9999.000,9999.000,9999.000,9999.000
202605060542,   4.298,   4.437,9999.000,9999.000,9999.000,9999.000,9999.000,9999.000,9999.000
202605060548,   4.205,   4.359,9999.000,9999.000,9999.000,9999.000,9999.000,9999.000,9999.000
202605060554,   4.109,   4.257,9999.000,9999.000,9999.000,9999.000,9999.000,9999.000,9999.000
202605060600,   4.010,   4.168,  -0.500,   0.658,   4.168,  -0.700,   3.968,  -0.300,   4.368
202605060606,   3.909,   4.090,9999.000,9999.000,9999.000,9999.000,9999.000,9999.000,9999.000
202605060612,   3.806,   3.978,9999.000,9999.000,9999.000,9999.000,9999.000,9999.000,9999.000
202605060618,   3.702,   3.890,9999.000,9999.000,9999.000,9999.000,9999.000,9999.000,9999.000
202605060624,   3.596,   3.788,9999.000,9999.000,9999.000,9999.000,9999.000,9999.000,9999.000
202605060630,   3.489,   3.699,9999.000,9999.000,9999.000,9999.000,9999.000,9999.000,9999.000
202605060636,   3.381,   3.588,9999.000,9999.000,9999.000,9999.000,9999.000,9999.000,9999.000
202605060642,   3.272,   3.480,9999.000,9999.000,9999.000,9999.000,9999.000,9999.000,9999.000
202605060648,   3.164,   3.378,9999.000,9999.000,9999.000,9999.000,9999.000,9999.000,9999.000
202605060654,   3.055,   3.250,9999.000,9999.000,9999.000,9999.000,9999.000,9999.000,9999.000
202605060700,   2.947,   3.158,  -0.500,   0.711,   3.158,  -0.800,   2.858,  -0.300,   3.358
202605060706,   2.839,   3.050,9999.000,9999.000,9999.000,9999.000,9999.000,9999.000,9999.000
202605060712,   2.731,   2.958,9999.000,9999.000,9999.000,9999.000,9999.000,9999.000,9999.000
202605060718,   2.624,   2.840,9999.000,9999.000,9999.000,9999.000,9999.000,9999.000,9999.000
202605060724,   2.518,   2.748,9999.000,9999.000,9999.000,9999.000,9999.000,9999.000,9999.000
202605060730,   2.413,   2.587,9999.000,9999.000,9999.000,9999.000,9999.000,9999.000,9999.000
202605060736,   2.310,   2.558,9999.000,9999.000,9999.000,9999.000,9999.000,9999.000,9999.000
202605060742,   2.207,   2.420,9999.000,9999.000,9999.000,9999.000,9999.000,9999.000,9999.000
202605060748,   2.106,   2.318,9999.000,9999.000,9999.000,9999.000,9999.000,9999.000,9999.000
202605060754,   2.006,   2.200,9999.000,9999.000,9999.000,9999.000,9999.000,9999.000,9999.000
202605060800,   1.909,   2.079,  -0.500,   0.670,   2.079,  -0.800,   1.779,  -0.300,   2.279
202605060806,   1.813,   2.000,9999.000,9999.000,9999.000,9999.000,9999.000,9999.000,9999.000
202605060812,   1.719,   1.908,9999.000,9999.000,9999.000,9999.000,9999.000,9999.000,9999.000
202605060818,   1.627,   1.820,9999.000,9999.000,9999.000,9999.000,9999.000,9999.000,9999.000
202605060824,   1.538,   1.738,9999.000,9999.000,9999.000,9999.000,9999.000,9999.000,9999.000
202605060830,   1.452,   1.649,9999.000,9999.000,9999.000,9999.000,9999.000,9999.000,9999.000
202605060836,   1.368,   1.557,9999.000,9999.000,9999.000,9999.000,9999.000,9999.000,9999.000
202605060842,   1.288,   1.459,9999.000,9999.000,9999.000,9999.000,9999.000,9999.000,9999.000
202605060848,   1.211,   1.380,9999.000,9999.000,9999.000,9999.000,9999.000,9999.000,9999.000
202605060854,   1.138,   1.289,9999.000,9999.000,9999.000,9999.000,9999.000,9999.000,9999.000
202605060900,   1.069,   1.249,  -0.500,   0.680,   1.249,  -0.800,   0.949,  -0.300,   1.449
202605060906,   1.004,   1.170,9999.000,9999.000,9999.000,9999.000,9999.000,9999.000,9999.000
202605060912,   0.943,   1.118,9999.000,9999.000,9999.000,9999.000,9999.000,9999.000,9999.000
202605060918,   0.887,   1.059,9999.000,9999.000,9999.000,9999.000,9999.000,9999.000,9999.000
202605060924,   0.836,   1.000,9999.000,9999.000,9999.000,9999.000,9999.000,9999.000,9999.000
202605060930,   0.790,   0.951,9999.000,9999.000,9999.000,9999.000,9999.000,9999.000,9999.000
202605060936,   0.749,   0.898,9999.000,9999.000,9999.000,9999.000,9999.000,9999.000,9999.000
202605060942,   0.713,   0.839,9999.000,9999.000,9999.000,9999.000,9999.000,9999.000,9999.000
202605060948,   0.683,   0.780,9999.000,9999.000,9999.000,9999.000,9999.000,9999.000,9999.000
202605060954,   0.659,   0.760,9999.000,9999.000,9999.000,9999.000,9999.000,9999.000,9999.000
202605061000,   0.640,   0.760,  -0.500,   0.620,   0.760,  -0.800,   0.460,  -0.300,   0.960
202605061006,   0.626,   0.760,9999.000,9999.000,9999.000,9999.000,9999.000,9999.000,9999.000
202605061012,   0.619,   0.760,9999.000,9999.000,9999.000,9999.000,9999.000,9999.000,9999.000
202605061018,   0.616,   0.708,9999.000,9999.000,9999.000,9999.000,9999.000,9999.000,9999.000
202605061024,   0.619,   0.718,9999.000,9999.000,9999.000,9999.000,9999.000,9999.000,9999.000
202605061030,   0.627,   0.708,9999.000,9999.000,9999.000,9999.000,9999.000,9999.000,9999.000
202605061036,   0.640,   0.698,9999.000,9999.000,9999.000,9999.000,9999.000,9999.000,9999.000
202605061042,   0.657,   0.708,9999.000,9999.000,9999.000,9999.000,9999.000,9999.000,9999.000
202605061048,   0.680,   0.708,9999.000,9999.000,9999.000,9999.000,9999.000,9999.000,9999.000
202605061054,   0.706,   0.698,9999.000,9999.000,9999.000,9999.000,9999.000,9999.000,9999.000
202605061100,   0.737,   0.708,  -0.500,   0.471,   0.708,  -0.700,   0.508,  -0.300,   0.908
202605061106,   0.772,   0.800,9999.000,9999.000,9999.000,9999.000,9999.000,9999.000,9999.000
202605061112,   0.810,   0.918,9999.000,9999.000,9999.000,9999.000,9999.000,9999.000,9999.000
202605061118,   0.852,   0.928,9999.000,9999.000,9999.000,9999.000,9999.000,9999.000,9999.000
202605061124,   0.897,   0.928,9999.000,9999.000,9999.000,9999.000,9999.000,9999.000,9999.000
202605061130,   0.945,   0.941,9999.000,9999.000,9999.000,9999.000,9999.000,9999.000,9999.000
202605061136,   0.996,   1.010,9999.000,9999.000,9999.000,9999.000,9999.000,9999.000,9999.000
202605061142,   1.049,   1.049,9999.000,9999.000,9999.000,9999.000,9999.000,9999.000,9999.000
202605061148,   1.105,   1.108,9999.000,9999.000,9999.000,9999.000,9999.000,9999.000,9999.000
202605061154,   1.163,   1.210,9999.000,9999.000,9999.000,9999.000,9999.000,9999.000,9999.000
202605061200,   1.223,   1.239,  -0.400,   0.416,   1.239,  -0.600,   1.039,  -0.200,   1.439
202605061206,   1.285,   1.279,9999.000,9999.000,9999.000,9999.000,9999.000,9999.000,9999.000
202605061212,   1.349,   1.361,9999.000,9999.000,9999.000,9999.000,9999.000,9999.000,9999.000
202605061218,   1.415,   1.449,9999.000,9999.000,9999.000,9999.000,9999.000,9999.000,9999.000
202605061224,   1.483,   1.508,9999.000,9999.000,9999.000,9999.000,9999.000,9999.000,9999.000
202605061230,   1.553,   1.557,9999.000,9999.000,9999.000,9999.000,9999.000,9999.000,9999.000
202605061236,   1.624,   1.639,9999.000,9999.000,9999.000,9999.000,9999.000,9999.000,9999.000
202605061242,   1.697,   1.718,9999.000,9999.000,9999.000,9999.000,9999.000,9999.000,9999.000
202605061248,   1.771,   1.810,9999.000,9999.000,9999.000,9999.000,9999.000,9999.000,9999.000
202605061254,   1.847,   1.908,9999.000,9999.000,9999.000,9999.000,9999.000,9999.000,9999.000
202605061300,   1.924,   1.967,  -0.400,   0.443,   1.967,  -0.700,   1.667,  -0.200,   2.167
202605061306,   2.002,   2.040,9999.000,9999.000,9999.000,9999.000,9999.000,9999.000,9999.000
202605061312,   2.082,   2.109,9999.000,9999.000,9999.000,9999.000,9999.000,9999.000,9999.000
202605061318,   2.162,   2.158,9999.000,9999.000,9999.000,9999.000,9999.000,9999.000,9999.000
202605061324,   2.243,   2.259,9999.000,9999.000,9999.000,9999.000,9999.000,9999.000,9999.000
202605061330,   2.325,   2.338,9999.000,9999.000,9999.000,9999.000,9999.000,9999.000,9999.000
202605061336,   2.407,   2.420,9999.000,9999.000,9999.000,9999.000,9999.000,9999.000,9999.000
202605061342,   2.489,   2.519,9999.000,9999.000,9999.000,9999.000,9999.000,9999.000,9999.000
202605061348,   2.571,   2.620,9999.000,9999.000,9999.000,9999.000,9999.000,9999.000,9999.000
202605061354,   2.653,   2.679,9999.000,9999.000,9999.000,9999.000,9999.000,9999.000,9999.000
202605061400,   2.735,   2.758,  -0.400,   0.423,   2.758,  -0.700,   2.458,  -0.200,   2.958
202605061406,   2.815,   2.830,9999.000,9999.000,9999.000,9999.000,9999.000,9999.000,9999.000
202605061412,   2.895,   2.909,9999.000,9999.000,9999.000,9999.000,9999.000,9999.000,9999.000
202605061418,   2.973,   2.997,9999.000,9999.000,9999.000,9999.000,9999.000,9999.000,9999.000
202605061424,   3.050,   3.079,9999.000,9999.000,9999.000,9999.000,9999.000,9999.000,9999.000
202605061430,   3.124,   3.148,9999.000,9999.000,9999.000,9999.000,9999.000,9999.000,9999.000
202605061436,   3.197,   3.250,9999.000,9999.000,9999.000,9999.000,9999.000,9999.000,9999.000
202605061442,   3.267,   3.339,9999.000,9999.000,9999.000,9999.000,9999.000,9999.000,9999.000
202605061448,   3.334,   3.398,9999.000,9999.000,9999.000,9999.000,9999.000,9999.000,9999.000
202605061454,   3.399,   3.470,9999.000,9999.000,9999.000,9999.000,9999.000,9999.000,9999.000
202605061500,   3.460,   3.519,  -0.400,   0.459,   3.519,  -0.700,   3.219,  -0.200,   3.719
202605061506,   3.518,   3.578,9999.000,9999.000,9999.000,9999.000,9999.000,9999.000,9999.000
202605061512,   3.573,   3.627,9999.000,9999.000,9999.000,9999.000,9999.000,9999.000,9999.000
202605061518,   3.623,   3.739,9999.000,9999.000,9999.000,9999.000,9999.000,9999.000,9999.000
202605061524,   3.670,   3.788,9999.000,9999.000,9999.000,9999.000,9999.000,9999.000,9999.000
202605061530,   3.713,   3.837,9999.000,9999.000,9999.000,9999.000,9999.000,9999.000,9999.000
202605061536,   3.752,   3.880,9999.000,9999.000,9999.000,9999.000,9999.000,9999.000,9999.000
202605061542,   3.786,   3.890,9999.000,9999.000,9999.000,9999.000,9999.000,9999.000,9999.000
202605061548,   3.816,   3.919,9999.000,9999.000,9999.000,9999.000,9999.000,9999.000,9999.000
202605061554,   3.841,   3.968,9999.000,9999.000,9999.000,9999.000,9999.000,9999.000,9999.000
202605061600,   3.862,   4.008,  -0.400,   0.546,   4.008,  -0.600,   3.808,  -0.200,   4.208
202605061606,   3.878,   4.027,9999.000,9999.000,9999.000,9999.000,9999.000,9999.000,9999.000
202605061612,   3.890,   4.047,9999.000,9999.000,9999.000,9999.000,9999.000,9999.000,9999.000
202605061618,   3.896,   4.070,9999.000,9999.000,9999.000,9999.000,9999.000,9999.000,9999.000
202605061624,   3.898,   4.080,9999.000,9999.000,9999.000,9999.000,9999.000,9999.000,9999.000
202605061630,   3.895,   4.090,9999.000,9999.000,9999.000,9999.000,9999.000,9999.000,9999.000
202605061636,   3.887,   4.090,9999.000,9999.000,9999.000,9999.000,9999.000,9999.000,9999.000
202605061642,   3.874,   4.047,9999.000,9999.000,9999.000,9999.000,9999.000,9999.000,9999.000
202605061648,   3.856,   3.998,9999.000,9999.000,9999.000,9999.000,9999.000,9999.000,9999.000
202605061654,   3.833,   3.968,9999.000,9999.000,9999.000,9999.000,9999.000,9999.000,9999.000
202605061700,   3.806,   3.909,  -0.400,   0.503,   3.909,  -0.600,   3.709,  -0.200,   4.109
202605061706,   3.774,   3.870,9999.000,9999.000,9999.000,9999.000,9999.000,9999.000,9999.000
202605061712,   3.737,   3.847,9999.000,9999.000,9999.000,9999.000,9999.000,9999.000,9999.000
202605061718,   3.696,   3.860,9999.000,9999.000,9999.000,9999.000,9999.000,9999.000,9999.000
202605061724,   3.651,   3.808,9999.000,9999.000,9999.000,9999.000,9999.000,9999.000,9999.000
202605061730,   3.601,   3.758,9999.000,9999.000,9999.000,9999.000,9999.000,9999.000,9999.000
202605061736,   3.547,   3.719,9999.000,9999.000,9999.000,9999.000,9999.000,9999.000,9999.000
202605061742,   3.490,   3.588,9999.000,9999.000,9999.000,9999.000,9999.000,9999.000,9999.000
202605061748,   3.429,   3.578,9999.000,9999.000,9999.000,9999.000,9999.000,9999.000,9999.000
202605061754,   3.365,   3.529,9999.000,9999.000,9999.000,9999.000,9999.000,9999.000,9999.000
202605061800,   3.298,   3.427,  -0.400,   0.529,   3.427,  -0.600,   3.227,  -0.200,   3.627
202605061806,   3.228,   3.368,9999.000,9999.000,9999.000,9999.000,9999.000,9999.000,9999.000
202605061812,   3.156,   3.358,9999.000,9999.000,9999.000,9999.000,9999.000,9999.000,9999.000
202605061818,   3.081,   3.240,9999.000,9999.000,9999.000,9999.000,9999.000,9999.000,9999.000
202605061824,   3.005,   3.260,9999.000,9999.000,9999.000,9999.000,9999.000,9999.000,9999.000
202605061830,   2.927,   3.148,9999.000,9999.000,9999.000,9999.000,9999.000,9999.000,9999.000
202605061836,   2.848,   3.089,9999.000,9999.000,9999.000,9999.000,9999.000,9999.000,9999.000
202605061842,   2.768,   3.017,9999.000,9999.000,9999.000,9999.000,9999.000,9999.000,9999.000
202605061848,   2.687,   2.889,9999.000,9999.000,9999.000,9999.000,9999.000,9999.000,9999.000
202605061854,   2.606,   2.850,9999.000,9999.000,9999.000,9999.000,9999.000,9999.000,9999.000
202605061900,   2.525,   2.758,  -0.300,   0.533,   2.758,  -0.600,   2.458,  -0.200,   2.858
202605061906,   2.444,   2.699,9999.000,9999.000,9999.000,9999.000,9999.000,9999.000,9999.000
202605061912,   2.363,   2.630,9999.000,9999.000,9999.000,9999.000,9999.000,9999.000,9999.000
202605061918,   2.282,   2.558,9999.000,9999.000,9999.000,9999.000,9999.000,9999.000,9999.000
202605061924,   2.202,   2.509,9999.000,9999.000,9999.000,9999.000,9999.000,9999.000,9999.000
202605061930,   2.123,   2.420,9999.000,9999.000,9999.000,9999.000,9999.000,9999.000,9999.000
202605061936,   2.045,   2.328,9999.000,9999.000,9999.000,9999.000,9999.000,9999.000,9999.000
202605061942,   1.968,   2.309,9999.000,9999.000,9999.000,9999.000,9999.000,9999.000,9999.000
202605061948,   1.893,   2.250,9999.000,9999.000,9999.000,9999.000,9999.000,9999.000,9999.000
202605061954,   1.818,   2.138,9999.000,9999.000,9999.000,9999.000,9999.000,9999.000,9999.000
202605062000,   1.745,   1.981,  -0.300,   0.536,   1.981,  -0.600,   1.681,  -0.200,   2.081
202605062006,   1.673,   1.879,9999.000,9999.000,9999.000,9999.000,9999.000,9999.000,9999.000
202605062012,   1.604,   1.840,9999.000,9999.000,9999.000,9999.000,9999.000,9999.000,9999.000
202605062018,   1.535,   1.758,9999.000,9999.000,9999.000,9999.000,9999.000,9999.000,9999.000
202605062024,   1.469,   1.708,9999.000,9999.000,9999.000,9999.000,9999.000,9999.000,9999.000
202605062030,   1.405,   1.669,9999.000,9999.000,9999.000,9999.000,9999.000,9999.000,9999.000
202605062036,   1.343,   1.630,9999.000,9999.000,9999.000,9999.000,9999.000,9999.000,9999.000
202605062042,   1.283,   1.498,9999.000,9999.000,9999.000,9999.000,9999.000,9999.000,9999.000
202605062048,   1.226,   1.459,9999.000,9999.000,9999.000,9999.000,9999.000,9999.000,9999.000
202605062054,   1.171,   1.449,9999.000,9999.000,9999.000,9999.000,9999.000,9999.000,9999.000
202605062100,   1.119,   1.318,  -0.300,   0.499,   1.318,  -0.500,   1.118,  -0.200,   1.418
202605062106,   1.071,   1.298,9999.000,9999.000,9999.000,9999.000,9999.000,9999.000,9999.000
202605062112,   1.026,   1.220,9999.000,9999.000,9999.000,9999.000,9999.000,9999.000,9999.000
202605062118,   0.984,   1.151,9999.000,9999.000,9999.000,9999.000,9999.000,9999.000,9999.000
202605062124,   0.946,   1.029,9999.000,9999.000,9999.000,9999.000,9999.000,9999.000,9999.000
202605062130,   0.912,   1.010,9999.000,9999.000,9999.000,9999.000,9999.000,9999.000,9999.000
202605062136,   0.883,   1.000,9999.000,9999.000,9999.000,9999.000,9999.000,9999.000,9999.000
202605062142,   0.858,   0.951,9999.000,9999.000,9999.000,9999.000,9999.000,9999.000,9999.000
202605062148,   0.837,   0.888,9999.000,9999.000,9999.000,9999.000,9999.000,9999.000,9999.000
202605062154,   0.822,   0.849,9999.000,9999.000,9999.000,9999.000,9999.000,9999.000,9999.000
202605062200,   0.811,   0.829,  -0.300,   0.318,   0.829,  -0.500,   0.629,  -0.200,   0.929
202605062206,   0.806,   0.829,9999.000,9999.000,9999.000,9999.000,9999.000,9999.000,9999.000
202605062212,   0.805,   0.869,9999.000,9999.000,9999.000,9999.000,9999.000,9999.000,9999.000
202605062218,   0.810,   0.888,9999.000,9999.000,9999.000,9999.000,9999.000,9999.000,9999.000
202605062224,   0.821,   0.980,9999.000,9999.000,9999.000,9999.000,9999.000,9999.000,9999.000
202605062230,   0.837,   0.879,9999.000,9999.000,9999.000,9999.000,9999.000,9999.000,9999.000
202605062236,   0.858,   0.879,9999.000,9999.000,9999.000,9999.000,9999.000,9999.000,9999.000
202605062242,   0.884,   0.908,9999.000,9999.000,9999.000,9999.000,9999.000,9999.000,9999.000
202605062248,   0.915,   0.980,9999.000,9999.000,9999.000,9999.000,9999.000,9999.000,9999.000
202605062254,   0.951,   1.138,9999.000,9999.000,9999.000,9999.000,9999.000,9999.000,9999.000
202605062300,   0.992,   1.098,  -0.300,   0.406,   1.098,  -0.400,   0.998,  -0.200,   1.198
202605062306,   1.038,   1.229,9999.000,9999.000,9999.000,9999.000,9999.000,9999.000,9999.000
202605062312,   1.088,   1.210,9999.000,9999.000,9999.000,9999.000,9999.000,9999.000,9999.000
202605062318,   1.141,   1.239,9999.000,9999.000,9999.000,9999.000,9999.000,9999.000,9999.000
202605062324,   1.199,   1.328,9999.000,9999.000,9999.000,9999.000,9999.000,9999.000,9999.000
202605062330,   1.261,   1.338,9999.000,9999.000,9999.000,9999.000,9999.000,9999.000,9999.000
202605062336,   1.325,   1.420,9999.000,9999.000,9999.000,9999.000,9999.000,9999.000,9999.000
202605062342,   1.393,   1.430,9999.000,9999.000,9999.000,9999.000,9999.000,9999.000,9999.000
202605062348,   1.464,   1.508,9999.000,9999.000,9999.000,9999.000,9999.000,9999.000,9999.000
202605062354,   1.537,   1.600,9999.000,9999.000,9999.000,9999.000,9999.000,9999.000,9999.000
202605070000,   1.613,   1.649,  -0.200,   0.236,   1.649,  -0.400,   1.449,  -0.200,   1.649
202605070006,   1.691,   1.689,9999.000,9999.000,9999.000,9999.000,9999.000,9999.000,9999.000
202605070012,   1.771,   1.758,9999.000,9999.000,9999.000,9999.000,9999.000,9999.000,9999.000
202605070018,   1.853,   1.830,9999.000,9999.000,9999.000,9999.000,9999.000,9999.000,9999.000
202605070024,   1.937,   1.928,9999.000,9999.000,9999.000,9999.000,9999.000,9999.000,9999.000
202605070030,   2.022,   2.020,9999.000,9999.000,9999.000,9999.000,9999.000,9999.000,9999.000
202605070036,   2.109,   2.089,9999.000,9999.000,9999.000,9999.000,9999.000,9999.000,9999.000
202605070042,   2.197,   2.177,9999.000,9999.000,9999.000,9999.000,9999.000,9999.000,9999.000
202605070048,   2.287,   2.240,9999.000,9999.000,9999.000,9999.000,9999.000,9999.000,9999.000
202605070054,   2.378,   2.299,9999.000,9999.000,9999.000,9999.000,9999.000,9999.000,9999.000
202605070100,   2.469,   2.410,  -0.200,   0.141,   2.410,  -0.300,   2.310,  -0.100,   2.510
202605070106,   2.562,   2.528,9999.000,9999.000,9999.000,9999.000,9999.000,9999.000,9999.000
202605070112,   2.656,   2.568,9999.000,9999.000,9999.000,9999.000,9999.000,9999.000,9999.000
202605070118,   2.751,   2.738,9999.000,9999.000,9999.000,9999.000,9999.000,9999.000,9999.000
202605070124,   2.846,   2.807,9999.000,9999.000,9999.000,9999.000,9999.000,9999.000,9999.000
202605070130,   2.943,   2.919,9999.000,9999.000,9999.000,9999.000,9999.000,9999.000,9999.000
202605070136,   3.039,   3.017,9999.000,9999.000,9999.000,9999.000,9999.000,9999.000,9999.000
202605070142,   3.136,   3.119,9999.000,9999.000,9999.000,9999.000,9999.000,9999.000,9999.000
202605070148,   3.233,   3.188,9999.000,9999.000,9999.000,9999.000,9999.000,9999.000,9999.000
202605070154,   3.330,   3.319,9999.000,9999.000,9999.000,9999.000,9999.000,9999.000,9999.000
202605070200,   3.427,   3.417,  -0.200,   0.190,   3.417,  -0.300,   3.317,  -0.100,   3.517
202605070206,   3.523,   3.519,9999.000,9999.000,9999.000,9999.000,9999.000,9999.000,9999.000
202605070212,   3.618,   3.617,9999.000,9999.000,9999.000,9999.000,9999.000,9999.000,9999.000
202605070218,   3.713,   3.768,9999.000,9999.000,9999.000,9999.000,9999.000,9999.000,9999.000
202605070224,   3.806,   3.870,9999.000,9999.000,9999.000,9999.000,9999.000,9999.000,9999.000
202605070230,   3.897,   3.939,9999.000,9999.000,9999.000,9999.000,9999.000,9999.000,9999.000
202605070236,   3.987,   4.080,9999.000,9999.000,9999.000,9999.000,9999.000,9999.000,9999.000
202605070242,   4.075,   4.149,9999.000,9999.000,9999.000,9999.000,9999.000,9999.000,9999.000
202605070248,   4.160,   4.237,9999.000,9999.000,9999.000,9999.000,9999.000,9999.000,9999.000
202605070254,   4.242,   4.368,9999.000,9999.000,9999.000,9999.000,9999.000,9999.000,9999.000
202605070300,   4.322,   4.427,  -0.200,   0.305,   4.427,  -0.300,   4.327,  -0.100,   4.527
202605070306,   4.398,   4.500,9999.000,9999.000,9999.000,9999.000,9999.000,9999.000,9999.000
202605070312,   4.471,   4.637,9999.000,9999.000,9999.000,9999.000,9999.000,9999.000,9999.000
202605070318,   4.540,   4.710,9999.000,9999.000,9999.000,9999.000,9999.000,9999.000,9999.000
202605070324,   4.606,   4.798,9999.000,9999.000,9999.000,9999.000,9999.000,9999.000,9999.000
202605070330,   4.667,   4.867,9999.000,9999.000,9999.000,9999.000,9999.000,9999.000,9999.000
202605070336,   4.723,   4.939,9999.000,9999.000,9999.000,9999.000,9999.000,9999.000,9999.000
202605070342,   4.775,   5.008,9999.000,9999.000,9999.000,9999.000,9999.000,9999.000,9999.000
202605070348,   4.823,   5.077,9999.000,9999.000,9999.000,9999.000,9999.000,9999.000,9999.000
202605070354,   4.865,   5.129,9999.000,9999.000,9999.000,9999.000,9999.000,9999.000,9999.000
202605070400,   4.903,   5.198,  -0.100,   0.395,   5.198,  -0.300,   4.998,  -0.100,   5.198
202605070406,   4.935,   5.277,9999.000,9999.000,9999.000,9999.000,9999.000,9999.000,9999.000
202605070412,   4.963,   5.297,9999.000,9999.000,9999.000,9999.000,9999.000,9999.000,9999.000
202605070418,   4.985,   5.349,9999.000,9999.000,9999.000,9999.000,9999.000,9999.000,9999.000
202605070424,   5.001,   5.389,9999.000,9999.000,9999.000,9999.000,9999.000,9999.000,9999.000
202605070430,   5.012,   5.408,9999.000,9999.000,9999.000,9999.000,9999.000,9999.000,9999.000
202605070436,   5.018,   5.389,9999.000,9999.000,9999.000,9999.000,9999.000,9999.000,9999.000
202605070442,   5.018,   5.438,9999.000,9999.000,9999.000,9999.000,9999.000,9999.000,9999.000
202605070448,   5.012,   5.428,9999.000,9999.000,9999.000,9999.000,9999.000,9999.000,9999.000
202605070454,   5.001,   5.477,9999.000,9999.000,9999.000,9999.000,9999.000,9999.000,9999.000
202605070500,   4.985,   5.428,  -0.100,   0.543,   5.428,  -0.300,   5.228,   0.000,   5.528
202605070506,   4.962,   5.379,9999.000,9999.000,9999.000,9999.000,9999.000,9999.000,9999.000
202605070512,   4.935,   5.389,9999.000,9999.000,9999.000,9999.000,9999.000,9999.000,9999.000
202605070518,   4.901,   5.359,9999.000,9999.000,9999.000,9999.000,9999.000,9999.000,9999.000
202605070524,   4.863,   5.329,9999.000,9999.000,9999.000,9999.000,9999.000,9999.000,9999.000
202605070530,   4.819,   5.287,9999.000,9999.000,9999.000,9999.000,9999.000,9999.000,9999.000
202605070536,   4.770,   5.238,9999.000,9999.000,9999.000,9999.000,9999.000,9999.000,9999.000
202605070542,   4.715,   5.159,9999.000,9999.000,9999.000,9999.000,9999.000,9999.000,9999.000
202605070548,   4.656,   5.129,9999.000,9999.000,9999.000,9999.000,9999.000,9999.000,9999.000
202605070554,   4.593,   5.110,9999.000,9999.000,9999.000,9999.000,9999.000,9999.000,9999.000
202605070600,   4.524,   5.077,  -0.100,   0.653,   5.077,  -0.200,   4.977,   0.000,   5.177
202605070606,   4.452,   4.988,9999.000,9999.000,9999.000,9999.000,9999.000,9999.000,9999.000
202605070612,   4.375,   4.877,9999.000,9999.000,9999.000,9999.000,9999.000,9999.000,9999.000
202605070618,   4.295,   4.818,9999.000,9999.000,9999.000,9999.000,9999.000,9999.000,9999.000
202605070624,   4.211,   4.778,9999.000,9999.000,9999.000,9999.000,9999.000,9999.000,9999.000
202605070630,   4.124,   4.729,9999.000,9999.000,9999.000,9999.000,9999.000,9999.000,9999.000
202605070636,   4.035,   4.690,9999.000,9999.000,9999.000,9999.000,9999.000,9999.000,9999.000
202605070642,   3.942,   4.578,9999.000,9999.000,9999.000,9999.000,9999.000,9999.000,9999.000
202605070648,   3.848,   4.447,9999.000,9999.000,9999.000,9999.000,9999.000,9999.000,9999.000
202605070654,   3.752,   4.388,9999.000,9999.000,9999.000,9999.000,9999.000,9999.000,9999.000
202605070700,   3.654,   4.329,  -0.100,   0.775,   4.329,  -0.200,   4.229,   0.000,   4.429
202605070706,   3.554,   4.218,9999.000,9999.000,9999.000,9999.000,9999.000,9999.000,9999.000
202605070712,   3.454,   4.119,9999.000,9999.000,9999.000,9999.000,9999.000,9999.000,9999.000
202605070718,   3.353,   4.037,9999.000,9999.000,9999.000,9999.000,9999.000,9999.000,9999.000
202605070724,   3.252,   3.909,9999.000,9999.000,9999.000,9999.000,9999.000,9999.000,9999.000
202605070730,   3.150,   3.778,9999.000,9999.000,9999.000,9999.000,9999.000,9999.000,9999.000
202605070736,   3.049,   3.719,9999.000,9999.000,9999.000,9999.000,9999.000,9999.000,9999.000
202605070742,   2.948,   3.670,9999.000,9999.000,9999.000,9999.000,9999.000,9999.000,9999.000
202605070748,   2.847,   3.568,9999.000,9999.000,9999.000,9999.000,9999.000,9999.000,9999.000
202605070754,   2.747,   3.499,9999.000,9999.000,9999.000,9999.000,9999.000,9999.000,9999.000
202605070800,   2.647,   3.398,   0.000,   0.751,   3.398,  -0.100,   3.298,   0.000,   3.398
202605070806,   2.549,   3.129,9999.000,9999.000,9999.000,9999.000,9999.000,9999.000,9999.000
202605070812,   2.451,   3.017,9999.000,9999.000,9999.000,9999.000,9999.000,9999.000,9999.000
202605070818,   2.355,   2.909,9999.000,9999.000,9999.000,9999.000,9999.000,9999.000,9999.000
202605070824,   2.259,   2.787,9999.000,9999.000,9999.000,9999.000,9999.000,9999.000,9999.000
202605070830,   2.166,   2.728,9999.000,9999.000,9999.000,9999.000,9999.000,9999.000,9999.000
202605070836,   2.073,   2.650,9999.000,9999.000,9999.000,9999.000,9999.000,9999.000,9999.000
202605070842,   1.983,   2.538,9999.000,9999.000,9999.000,9999.000,9999.000,9999.000,9999.000
202605070848,   1.894,   2.430,9999.000,9999.000,9999.000,9999.000,9999.000,9999.000,9999.000
202605070854,   1.807,   2.338,9999.000,9999.000,9999.000,9999.000,9999.000,9999.000,9999.000
202605070900,   1.721,   2.279,   0.000,   0.558,   2.279,  -0.100,   2.179,   0.000,   2.279
202605070906,   1.639,   2.220,9999.000,9999.000,9999.000,9999.000,9999.000,9999.000,9999.000
202605070912,   1.558,   2.128,9999.000,9999.000,9999.000,9999.000,9999.000,9999.000,9999.000
202605070918,   1.480,   1.981,9999.000,9999.000,9999.000,9999.000,9999.000,9999.000,9999.000
202605070924,   1.404,   1.869,9999.000,9999.000,9999.000,9999.000,9999.000,9999.000,9999.000
202605070930,   1.332,   1.810,9999.000,9999.000,9999.000,9999.000,9999.000,9999.000,9999.000
202605070936,   1.263,   1.708,9999.000,9999.000,9999.000,9999.000,9999.000,9999.000,9999.000
202605070942,   1.197,   1.630,9999.000,9999.000,9999.000,9999.000,9999.000,9999.000,9999.000
202605070948,   1.135,   1.548,9999.000,9999.000,9999.000,9999.000,9999.000,9999.000,9999.000
202605070954,   1.076,   1.489,9999.000,9999.000,9999.000,9999.000,9999.000,9999.000,9999.000
202605071000,   1.022,   1.439,   0.000,   0.417,   1.439,  -0.100,   1.339,   0.000,   1.439
202605071006,   0.972,   1.400,9999.000,9999.000,9999.000,9999.000,9999.000,9999.000,9999.000
202605071012,   0.926,   1.361,9999.000,9999.000,9999.000,9999.000,9999.000,9999.000,9999.000
202605071018,   0.886,   1.348,9999.000,9999.000,9999.000,9999.000,9999.000,9999.000,9999.000
202605071024,   0.850,   1.328,9999.000,9999.000,9999.000,9999.000,9999.000,9999.000,9999.000
202605071030,   0.819,   1.229,9999.000,9999.000,9999.000,9999.000,9999.000,9999.000,9999.000
202605071036,   0.793,   1.269,9999.000,9999.000,9999.000,9999.000,9999.000,9999.000,9999.000
202605071042,   0.772,   1.318,9999.000,9999.000,9999.000,9999.000,9999.000,9999.000,9999.000
202605071048,   0.757,   1.210,9999.000,9999.000,9999.000,9999.000,9999.000,9999.000,9999.000
202605071054,   0.747,   1.190,9999.000,9999.000,9999.000,9999.000,9999.000,9999.000,9999.000
202605071100,   0.742,   1.210,   0.000,   0.468,   1.210,  -0.100,   1.110,   0.000,   1.210
202605071106,   0.742,   1.108,9999.000,9999.000,9999.000,9999.000,9999.000,9999.000,9999.000
202605071112,   0.747,   1.138,9999.000,9999.000,9999.000,9999.000,9999.000,9999.000,9999.000
202605071118,   0.757,   1.118,9999.000,9999.000,9999.000,9999.000,9999.000,9999.000,9999.000
202605071124,   0.771,   1.098,9999.000,9999.000,9999.000,9999.000,9999.000,9999.000,9999.000
202605071130,   0.790,   1.108,9999.000,9999.000,9999.000,9999.000,9999.000,9999.000,9999.000
202605071136,   0.814,   1.118,9999.000,9999.000,9999.000,9999.000,9999.000,9999.000,9999.000
202605071142,   0.841,   1.190,9999.000,9999.000,9999.000,9999.000,9999.000,9999.000,9999.000
202605071148,   0.873,   1.161,9999.000,9999.000,9999.000,9999.000,9999.000,9999.000,9999.000
202605071154,   0.908,   1.210,9999.000,9999.000,9999.000,9999.000,9999.000,9999.000,9999.000
202605071200,   0.946,   1.229,   0.100,   0.183,   1.229,   0.000,   1.129,   0.200,   1.329
202605071206,   0.987,   1.229,9999.000,9999.000,9999.000,9999.000,9999.000,9999.000,9999.000
202605071212,   1.032,   1.338,9999.000,9999.000,9999.000,9999.000,9999.000,9999.000,9999.000
202605071218,   1.079,   1.410,9999.000,9999.000,9999.000,9999.000,9999.000,9999.000,9999.000
202605071224,   1.129,   1.430,9999.000,9999.000,9999.000,9999.000,9999.000,9999.000,9999.000
202605071230,   1.181,   1.479,9999.000,9999.000,9999.000,9999.000,9999.000,9999.000,9999.000
202605071236,   1.235,   1.548,9999.000,9999.000,9999.000,9999.000,9999.000,9999.000,9999.000
202605071242,   1.291,   1.571,9999.000,9999.000,9999.000,9999.000,9999.000,9999.000,9999.000
202605071248,   1.349,   1.649,9999.000,9999.000,9999.000,9999.000,9999.000,9999.000,9999.000
202605071254,   1.409,   1.790,9999.000,9999.000,9999.000,9999.000,9999.000,9999.000,9999.000
202605071300,   1.470,   1.869,   0.100,   0.299,   1.869,   0.100,   1.869,   0.200,   1.969
202605071306,   1.533,   1.918,9999.000,9999.000,9999.000,9999.000,9999.000,9999.000,9999.000
202605071312,   1.598,   2.010,9999.000,9999.000,9999.000,9999.000,9999.000,9999.000,9999.000
202605071318,   1.664,   2.118,9999.000,9999.000,9999.000,9999.000,9999.000,9999.000,9999.000
202605071324,   1.731,   2.191,9999.000,9999.000,9999.000,9999.000,9999.000,9999.000,9999.000
202605071330,   1.800,   2.259,9999.000,9999.000,9999.000,9999.000,9999.000,9999.000,9999.000
202605071336,   1.870,   2.387,9999.000,9999.000,9999.000,9999.000,9999.000,9999.000,9999.000
202605071342,   1.941,   2.450,9999.000,9999.000,9999.000,9999.000,9999.000,9999.000,9999.000
202605071348,   2.013,   2.597,9999.000,9999.000,9999.000,9999.000,9999.000,9999.000,9999.000
202605071354,   2.087,   2.709,9999.000,9999.000,9999.000,9999.000,9999.000,9999.000,9999.000
202605071400,   2.161,   2.758,   0.100,   0.497,   2.758,   0.100,   2.758,   0.200,   2.858
202605071406,   2.236,   2.860,9999.000,9999.000,9999.000,9999.000,9999.000,9999.000,9999.000
202605071412,   2.311,   2.929,9999.000,9999.000,9999.000,9999.000,9999.000,9999.000,9999.000
202605071418,   2.387,   3.070,9999.000,9999.000,9999.000,9999.000,9999.000,9999.000,9999.000
202605071424,   2.464,   3.168,9999.000,9999.000,9999.000,9999.000,9999.000,9999.000,9999.000
202605071430,   2.540,   3.279,9999.000,9999.000,9999.000,9999.000,9999.000,9999.000,9999.000
202605071436,   2.616,   3.299,9999.000,9999.000,9999.000,9999.000,9999.000,9999.000,9999.000
202605071442,   2.692,   3.440,9999.000,9999.000,9999.000,9999.000,9999.000,9999.000,9999.000
202605071448,   2.767,   3.529,9999.000,9999.000,9999.000,9999.000,9999.000,9999.000,9999.000
202605071454,   2.842,   3.568,9999.000,9999.000,9999.000,9999.000,9999.000,9999.000,9999.000
202605071500,   2.915,   3.758,   0.200,   0.643,   3.758,   0.100,   3.658,   0.200,   3.758
202605071506,   2.987,   3.719,9999.000,9999.000,9999.000,9999.000,9999.000,9999.000,9999.000
202605071512,   3.057,   3.749,9999.000,9999.000,9999.000,9999.000,9999.000,9999.000,9999.000
202605071518,   3.126,   3.827,9999.000,9999.000,9999.000,9999.000,9999.000,9999.000,9999.000
202605071524,   3.192,   3.929,9999.000,9999.000,9999.000,9999.000,9999.000,9999.000,9999.000
202605071530,   3.256,   4.027,9999.000,9999.000,9999.000,9999.000,9999.000,9999.000,9999.000
202605071536,   3.318,   4.070,9999.000,9999.000,9999.000,9999.000,9999.000,9999.000,9999.000
202605071542,   3.376,   4.129,9999.000,9999.000,9999.000,9999.000,9999.000,9999.000,9999.000
202605071548,   3.432,   4.159,9999.000,9999.000,9999.000,9999.000,9999.000,9999.000,9999.000
202605071554,   3.485,   4.290,9999.000,9999.000,9999.000,9999.000,9999.000,9999.000,9999.000
202605071600,   3.534,   4.457,   0.300,   0.623,   4.457,   0.200,   4.357,   0.300,   4.457
202605071606,   3.579,   4.388,9999.000,9999.000,9999.000,9999.000,9999.000,9999.000,9999.000
202605071612,   3.621,   4.339,9999.000,9999.000,9999.000,9999.000,9999.000,9999.000,9999.000
202605071618,   3.659,   4.359,9999.000,9999.000,9999.000,9999.000,9999.000,9999.000,9999.000
202605071624,   3.693,   4.378,9999.000,9999.000,9999.000,9999.000,9999.000,9999.000,9999.000
202605071630,   3.723,   4.437,9999.000,9999.000,9999.000,9999.000,9999.000,9999.000,9999.000
202605071636,   3.749,   4.549,9999.000,9999.000,9999.000,9999.000,9999.000,9999.000,9999.000
202605071642,   3.770,   4.490,9999.000,9999.000,9999.000,9999.000,9999.000,9999.000,9999.000
202605071648,   3.787,   4.549,9999.000,9999.000,9999.000,9999.000,9999.000,9999.000,9999.000
202605071654,   3.800,   4.539,9999.000,9999.000,9999.000,9999.000,9999.000,9999.000,9999.000
202605071700,   3.809,   4.539,   0.300,   0.430,   4.539,   0.300,   4.539,   0.400,   4.639
202605071706,   3.812,   4.578,9999.000,9999.000,9999.000,9999.000,9999.000,9999.000,9999.000
202605071712,   3.812,   4.637,9999.000,9999.000,9999.000,9999.000,9999.000,9999.000,9999.000
202605071718,   3.807,   4.559,9999.000,9999.000,9999.000,9999.000,9999.000,9999.000,9999.000
202605071724,   3.797,   4.388,9999.000,9999.000,9999.000,9999.000,9999.000,9999.000,9999.000
202605071730,   3.783,   4.418,9999.000,9999.000,9999.000,9999.000,9999.000,9999.000,9999.000
202605071736,   3.764,   4.418,9999.000,9999.000,9999.000,9999.000,9999.000,9999.000,9999.000
202605071742,   3.741,   4.319,9999.000,9999.000,9999.000,9999.000,9999.000,9999.000,9999.000
202605071748,   3.714,   4.339,9999.000,9999.000,9999.000,9999.000,9999.000,9999.000,9999.000
202605071754,   3.682,   4.218,9999.000,9999.000,9999.000,9999.000,9999.000,9999.000,9999.000
202605071800,   3.646,   4.178,   0.400,   0.132,   4.178,   0.400,   4.178,   0.500,   4.278
202605071806,   3.606,   4.198,9999.000,9999.000,9999.000,9999.000,9999.000,9999.000,9999.000
202605071812,   3.561,   4.198,9999.000,9999.000,9999.000,9999.000,9999.000,9999.000,9999.000
202605071818,   3.514,   4.070,9999.000,9999.000,9999.000,9999.000,9999.000,9999.000,9999.000
202605071824,   3.462,   4.208,9999.000,9999.000,9999.000,9999.000,9999.000,9999.000,9999.000
202605071830,   3.407,   3.929,9999.000,9999.000,9999.000,9999.000,9999.000,9999.000,9999.000
202605071836,   3.349,   3.880,9999.000,9999.000,9999.000,9999.000,9999.000,9999.000,9999.000
202605071842,   3.288,   3.880,9999.000,9999.000,9999.000,9999.000,9999.000,9999.000,9999.000
202605071848,   3.224,   3.909,9999.000,9999.000,9999.000,9999.000,9999.000,9999.000,9999.000
202605071854,   3.158,   3.808,9999.000,9999.000,9999.000,9999.000,9999.000,9999.000,9999.000
202605071900,   3.089,   3.749,   0.500,   0.160,   3.749,   0.400,   3.649,   0.500,   3.749
202605071906,   3.019,   3.689,9999.000,9999.000,9999.000,9999.000,9999.000,9999.000,9999.000
202605071912,   2.947,   3.548,9999.000,9999.000,9999.000,9999.000,9999.000,9999.000,9999.000
202605071918,   2.874,   3.440,9999.000,9999.000,9999.000,9999.000,9999.000,9999.000,9999.000
202605071924,   2.800,   3.309,9999.000,9999.000,9999.000,9999.000,9999.000,9999.000,9999.000
202605071930,   2.725,   3.348,9999.000,9999.000,9999.000,9999.000,9999.000,9999.000,9999.000
202605071936,   2.649,   3.309,9999.000,9999.000,9999.000,9999.000,9999.000,9999.000,9999.000
202605071942,   2.573,   3.230,9999.000,9999.000,9999.000,9999.000,9999.000,9999.000,9999.000
202605071948,   2.497,   3.270,9999.000,9999.000,9999.000,9999.000,9999.000,9999.000,9999.000
202605071954,   2.422,   3.089,9999.000,9999.000,9999.000,9999.000,9999.000,9999.000,9999.000
202605072000,   2.347,   2.909,   0.500,   0.062,   2.909,   0.400,   2.809,   0.500,   2.909
202605072006,   2.272,   2.948,9999.000,9999.000,9999.000,9999.000,9999.000,9999.000,9999.000
202605072012,   2.198,   2.787,9999.000,9999.000,9999.000,9999.000,9999.000,9999.000,9999.000
202605072018,   2.125,   2.768,9999.000,9999.000,9999.000,9999.000,9999.000,9999.000,9999.000
202605072024,   2.053,   2.738,9999.000,9999.000,9999.000,9999.000,9999.000,9999.000,9999.000
202605072030,   1.982,   2.660,9999.000,9999.000,9999.000,9999.000,9999.000,9999.000,9999.000
202605072036,   1.913,   2.610,9999.000,9999.000,9999.000,9999.000,9999.000,9999.000,9999.000
202605072042,   1.844,   2.459,9999.000,9999.000,9999.000,9999.000,9999.000,9999.000,9999.000
202605072048,   1.777,   2.348,9999.000,9999.000,9999.000,9999.000,9999.000,9999.000,9999.000
202605072054,   1.712,   2.220,9999.000,9999.000,9999.000,9999.000,9999.000,9999.000,9999.000
202605072100,   1.648,   2.250,   0.500,   0.102,   2.250,   0.500,   2.250,   0.600,   2.350
202605072106,   1.586,   2.079,9999.000,9999.000,9999.000,9999.000,9999.000,9999.000,9999.000
202605072112,   1.525,   1.938,9999.000,9999.000,9999.000,9999.000,9999.000,9999.000,9999.000
202605072118,   1.467,   2.030,9999.000,9999.000,9999.000,9999.000,9999.000,9999.000,9999.000
202605072124,   1.410,   1.990,9999.000,9999.000,9999.000,9999.000,9999.000,9999.000,9999.000
202605072130,   1.355,   1.810,9999.000,9999.000,9999.000,9999.000,9999.000,9999.000,9999.000
202605072136,   1.303,   1.767,9999.000,9999.000,9999.000,9999.000,9999.000,9999.000,9999.000
202605072142,   1.253,   1.758,9999.000,9999.000,9999.000,9999.000,9999.000,9999.000,9999.000
202605072148,   1.206,   1.708,9999.000,9999.000,9999.000,9999.000,9999.000,9999.000,9999.000
202605072154,   1.161,   1.649,9999.000,9999.000,9999.000,9999.000,9999.000,9999.000,9999.000
202605072200,   1.120,   1.439,   0.500,  -0.181,   1.439,   0.500,   1.439,   0.600,   1.539
202605072206,   1.082,   1.528,9999.000,9999.000,9999.000,9999.000,9999.000,9999.000,9999.000
202605072212,   1.047,   1.659,9999.000,9999.000,9999.000,9999.000,9999.000,9999.000,9999.000
202605072218,   1.016,   1.439,9999.000,9999.000,9999.000,9999.000,9999.000,9999.000,9999.000
202605072224,   0.989,   1.279,9999.000,9999.000,9999.000,9999.000,9999.000,9999.000,9999.000
202605072230,   0.966,   1.571,9999.000,9999.000,9999.000,9999.000,9999.000,9999.000,9999.000
202605072236,   0.947,   1.469,9999.000,9999.000,9999.000,9999.000,9999.000,9999.000,9999.000
202605072242,   0.933,   1.489,9999.000,9999.000,9999.000,9999.000,9999.000,9999.000,9999.000
202605072248,   0.923,   1.580,9999.000,9999.000,9999.000,9999.000,9999.000,9999.000,9999.000
202605072254,   0.918,   1.610,9999.000,9999.000,9999.000,9999.000,9999.000,9999.000,9999.000
202605072300,   0.919,   1.361,   0.500,  -0.058,   1.361,   0.500,   1.361,   0.600,   1.461
202605072306,   0.924,   1.361,9999.000,9999.000,9999.000,9999.000,9999.000,9999.000,9999.000
202605072312,   0.934,   1.557,9999.000,9999.000,9999.000,9999.000,9999.000,9999.000,9999.000
202605072318,   0.949,   1.459,9999.000,9999.000,9999.000,9999.000,9999.000,9999.000,9999.000
202605072324,   0.969,   1.590,9999.000,9999.000,9999.000,9999.000,9999.000,9999.000,9999.000
202605072330,   0.994,   1.679,9999.000,9999.000,9999.000,9999.000,9999.000,9999.000,9999.000
202605072336,   1.024,   1.748,9999.000,9999.000,9999.000,9999.000,9999.000,9999.000,9999.000
202605072342,   1.059,   1.590,9999.000,9999.000,9999.000,9999.000,9999.000,9999.000,9999.000
202605072348,   1.098,   1.781,9999.000,9999.000,9999.000,9999.000,9999.000,9999.000,9999.000
202605072354,   1.141,   1.908,9999.000,9999.000,9999.000,9999.000,9999.000,9999.000,9999.000
202605080000,   1.189,   1.790,   0.500,   0.101,   1.790,   0.500,   1.790,   0.500,   1.790
202605080006,   1.241,   1.958,9999.000,9999.000,9999.000,9999.000,9999.000,9999.000,9999.000
202605080012,   1.296,   1.889,9999.000,9999.000,9999.000,9999.000,9999.000,9999.000,9999.000
202605080018,   1.354,   1.840,9999.000,9999.000,9999.000,9999.000,9999.000,9999.000,9999.000
202605080024,   1.416,   1.948,9999.000,9999.000,9999.000,9999.000,9999.000,9999.000,9999.000
202605080030,   1.481,   2.200,9999.000,9999.000,9999.000,9999.000,9999.000,9999.000,9999.000
202605080036,   1.548,   2.158,9999.000,9999.000,9999.000,9999.000,9999.000,9999.000,9999.000
202605080042,   1.618,   2.230,9999.000,9999.000,9999.000,9999.000,9999.000,9999.000,9999.000
202605080048,   1.690,   2.509,9999.000,9999.000,9999.000,9999.000,9999.000,9999.000,9999.000
202605080054,   1.765,   2.420,9999.000,9999.000,9999.000,9999.000,9999.000,9999.000,9999.000
202605080100,   1.841,   2.420,   0.500,   0.079,   2.420,   0.500,   2.420,   0.500,   2.420
202605080106,   1.919,   2.519,9999.000,9999.000,9999.000,9999.000,9999.000,9999.000,9999.000
202605080112,   1.998,   2.610,9999.000,9999.000,9999.000,9999.000,9999.000,9999.000,9999.000
202605080118,   2.079,   2.610,9999.000,9999.000,9999.000,9999.000,9999.000,9999.000,9999.000
202605080124,   2.161,   2.709,9999.000,9999.000,9999.000,9999.000,9999.000,9999.000,9999.000
202605080130,   2.244,   2.728,9999.000,9999.000,9999.000,9999.000,9999.000,9999.000,9999.000
202605080136,   2.329,   2.948,9999.000,9999.000,9999.000,9999.000,9999.000,9999.000,9999.000
202605080142,   2.415,   3.030,9999.000,9999.000,9999.000,9999.000,9999.000,9999.000,9999.000
202605080148,   2.501,   3.050,9999.000,9999.000,9999.000,9999.000,9999.000,9999.000,9999.000
202605080154,   2.589,   3.250,9999.000,9999.000,9999.000,9999.000,9999.000,9999.000,9999.000
202605080200,   2.677,   3.309,   0.500,   0.132,   3.309,   0.500,   3.309,   0.600,   3.409
202605080206,   2.766,   3.358,9999.000,9999.000,9999.000,9999.000,9999.000,9999.000,9999.000
202605080212,   2.855,   3.450,9999.000,9999.000,9999.000,9999.000,9999.000,9999.000,9999.000
202605080218,   2.945,   3.650,9999.000,9999.000,9999.000,9999.000,9999.000,9999.000,9999.000
202605080224,   3.036,   3.617,9999.000,9999.000,9999.000,9999.000,9999.000,9999.000,9999.000
202605080230,   3.127,   3.650,9999.000,9999.000,9999.000,9999.000,9999.000,9999.000,9999.000
202605080236,   3.217,   3.909,9999.000,9999.000,9999.000,9999.000,9999.000,9999.000,9999.000
202605080242,   3.308,   4.027,9999.000,9999.000,9999.000,9999.000,9999.000,9999.000,9999.000
202605080248,   3.398,   3.968,9999.000,9999.000,9999.000,9999.000,9999.000,9999.000,9999.000
202605080254,   3.488,   4.198,9999.000,9999.000,9999.000,9999.000,9999.000,9999.000,9999.000
202605080300,   3.578,   4.329,   0.500,   0.251,   4.329,   0.500,   4.329,   0.600,   4.429
202605080306,   3.666,   4.280,9999.000,9999.000,9999.000,9999.000,9999.000,9999.000,9999.000
202605080312,   3.753,   4.378,9999.000,9999.000,9999.000,9999.000,9999.000,9999.000,9999.000
202605080318,   3.838,   4.588,9999.000,9999.000,9999.000,9999.000,9999.000,9999.000,9999.000
202605080324,   3.922,   4.598,9999.000,9999.000,9999.000,9999.000,9999.000,9999.000,9999.000
202605080330,   4.004,   4.667,9999.000,9999.000,9999.000,9999.000,9999.000,9999.000,9999.000
202605080336,   4.083,   4.690,9999.000,9999.000,9999.000,9999.000,9999.000,9999.000,9999.000
202605080342,   4.160,   4.857,9999.000,9999.000,9999.000,9999.000,9999.000,9999.000,9999.000
202605080348,   4.235,   4.900,9999.000,9999.000,9999.000,9999.000,9999.000,9999.000,9999.000
202605080354,   4.306,   4.939,9999.000,9999.000,9999.000,9999.000,9999.000,9999.000,9999.000
202605080400,   4.373,   5.047,   0.500,   0.174,   5.047,   0.500,   5.047,   0.600,   5.147
202605080406,   4.438,   5.188,9999.000,9999.000,9999.000,9999.000,9999.000,9999.000,9999.000
202605080412,   4.498,   5.257,9999.000,9999.000,9999.000,9999.000,9999.000,9999.000,9999.000
202605080418,   4.555,   5.287,9999.000,9999.000,9999.000,9999.000,9999.000,9999.000,9999.000
202605080424,   4.607,   5.379,9999.000,9999.000,9999.000,9999.000,9999.000,9999.000,9999.000
202605080430,   4.655,   5.277,9999.000,9999.000,9999.000,9999.000,9999.000,9999.000,9999.000
202605080436,   4.699,   5.339,9999.000,9999.000,9999.000,9999.000,9999.000,9999.000,9999.000
202605080442,   4.738,   5.398,9999.000,9999.000,9999.000,9999.000,9999.000,9999.000,9999.000
202605080448,   4.773,   5.398,9999.000,9999.000,9999.000,9999.000,9999.000,9999.000,9999.000
202605080454,   4.802,   5.448,9999.000,9999.000,9999.000,9999.000,9999.000,9999.000,9999.000
202605080500,   4.827,   5.467,   0.500,   0.140,   5.467,   0.400,   5.367,   0.500,   5.467
202605080506,   4.847,   5.539,9999.000,9999.000,9999.000,9999.000,9999.000,9999.000,9999.000
202605080512,   4.861,   5.530,9999.000,9999.000,9999.000,9999.000,9999.000,9999.000,9999.000
202605080518,   4.871,   5.516,9999.000,9999.000,9999.000,9999.000,9999.000,9999.000,9999.000
202605080524,   4.875,   5.418,9999.000,9999.000,9999.000,9999.000,9999.000,9999.000,9999.000
202605080530,   4.874,   5.438,9999.000,9999.000,9999.000,9999.000,9999.000,9999.000,9999.000
202605080536,   4.868,   5.516,9999.000,9999.000,9999.000,9999.000,9999.000,9999.000,9999.000
202605080542,   4.857,   5.569,9999.000,9999.000,9999.000,9999.000,9999.000,9999.000,9999.000
202605080548,   4.840,   5.539,9999.000,9999.000,9999.000,9999.000,9999.000,9999.000,9999.000
202605080554,   4.818,   5.398,9999.000,9999.000,9999.000,9999.000,9999.000,9999.000,9999.000
202605080600,   4.791,   5.418,   0.400,   0.227,   5.418,   0.300,   5.318,   0.500,   5.518
202605080606,   4.759,   5.438,9999.000,9999.000,9999.000,9999.000,9999.000,9999.000,9999.000
202605080612,   4.722,   5.247,9999.000,9999.000,9999.000,9999.000,9999.000,9999.000,9999.000
202605080618,   4.680,   5.297,9999.000,9999.000,9999.000,9999.000,9999.000,9999.000,9999.000
202605080624,   4.633,   5.267,9999.000,9999.000,9999.000,9999.000,9999.000,9999.000,9999.000
202605080630,   4.581,   5.218,9999.000,9999.000,9999.000,9999.000,9999.000,9999.000,9999.000
202605080636,   4.525,   5.208,9999.000,9999.000,9999.000,9999.000,9999.000,9999.000,9999.000
202605080642,   4.464,   5.198,9999.000,9999.000,9999.000,9999.000,9999.000,9999.000,9999.000
202605080648,   4.399,   5.067,9999.000,9999.000,9999.000,9999.000,9999.000,9999.000,9999.000
202605080654,   4.330,   4.919,9999.000,9999.000,9999.000,9999.000,9999.000,9999.000,9999.000
202605080700,   4.257,   4.900,   0.400,   0.243,   4.900,   0.300,   4.800,   0.400,   4.900
202605080706,   4.181,   4.788,9999.000,9999.000,9999.000,9999.000,9999.000,9999.000,9999.000
202605080712,   4.102,   4.608,9999.000,9999.000,9999.000,9999.000,9999.000,9999.000,9999.000
202605080718,   4.019,   4.447,9999.000,9999.000,9999.000,9999.000,9999.000,9999.000,9999.000
202605080724,   3.934,   4.447,9999.000,9999.000,9999.000,9999.000,9999.000,9999.000,9999.000
202605080730,   3.847,   4.329,9999.000,9999.000,9999.000,9999.000,9999.000,9999.000,9999.000
202605080736,   3.757,   4.290,9999.000,9999.000,9999.000,9999.000,9999.000,9999.000,9999.000
202605080742,   3.666,   4.218,9999.000,9999.000,9999.000,9999.000,9999.000,9999.000,9999.000
202605080748,   3.573,   4.149,9999.000,9999.000,9999.000,9999.000,9999.000,9999.000,9999.000
202605080754,   3.479,   4.017,9999.000,9999.000,9999.000,9999.000,9999.000,9999.000,9999.000
202605080800,   3.384,   3.968,   0.300,   0.284,   3.968,   0.200,   3.868,   0.400,   4.068
202605080806,   3.289,   3.949,9999.000,9999.000,9999.000,9999.000,9999.000,9999.000,9999.000
202605080812,   3.193,   3.860,9999.000,9999.000,9999.000,9999.000,9999.000,9999.000,9999.000
202605080818,   3.097,   3.670,9999.000,9999.000,9999.000,9999.000,9999.000,9999.000,9999.000
202605080824,   3.001,   3.529,9999.000,9999.000,9999.000,9999.000,9999.000,9999.000,9999.000
202605080830,   2.905,   3.460,9999.000,9999.000,9999.000,9999.000,9999.000,9999.000,9999.000
202605080836,   2.810,   3.348,9999.000,9999.000,9999.000,9999.000,9999.000,9999.000,9999.000
202605080842,   2.716,   3.230,9999.000,9999.000,9999.000,9999.000,9999.000,9999.000,9999.000
202605080848,   2.622,   3.168,9999.000,9999.000,9999.000,9999.000,9999.000,9999.000,9999.000
202605080854,   2.529,   3.017,9999.000,9999.000,9999.000,9999.000,9999.000,9999.000,9999.000
202605080900,   2.437,   3.007,   0.300,   0.270,   3.007,   0.200,   2.907,   0.400,   3.107
202605080906,   2.346,   2.899,9999.000,9999.000,9999.000,9999.000,9999.000,9999.000,9999.000
202605080912,   2.256,   2.699,9999.000,9999.000,9999.000,9999.000,9999.000,9999.000,9999.000
202605080918,   2.168,   2.660,9999.000,9999.000,9999.000,9999.000,9999.000,9999.000,9999.000
202605080924,   2.081,   2.558,9999.000,9999.000,9999.000,9999.000,9999.000,9999.000,9999.000
202605080930,   1.995,   2.489,9999.000,9999.000,9999.000,9999.000,9999.000,9999.000,9999.000
202605080936,   1.912,   2.269,9999.000,9999.000,9999.000,9999.000,9999.000,9999.000,9999.000
202605080942,   1.829,   2.259,9999.000,9999.000,9999.000,9999.000,9999.000,9999.000,9999.000
202605080948,   1.749,   2.089,9999.000,9999.000,9999.000,9999.000,9999.000,9999.000,9999.000
202605080954,   1.670,   2.049,9999.000,9999.000,9999.000,9999.000,9999.000,9999.000,9999.000
202605081000,   1.594,   2.010,   0.300,   0.116,   2.010,   0.200,   1.910,   0.300,   2.010
202605081006,   1.520,   1.899,9999.000,9999.000,9999.000,9999.000,9999.000,9999.000,9999.000
202605081012,   1.449,   1.830,9999.000,9999.000,9999.000,9999.000,9999.000,9999.000,9999.000
202605081018,   1.380,   1.659,9999.000,9999.000,9999.000,9999.000,9999.000,9999.000,9999.000
202605081024,   1.314,   1.718,9999.000,9999.000,9999.000,9999.000,9999.000,9999.000,9999.000
202605081030,   1.251,   1.590,9999.000,9999.000,9999.000,9999.000,9999.000,9999.000,9999.000
202605081036,   1.192,   1.518,9999.000,9999.000,9999.000,9999.000,9999.000,9999.000,9999.000
202605081042,   1.136,   1.548,9999.000,9999.000,9999.000,9999.000,9999.000,9999.000,9999.000
202605081048,   1.084,   1.410,9999.000,9999.000,9999.000,9999.000,9999.000,9999.000,9999.000
202605081054,   1.036,   1.328,9999.000,9999.000,9999.000,9999.000,9999.000,9999.000,9999.000
202605081100,   0.992,   1.239,   0.300,  -0.053,   1.239,   0.200,   1.139,   0.300,   1.239
202605081106,   0.953,   1.259,9999.000,9999.000,9999.000,9999.000,9999.000,9999.000,9999.000
202605081112,   0.918,   1.259,9999.000,9999.000,9999.000,9999.000,9999.000,9999.000,9999.000
202605081118,   0.888,   1.190,9999.000,9999.000,9999.000,9999.000,9999.000,9999.000,9999.000
202605081124,   0.863,   1.400,9999.000,9999.000,9999.000,9999.000,9999.000,9999.000,9999.000
202605081130,   0.843,   1.180,9999.000,9999.000,9999.000,9999.000,9999.000,9999.000,9999.000
202605081136,   0.828,   1.200,9999.000,9999.000,9999.000,9999.000,9999.000,9999.000,9999.000
202605081142,   0.818,   1.259,9999.000,9999.000,9999.000,9999.000,9999.000,9999.000,9999.000
202605081148,   0.813,   1.298,9999.000,9999.000,9999.000,9999.000,9999.000,9999.000,9999.000
202605081154,   0.813,   1.269,9999.000,9999.000,9999.000,9999.000,9999.000,9999.000,9999.000
202605081200,   0.818,   1.269,   0.300,   0.151,   1.269,   0.300,   1.269,   0.400,   1.369
202605081206,   0.827,   1.328,9999.000,9999.000,9999.000,9999.000,9999.000,9999.000,9999.000
202605081212,   0.841,   1.190,9999.000,9999.000,9999.000,9999.000,9999.000,9999.000,9999.000
202605081218,   0.860,   1.249,9999.000,9999.000,9999.000,9999.000,9999.000,9999.000,9999.000
202605081224,   0.882,   1.318,9999.000,9999.000,9999.000,9999.000,9999.000,9999.000,9999.000
202605081230,   0.909,   1.348,9999.000,9999.000,9999.000,9999.000,9999.000,9999.000,9999.000
202605081236,   0.940,   1.410,9999.000,9999.000,9999.000,9999.000,9999.000,9999.000,9999.000
202605081242,   0.974,   1.390,9999.000,9999.000,9999.000,9999.000,9999.000,9999.000,9999.000
202605081248,   1.011,   1.380,9999.000,9999.000,9999.000,9999.000,9999.000,9999.000,9999.000
202605081254,   1.052,   1.410,9999.000,9999.000,9999.000,9999.000,9999.000,9999.000,9999.000
202605081300,   1.095,   1.548,   0.300,   0.153,   1.548,   0.300,   1.548,   0.400,   1.648
202605081306,   1.141,   1.557,9999.000,9999.000,9999.000,9999.000,9999.000,9999.000,9999.000
202605081312,   1.189,   1.610,9999.000,9999.000,9999.000,9999.000,9999.000,9999.000,9999.000
202605081318,   1.240,   1.610,9999.000,9999.000,9999.000,9999.000,9999.000,9999.000,9999.000
202605081324,   1.293,   1.639,9999.000,9999.000,9999.000,9999.000,9999.000,9999.000,9999.000
202605081330,   1.348,   1.718,9999.000,9999.000,9999.000,9999.000,9999.000,9999.000,9999.000
202605081336,   1.404,   1.790,9999.000,9999.000,9999.000,9999.000,9999.000,9999.000,9999.000
202605081342,   1.462,   1.967,9999.000,9999.000,9999.000,9999.000,9999.000,9999.000,9999.000
202605081348,   1.522,   1.948,9999.000,9999.000,9999.000,9999.000,9999.000,9999.000,9999.000
202605081354,   1.583,   2.069,9999.000,9999.000,9999.000,9999.000,9999.000,9999.000,9999.000
202605081400,   1.646,   2.191,   0.300,   0.245,   2.191,   0.300,   2.191,   0.400,   2.291
202605081406,   1.710,   2.259,9999.000,9999.000,9999.000,9999.000,9999.000,9999.000,9999.000
202605081412,   1.775,   2.279,9999.000,9999.000,9999.000,9999.000,9999.000,9999.000,9999.000
202605081418,   1.841,   2.377,9999.000,9999.000,9999.000,9999.000,9999.000,9999.000,9999.000
202605081424,   1.909,   2.450,9999.000,9999.000,9999.000,9999.000,9999.000,9999.000,9999.000
202605081430,   1.978,   2.519,9999.000,9999.000,9999.000,9999.000,9999.000,9999.000,9999.000
202605081436,   2.047,   2.578,9999.000,9999.000,9999.000,9999.000,9999.000,9999.000,9999.000
202605081442,   2.118,   2.689,9999.000,9999.000,9999.000,9999.000,9999.000,9999.000,9999.000
202605081448,   2.189,   2.830,9999.000,9999.000,9999.000,9999.000,9999.000,9999.000,9999.000
202605081454,   2.262,   2.938,9999.000,9999.000,9999.000,9999.000,9999.000,9999.000,9999.000
202605081500,   2.334,   2.997,   0.400,   0.263,   2.997,   0.300,   2.897,   0.400,   2.997
202605081506,   2.408,   3.017,9999.000,9999.000,9999.000,9999.000,9999.000,9999.000,9999.000
202605081512,   2.481,   3.129,9999.000,9999.000,9999.000,9999.000,9999.000,9999.000,9999.000
202605081518,   2.555,   3.250,9999.000,9999.000,9999.000,9999.000,9999.000,9999.000,9999.000
202605081524,   2.629,   3.339,9999.000,9999.000,9999.000,9999.000,9999.000,9999.000,9999.000
202605081530,   2.702,   3.440,9999.000,9999.000,9999.000,9999.000,9999.000,9999.000,9999.000
202605081536,   2.775,   3.499,9999.000,9999.000,9999.000,9999.000,9999.000,9999.000,9999.000
202605081542,   2.846,   3.558,9999.000,9999.000,9999.000,9999.000,9999.000,9999.000,9999.000
202605081548,   2.917,   3.689,9999.000,9999.000,9999.000,9999.000,9999.000,9999.000,9999.000
202605081554,   2.987,   3.709,9999.000,9999.000,9999.000,9999.000,9999.000,9999.000,9999.000
202605081600,   3.055,   3.827,   0.400,   0.372,   3.827,   0.400,   3.827,   0.500,   3.927
202605081606,   3.122,   3.929,9999.000,9999.000,9999.000,9999.000,9999.000,9999.000,9999.000
202605081612,   3.186,   3.958,9999.000,9999.000,9999.000,9999.000,9999.000,9999.000,9999.000
202605081618,   3.249,   4.008,9999.000,9999.000,9999.000,9999.000,9999.000,9999.000,9999.000
202605081624,   3.309,   4.090,9999.000,9999.000,9999.000,9999.000,9999.000,9999.000,9999.000
202605081630,   3.366,   4.080,9999.000,9999.000,9999.000,9999.000,9999.000,9999.000,9999.000
202605081636,   3.420,   4.188,9999.000,9999.000,9999.000,9999.000,9999.000,9999.000,9999.000
202605081642,   3.472,   4.208,9999.000,9999.000,9999.000,9999.000,9999.000,9999.000,9999.000
202605081648,   3.520,   4.257,9999.000,9999.000,9999.000,9999.000,9999.000,9999.000,9999.000
202605081654,   3.565,   4.319,9999.000,9999.000,9999.000,9999.000,9999.000,9999.000,9999.000
202605081700,   3.606,   4.290,   0.500,   0.184,   4.290,   0.400,   4.190,   0.500,   4.290
202605081706,   3.644,   4.300,9999.000,9999.000,9999.000,9999.000,9999.000,9999.000,9999.000
202605081712,   3.677,   4.359,9999.000,9999.000,9999.000,9999.000,9999.000,9999.000,9999.000
202605081718,   3.707,   4.467,9999.000,9999.000,9999.000,9999.000,9999.000,9999.000,9999.000
202605081724,   3.734,   4.539,9999.000,9999.000,9999.000,9999.000,9999.000,9999.000,9999.000
202605081730,   3.756,   4.509,9999.000,9999.000,9999.000,9999.000,9999.000,9999.000,9999.000
202605081736,   3.773,   4.500,9999.000,9999.000,9999.000,9999.000,9999.000,9999.000,9999.000
202605081742,   3.787,   4.490,9999.000,9999.000,9999.000,9999.000,9999.000,9999.000,9999.000
202605081748,   3.797,   4.500,9999.000,9999.000,9999.000,9999.000,9999.000,9999.000,9999.000
202605081754,   3.802,   4.490,9999.000,9999.000,9999.000,9999.000,9999.000,9999.000,9999.000
202605081800,   3.803,   4.427,   0.400,   0.224,   4.427,   0.400,   4.427,   0.500,   4.527
202605081806,   3.800,   4.437,9999.000,9999.000,9999.000,9999.000,9999.000,9999.000,9999.000
202605081812,   3.792,   4.408,9999.000,9999.000,9999.000,9999.000,9999.000,9999.000,9999.000
202605081818,   3.780,   4.457,9999.000,9999.000,9999.000,9999.000,9999.000,9999.000,9999.000
202605081824,   3.764,   4.418,9999.000,9999.000,9999.000,9999.000,9999.000,9999.000,9999.000
202605081830,   3.743,   4.398,9999.000,9999.000,9999.000,9999.000,9999.000,9999.000,9999.000
202605081836,   3.719,   4.378,9999.000,9999.000,9999.000,9999.000,9999.000,9999.000,9999.000
202605081842,   3.690,   4.359,9999.000,9999.000,9999.000,9999.000,9999.000,9999.000,9999.000
202605081848,   3.657,   4.349,9999.000,9999.000,9999.000,9999.000,9999.000,9999.000,9999.000
202605081854,   3.620,   4.349,9999.000,9999.000,9999.000,9999.000,9999.000,9999.000,9999.000
202605081900,   3.579,   4.319,   0.400,   0.340,   4.319,   0.400,   4.319,   0.500,   4.419
202605081906,   3.535,   4.188,9999.000,9999.000,9999.000,9999.000,9999.000,9999.000,9999.000
202605081912,   3.487,   4.198,9999.000,9999.000,9999.000,9999.000,9999.000,9999.000,9999.000
202605081918,   3.436,   4.178,9999.000,9999.000,9999.000,9999.000,9999.000,9999.000,9999.000
202605081924,   3.381,   4.080,9999.000,9999.000,9999.000,9999.000,9999.000,9999.000,9999.000
202605081930,   3.324,   3.978,9999.000,9999.000,9999.000,9999.000,9999.000,9999.000,9999.000
202605081936,   3.264,   3.958,9999.000,9999.000,9999.000,9999.000,9999.000,9999.000,9999.000
202605081942,   3.201,   3.847,9999.000,9999.000,9999.000,9999.000,9999.000,9999.000,9999.000
202605081948,   3.137,   3.837,9999.000,9999.000,9999.000,9999.000,9999.000,9999.000,9999.000
202605081954,   3.070,   3.749,9999.000,9999.000,9999.000,9999.000,9999.000,9999.000,9999.000
202605082000,   3.002,   3.689,   0.400,   0.287,   3.689,   0.400,   3.689,   0.400,   3.689
202605082006,   2.932,   3.548,9999.000,9999.000,9999.000,9999.000,9999.000,9999.000,9999.000
202605082012,   2.861,   3.519,9999.000,9999.000,9999.000,9999.000,9999.000,9999.000,9999.000
202605082018,   2.790,   3.460,9999.000,9999.000,9999.000,9999.000,9999.000,9999.000,9999.000
202605082024,   2.717,   3.309,9999.000,9999.000,9999.000,9999.000,9999.000,9999.000,9999.000
202605082030,   2.645,   3.279,9999.000,9999.000,9999.000,9999.000,9999.000,9999.000,9999.000
202605082036,   2.572,   3.279,9999.000,9999.000,9999.000,9999.000,9999.000,9999.000,9999.000
202605082042,   2.500,   3.197,9999.000,9999.000,9999.000,9999.000,9999.000,9999.000,9999.000
202605082048,   2.427,   3.070,9999.000,9999.000,9999.000,9999.000,9999.000,9999.000,9999.000
202605082054,   2.355,   2.978,9999.000,9999.000,9999.000,9999.000,9999.000,9999.000,9999.000
202605082100,   2.284,   2.879,   0.400,   0.195,   2.879,   0.300,   2.779,   0.400,   2.879
202605082106,   2.213,   2.807,9999.000,9999.000,9999.000,9999.000,9999.000,9999.000,9999.000
202605082112,   2.143,   2.778,9999.000,9999.000,9999.000,9999.000,9999.000,9999.000,9999.000
202605082118,   2.075,   2.689,9999.000,9999.000,9999.000,9999.000,9999.000,9999.000,9999.000
202605082124,   2.007,   2.597,9999.000,9999.000,9999.000,9999.000,9999.000,9999.000,9999.000
202605082130,   1.940,   2.597,9999.000,9999.000,9999.000,9999.000,9999.000,9999.000,9999.000
202605082136,   1.875,   2.459,9999.000,9999.000,9999.000,9999.000,9999.000,9999.000,9999.000
202605082142,   1.810,   2.387,9999.000,9999.000,9999.000,9999.000,9999.000,9999.000,9999.000
202605082148,   1.748,   2.338,9999.000,9999.000,9999.000,9999.000,9999.000,9999.000,9999.000
202605082154,   1.686,   2.210,9999.000,9999.000,9999.000,9999.000,9999.000,9999.000,9999.000
202605082200,   1.626,   2.168,   0.300,   0.242,   2.168,   0.300,   2.168,   0.400,   2.268
202605082206,   1.568,   2.109,9999.000,9999.000,9999.000,9999.000,9999.000,9999.000,9999.000
202605082212,   1.512,   2.089,9999.000,9999.000,9999.000,9999.000,9999.000,9999.000,9999.000
202605082218,   1.457,   1.967,9999.000,9999.000,9999.000,9999.000,9999.000,9999.000,9999.000
202605082224,   1.404,   1.990,9999.000,9999.000,9999.000,9999.000,9999.000,9999.000,9999.000
202605082230,   1.354,   1.908,9999.000,9999.000,9999.000,9999.000,9999.000,9999.000,9999.000
202605082236,   1.306,   1.800,9999.000,9999.000,9999.000,9999.000,9999.000,9999.000,9999.000
202605082242,   1.260,   1.738,9999.000,9999.000,9999.000,9999.000,9999.000,9999.000,9999.000
202605082248,   1.217,   1.659,9999.000,9999.000,9999.000,9999.000,9999.000,9999.000,9999.000
202605082254,   1.177,   1.669,9999.000,9999.000,9999.000,9999.000,9999.000,9999.000,9999.000
202605082300,   1.140,   1.571,   0.300,   0.131,   1.571,   0.200,   1.471,   0.400,   1.671
202605082306,   1.107,   1.508,9999.000,9999.000,9999.000,9999.000,9999.000,9999.000,9999.000
202605082312,   1.077,   1.518,9999.000,9999.000,9999.000,9999.000,9999.000,9999.000,9999.000
202605082318,   1.052,   1.498,9999.000,9999.000,9999.000,9999.000,9999.000,9999.000,9999.000
202605082324,   1.030,   1.528,9999.000,9999.000,9999.000,9999.000,9999.000,9999.000,9999.000
202605082330,   1.012,   1.430,9999.000,9999.000,9999.000,9999.000,9999.000,9999.000,9999.000
202605082336,   0.999,   1.469,9999.000,9999.000,9999.000,9999.000,9999.000,9999.000,9999.000
202605082342,   0.991,   1.410,9999.000,9999.000,9999.000,9999.000,9999.000,9999.000,9999.000
202605082348,   0.987,   1.348,9999.000,9999.000,9999.000,9999.000,9999.000,9999.000,9999.000
202605082354,   0.988,   1.430,9999.000,9999.000,9999.000,9999.000,9999.000,9999.000,9999.000
202605090000,   0.994,   1.479,   0.200,   0.285,   1.479,   0.200,   1.479,   0.300,   1.579
202605090006,   1.005,   1.528,9999.000,9999.000,9999.000,9999.000,9999.000,9999.000,9999.000
202605090012,   1.020,   1.469,9999.000,9999.000,9999.000,9999.000,9999.000,9999.000,9999.000
202605090018,   1.041,   1.508,9999.000,9999.000,9999.000,9999.000,9999.000,9999.000,9999.000
202605090024,   1.066,   1.508,9999.000,9999.000,9999.000,9999.000,9999.000,9999.000,9999.000
202605090030,   1.096,   1.600,9999.000,9999.000,9999.000,9999.000,9999.000,9999.000,9999.000
202605090036,   1.130,   1.590,9999.000,9999.000,9999.000,9999.000,9999.000,9999.000,9999.000
202605090042,   1.169,   1.630,9999.000,9999.000,9999.000,9999.000,9999.000,9999.000,9999.000
202605090048,   1.212,   1.620,9999.000,9999.000,9999.000,9999.000,9999.000,9999.000,9999.000
202605090054,   1.258,   1.610,9999.000,9999.000,9999.000,9999.000,9999.000,9999.000,9999.000
202605090100,   1.309,   1.718,   0.200,   0.209,   1.718,   0.200,   1.718,   0.300,   1.818
202605090106,   1.363,   1.699,9999.000,9999.000,9999.000,9999.000,9999.000,9999.000,9999.000
202605090112,   1.420,   1.679,9999.000,9999.000,9999.000,9999.000,9999.000,9999.000,9999.000
202605090118,   1.480,   1.748,9999.000,9999.000,9999.000,9999.000,9999.000,9999.000,9999.000
202605090124,   1.542,   1.767,9999.000,9999.000,9999.000,9999.000,9999.000,9999.000,9999.000
202605090130,   1.608,   1.859,9999.000,9999.000,9999.000,9999.000,9999.000,9999.000,9999.000
202605090136,   1.675,   1.938,9999.000,9999.000,9999.000,9999.000,9999.000,9999.000,9999.000
202605090142,   1.745,   2.059,9999.000,9999.000,9999.000,9999.000,9999.000,9999.000,9999.000
202605090148,   1.816,   2.138,9999.000,9999.000,9999.000,9999.000,9999.000,9999.000,9999.000
202605090154,   1.890,   2.168,9999.000,9999.000,9999.000,9999.000,9999.000,9999.000,9999.000
202605090200,   1.965,   2.250,   0.200,   0.085,   2.250,   0.100,   2.150,   0.200,   2.250
202605090206,   2.041,   2.309,9999.000,9999.000,9999.000,9999.000,9999.000,9999.000,9999.000
202605090212,   2.119,   2.420,9999.000,9999.000,9999.000,9999.000,9999.000,9999.000,9999.000
202605090218,   2.198,   2.420,9999.000,9999.000,9999.000,9999.000,9999.000,9999.000,9999.000
202605090224,   2.278,   2.509,9999.000,9999.000,9999.000,9999.000,9999.000,9999.000,9999.000
202605090230,   2.359,   2.568,9999.000,9999.000,9999.000,9999.000,9999.000,9999.000,9999.000
202605090236,   2.441,   2.660,9999.000,9999.000,9999.000,9999.000,9999.000,9999.000,9999.000
202605090242,   2.524,   2.768,9999.000,9999.000,9999.000,9999.000,9999.000,9999.000,9999.000
202605090248,   2.608,   2.879,9999.000,9999.000,9999.000,9999.000,9999.000,9999.000,9999.000
202605090254,   2.692,   2.997,9999.000,9999.000,9999.000,9999.000,9999.000,9999.000,9999.000
202605090300,   2.778,   3.040,   0.200,   0.062,   3.040,   0.100,   2.940,   0.200,   3.040
202605090306,   2.863,   3.129,9999.000,9999.000,9999.000,9999.000,9999.000,9999.000,9999.000
202605090312,   2.950,   3.250,9999.000,9999.000,9999.000,9999.000,9999.000,9999.000,9999.000
202605090318,   3.036,   3.348,9999.000,9999.000,9999.000,9999.000,9999.000,9999.000,9999.000
202605090324,   3.123,   3.427,9999.000,9999.000,9999.000,9999.000,9999.000,9999.000,9999.000
202605090330,   3.210,   3.539,9999.000,9999.000,9999.000,9999.000,9999.000,9999.000,9999.000
202605090336,   3.297,   3.598,9999.000,9999.000,9999.000,9999.000,9999.000,9999.000,9999.000
202605090342,   3.383,   3.709,9999.000,9999.000,9999.000,9999.000,9999.000,9999.000,9999.000
202605090348,   3.469,   3.788,9999.000,9999.000,9999.000,9999.000,9999.000,9999.000,9999.000
202605090354,   3.554,   3.899,9999.000,9999.000,9999.000,9999.000,9999.000,9999.000,9999.000
202605090400,   3.638,   3.998,   0.100,   0.260,   3.998,   0.100,   3.998,   0.200,   4.098
202605090406,   3.721,   4.080,9999.000,9999.000,9999.000,9999.000,9999.000,9999.000,9999.000
202605090412,   3.802,   4.168,9999.000,9999.000,9999.000,9999.000,9999.000,9999.000,9999.000
202605090418,   3.881,   4.267,9999.000,9999.000,9999.000,9999.000,9999.000,9999.000,9999.000
202605090424,   3.959,   4.359,9999.000,9999.000,9999.000,9999.000,9999.000,9999.000,9999.000
202605090430,   4.034,   4.457,9999.000,9999.000,9999.000,9999.000,9999.000,9999.000,9999.000
202605090436,   4.107,   4.467,9999.000,9999.000,9999.000,9999.000,9999.000,9999.000,9999.000
202605090442,   4.176,   4.569,9999.000,9999.000,9999.000,9999.000,9999.000,9999.000,9999.000
202605090448,   4.243,   4.628,9999.000,9999.000,9999.000,9999.000,9999.000,9999.000,9999.000
202605090454,   4.307,   4.729,9999.000,9999.000,9999.000,9999.000,9999.000,9999.000,9999.000
202605090500,   4.367,   4.778,   0.100,   0.311,   4.778,   0.000,   4.678,   0.100,   4.778
202605090506,   4.423,   4.847,9999.000,9999.000,9999.000,9999.000,9999.000,9999.000,9999.000
202605090512,   4.475,   4.910,9999.000,9999.000,9999.000,9999.000,9999.000,9999.000,9999.000
202605090518,   4.524,   4.939,9999.000,9999.000,9999.000,9999.000,9999.000,9999.000,9999.000
202605090524,   4.568,   5.008,9999.000,9999.000,9999.000,9999.000,9999.000,9999.000,9999.000
202605090530,   4.608,   5.120,9999.000,9999.000,9999.000,9999.000,9999.000,9999.000,9999.000
202605090536,   4.644,   5.159,9999.000,9999.000,9999.000,9999.000,9999.000,9999.000,9999.000
202605090542,   4.675,   5.169,9999.000,9999.000,9999.000,9999.000,9999.000,9999.000,9999.000
202605090548,   4.701,   5.179,9999.000,9999.000,9999.000,9999.000,9999.000,9999.000,9999.000
202605090554,   4.722,   5.228,9999.000,9999.000,9999.000,9999.000,9999.000,9999.000,9999.000
202605090600,   4.739,   5.257,   0.100,   0.418,   5.257,   0.000,   5.157,   0.200,   5.357
202605090606,   4.751,   5.257,9999.000,9999.000,9999.000,9999.000,9999.000,9999.000,9999.000
202605090612,   4.758,   5.277,9999.000,9999.000,9999.000,9999.000,9999.000,9999.000,9999.000
202605090618,   4.760,   5.297,9999.000,9999.000,9999.000,9999.000,9999.000,9999.000,9999.000
202605090624,   4.757,   5.287,9999.000,9999.000,9999.000,9999.000,9999.000,9999.000,9999.000
202605090630,   4.749,   5.238,9999.000,9999.000,9999.000,9999.000,9999.000,9999.000,9999.000
202605090636,   4.736,   5.228,9999.000,9999.000,9999.000,9999.000,9999.000,9999.000,9999.000
202605090642,   4.718,   5.247,9999.000,9999.000,9999.000,9999.000,9999.000,9999.000,9999.000
202605090648,   4.695,   5.247,9999.000,9999.000,9999.000,9999.000,9999.000,9999.000,9999.000
202605090654,   4.667,   5.228,9999.000,9999.000,9999.000,9999.000,9999.000,9999.000,9999.000
202605090700,   4.634,   5.179,   0.100,   0.445,   5.179,   0.000,   5.079,   0.100,   5.179
202605090706,   4.596,   5.110,9999.000,9999.000,9999.000,9999.000,9999.000,9999.000,9999.000
202605090712,   4.554,   5.057,9999.000,9999.000,9999.000,9999.000,9999.000,9999.000,9999.000
202605090718,   4.506,   4.949,9999.000,9999.000,9999.000,9999.000,9999.000,9999.000,9999.000
202605090724,   4.455,   4.939,9999.000,9999.000,9999.000,9999.000,9999.000,9999.000,9999.000
202605090730,   4.399,   4.857,9999.000,9999.000,9999.000,9999.000,9999.000,9999.000,9999.000
202605090736,   4.338,   4.778,9999.000,9999.000,9999.000,9999.000,9999.000,9999.000,9999.000
202605090742,   4.274,   4.710,9999.000,9999.000,9999.000,9999.000,9999.000,9999.000,9999.000
202605090748,   4.206,   4.637,9999.000,9999.000,9999.000,9999.000,9999.000,9999.000,9999.000
202605090754,   4.135,   4.500,9999.000,9999.000,9999.000,9999.000,9999.000,9999.000,9999.000
202605090800,   4.060,   4.418,   0.100,   0.258,   4.418,   0.000,   4.318,   0.100,   4.418
202605090806,   3.982,   4.437,9999.000,9999.000,9999.000,9999.000,9999.000,9999.000,9999.000
202605090812,   3.902,   4.349,9999.000,9999.000,9999.000,9999.000,9999.000,9999.000,9999.000
202605090818,   3.818,   4.267,9999.000,9999.000,9999.000,9999.000,9999.000,9999.000,9999.000
202605090824,   3.733,   4.198,9999.000,9999.000,9999.000,9999.000,9999.000,9999.000,9999.000
202605090830,   3.646,   4.109,9999.000,9999.000,9999.000,9999.000,9999.000,9999.000,9999.000
202605090836,   3.557,   3.998,9999.000,9999.000,9999.000,9999.000,9999.000,9999.000,9999.000
202605090842,   3.467,   3.909,9999.000,9999.000,9999.000,9999.000,9999.000,9999.000,9999.000
202605090848,   3.376,   3.827,9999.000,9999.000,9999.000,9999.000,9999.000,9999.000,9999.000
202605090854,   3.284,   3.729,9999.000,9999.000,9999.000,9999.000,9999.000,9999.000,9999.000
202605090900,   3.191,   3.650,   0.100,   0.359,   3.650,   0.000,   3.550,   0.100,   3.650
202605090906,   3.098,   3.607,9999.000,9999.000,9999.000,9999.000,9999.000,9999.000,9999.000
202605090912,   3.005,   3.450,9999.000,9999.000,9999.000,9999.000,9999.000,9999.000,9999.000
202605090918,   2.912,   3.378,9999.000,9999.000,9999.000,9999.000,9999.000,9999.000,9999.000
202605090924,   2.819,   3.250,9999.000,9999.000,9999.000,9999.000,9999.000,9999.000,9999.000
202605090930,   2.727,   3.178,9999.000,9999.000,9999.000,9999.000,9999.000,9999.000,9999.000
202605090936,   2.636,   3.099,9999.000,9999.000,9999.000,9999.000,9999.000,9999.000,9999.000
202605090942,   2.545,   3.007,9999.000,9999.000,9999.000,9999.000,9999.000,9999.000,9999.000
202605090948,   2.454,   2.929,9999.000,9999.000,9999.000,9999.000,9999.000,9999.000,9999.000
202605090954,   2.365,   2.807,9999.000,9999.000,9999.000,9999.000,9999.000,9999.000,9999.000
202605091000,   2.277,   2.699,   0.100,   0.322,   2.699,   0.000,   2.599,   0.200,   2.799
202605091006,   2.190,   2.630,9999.000,9999.000,9999.000,9999.000,9999.000,9999.000,9999.000
202605091012,   2.104,   2.538,9999.000,9999.000,9999.000,9999.000,9999.000,9999.000,9999.000
202605091018,   2.019,   2.420,9999.000,9999.000,9999.000,9999.000,9999.000,9999.000,9999.000
202605091024,   1.936,   2.358,9999.000,9999.000,9999.000,9999.000,9999.000,9999.000,9999.000
202605091030,   1.854,   2.259,9999.000,9999.000,9999.000,9999.000,9999.000,9999.000,9999.000
202605091036,   1.774,   2.158,9999.000,9999.000,9999.000,9999.000,9999.000,9999.000,9999.000
202605091042,   1.696,   2.079,9999.000,9999.000,9999.000,9999.000,9999.000,9999.000,9999.000
202605091048,   1.619,   2.020,9999.000,9999.000,9999.000,9999.000,9999.000,9999.000,9999.000
202605091054,   1.545,   1.938,9999.000,9999.000,9999.000,9999.000,9999.000,9999.000,9999.000
202605091100,   1.473,   1.859,   0.100,   0.286,   1.859,   0.000,   1.759,   0.200,   1.959
202605091106,   1.404,   1.758,9999.000,9999.000,9999.000,9999.000,9999.000,9999.000,9999.000
202605091112,   1.337,   1.708,9999.000,9999.000,9999.000,9999.000,9999.000,9999.000,9999.000
202605091118,   1.273,   1.639,9999.000,9999.000,9999.000,9999.000,9999.000,9999.000,9999.000
202605091124,   1.213,   1.580,9999.000,9999.000,9999.000,9999.000,9999.000,9999.000,9999.000
202605091130,   1.156,   1.508,9999.000,9999.000,9999.000,9999.000,9999.000,9999.000,9999.000
202605091136,   1.102,   1.469,9999.000,9999.000,9999.000,9999.000,9999.000,9999.000,9999.000
202605091142,   1.053,   1.469,9999.000,9999.000,9999.000,9999.000,9999.000,9999.000,9999.000
202605091148,   1.007,   1.410,9999.000,9999.000,9999.000,9999.000,9999.000,9999.000,9999.000
202605091154,   0.966,   1.361,9999.000,9999.000,9999.000,9999.000,9999.000,9999.000,9999.000
202605091200,   0.930,   1.298,   0.200,   0.168,   1.298,   0.100,   1.198,   0.200,   1.298
202605091206,   0.898,   1.259,9999.000,9999.000,9999.000,9999.000,9999.000,9999.000,9999.000
202605091212,   0.871,   1.259,9999.000,9999.000,9999.000,9999.000,9999.000,9999.000,9999.000
202605091218,   0.848,   1.239,9999.000,9999.000,9999.000,9999.000,9999.000,9999.000,9999.000
202605091224,   0.831,   1.220,9999.000,9999.000,9999.000,9999.000,9999.000,9999.000,9999.000
202605091230,   0.819,   1.161,9999.000,9999.000,9999.000,9999.000,9999.000,9999.000,9999.000
202605091236,   0.812,   1.190,9999.000,9999.000,9999.000,9999.000,9999.000,9999.000,9999.000
202605091242,   0.810,   1.220,9999.000,9999.000,9999.000,9999.000,9999.000,9999.000,9999.000
202605091248,   0.813,   1.239,9999.000,9999.000,9999.000,9999.000,9999.000,9999.000,9999.000
202605091254,   0.820,   1.239,9999.000,9999.000,9999.000,9999.000,9999.000,9999.000,9999.000
202605091300,   0.833,   1.259,   0.200,   0.226,   1.259,   0.100,   1.159,   0.300,   1.359
202605091306,   0.849,   1.328,9999.000,9999.000,9999.000,9999.000,9999.000,9999.000,9999.000
202605091312,   0.871,   1.328,9999.000,9999.000,9999.000,9999.000,9999.000,9999.000,9999.000
202605091318,   0.896,   1.338,9999.000,9999.000,9999.000,9999.000,9999.000,9999.000,9999.000
202605091324,   0.925,   1.361,9999.000,9999.000,9999.000,9999.000,9999.000,9999.000,9999.000
202605091330,   0.958,   1.371,9999.000,9999.000,9999.000,9999.000,9999.000,9999.000,9999.000
202605091336,   0.995,   1.489,9999.000,9999.000,9999.000,9999.000,9999.000,9999.000,9999.000
202605091342,   1.034,   1.479,9999.000,9999.000,9999.000,9999.000,9999.000,9999.000,9999.000
202605091348,   1.077,   1.557,9999.000,9999.000,9999.000,9999.000,9999.000,9999.000,9999.000
202605091354,   1.123,   1.600,9999.000,9999.000,9999.000,9999.000,9999.000,9999.000,9999.000
202605091400,   1.171,   1.689,   0.200,   0.318,   1.689,   0.100,   1.589,   0.300,   1.789
202605091406,   1.221,   1.659,9999.000,9999.000,9999.000,9999.000,9999.000,9999.000,9999.000
202605091412,   1.274,   1.718,9999.000,9999.000,9999.000,9999.000,9999.000,9999.000,9999.000
202605091418,   1.329,   1.800,9999.000,9999.000,9999.000,9999.000,9999.000,9999.000,9999.000
202605091424,   1.385,   1.810,9999.000,9999.000,9999.000,9999.000,9999.000,9999.000,9999.000
202605091430,   1.444,   1.899,9999.000,9999.000,9999.000,9999.000,9999.000,9999.000,9999.000
202605091436,   1.504,   1.948,9999.000,9999.000,9999.000,9999.000,9999.000,9999.000,9999.000
202605091442,   1.565,   2.109,9999.000,9999.000,9999.000,9999.000,9999.000,9999.000,9999.000
202605091448,   1.628,   2.118,9999.000,9999.000,9999.000,9999.000,9999.000,9999.000,9999.000
202605091454,   1.693,   2.210,9999.000,9999.000,9999.000,9999.000,9999.000,9999.000,9999.000
202605091500,   1.758,   2.289,   0.200,   0.331,   2.289,   0.100,   2.189,   0.300,   2.389
202605091506,   1.826,   2.358,9999.000,9999.000,9999.000,9999.000,9999.000,9999.000,9999.000
202605091512,   1.894,   2.459,9999.000,9999.000,9999.000,9999.000,9999.000,9999.000,9999.000
202605091518,   1.963,   2.509,9999.000,9999.000,9999.000,9999.000,9999.000,9999.000,9999.000
202605091524,   2.034,   2.620,9999.000,9999.000,9999.000,9999.000,9999.000,9999.000,9999.000
202605091530,   2.106,   2.650,9999.000,9999.000,9999.000,9999.000,9999.000,9999.000,9999.000
202605091536,   2.178,   2.709,9999.000,9999.000,9999.000,9999.000,9999.000,9999.000,9999.000
202605091542,   2.252,   2.820,9999.000,9999.000,9999.000,9999.000,9999.000,9999.000,9999.000
202605091548,   2.326,   2.899,9999.000,9999.000,9999.000,9999.000,9999.000,9999.000,9999.000
202605091554,   2.400,   2.997,9999.000,9999.000,9999.000,9999.000,9999.000,9999.000,9999.000
202605091600,   2.475,   3.070,   0.200,   0.395,   3.070,   0.100,   2.970,   0.300,   3.170
202605091606,   2.551,   3.089,9999.000,9999.000,9999.000,9999.000,9999.000,9999.000,9999.000
202605091612,   2.626,   3.197,9999.000,9999.000,9999.000,9999.000,9999.000,9999.000,9999.000
202605091618,   2.701,   3.250,9999.000,9999.000,9999.000,9999.000,9999.000,9999.000,9999.000
202605091624,   2.776,   3.378,9999.000,9999.000,9999.000,9999.000,9999.000,9999.000,9999.000
202605091630,   2.850,   3.417,9999.000,9999.000,9999.000,9999.000,9999.000,9999.000,9999.000
202605091636,   2.923,   3.489,9999.000,9999.000,9999.000,9999.000,9999.000,9999.000,9999.000
202605091642,   2.996,   3.519,9999.000,9999.000,9999.000,9999.000,9999.000,9999.000,9999.000
202605091648,   3.067,   3.578,9999.000,9999.000,9999.000,9999.000,9999.000,9999.000,9999.000
202605091654,   3.136,   3.680,9999.000,9999.000,9999.000,9999.000,9999.000,9999.000,9999.000
202605091700,   3.203,   3.699,   0.300,   0.196,   3.699,   0.200,   3.599,   0.300,   3.699
202605091706,   3.269,   3.880,9999.000,9999.000,9999.000,9999.000,9999.000,9999.000,9999.000
202605091712,   3.332,   3.998,9999.000,9999.000,9999.000,9999.000,9999.000,9999.000,9999.000
202605091718,   3.393,   4.008,9999.000,9999.000,9999.000,9999.000,9999.000,9999.000,9999.000
202605091724,   3.451,   4.080,9999.000,9999.000,9999.000,9999.000,9999.000,9999.000,9999.000
202605091730,   3.506,   4.099,9999.000,9999.000,9999.000,9999.000,9999.000,9999.000,9999.000
202605091736,   3.558,   4.080,9999.000,9999.000,9999.000,9999.000,9999.000,9999.000,9999.000
202605091742,   3.607,   4.208,9999.000,9999.000,9999.000,9999.000,9999.000,9999.000,9999.000
202605091748,   3.653,   4.280,9999.000,9999.000,9999.000,9999.000,9999.000,9999.000,9999.000
202605091754,   3.695,9999.000,9999.000,9999.000,9999.000,9999.000,9999.000,9999.000,9999.000
202605091800,   3.733,9999.000,   0.300,   0.206,   4.239,   0.200,   4.139,   0.400,   4.339
202605091806,   3.767,9999.000,9999.000,9999.000,9999.000,9999.000,9999.000,9999.000,9999.000
202605091812,   3.798,9999.000,9999.000,9999.000,9999.000,9999.000,9999.000,9999.000,9999.000
202605091818,   3.825,9999.000,9999.000,9999.000,9999.000,9999.000,9999.000,9999.000,9999.000
202605091824,   3.848,9999.000,9999.000,9999.000,9999.000,9999.000,9999.000,9999.000,9999.000
202605091830,   3.866,9999.000,9999.000,9999.000,9999.000,9999.000,9999.000,9999.000,9999.000
202605091836,   3.881,9999.000,9999.000,9999.000,9999.000,9999.000,9999.000,9999.000,9999.000
202605091842,   3.891,9999.000,9999.000,9999.000,9999.000,9999.000,9999.000,9999.000,9999.000
202605091848,   3.897,9999.000,9999.000,9999.000,9999.000,9999.000,9999.000,9999.000,9999.000
202605091854,   3.898,9999.000,9999.000,9999.000,9999.000,9999.000,9999.000,9999.000,9999.000
202605091900,   3.896,9999.000,   0.300,   0.217,   4.413,   0.200,   4.313,   0.400,   4.513
202605091906,   3.889,9999.000,9999.000,9999.000,9999.000,9999.000,9999.000,9999.000,9999.000
202605091912,   3.877,9999.000,9999.000,9999.000,9999.000,9999.000,9999.000,9999.000,9999.000
202605091918,   3.862,9999.000,9999.000,9999.000,9999.000,9999.000,9999.000,9999.000,9999.000
202605091924,   3.842,9999.000,9999.000,9999.000,9999.000,9999.000,9999.000,9999.000,9999.000
202605091930,   3.818,9999.000,9999.000,9999.000,9999.000,9999.000,9999.000,9999.000,9999.000
202605091936,   3.789,9999.000,9999.000,9999.000,9999.000,9999.000,9999.000,9999.000,9999.000
202605091942,   3.757,9999.000,9999.000,9999.000,9999.000,9999.000,9999.000,9999.000,9999.000
202605091948,   3.720,9999.000,9999.000,9999.000,9999.000,9999.000,9999.000,9999.000,9999.000
202605091954,   3.680,9999.000,9999.000,9999.000,9999.000,9999.000,9999.000,9999.000,9999.000
202605092000,   3.636,9999.000,   0.300,   0.227,   4.163,   0.200,   4.063,   0.400,   4.263
202605092006,   3.588,9999.000,9999.000,9999.000,9999.000,9999.000,9999.000,9999.000,9999.000
202605092012,   3.537,9999.000,9999.000,9999.000,9999.000,9999.000,9999.000,9999.000,9999.000
202605092018,   3.483,9999.000,9999.000,9999.000,9999.000,9999.000,9999.000,9999.000,9999.000
202605092024,   3.426,9999.000,9999.000,9999.000,9999.000,9999.000,9999.000,9999.000,9999.000
202605092030,   3.366,9999.000,9999.000,9999.000,9999.000,9999.000,9999.000,9999.000,9999.000
202605092036,   3.304,9999.000,9999.000,9999.000,9999.000,9999.000,9999.000,9999.000,9999.000
202605092042,   3.239,9999.000,9999.000,9999.000,9999.000,9999.000,9999.000,9999.000,9999.000
202605092048,   3.172,9999.000,9999.000,9999.000,9999.000,9999.000,9999.000,9999.000,9999.000
202605092054,   3.104,9999.000,9999.000,9999.000,9999.000,9999.000,9999.000,9999.000,9999.000
202605092100,   3.034,9999.000,   0.300,   0.237,   3.571,   0.100,   3.371,   0.400,   3.671
202605092106,   2.963,9999.000,9999.000,9999.000,9999.000,9999.000,9999.000,9999.000,9999.000
202605092112,   2.891,9999.000,9999.000,9999.000,9999.000,9999.000,9999.000,9999.000,9999.000
202605092118,   2.818,9999.000,9999.000,9999.000,9999.000,9999.000,9999.000,9999.000,9999.000
202605092124,   2.745,9999.000,9999.000,9999.000,9999.000,9999.000,9999.000,9999.000,9999.000
202605092130,   2.672,9999.000,9999.000,9999.000,9999.000,9999.000,9999.000,9999.000,9999.000
202605092136,   2.598,9999.000,9999.000,9999.000,9999.000,9999.000,9999.000,9999.000,9999.000
202605092142,   2.525,9999.000,9999.000,9999.000,9999.000,9999.000,9999.000,9999.000,9999.000
202605092148,   2.451,9999.000,9999.000,9999.000,9999.000,9999.000,9999.000,9999.000,9999.000
202605092154,   2.378,9999.000,9999.000,9999.000,9999.000,9999.000,9999.000,9999.000,9999.000
202605092200,   2.306,9999.000,   0.300,   0.248,   2.854,   0.100,   2.654,   0.400,   2.954
202605092206,   2.234,9999.000,9999.000,9999.000,9999.000,9999.000,9999.000,9999.000,9999.000
202605092212,   2.163,9999.000,9999.000,9999.000,9999.000,9999.000,9999.000,9999.000,9999.000
202605092218,   2.093,9999.000,9999.000,9999.000,9999.000,9999.000,9999.000,9999.000,9999.000
202605092224,   2.024,9999.000,9999.000,9999.000,9999.000,9999.000,9999.000,9999.000,9999.000
202605092230,   1.956,9999.000,9999.000,9999.000,9999.000,9999.000,9999.000,9999.000,9999.000
202605092236,   1.889,9999.000,9999.000,9999.000,9999.000,9999.000,9999.000,9999.000,9999.000
202605092242,   1.823,9999.000,9999.000,9999.000,9999.000,9999.000,9999.000,9999.000,9999.000
202605092248,   1.758,9999.000,9999.000,9999.000,9999.000,9999.000,9999.000,9999.000,9999.000
202605092254,   1.695,9999.000,9999.000,9999.000,9999.000,9999.000,9999.000,9999.000,9999.000
202605092300,   1.633,9999.000,   0.200,   0.258,   2.091,   0.100,   1.991,   0.400,   2.291
202605092306,   1.573,9999.000,9999.000,9999.000,9999.000,9999.000,9999.000,9999.000,9999.000
202605092312,   1.514,9999.000,9999.000,9999.000,9999.000,9999.000,9999.000,9999.000,9999.000
202605092318,   1.458,9999.000,9999.000,9999.000,9999.000,9999.000,9999.000,9999.000,9999.000
202605092324,   1.403,9999.000,9999.000,9999.000,9999.000,9999.000,9999.000,9999.000,9999.000
202605092330,   1.351,9999.000,9999.000,9999.000,9999.000,9999.000,9999.000,9999.000,9999.000
202605092336,   1.302,9999.000,9999.000,9999.000,9999.000,9999.000,9999.000,9999.000,9999.000
202605092342,   1.255,9999.000,9999.000,9999.000,9999.000,9999.000,9999.000,9999.000,9999.000
202605092348,   1.211,9999.000,9999.000,9999.000,9999.000,9999.000,9999.000,9999.000,9999.000
202605092354,   1.171,9999.000,9999.000,9999.000,9999.000,9999.000,9999.000,9999.000,9999.000
202605100000,   1.134,9999.000,   0.200,   0.268,   1.602,   0.100,   1.502,   0.300,   1.702
202605100006,   1.101,9999.000,9999.000,9999.000,9999.000,9999.000,9999.000,9999.000,9999.000
202605100012,   1.071,9999.000,9999.000,9999.000,9999.000,9999.000,9999.000,9999.000,9999.000
202605100018,   1.046,9999.000,9999.000,9999.000,9999.000,9999.000,9999.000,9999.000,9999.000
202605100024,   1.025,9999.000,9999.000,9999.000,9999.000,9999.000,9999.000,9999.000,9999.000
202605100030,   1.009,9999.000,9999.000,9999.000,9999.000,9999.000,9999.000,9999.000,9999.000
202605100036,   0.997,9999.000,9999.000,9999.000,9999.000,9999.000,9999.000,9999.000,9999.000
202605100042,   0.991,9999.000,9999.000,9999.000,9999.000,9999.000,9999.000,9999.000,9999.000
202605100048,   0.989,9999.000,9999.000,9999.000,9999.000,9999.000,9999.000,9999.000,9999.000
202605100054,   0.992,9999.000,9999.000,9999.000,9999.000,9999.000,9999.000,9999.000,9999.000
202605100100,   1.000,9999.000,   0.200,   0.279,   1.479,   0.100,   1.379,   0.300,   1.579
202605100106,   1.013,9999.000,9999.000,9999.000,9999.000,9999.000,9999.000,9999.000,9999.000
202605100112,   1.030,9999.000,9999.000,9999.000,9999.000,9999.000,9999.000,9999.000,9999.000
202605100118,   1.053,9999.000,9999.000,9999.000,9999.000,9999.000,9999.000,9999.000,9999.000
202605100124,   1.080,9999.000,9999.000,9999.000,9999.000,9999.000,9999.000,9999.000,9999.000
202605100130,   1.112,9999.000,9999.000,9999.000,9999.000,9999.000,9999.000,9999.000,9999.000
202605100136,   1.148,9999.000,9999.000,9999.000,9999.000,9999.000,9999.000,9999.000,9999.000
202605100142,   1.188,9999.000,9999.000,9999.000,9999.000,9999.000,9999.000,9999.000,9999.000
202605100148,   1.232,9999.000,9999.000,9999.000,9999.000,9999.000,9999.000,9999.000,9999.000
202605100154,   1.279,9999.000,9999.000,9999.000,9999.000,9999.000,9999.000,9999.000,9999.000
202605100200,   1.330,9999.000,   0.100,   0.289,   1.719,   0.000,   1.619,   0.200,   1.819
202605100206,   1.385,9999.000,9999.000,9999.000,9999.000,9999.000,9999.000,9999.000,9999.000
202605100212,   1.442,9999.000,9999.000,9999.000,9999.000,9999.000,9999.000,9999.000,9999.000
202605100218,   1.502,9999.000,9999.000,9999.000,9999.000,9999.000,9999.000,9999.000,9999.000
202605100224,   1.565,9999.000,9999.000,9999.000,9999.000,9999.000,9999.000,9999.000,9999.000
202605100230,   1.630,9999.000,9999.000,9999.000,9999.000,9999.000,9999.000,9999.000,9999.000
202605100236,   1.697,9999.000,9999.000,9999.000,9999.000,9999.000,9999.000,9999.000,9999.000
202605100242,   1.765,9999.000,9999.000,9999.000,9999.000,9999.000,9999.000,9999.000,9999.000
202605100248,   1.836,9999.000,9999.000,9999.000,9999.000,9999.000,9999.000,9999.000,9999.000
202605100254,   1.909,9999.000,9999.000,9999.000,9999.000,9999.000,9999.000,9999.000,9999.000
202605100300,   1.983,9999.000,   0.100,   0.299,   2.382,   0.000,   2.282,   0.200,   2.482
202605100306,   2.058,9999.000,9999.000,9999.000,9999.000,9999.000,9999.000,9999.000,9999.000
202605100312,   2.135,9999.000,9999.000,9999.000,9999.000,9999.000,9999.000,9999.000,9999.000
202605100318,   2.213,9999.000,9999.000,9999.000,9999.000,9999.000,9999.000,9999.000,9999.000
202605100324,   2.292,9999.000,9999.000,9999.000,9999.000,9999.000,9999.000,9999.000,9999.000
202605100330,   2.372,9999.000,9999.000,9999.000,9999.000,9999.000,9999.000,9999.000,9999.000
202605100336,   2.454,9999.000,9999.000,9999.000,9999.000,9999.000,9999.000,9999.000,9999.000
202605100342,   2.536,9999.000,9999.000,9999.000,9999.000,9999.000,9999.000,9999.000,9999.000
202605100348,   2.619,9999.000,9999.000,9999.000,9999.000,9999.000,9999.000,9999.000,9999.000
202605100354,   2.703,9999.000,9999.000,9999.000,9999.000,9999.000,9999.000,9999.000,9999.000
202605100400,   2.788,9999.000,   0.100,   0.310,   3.198,   0.000,   3.098,   0.200,   3.298
202605100406,   2.873,9999.000,9999.000,9999.000,9999.000,9999.000,9999.000,9999.000,9999.000
202605100412,   2.959,9999.000,9999.000,9999.000,9999.000,9999.000,9999.000,9999.000,9999.000
202605100418,   3.045,9999.000,9999.000,9999.000,9999.000,9999.000,9999.000,9999.000,9999.000
202605100424,   3.131,9999.000,9999.000,9999.000,9999.000,9999.000,9999.000,9999.000,9999.000
202605100430,   3.217,9999.000,9999.000,9999.000,9999.000,9999.000,9999.000,9999.000,9999.000
202605100436,   3.303,9999.000,9999.000,9999.000,9999.000,9999.000,9999.000,9999.000,9999.000
202605100442,   3.388,9999.000,9999.000,9999.000,9999.000,9999.000,9999.000,9999.000,9999.000
202605100448,   3.473,9999.000,9999.000,9999.000,9999.000,9999.000,9999.000,9999.000,9999.000
202605100454,   3.557,9999.000,9999.000,9999.000,9999.000,9999.000,9999.000,9999.000,9999.000
202605100500,   3.639,9999.000,   0.200,   0.320,   4.159,   0.100,   4.059,   0.300,   4.259
202605100506,   3.720,9999.000,9999.000,9999.000,9999.000,9999.000,9999.000,9999.000,9999.000
202605100512,   3.799,9999.000,9999.000,9999.000,9999.000,9999.000,9999.000,9999.000,9999.000
202605100518,   3.876,9999.000,9999.000,9999.000,9999.000,9999.000,9999.000,9999.000,9999.000
202605100524,   3.951,9999.000,9999.000,9999.000,9999.000,9999.000,9999.000,9999.000,9999.000
202605100530,   4.024,9999.000,9999.000,9999.000,9999.000,9999.000,9999.000,9999.000,9999.000
202605100536,   4.094,9999.000,9999.000,9999.000,9999.000,9999.000,9999.000,9999.000,9999.000
202605100542,   4.161,9999.000,9999.000,9999.000,9999.000,9999.000,9999.000,9999.000,9999.000
202605100548,   4.224,9999.000,9999.000,9999.000,9999.000,9999.000,9999.000,9999.000,9999.000
202605100554,   4.284,9999.000,9999.000,9999.000,9999.000,9999.000,9999.000,9999.000,9999.000
202605100600,   4.341,9999.000,   0.200,   0.320,   4.861,   0.100,   4.761,   0.300,   4.961
202605100606,   4.394,9999.000,9999.000,9999.000,9999.000,9999.000,9999.000,9999.000,9999.000
202605100612,   4.443,9999.000,9999.000,9999.000,9999.000,9999.000,9999.000,9999.000,9999.000
202605100618,   4.488,9999.000,9999.000,9999.000,9999.000,9999.000,9999.000,9999.000,9999.000
202605100624,   4.528,9999.000,9999.000,9999.000,9999.000,9999.000,9999.000,9999.000,9999.000
202605100630,   4.564,9999.000,9999.000,9999.000,9999.000,9999.000,9999.000,9999.000,9999.000
202605100636,   4.596,9999.000,9999.000,9999.000,9999.000,9999.000,9999.000,9999.000,9999.000
202605100642,   4.623,9999.000,9999.000,9999.000,9999.000,9999.000,9999.000,9999.000,9999.000
202605100648,   4.646,9999.000,9999.000,9999.000,9999.000,9999.000,9999.000,9999.000,9999.000
202605100654,   4.663,9999.000,9999.000,9999.000,9999.000,9999.000,9999.000,9999.000,9999.000
202605100700,   4.676,9999.000,   0.200,   0.320,   5.196,   0.100,   5.096,   0.300,   5.296
202605100706,   4.684,9999.000,9999.000,9999.000,9999.000,9999.000,9999.000,9999.000,9999.000
202605100712,   4.687,9999.000,9999.000,9999.000,9999.000,9999.000,9999.000,9999.000,9999.000
202605100718,   4.685,9999.000,9999.000,9999.000,9999.000,9999.000,9999.000,9999.000,9999.000
202605100724,   4.679,9999.000,9999.000,9999.000,9999.000,9999.000,9999.000,9999.000,9999.000
202605100730,   4.667,9999.000,9999.000,9999.000,9999.000,9999.000,9999.000,9999.000,9999.000
202605100736,   4.650,9999.000,9999.000,9999.000,9999.000,9999.000,9999.000,9999.000,9999.000
202605100742,   4.628,9999.000,9999.000,9999.000,9999.000,9999.000,9999.000,9999.000,9999.000
202605100748,   4.601,9999.000,9999.000,9999.000,9999.000,9999.000,9999.000,9999.000,9999.000
202605100754,   4.569,9999.000,9999.000,9999.000,9999.000,9999.000,9999.000,9999.000,9999.000
202605100800,   4.532,9999.000,   0.200,   0.320,   5.052,   0.100,   4.952,   0.300,   5.152
202605100806,   4.491,9999.000,9999.000,9999.000,9999.000,9999.000,9999.000,9999.000,9999.000
202605100812,   4.445,9999.000,9999.000,9999.000,9999.000,9999.000,9999.000,9999.000,9999.000
202605100818,   4.394,9999.000,9999.000,9999.000,9999.000,9999.000,9999.000,9999.000,9999.000
202605100824,   4.339,9999.000,9999.000,9999.000,9999.000,9999.000,9999.000,9999.000,9999.000
202605100830,   4.279,9999.000,9999.000,9999.000,9999.000,9999.000,9999.000,9999.000,9999.000
202605100836,   4.216,9999.000,9999.000,9999.000,9999.000,9999.000,9999.000,9999.000,9999.000
202605100842,   4.149,9999.000,9999.000,9999.000,9999.000,9999.000,9999.000,9999.000,9999.000
202605100848,   4.078,9999.000,9999.000,9999.000,9999.000,9999.000,9999.000,9999.000,9999.000
202605100854,   4.004,9999.000,9999.000,9999.000,9999.000,9999.000,9999.000,9999.000,9999.000
202605100900,   3.926,9999.000,   0.200,   0.320,   4.446,   0.100,   4.346,   0.300,   4.546
202605100906,   3.846,9999.000,9999.000,9999.000,9999.000,9999.000,9999.000,9999.000,9999.000
202605100912,   3.764,9999.000,9999.000,9999.000,9999.000,9999.000,9999.000,9999.000,9999.000
202605100918,   3.679,9999.000,9999.000,9999.000,9999.000,9999.000,9999.000,9999.000,9999.000
202605100924,   3.592,9999.000,9999.000,9999.000,9999.000,9999.000,9999.000,9999.000,9999.000
202605100930,   3.503,9999.000,9999.000,9999.000,9999.000,9999.000,9999.000,9999.000,9999.000
202605100936,   3.413,9999.000,9999.000,9999.000,9999.000,9999.000,9999.000,9999.000,9999.000
202605100942,   3.322,9999.000,9999.000,9999.000,9999.000,9999.000,9999.000,9999.000,9999.000
202605100948,   3.229,9999.000,9999.000,9999.000,9999.000,9999.000,9999.000,9999.000,9999.000
202605100954,   3.136,9999.000,9999.000,9999.000,9999.000,9999.000,9999.000,9999.000,9999.000
202605101000,   3.043,9999.000,   0.200,   0.320,   3.563,   0.100,   3.463,   0.300,   3.663
202605101006,   2.950,9999.000,9999.000,9999.000,9999.000,9999.000,9999.000,9999.000,9999.000
202605101012,   2.856,9999.000,9999.000,9999.000,9999.000,9999.000,9999.000,9999.000,9999.000
202605101018,   2.762,9999.000,9999.000,9999.000,9999.000,9999.000,9999.000,9999.000,9999.000
202605101024,   2.669,9999.000,9999.000,9999.000,9999.000,9999.000,9999.000,9999.000,9999.000
202605101030,   2.576,9999.000,9999.000,9999.000,9999.000,9999.000,9999.000,9999.000,9999.000
202605101036,   2.484,9999.000,9999.000,9999.000,9999.000,9999.000,9999.000,9999.000,9999.000
202605101042,   2.392,9999.000,9999.000,9999.000,9999.000,9999.000,9999.000,9999.000,9999.000
202605101048,   2.301,9999.000,9999.000,9999.000,9999.000,9999.000,9999.000,9999.000,9999.000
202605101054,   2.211,9999.000,9999.000,9999.000,9999.000,9999.000,9999.000,9999.000,9999.000
202605101100,   2.122,9999.000,   0.200,   0.320,   2.642,   0.100,   2.542,   0.300,   2.742
202605101106,   2.034,9999.000,9999.000,9999.000,9999.000,9999.000,9999.000,9999.000,9999.000
202605101112,   1.948,9999.000,9999.000,9999.000,9999.000,9999.000,9999.000,9999.000,9999.000
202605101118,   1.862,9999.000,9999.000,9999.000,9999.000,9999.000,9999.000,9999.000,9999.000
202605101124,   1.778,9999.000,9999.000,9999.000,9999.000,9999.000,9999.000,9999.000,9999.000
202605101130,   1.696,9999.000,9999.000,9999.000,9999.000,9999.000,9999.000,9999.000,9999.000
202605101136,   1.616,9999.000,9999.000,9999.000,9999.000,9999.000,9999.000,9999.000,9999.000
202605101142,   1.538,9999.000,9999.000,9999.000,9999.000,9999.000,9999.000,9999.000,9999.000
202605101148,   1.461,9999.000,9999.000,9999.000,9999.000,9999.000,9999.000,9999.000,9999.000
202605101154,   1.388,9999.000,9999.000,9999.000,9999.000,9999.000,9999.000,9999.000,9999.000
202605101200,   1.317,9999.000,   0.300,   0.320,   1.937,   0.200,   1.837,   0.300,   1.937
202605101206,   1.248,9999.000,9999.000,9999.000,9999.000,9999.000,9999.000,9999.000,9999.000
202605101212,   1.183,9999.000,9999.000,9999.000,9999.000,9999.000,9999.000,9999.000,9999.000
202605101218,   1.122,9999.000,9999.000,9999.000,9999.000,9999.000,9999.000,9999.000,9999.000
202605101224,   1.064,9999.000,9999.000,9999.000,9999.000,9999.000,9999.000,9999.000,9999.000
202605101230,   1.010,9999.000,9999.000,9999.000,9999.000,9999.000,9999.000,9999.000,9999.000
202605101236,   0.960,9999.000,9999.000,9999.000,9999.000,9999.000,9999.000,9999.000,9999.000
202605101242,   0.914,9999.000,9999.000,9999.000,9999.000,9999.000,9999.000,9999.000,9999.000
202605101248,   0.873,9999.000,9999.000,9999.000,9999.000,9999.000,9999.000,9999.000,9999.000
202605101254,   0.837,9999.000,9999.000,9999.000,9999.000,9999.000,9999.000,9999.000,9999.000
202605101300,   0.806,9999.000,   0.200,   0.320,   1.326,   0.200,   1.326,   0.300,   1.426
202605101306,   0.780,9999.000,9999.000,9999.000,9999.000,9999.000,9999.000,9999.000,9999.000
202605101312,   0.759,9999.000,9999.000,9999.000,9999.000,9999.000,9999.000,9999.000,9999.000
202605101318,   0.743,9999.000,9999.000,9999.000,9999.000,9999.000,9999.000,9999.000,9999.000
202605101324,   0.733,9999.000,9999.000,9999.000,9999.000,9999.000,9999.000,9999.000,9999.000
202605101330,   0.727,9999.000,9999.000,9999.000,9999.000,9999.000,9999.000,9999.000,9999.000
202605101336,   0.727,9999.000,9999.000,9999.000,9999.000,9999.000,9999.000,9999.000,9999.000
202605101342,   0.732,9999.000,9999.000,9999.000,9999.000,9999.000,9999.000,9999.000,9999.000
202605101348,   0.742,9999.000,9999.000,9999.000,9999.000,9999.000,9999.000,9999.000,9999.000
202605101354,   0.757,9999.000,9999.000,9999.000,9999.000,9999.000,9999.000,9999.000,9999.000
202605101400,   0.777,9999.000,   0.200,   0.320,   1.297,   0.100,   1.197,   0.300,   1.397
202605101406,   0.801,9999.000,9999.000,9999.000,9999.000,9999.000,9999.000,9999.000,9999.000
202605101412,   0.830,9999.000,9999.000,9999.000,9999.000,9999.000,9999.000,9999.000,9999.000
202605101418,   0.862,9999.000,9999.000,9999.000,9999.000,9999.000,9999.000,9999.000,9999.000
202605101424,   0.899,9999.000,9999.000,9999.000,9999.000,9999.000,9999.000,9999.000,9999.000
202605101430,   0.939,9999.000,9999.000,9999.000,9999.000,9999.000,9999.000,9999.000,9999.000
202605101436,   0.982,9999.000,9999.000,9999.000,9999.000,9999.000,9999.000,9999.000,9999.000
202605101442,   1.028,9999.000,9999.000,9999.000,9999.000,9999.000,9999.000,9999.000,9999.000
202605101448,   1.078,9999.000,9999.000,9999.000,9999.000,9999.000,9999.000,9999.000,9999.000
202605101454,   1.130,9999.000,9999.000,9999.000,9999.000,9999.000,9999.000,9999.000,9999.000
202605101500,   1.184,9999.000,   0.200,   0.320,   1.704,   0.100,   1.604,   0.200,   1.704
202605101506,   1.241,9999.000,9999.000,9999.000,9999.000,9999.000,9999.000,9999.000,9999.000
202605101512,   1.300,9999.000,9999.000,9999.000,9999.000,9999.000,9999.000,9999.000,9999.000
202605101518,   1.361,9999.000,9999.000,9999.000,9999.000,9999.000,9999.000,9999.000,9999.000
202605101524,   1.424,9999.000,9999.000,9999.000,9999.000,9999.000,9999.000,9999.000,9999.000
202605101530,   1.489,9999.000,9999.000,9999.000,9999.000,9999.000,9999.000,9999.000,9999.000
202605101536,   1.556,9999.000,9999.000,9999.000,9999.000,9999.000,9999.000,9999.000,9999.000
202605101542,   1.624,9999.000,9999.000,9999.000,9999.000,9999.000,9999.000,9999.000,9999.000
202605101548,   1.694,9999.000,9999.000,9999.000,9999.000,9999.000,9999.000,9999.000,9999.000
202605101554,   1.765,9999.000,9999.000,9999.000,9999.000,9999.000,9999.000,9999.000,9999.000
202605101600,   1.838,9999.000,   0.200,   0.320,   2.358,   0.100,   2.258,   0.200,   2.358
202605101606,   1.913,9999.000,9999.000,9999.000,9999.000,9999.000,9999.000,9999.000,9999.000
202605101612,   1.988,9999.000,9999.000,9999.000,9999.000,9999.000,9999.000,9999.000,9999.000
202605101618,   2.065,9999.000,9999.000,9999.000,9999.000,9999.000,9999.000,9999.000,9999.000
202605101624,   2.143,9999.000,9999.000,9999.000,9999.000,9999.000,9999.000,9999.000,9999.000
202605101630,   2.222,9999.000,9999.000,9999.000,9999.000,9999.000,9999.000,9999.000,9999.000
202605101636,   2.301,9999.000,9999.000,9999.000,9999.000,9999.000,9999.000,9999.000,9999.000
202605101642,   2.382,9999.000,9999.000,9999.000,9999.000,9999.000,9999.000,9999.000,9999.000
202605101648,   2.463,9999.000,9999.000,9999.000,9999.000,9999.000,9999.000,9999.000,9999.000
202605101654,   2.545,9999.000,9999.000,9999.000,9999.000,9999.000,9999.000,9999.000,9999.000
202605101700,   2.626,9999.000,   0.200,   0.320,   3.146,   0.100,   3.046,   0.200,   3.146
202605101706,   2.708,9999.000,9999.000,9999.000,9999.000,9999.000,9999.000,9999.000,9999.000
202605101712,   2.790,9999.000,9999.000,9999.000,9999.000,9999.000,9999.000,9999.000,9999.000
202605101718,   2.871,9999.000,9999.000,9999.000,9999.000,9999.000,9999.000,9999.000,9999.000
202605101724,   2.952,9999.000,9999.000,9999.000,9999.000,9999.000,9999.000,9999.000,9999.000
202605101730,   3.032,9999.000,9999.000,9999.000,9999.000,9999.000,9999.000,9999.000,9999.000
202605101736,   3.110,9999.000,9999.000,9999.000,9999.000,9999.000,9999.000,9999.000,9999.000
202605101742,   3.187,9999.000,9999.000,9999.000,9999.000,9999.000,9999.000,9999.000,9999.000
202605101748,   3.263,9999.000,9999.000,9999.000,9999.000,9999.000,9999.000,9999.000,9999.000
202605101754,   3.336,9999.000,9999.000,9999.000,9999.000,9999.000,9999.000,9999.000,9999.000
202605101800,   3.408,9999.000,   0.100,   0.320,   3.828,   0.100,   3.828,   0.200,   3.928
202605101806,   3.477,9999.000,9999.000,9999.000,9999.000,9999.000,9999.000,9999.000,9999.000
202605101812,   3.543,9999.000,9999.000,9999.000,9999.000,9999.000,9999.000,9999.000,9999.000
202605101818,   3.607,9999.000,9999.000,9999.000,9999.000,9999.000,9999.000,9999.000,9999.000
202605101824,   3.667,9999.000,9999.000,9999.000,9999.000,9999.000,9999.000,9999.000,9999.000
202605101830,   3.725,9999.000,9999.000,9999.000,9999.000,9999.000,9999.000,9999.000,9999.000
202605101836,   3.779,9999.000,9999.000,9999.000,9999.000,9999.000,9999.000,9999.000,9999.000
202605101842,   3.829,9999.000,9999.000,9999.000,9999.000,9999.000,9999.000,9999.000,9999.000
202605101848,   3.876,9999.000,9999.000,9999.000,9999.000,9999.000,9999.000,9999.000,9999.000
202605101854,   3.919,9999.000,9999.000,9999.000,9999.000,9999.000,9999.000,9999.000,9999.000
202605101900,   3.958,9999.000,   0.100,   0.320,   4.378,   0.100,   4.378,   0.200,   4.478
202605101906,   3.993,9999.000,9999.000,9999.000,9999.000,9999.000,9999.000,9999.000,9999.000
202605101912,   4.024,9999.000,9999.000,9999.000,9999.000,9999.000,9999.000,9999.000,9999.000
202605101918,   4.050,9999.000,9999.000,9999.000,9999.000,9999.000,9999.000,9999.000,9999.000
202605101924,   4.073,9999.000,9999.000,9999.000,9999.000,9999.000,9999.000,9999.000,9999.000
202605101930,   4.090,9999.000,9999.000,9999.000,9999.000,9999.000,9999.000,9999.000,9999.000
202605101936,   4.104,9999.000,9999.000,9999.000,9999.000,9999.000,9999.000,9999.000,9999.000
202605101942,   4.113,9999.000,9999.000,9999.000,9999.000,9999.000,9999.000,9999.000,9999.000
202605101948,   4.117,9999.000,9999.000,9999.000,9999.000,9999.000,9999.000,9999.000,9999.000
202605101954,   4.116,9999.000,9999.000,9999.000,9999.000,9999.000,9999.000,9999.000,9999.000
202605102000,   4.112,9999.000,   0.100,   0.320,   4.532,   0.100,   4.532,   0.200,   4.632
202605102006,   4.102,9999.000,9999.000,9999.000,9999.000,9999.000,9999.000,9999.000,9999.000
202605102012,   4.088,9999.000,9999.000,9999.000,9999.000,9999.000,9999.000,9999.000,9999.000
202605102018,   4.069,9999.000,9999.000,9999.000,9999.000,9999.000,9999.000,9999.000,9999.000
202605102024,   4.045,9999.000,9999.000,9999.000,9999.000,9999.000,9999.000,9999.000,9999.000
202605102030,   4.018,9999.000,9999.000,9999.000,9999.000,9999.000,9999.000,9999.000,9999.000
202605102036,   3.985,9999.000,9999.000,9999.000,9999.000,9999.000,9999.000,9999.000,9999.000
202605102042,   3.949,9999.000,9999.000,9999.000,9999.000,9999.000,9999.000,9999.000,9999.000
202605102048,   3.908,9999.000,9999.000,9999.000,9999.000,9999.000,9999.000,9999.000,9999.000
202605102054,   3.863,9999.000,9999.000,9999.000,9999.000,9999.000,9999.000,9999.000,9999.000
202605102100,   3.814,9999.000,   0.100,   0.320,   4.234,   0.000,   4.134,   0.200,   4.334
202605102106,   3.761,9999.000,9999.000,9999.000,9999.000,9999.000,9999.000,9999.000,9999.000
202605102112,   3.705,9999.000,9999.000,9999.000,9999.000,9999.000,9999.000,9999.000,9999.000
202605102118,   3.646,9999.000,9999.000,9999.000,9999.000,9999.000,9999.000,9999.000,9999.000
202605102124,   3.583,9999.000,9999.000,9999.000,9999.000,9999.000,9999.000,9999.000,9999.000
202605102130,   3.518,9999.000,9999.000,9999.000,9999.000,9999.000,9999.000,9999.000,9999.000
202605102136,   3.450,9999.000,9999.000,9999.000,9999.000,9999.000,9999.000,9999.000,9999.000
202605102142,   3.380,9999.000,9999.000,9999.000,9999.000,9999.000,9999.000,9999.000,9999.000
202605102148,   3.308,9999.000,9999.000,9999.000,9999.000,9999.000,9999.000,9999.000,9999.000
202605102154,   3.234,9999.000,9999.000,9999.000,9999.000,9999.000,9999.000,9999.000,9999.000
202605102200,   3.158,9999.000,   0.200,   0.320,   3.678,   0.000,   3.478,   0.200,   3.678
202605102206,   3.081,9999.000,9999.000,9999.000,9999.000,9999.000,9999.000,9999.000,9999.000
202605102212,   3.004,9999.000,9999.000,9999.000,9999.000,9999.000,9999.000,9999.000,9999.000
202605102218,   2.925,9999.000,9999.000,9999.000,9999.000,9999.000,9999.000,9999.000,9999.000
202605102224,   2.846,9999.000,9999.000,9999.000,9999.000,9999.000,9999.000,9999.000,9999.000
202605102230,   2.766,9999.000,9999.000,9999.000,9999.000,9999.000,9999.000,9999.000,9999.000
202605102236,   2.686,9999.000,9999.000,9999.000,9999.000,9999.000,9999.000,9999.000,9999.000
202605102242,   2.606,9999.000,9999.000,9999.000,9999.000,9999.000,9999.000,9999.000,9999.000
202605102248,   2.527,9999.000,9999.000,9999.000,9999.000,9999.000,9999.000,9999.000,9999.000
202605102254,   2.447,9999.000,9999.000,9999.000,9999.000,9999.000,9999.000,9999.000,9999.000
202605102300,   2.368,9999.000,   0.100,   0.320,   2.788,   0.000,   2.688,   0.200,   2.888
202605102306,   2.289,9999.000,9999.000,9999.000,9999.000,9999.000,9999.000,9999.000,9999.000
202605102312,   2.211,9999.000,9999.000,9999.000,9999.000,9999.000,9999.000,9999.000,9999.000
202605102318,   2.133,9999.000,9999.000,9999.000,9999.000,9999.000,9999.000,9999.000,9999.000
202605102324,   2.057,9999.000,9999.000,9999.000,9999.000,9999.000,9999.000,9999.000,9999.000
202605102330,   1.981,9999.000,9999.000,9999.000,9999.000,9999.000,9999.000,9999.000,9999.000
202605102336,   1.906,9999.000,9999.000,9999.000,9999.000,9999.000,9999.000,9999.000,9999.000
202605102342,   1.833,9999.000,9999.000,9999.000,9999.000,9999.000,9999.000,9999.000,9999.000
202605102348,   1.760,9999.000,9999.000,9999.000,9999.000,9999.000,9999.000,9999.000,9999.000
202605102354,   1.689,9999.000,9999.000,9999.000,9999.000,9999.000,9999.000,9999.000,9999.000
202605110000,   1.620,9999.000,   0.100,   0.320,   2.040,   0.000,   1.940,   0.200,   2.140
202605110006,   1.552,9999.000,9999.000,9999.000,9999.000,9999.000,9999.000,9999.000,9999.000
202605110012,   1.487,9999.000,9999.000,9999.000,9999.000,9999.000,9999.000,9999.000,9999.000
202605110018,   1.424,9999.000,9999.000,9999.000,9999.000,9999.000,9999.000,9999.000,9999.000
202605110024,   1.363,9999.000,9999.000,9999.000,9999.000,9999.000,9999.000,9999.000,9999.000
202605110030,   1.305,9999.000,9999.000,9999.000,9999.000,9999.000,9999.000,9999.000,9999.000
202605110036,   1.249,9999.000,9999.000,9999.000,9999.000,9999.000,9999.000,9999.000,9999.000
202605110042,   1.197,9999.000,9999.000,9999.000,9999.000,9999.000,9999.000,9999.000,9999.000
202605110048,   1.149,9999.000,9999.000,9999.000,9999.000,9999.000,9999.000,9999.000,9999.000
202605110054,   1.104,9999.000,9999.000,9999.000,9999.000,9999.000,9999.000,9999.000,9999.000
202605110100,   1.063,9999.000,   0.100,   0.320,   1.483,   0.000,   1.383,   0.200,   1.583
202605110106,   1.026,9999.000,9999.000,9999.000,9999.000,9999.000,9999.000,9999.000,9999.000
202605110112,   0.994,9999.000,9999.000,9999.000,9999.000,9999.000,9999.000,9999.000,9999.000
202605110118,   0.966,9999.000,9999.000,9999.000,9999.000,9999.000,9999.000,9999.000,9999.000
202605110124,   0.944,9999.000,9999.000,9999.000,9999.000,9999.000,9999.000,9999.000,9999.000
202605110130,   0.926,9999.000,9999.000,9999.000,9999.000,9999.000,9999.000,9999.000,9999.000
202605110136,   0.913,9999.000,9999.000,9999.000,9999.000,9999.000,9999.000,9999.000,9999.000
202605110142,   0.906,9999.000,9999.000,9999.000,9999.000,9999.000,9999.000,9999.000,9999.000
202605110148,   0.903,9999.000,9999.000,9999.000,9999.000,9999.000,9999.000,9999.000,9999.000
202605110154,   0.906,9999.000,9999.000,9999.000,9999.000,9999.000,9999.000,9999.000,9999.000
202605110200,   0.914,9999.000,   0.100,   0.320,   1.334,   0.000,   1.234,   0.100,   1.334
202605110206,   0.927,9999.000,9999.000,9999.000,9999.000,9999.000,9999.000,9999.000,9999.000
202605110212,   0.945,9999.000,9999.000,9999.000,9999.000,9999.000,9999.000,9999.000,9999.000
202605110218,   0.968,9999.000,9999.000,9999.000,9999.000,9999.000,9999.000,9999.000,9999.000
202605110224,   0.996,9999.000,9999.000,9999.000,9999.000,9999.000,9999.000,9999.000,9999.000
202605110230,   1.028,9999.000,9999.000,9999.000,9999.000,9999.000,9999.000,9999.000,9999.000
202605110236,   1.065,9999.000,9999.000,9999.000,9999.000,9999.000,9999.000,9999.000,9999.000
202605110242,   1.105,9999.000,9999.000,9999.000,9999.000,9999.000,9999.000,9999.000,9999.000
202605110248,   1.150,9999.000,9999.000,9999.000,9999.000,9999.000,9999.000,9999.000,9999.000
202605110254,   1.198,9999.000,9999.000,9999.000,9999.000,9999.000,9999.000,9999.000,9999.000
202605110300,   1.250,9999.000,   0.000,   0.320,   1.570,   0.000,   1.570,   0.100,   1.670
202605110306,   1.304,9999.000,9999.000,9999.000,9999.000,9999.000,9999.000,9999.000,9999.000
202605110312,   1.362,9999.000,9999.000,9999.000,9999.000,9999.000,9999.000,9999.000,9999.000
202605110318,   1.422,9999.000,9999.000,9999.000,9999.000,9999.000,9999.000,9999.000,9999.000
202605110324,   1.485,9999.000,9999.000,9999.000,9999.000,9999.000,9999.000,9999.000,9999.000
202605110330,   1.551,9999.000,9999.000,9999.000,9999.000,9999.000,9999.000,9999.000,9999.000
202605110336,   1.618,9999.000,9999.000,9999.000,9999.000,9999.000,9999.000,9999.000,9999.000
202605110342,   1.688,9999.000,9999.000,9999.000,9999.000,9999.000,9999.000,9999.000,9999.000
202605110348,   1.759,9999.000,9999.000,9999.000,9999.000,9999.000,9999.000,9999.000,9999.000
202605110354,   1.833,9999.000,9999.000,9999.000,9999.000,9999.000,9999.000,9999.000,9999.000
202605110400,   1.908,9999.000,   0.000,   0.320,   2.228,   0.000,   2.228,   0.100,   2.328
202605110406,   1.985,9999.000,9999.000,9999.000,9999.000,9999.000,9999.000,9999.000,9999.000
202605110412,   2.063,9999.000,9999.000,9999.000,9999.000,9999.000,9999.000,9999.000,9999.000
202605110418,   2.143,9999.000,9999.000,9999.000,9999.000,9999.000,9999.000,9999.000,9999.000
202605110424,   2.224,9999.000,9999.000,9999.000,9999.000,9999.000,9999.000,9999.000,9999.000
202605110430,   2.306,9999.000,9999.000,9999.000,9999.000,9999.000,9999.000,9999.000,9999.000
202605110436,   2.390,9999.000,9999.000,9999.000,9999.000,9999.000,9999.000,9999.000,9999.000
202605110442,   2.475,9999.000,9999.000,9999.000,9999.000,9999.000,9999.000,9999.000,9999.000
202605110448,   2.561,9999.000,9999.000,9999.000,9999.000,9999.000,9999.000,9999.000,9999.000
202605110454,   2.648,9999.000,9999.000,9999.000,9999.000,9999.000,9999.000,9999.000,9999.000
202605110500,   2.735,9999.000,   0.000,   0.320,   3.055,   0.000,   3.055,   0.100,   3.155
202605110506,   2.824,9999.000,9999.000,9999.000,9999.000,9999.000,9999.000,9999.000,9999.000
202605110512,   2.912,9999.000,9999.000,9999.000,9999.000,9999.000,9999.000,9999.000,9999.000
202605110518,   3.001,9999.000,9999.000,9999.000,9999.000,9999.000,9999.000,9999.000,9999.000
202605110524,   3.091,9999.000,9999.000,9999.000,9999.000,9999.000,9999.000,9999.000,9999.000
202605110530,   3.180,9999.000,9999.000,9999.000,9999.000,9999.000,9999.000,9999.000,9999.000
202605110536,   3.269,9999.000,9999.000,9999.000,9999.000,9999.000,9999.000,9999.000,9999.000
202605110542,   3.357,9999.000,9999.000,9999.000,9999.000,9999.000,9999.000,9999.000,9999.000
202605110548,   3.444,9999.000,9999.000,9999.000,9999.000,9999.000,9999.000,9999.000,9999.000
202605110554,   3.530,9999.000,9999.000,9999.000,9999.000,9999.000,9999.000,9999.000,9999.000
202605110600,   3.615,9999.000,   0.000,   0.320,   3.935,   0.000,   3.935,   0.100,   4.035
202605110606,   3.698,9999.000,9999.000,9999.000,9999.000,9999.000,9999.000,9999.000,9999.000
202605110612,   3.779,9999.000,9999.000,9999.000,9999.000,9999.000,9999.000,9999.000,9999.000
202605110618,   3.858,9999.000,9999.000,9999.000,9999.000,9999.000,9999.000,9999.000,9999.000
202605110624,   3.935,9999.000,9999.000,9999.000,9999.000,9999.000,9999.000,9999.000,9999.000
202605110630,   4.009,9999.000,9999.000,9999.000,9999.000,9999.000,9999.000,9999.000,9999.000
202605110636,   4.080,9999.000,9999.000,9999.000,9999.000,9999.000,9999.000,9999.000,9999.000
202605110642,   4.148,9999.000,9999.000,9999.000,9999.000,9999.000,9999.000,9999.000,9999.000
202605110648,   4.212,9999.000,9999.000,9999.000,9999.000,9999.000,9999.000,9999.000,9999.000
202605110654,   4.273,9999.000,9999.000,9999.000,9999.000,9999.000,9999.000,9999.000,9999.000
202605110700,   4.330,9999.000,   0.000,   0.320,   4.650,   0.000,   4.650,   0.100,   4.750
202605110706,   4.383,9999.000,9999.000,9999.000,9999.000,9999.000,9999.000,9999.000,9999.000
202605110712,   4.432,9999.000,9999.000,9999.000,9999.000,9999.000,9999.000,9999.000,9999.000
202605110718,   4.476,9999.000,9999.000,9999.000,9999.000,9999.000,9999.000,9999.000,9999.000
202605110724,   4.516,9999.000,9999.000,9999.000,9999.000,9999.000,9999.000,9999.000,9999.000
202605110730,   4.552,9999.000,9999.000,9999.000,9999.000,9999.000,9999.000,9999.000,9999.000
202605110736,   4.583,9999.000,9999.000,9999.000,9999.000,9999.000,9999.000,9999.000,9999.000
202605110742,   4.609,9999.000,9999.000,9999.000,9999.000,9999.000,9999.000,9999.000,9999.000
202605110748,   4.630,9999.000,9999.000,9999.000,9999.000,9999.000,9999.000,9999.000,9999.000
202605110754,   4.646,9999.000,9999.000,9999.000,9999.000,9999.000,9999.000,9999.000,9999.000
202605110800,   4.658,9999.000,   0.100,   0.320,   5.078,   0.000,   4.978,   0.100,   5.078
202605110806,   4.664,9999.000,9999.000,9999.000,9999.000,9999.000,9999.000,9999.000,9999.000
202605110812,   4.665,9999.000,9999.000,9999.000,9999.000,9999.000,9999.000,9999.000,9999.000
202605110818,   4.660,9999.000,9999.000,9999.000,9999.000,9999.000,9999.000,9999.000,9999.000
202605110824,   4.651,9999.000,9999.000,9999.000,9999.000,9999.000,9999.000,9999.000,9999.000
202605110830,   4.636,9999.000,9999.000,9999.000,9999.000,9999.000,9999.000,9999.000,9999.000
202605110836,   4.616,9999.000,9999.000,9999.000,9999.000,9999.000,9999.000,9999.000,9999.000
202605110842,   4.591,9999.000,9999.000,9999.000,9999.000,9999.000,9999.000,9999.000,9999.000
202605110848,   4.561,9999.000,9999.000,9999.000,9999.000,9999.000,9999.000,9999.000,9999.000
202605110854,   4.525,9999.000,9999.000,9999.000,9999.000,9999.000,9999.000,9999.000,9999.000
202605110900,   4.485,9999.000,   0.100,   0.320,   4.905,   0.000,   4.805,   0.200,   5.005
202605110906,   4.439,9999.000,9999.000,9999.000,9999.000,9999.000,9999.000,9999.000,9999.000
202605110912,   4.389,9999.000,9999.000,9999.000,9999.000,9999.000,9999.000,9999.000,9999.000
202605110918,   4.334,9999.000,9999.000,9999.000,9999.000,9999.000,9999.000,9999.000,9999.000
202605110924,   4.274,9999.000,9999.000,9999.000,9999.000,9999.000,9999.000,9999.000,9999.000
202605110930,   4.210,9999.000,9999.000,9999.000,9999.000,9999.000,9999.000,9999.000,9999.000
202605110936,   4.142,9999.000,9999.000,9999.000,9999.000,9999.000,9999.000,9999.000,9999.000
202605110942,   4.071,9999.000,9999.000,9999.000,9999.000,9999.000,9999.000,9999.000,9999.000
202605110948,   3.995,9999.000,9999.000,9999.000,9999.000,9999.000,9999.000,9999.000,9999.000
202605110954,   3.916,9999.000,9999.000,9999.000,9999.000,9999.000,9999.000,9999.000,9999.000
202605111000,   3.834,9999.000,   0.100,   0.320,   4.254,   0.100,   4.254,   0.200,   4.354
202605111006,   3.749,9999.000,9999.000,9999.000,9999.000,9999.000,9999.000,9999.000,9999.000
202605111012,   3.662,9999.000,9999.000,9999.000,9999.000,9999.000,9999.000,9999.000,9999.000
202605111018,   3.573,9999.000,9999.000,9999.000,9999.000,9999.000,9999.000,9999.000,9999.000
202605111024,   3.481,9999.000,9999.000,9999.000,9999.000,9999.000,9999.000,9999.000,9999.000
202605111030,   3.388,9999.000,9999.000,9999.000,9999.000,9999.000,9999.000,9999.000,9999.000
202605111036,   3.293,9999.000,9999.000,9999.000,9999.000,9999.000,9999.000,9999.000,9999.000
202605111042,   3.197,9999.000,9999.000,9999.000,9999.000,9999.000,9999.000,9999.000,9999.000
202605111048,   3.101,9999.000,9999.000,9999.000,9999.000,9999.000,9999.000,9999.000,9999.000
202605111054,   3.003,9999.000,9999.000,9999.000,9999.000,9999.000,9999.000,9999.000,9999.000
202605111100,   2.905,9999.000,   0.200,   0.320,   3.425,   0.100,   3.325,   0.300,   3.525
202605111106,   2.807,9999.000,9999.000,9999.000,9999.000,9999.000,9999.000,9999.000,9999.000
202605111112,   2.709,9999.000,9999.000,9999.000,9999.000,9999.000,9999.000,9999.000,9999.000
202605111118,   2.611,9999.000,9999.000,9999.000,9999.000,9999.000,9999.000,9999.000,9999.000
202605111124,   2.513,9999.000,9999.000,9999.000,9999.000,9999.000,9999.000,9999.000,9999.000
202605111130,   2.415,9999.000,9999.000,9999.000,9999.000,9999.000,9999.000,9999.000,9999.000
202605111136,   2.318,9999.000,9999.000,9999.000,9999.000,9999.000,9999.000,9999.000,9999.000
202605111142,   2.222,9999.000,9999.000,9999.000,9999.000,9999.000,9999.000,9999.000,9999.000
202605111148,   2.126,9999.000,9999.000,9999.000,9999.000,9999.000,9999.000,9999.000,9999.000
202605111154,   2.032,9999.000,9999.000,9999.000,9999.000,9999.000,9999.000,9999.000,9999.000
202605111200,   1.938,9999.000,   0.200,   0.320,   2.458,   0.100,   2.358,   0.300,   2.558
202605111206,   1.846,9999.000,9999.000,9999.000,9999.000,9999.000,9999.000,9999.000,9999.000
202605111212,   1.755,9999.000,9999.000,9999.000,9999.000,9999.000,9999.000,9999.000,9999.000
202605111218,   1.666,9999.000,9999.000,9999.000,9999.000,9999.000,9999.000,9999.000,9999.000
202605111224,   1.578,9999.000,9999.000,9999.000,9999.000,9999.000,9999.000,9999.000,9999.000
202605111230,   1.492,9999.000,9999.000,9999.000,9999.000,9999.000,9999.000,9999.000,9999.000
202605111236,   1.409,9999.000,9999.000,9999.000,9999.000,9999.000,9999.000,9999.000,9999.000
202605111242,   1.328,9999.000,9999.000,9999.000,9999.000,9999.000,9999.000,9999.000,9999.000
202605111248,   1.250,9999.000,9999.000,9999.000,9999.000,9999.000,9999.000,9999.000,9999.000
202605111254,   1.174,9999.000,9999.000,9999.000,9999.000,9999.000,9999.000,9999.000,9999.000
202605111300,   1.102,9999.000,   0.200,   0.320,   1.622,   0.100,   1.522,   0.300,   1.722
202605111306,   1.034,9999.000,9999.000,9999.000,9999.000,9999.000,9999.000,9999.000,9999.000
202605111312,   0.969,9999.000,9999.000,9999.000,9999.000,9999.000,9999.000,9999.000,9999.000
202605111318,   0.908,9999.000,9999.000,9999.000,9999.000,9999.000,9999.000,9999.000,9999.000
202605111324,   0.852,9999.000,9999.000,9999.000,9999.000,9999.000,9999.000,9999.000,9999.000
202605111330,   0.800,9999.000,9999.000,9999.000,9999.000,9999.000,9999.000,9999.000,9999.000
202605111336,   0.753,9999.000,9999.000,9999.000,9999.000,9999.000,9999.000,9999.000,9999.000
202605111342,   0.711,9999.000,9999.000,9999.000,9999.000,9999.000,9999.000,9999.000,9999.000
202605111348,   0.674,9999.000,9999.000,9999.000,9999.000,9999.000,9999.000,9999.000,9999.000
202605111354,   0.643,9999.000,9999.000,9999.000,9999.000,9999.000,9999.000,9999.000,9999.000
202605111400,   0.617,9999.000,   0.200,   0.320,   1.137,   0.100,   1.037,   0.400,   1.337
202605111406,   0.597,9999.000,9999.000,9999.000,9999.000,9999.000,9999.000,9999.000,9999.000
202605111412,   0.583,9999.000,9999.000,9999.000,9999.000,9999.000,9999.000,9999.000,9999.000
202605111418,   0.574,9999.000,9999.000,9999.000,9999.000,9999.000,9999.000,9999.000,9999.000
202605111424,   0.571,9999.000,9999.000,9999.000,9999.000,9999.000,9999.000,9999.000,9999.000
202605111430,   0.573,9999.000,9999.000,9999.000,9999.000,9999.000,9999.000,9999.000,9999.000
202605111436,   0.581,9999.000,9999.000,9999.000,9999.000,9999.000,9999.000,9999.000,9999.000
202605111442,   0.595,9999.000,9999.000,9999.000,9999.000,9999.000,9999.000,9999.000,9999.000
202605111448,   0.613,9999.000,9999.000,9999.000,9999.000,9999.000,9999.000,9999.000,9999.000
202605111454,   0.637,9999.000,9999.000,9999.000,9999.000,9999.000,9999.000,9999.000,9999.000
202605111500,   0.665,9999.000,   0.200,   0.320,   1.185,   0.100,   1.085,   0.400,   1.385
202605111506,   0.698,9999.000,9999.000,9999.000,9999.000,9999.000,9999.000,9999.000,9999.000
202605111512,   0.736,9999.000,9999.000,9999.000,9999.000,9999.000,9999.000,9999.000,9999.000
202605111518,   0.777,9999.000,9999.000,9999.000,9999.000,9999.000,9999.000,9999.000,9999.000
202605111524,   0.823,9999.000,9999.000,9999.000,9999.000,9999.000,9999.000,9999.000,9999.000
202605111530,   0.872,9999.000,9999.000,9999.000,9999.000,9999.000,9999.000,9999.000,9999.000
202605111536,   0.924,9999.000,9999.000,9999.000,9999.000,9999.000,9999.000,9999.000,9999.000
202605111542,   0.980,9999.000,9999.000,9999.000,9999.000,9999.000,9999.000,9999.000,9999.000
202605111548,   1.039,9999.000,9999.000,9999.000,9999.000,9999.000,9999.000,9999.000,9999.000
202605111554,   1.101,9999.000,9999.000,9999.000,9999.000,9999.000,9999.000,9999.000,9999.000
202605111600,   1.165,9999.000,   0.200,   0.320,   1.685,   0.100,   1.585,   0.400,   1.885
202605111606,   1.232,9999.000,9999.000,9999.000,9999.000,9999.000,9999.000,9999.000,9999.000
202605111612,   1.301,9999.000,9999.000,9999.000,9999.000,9999.000,9999.000,9999.000,9999.000
202605111618,   1.372,9999.000,9999.000,9999.000,9999.000,9999.000,9999.000,9999.000,9999.000
202605111624,   1.446,9999.000,9999.000,9999.000,9999.000,9999.000,9999.000,9999.000,9999.000
202605111630,   1.521,9999.000,9999.000,9999.000,9999.000,9999.000,9999.000,9999.000,9999.000
202605111636,   1.599,9999.000,9999.000,9999.000,9999.000,9999.000,9999.000,9999.000,9999.000
202605111642,   1.678,9999.000,9999.000,9999.000,9999.000,9999.000,9999.000,9999.000,9999.000
202605111648,   1.759,9999.000,9999.000,9999.000,9999.000,9999.000,9999.000,9999.000,9999.000
202605111654,   1.842,9999.000,9999.000,9999.000,9999.000,9999.000,9999.000,9999.000,9999.000
202605111700,   1.926,9999.000,   0.300,   0.320,   2.546,   0.100,   2.346,   0.400,   2.646
202605111706,   2.012,9999.000,9999.000,9999.000,9999.000,9999.000,9999.000,9999.000,9999.000
202605111712,   2.099,9999.000,9999.000,9999.000,9999.000,9999.000,9999.000,9999.000,9999.000
202605111718,   2.188,9999.000,9999.000,9999.000,9999.000,9999.000,9999.000,9999.000,9999.000
202605111724,   2.278,9999.000,9999.000,9999.000,9999.000,9999.000,9999.000,9999.000,9999.000
202605111730,   2.369,9999.000,9999.000,9999.000,9999.000,9999.000,9999.000,9999.000,9999.000
202605111736,   2.460,9999.000,9999.000,9999.000,9999.000,9999.000,9999.000,9999.000,9999.000
202605111742,   2.553,9999.000,9999.000,9999.000,9999.000,9999.000,9999.000,9999.000,9999.000
202605111748,   2.645,9999.000,9999.000,9999.000,9999.000,9999.000,9999.000,9999.000,9999.000
202605111754,   2.738,9999.000,9999.000,9999.000,9999.000,9999.000,9999.000,9999.000,9999.000
202605111800,   2.831,9999.000,   0.300,   0.320,   3.451,   0.200,   3.351,   0.400,   3.551
202605111806,   2.924,9999.000,9999.000,9999.000,9999.000,9999.000,9999.000,9999.000,9999.000
202605111812,   3.016,9999.000,9999.000,9999.000,9999.000,9999.000,9999.000,9999.000,9999.000
202605111818,   3.108,9999.000,9999.000,9999.000,9999.000,9999.000,9999.000,9999.000,9999.000
202605111824,   3.198,9999.000,9999.000,9999.000,9999.000,9999.000,9999.000,9999.000,9999.000
202605111830,   3.287,9999.000,9999.000,9999.000,9999.000,9999.000,9999.000,9999.000,9999.000
202605111836,   3.375,9999.000,9999.000,9999.000,9999.000,9999.000,9999.000,9999.000,9999.000
202605111842,   3.461,9999.000,9999.000,9999.000,9999.000,9999.000,9999.000,9999.000,9999.000
202605111848,   3.544,9999.000,9999.000,9999.000,9999.000,9999.000,9999.000,9999.000,9999.000
202605111854,   3.626,9999.000,9999.000,9999.000,9999.000,9999.000,9999.000,9999.000,9999.000
202605111900,   3.704,9999.000,   0.300,   0.320,   4.324,   0.200,   4.224,   0.400,   4.424
202605111906,   3.780,9999.000,9999.000,9999.000,9999.000,9999.000,9999.000,9999.000,9999.000
202605111912,   3.852,9999.000,9999.000,9999.000,9999.000,9999.000,9999.000,9999.000,9999.000
202605111918,   3.922,9999.000,9999.000,9999.000,9999.000,9999.000,9999.000,9999.000,9999.000
202605111924,   3.988,9999.000,9999.000,9999.000,9999.000,9999.000,9999.000,9999.000,9999.000
202605111930,   4.050,9999.000,9999.000,9999.000,9999.000,9999.000,9999.000,9999.000,9999.000
202605111936,   4.108,9999.000,9999.000,9999.000,9999.000,9999.000,9999.000,9999.000,9999.000
202605111942,   4.162,9999.000,9999.000,9999.000,9999.000,9999.000,9999.000,9999.000,9999.000
202605111948,   4.212,9999.000,9999.000,9999.000,9999.000,9999.000,9999.000,9999.000,9999.000
202605111954,   4.257,9999.000,9999.000,9999.000,9999.000,9999.000,9999.000,9999.000,9999.000
202605112000,   4.299,9999.000,   0.300,   0.320,   4.919,   0.200,   4.819,   0.500,   5.119
202605112006,   4.335,9999.000,9999.000,9999.000,9999.000,9999.000,9999.000,9999.000,9999.000
202605112012,   4.367,9999.000,9999.000,9999.000,9999.000,9999.000,9999.000,9999.000,9999.000
202605112018,   4.394,9999.000,9999.000,9999.000,9999.000,9999.000,9999.000,9999.000,9999.000
202605112024,   4.416,9999.000,9999.000,9999.000,9999.000,9999.000,9999.000,9999.000,9999.000
202605112030,   4.433,9999.000,9999.000,9999.000,9999.000,9999.000,9999.000,9999.000,9999.000
202605112036,   4.445,9999.000,9999.000,9999.000,9999.000,9999.000,9999.000,9999.000,9999.000
202605112042,   4.452,9999.000,9999.000,9999.000,9999.000,9999.000,9999.000,9999.000,9999.000
202605112048,   4.454,9999.000,9999.000,9999.000,9999.000,9999.000,9999.000,9999.000,9999.000
202605112054,   4.451,9999.000,9999.000,9999.000,9999.000,9999.000,9999.000,9999.000,9999.000
202605112100,   4.442,9999.000,   0.300,   0.320,   5.062,   0.200,   4.962,   0.500,   5.262
202605112106,   4.429,9999.000,9999.000,9999.000,9999.000,9999.000,9999.000,9999.000,9999.000
202605112112,   4.410,9999.000,9999.000,9999.000,9999.000,9999.000,9999.000,9999.000,9999.000
202605112118,   4.386,9999.000,9999.000,9999.000,9999.000,9999.000,9999.000,9999.000,9999.000
202605112124,   4.356,9999.000,9999.000,9999.000,9999.000,9999.000,9999.000,9999.000,9999.000
202605112130,   4.322,9999.000,9999.000,9999.000,9999.000,9999.000,9999.000,9999.000,9999.000
202605112136,   4.283,9999.000,9999.000,9999.000,9999.000,9999.000,9999.000,9999.000,9999.000
202605112142,   4.239,9999.000,9999.000,9999.000,9999.000,9999.000,9999.000,9999.000,9999.000
202605112148,   4.191,9999.000,9999.000,9999.000,9999.000,9999.000,9999.000,9999.000,9999.000
202605112154,   4.138,9999.000,9999.000,9999.000,9999.000,9999.000,9999.000,9999.000,9999.000
202605112200,   4.081,9999.000,   0.300,   0.320,   4.701,   0.200,   4.601,   0.500,   4.901
202605112206,   4.019,9999.000,9999.000,9999.000,9999.000,9999.000,9999.000,9999.000,9999.000
202605112212,   3.954,9999.000,9999.000,9999.000,9999.000,9999.000,9999.000,9999.000,9999.000
202605112218,   3.886,9999.000,9999.000,9999.000,9999.000,9999.000,9999.000,9999.000,9999.000
202605112224,   3.814,9999.000,9999.000,9999.000,9999.000,9999.000,9999.000,9999.000,9999.000
202605112230,   3.738,9999.000,9999.000,9999.000,9999.000,9999.000,9999.000,9999.000,9999.000
202605112236,   3.661,9999.000,9999.000,9999.000,9999.000,9999.000,9999.000,9999.000,9999.000
202605112242,   3.580,9999.000,9999.000,9999.000,9999.000,9999.000,9999.000,9999.000,9999.000
202605112248,   3.498,9999.000,9999.000,9999.000,9999.000,9999.000,9999.000,9999.000,9999.000
202605112254,   3.413,9999.000,9999.000,9999.000,9999.000,9999.000,9999.000,9999.000,9999.000
202605112300,   3.327,9999.000,   0.300,   0.320,   3.947,   0.200,   3.847,   0.500,   4.147
202605112306,   3.239,9999.000,9999.000,9999.000,9999.000,9999.000,9999.000,9999.000,9999.000
202605112312,   3.150,9999.000,9999.000,9999.000,9999.000,9999.000,9999.000,9999.000,9999.000
202605112318,   3.060,9999.000,9999.000,9999.000,9999.000,9999.000,9999.000,9999.000,9999.000
202605112324,   2.969,9999.000,9999.000,9999.000,9999.000,9999.000,9999.000,9999.000,9999.000
202605112330,   2.878,9999.000,9999.000,9999.000,9999.000,9999.000,9999.000,9999.000,9999.000
202605112336,   2.786,9999.000,9999.000,9999.000,9999.000,9999.000,9999.000,9999.000,9999.000
202605112342,   2.695,9999.000,9999.000,9999.000,9999.000,9999.000,9999.000,9999.000,9999.000
202605112348,   2.603,9999.000,9999.000,9999.000,9999.000,9999.000,9999.000,9999.000,9999.000
202605112354,   2.511,9999.000,9999.000,9999.000,9999.000,9999.000,9999.000,9999.000,9999.000
202605120000,   2.419,9999.000,   0.300,   0.320,   3.039,   0.200,   2.939,   0.500,   3.239
202605120006,   2.328,9999.000,9999.000,9999.000,9999.000,9999.000,9999.000,9999.000,9999.000
202605120012,   2.237,9999.000,9999.000,9999.000,9999.000,9999.000,9999.000,9999.000,9999.000
202605120018,   2.147,9999.000,9999.000,9999.000,9999.000,9999.000,9999.000,9999.000,9999.000
202605120024,   2.058,9999.000,9999.000,9999.000,9999.000,9999.000,9999.000,9999.000,9999.000
202605120030,   1.970,9999.000,9999.000,9999.000,9999.000,9999.000,9999.000,9999.000,9999.000
202605120036,   1.882,9999.000,9999.000,9999.000,9999.000,9999.000,9999.000,9999.000,9999.000
202605120042,   1.796,9999.000,9999.000,9999.000,9999.000,9999.000,9999.000,9999.000,9999.000
202605120048,   1.712,9999.000,9999.000,9999.000,9999.000,9999.000,9999.000,9999.000,9999.000
202605120054,   1.629,9999.000,9999.000,9999.000,9999.000,9999.000,9999.000,9999.000,9999.000
202605120100,   1.548,9999.000,   0.300,   0.320,   2.168,   0.200,   2.068,   0.400,   2.268
202605120106,   1.470,9999.000,9999.000,9999.000,9999.000,9999.000,9999.000,9999.000,9999.000
202605120112,   1.394,9999.000,9999.000,9999.000,9999.000,9999.000,9999.000,9999.000,9999.000
202605120118,   1.320,9999.000,9999.000,9999.000,9999.000,9999.000,9999.000,9999.000,9999.000
202605120124,   1.250,9999.000,9999.000,9999.000,9999.000,9999.000,9999.000,9999.000,9999.000
202605120130,   1.183,9999.000,9999.000,9999.000,9999.000,9999.000,9999.000,9999.000,9999.000
202605120136,   1.119,9999.000,9999.000,9999.000,9999.000,9999.000,9999.000,9999.000,9999.000
202605120142,   1.059,9999.000,9999.000,9999.000,9999.000,9999.000,9999.000,9999.000,9999.000
202605120148,   1.004,9999.000,9999.000,9999.000,9999.000,9999.000,9999.000,9999.000,9999.000
202605120154,   0.953,9999.000,9999.000,9999.000,9999.000,9999.000,9999.000,9999.000,9999.000
202605120200,   0.906,9999.000,   0.300,   0.320,   1.526,   0.100,   1.326,   0.400,   1.626
202605120206,   0.865,9999.000,9999.000,9999.000,9999.000,9999.000,9999.000,9999.000,9999.000
202605120212,   0.828,9999.000,9999.000,9999.000,9999.000,9999.000,9999.000,9999.000,9999.000
202605120218,   0.797,9999.000,9999.000,9999.000,9999.000,9999.000,9999.000,9999.000,9999.000
202605120224,   0.771,9999.000,9999.000,9999.000,9999.000,9999.000,9999.000,9999.000,9999.000
202605120230,   0.751,9999.000,9999.000,9999.000,9999.000,9999.000,9999.000,9999.000,9999.000
202605120236,   0.736,9999.000,9999.000,9999.000,9999.000,9999.000,9999.000,9999.000,9999.000
202605120242,   0.727,9999.000,9999.000,9999.000,9999.000,9999.000,9999.000,9999.000,9999.000
202605120248,   0.724,9999.000,9999.000,9999.000,9999.000,9999.000,9999.000,9999.000,9999.000
202605120254,   0.727,9999.000,9999.000,9999.000,9999.000,9999.000,9999.000,9999.000,9999.000
202605120300,   0.734,9999.000,   0.200,   0.320,   1.254,   0.100,   1.154,   0.400,   1.454
202605120306,   0.748,9999.000,9999.000,9999.000,9999.000,9999.000,9999.000,9999.000,9999.000
202605120312,   0.766,9999.000,9999.000,9999.000,9999.000,9999.000,9999.000,9999.000,9999.000
202605120318,   0.790,9999.000,9999.000,9999.000,9999.000,9999.000,9999.000,9999.000,9999.000
202605120324,   0.818,9999.000,9999.000,9999.000,9999.000,9999.000,9999.000,9999.000,9999.000
202605120330,   0.852,9999.000,9999.000,9999.000,9999.000,9999.000,9999.000,9999.000,9999.000
202605120336,   0.889,9999.000,9999.000,9999.000,9999.000,9999.000,9999.000,9999.000,9999.000
202605120342,   0.931,9999.000,9999.000,9999.000,9999.000,9999.000,9999.000,9999.000,9999.000
202605120348,   0.977,9999.000,9999.000,9999.000,9999.000,9999.000,9999.000,9999.000,9999.000
202605120354,   1.027,9999.000,9999.000,9999.000,9999.000,9999.000,9999.000,9999.000,9999.000
202605120400,   1.080,9999.000,   0.200,   0.320,   1.600,   0.000,   1.400,   0.400,   1.800
202605120406,   1.137,9999.000,9999.000,9999.000,9999.000,9999.000,9999.000,9999.000,9999.000
202605120412,   1.197,9999.000,9999.000,9999.000,9999.000,9999.000,9999.000,9999.000,9999.000
202605120418,   1.260,9999.000,9999.000,9999.000,9999.000,9999.000,9999.000,9999.000,9999.000
202605120424,   1.325,9999.000,9999.000,9999.000,9999.000,9999.000,9999.000,9999.000,9999.000
202605120430,   1.393,9999.000,9999.000,9999.000,9999.000,9999.000,9999.000,9999.000,9999.000
202605120436,   1.464,9999.000,9999.000,9999.000,9999.000,9999.000,9999.000,9999.000,9999.000
202605120442,   1.537,9999.000,9999.000,9999.000,9999.000,9999.000,9999.000,9999.000,9999.000
202605120448,   1.612,9999.000,9999.000,9999.000,9999.000,9999.000,9999.000,9999.000,9999.000
202605120454,   1.689,9999.000,9999.000,9999.000,9999.000,9999.000,9999.000,9999.000,9999.000
202605120500,   1.769,9999.000,   0.200,   0.320,   2.289,   0.000,   2.089,   0.300,   2.389
202605120506,   1.850,9999.000,9999.000,9999.000,9999.000,9999.000,9999.000,9999.000,9999.000
202605120512,   1.933,9999.000,9999.000,9999.000,9999.000,9999.000,9999.000,9999.000,9999.000
202605120518,   2.018,9999.000,9999.000,9999.000,9999.000,9999.000,9999.000,9999.000,9999.000
202605120524,   2.105,9999.000,9999.000,9999.000,9999.000,9999.000,9999.000,9999.000,9999.000
202605120530,   2.193,9999.000,9999.000,9999.000,9999.000,9999.000,9999.000,9999.000,9999.000
202605120536,   2.283,9999.000,9999.000,9999.000,9999.000,9999.000,9999.000,9999.000,9999.000
202605120542,   2.374,9999.000,9999.000,9999.000,9999.000,9999.000,9999.000,9999.000,9999.000
202605120548,   2.467,9999.000,9999.000,9999.000,9999.000,9999.000,9999.000,9999.000,9999.000
202605120554,   2.560,9999.000,9999.000,9999.000,9999.000,9999.000,9999.000,9999.000,9999.000
202605120600,   2.655,9999.000,   0.100,   0.320,   3.075,   0.000,   2.975,   0.300,   3.275
202605120606,   2.750,9999.000,9999.000,9999.000,9999.000,9999.000,9999.000,9999.000,9999.000
202605120612,   2.845,9999.000,9999.000,9999.000,9999.000,9999.000,9999.000,9999.000,9999.000
202605120618,   2.941,9999.000,9999.000,9999.000,9999.000,9999.000,9999.000,9999.000,9999.000
202605120624,   3.037,9999.000,9999.000,9999.000,9999.000,9999.000,9999.000,9999.000,9999.000
202605120630,   3.133,9999.000,9999.000,9999.000,9999.000,9999.000,9999.000,9999.000,9999.000
202605120636,   3.228,9999.000,9999.000,9999.000,9999.000,9999.000,9999.000,9999.000,9999.000
202605120642,   3.323,9999.000,9999.000,9999.000,9999.000,9999.000,9999.000,9999.000,9999.000
202605120648,   3.416,9999.000,9999.000,9999.000,9999.000,9999.000,9999.000,9999.000,9999.000
202605120654,   3.508,9999.000,9999.000,9999.000,9999.000,9999.000,9999.000,9999.000,9999.000
202605120700,   3.599,9999.000,   0.100,   0.320,   4.019,   0.000,   3.919,   0.300,   4.219
202605120706,   3.687,9999.000,9999.000,9999.000,9999.000,9999.000,9999.000,9999.000,9999.000
202605120712,   3.774,9999.000,9999.000,9999.000,9999.000,9999.000,9999.000,9999.000,9999.000
202605120718,   3.857,9999.000,9999.000,9999.000,9999.000,9999.000,9999.000,9999.000,9999.000
202605120724,   3.938,9999.000,9999.000,9999.000,9999.000,9999.000,9999.000,9999.000,9999.000
202605120730,   4.016,9999.000,9999.000,9999.000,9999.000,9999.000,9999.000,9999.000,9999.000
202605120736,   4.091,9999.000,9999.000,9999.000,9999.000,9999.000,9999.000,9999.000,9999.000
202605120742,   4.162,9999.000,9999.000,9999.000,9999.000,9999.000,9999.000,9999.000,9999.000
202605120748,   4.230,9999.000,9999.000,9999.000,9999.000,9999.000,9999.000,9999.000,9999.000
202605120754,   4.293,9999.000,9999.000,9999.000,9999.000,9999.000,9999.000,9999.000,9999.000
202605120800,   4.353,9999.000,   0.100,   0.320,   4.773,   0.000,   4.673,   0.200,   4.873
202605120806,   4.408,9999.000,9999.000,9999.000,9999.000,9999.000,9999.000,9999.000,9999.000
202605120812,   4.459,9999.000,9999.000,9999.000,9999.000,9999.000,9999.000,9999.000,9999.000
202605120818,   4.504,9999.000,9999.000,9999.000,9999.000,9999.000,9999.000,9999.000,9999.000
202605120824,   4.546,9999.000,9999.000,9999.000,9999.000,9999.000,9999.000,9999.000,9999.000
202605120830,   4.582,9999.000,9999.000,9999.000,9999.000,9999.000,9999.000,9999.000,9999.000
202605120836,   4.613,9999.000,9999.000,9999.000,9999.000,9999.000,9999.000,9999.000,9999.000
202605120842,   4.639,9999.000,9999.000,9999.000,9999.000,9999.000,9999.000,9999.000,9999.000
202605120848,   4.660,9999.000,9999.000,9999.000,9999.000,9999.000,9999.000,9999.000,9999.000
202605120854,   4.675,9999.000,9999.000,9999.000,9999.000,9999.000,9999.000,9999.000,9999.000
202605120900,   4.685,9999.000,   0.100,   0.320,   5.105,   0.000,   5.005,   0.200,   5.205
202605120906,   4.689,9999.000,9999.000,9999.000,9999.000,9999.000,9999.000,9999.000,9999.000
202605120912,   4.687,9999.000,9999.000,9999.000,9999.000,9999.000,9999.000,9999.000,9999.000
202605120918,   4.680,9999.000,9999.000,9999.000,9999.000,9999.000,9999.000,9999.000,9999.000
202605120924,   4.668,9999.000,9999.000,9999.000,9999.000,9999.000,9999.000,9999.000,9999.000
202605120930,   4.649,9999.000,9999.000,9999.000,9999.000,9999.000,9999.000,9999.000,9999.000
202605120936,   4.625,9999.000,9999.000,9999.000,9999.000,9999.000,9999.000,9999.000,9999.000
202605120942,   4.596,9999.000,9999.000,9999.000,9999.000,9999.000,9999.000,9999.000,9999.000
202605120948,   4.560,9999.000,9999.000,9999.000,9999.000,9999.000,9999.000,9999.000,9999.000
202605120954,   4.520,9999.000,9999.000,9999.000,9999.000,9999.000,9999.000,9999.000,9999.000
202605121000,   4.474,9999.000,   0.200,   0.320,   4.994,   0.000,   4.794,   0.300,   5.094
202605121006,   4.422,9999.000,9999.000,9999.000,9999.000,9999.000,9999.000,9999.000,9999.000
202605121012,   4.366,9999.000,9999.000,9999.000,9999.000,9999.000,9999.000,9999.000,9999.000
202605121018,   4.304,9999.000,9999.000,9999.000,9999.000,9999.000,9999.000,9999.000,9999.000
202605121024,   4.238,9999.000,9999.000,9999.000,9999.000,9999.000,9999.000,9999.000,9999.000
202605121030,   4.167,9999.000,9999.000,9999.000,9999.000,9999.000,9999.000,9999.000,9999.000
202605121036,   4.092,9999.000,9999.000,9999.000,9999.000,9999.000,9999.000,9999.000,9999.000
202605121042,   4.013,9999.000,9999.000,9999.000,9999.000,9999.000,9999.000,9999.000,9999.000
202605121048,   3.930,9999.000,9999.000,9999.000,9999.000,9999.000,9999.000,9999.000,9999.000
202605121054,   3.844,9999.000,9999.000,9999.000,9999.000,9999.000,9999.000,9999.000,9999.000
202605121100,   3.754,9999.000,   0.200,   0.320,   4.274,   0.100,   4.174,   0.300,   4.374
202605121106,   3.662,9999.000,9999.000,9999.000,9999.000,9999.000,9999.000,9999.000,9999.000
202605121112,   3.567,9999.000,9999.000,9999.000,9999.000,9999.000,9999.000,9999.000,9999.000
202605121118,   3.470,9999.000,9999.000,9999.000,9999.000,9999.000,9999.000,9999.000,9999.000
202605121124,   3.370,9999.000,9999.000,9999.000,9999.000,9999.000,9999.000,9999.000,9999.000
202605121130,   3.269,9999.000,9999.000,9999.000,9999.000,9999.000,9999.000,9999.000,9999.000
202605121136,   3.167,9999.000,9999.000,9999.000,9999.000,9999.000,9999.000,9999.000,9999.000
202605121142,   3.063,9999.000,9999.000,9999.000,9999.000,9999.000,9999.000,9999.000,9999.000
202605121148,   2.959,9999.000,9999.000,9999.000,9999.000,9999.000,9999.000,9999.000,9999.000
202605121154,   2.854,9999.000,9999.000,9999.000,9999.000,9999.000,9999.000,9999.000,9999.000
202605121200,   2.748,9999.000,   0.200,   0.320,   3.268,   0.100,   3.168,   0.400,   3.468
202605121206,   2.642,9999.000,9999.000,9999.000,9999.000,9999.000,9999.000,9999.000,9999.000
202605121212,   2.536,9999.000,9999.000,9999.000,9999.000,9999.000,9999.000,9999.000,9999.000
202605121218,   2.430,9999.000,9999.000,9999.000,9999.000,9999.000,9999.000,9999.000,9999.000
202605121224,   2.324,9999.000,9999.000,9999.000,9999.000,9999.000,9999.000,9999.000,9999.000
202605121230,   2.219,9999.000,9999.000,9999.000,9999.000,9999.000,9999.000,9999.000,9999.000
202605121236,   2.115,9999.000,9999.000,9999.000,9999.000,9999.000,9999.000,9999.000,9999.000
202605121242,   2.011,9999.000,9999.000,9999.000,9999.000,9999.000,9999.000,9999.000,9999.000
202605121248,   1.908,9999.000,9999.000,9999.000,9999.000,9999.000,9999.000,9999.000,9999.000
202605121254,   1.806,9999.000,9999.000,9999.000,9999.000,9999.000,9999.000,9999.000,9999.000
202605121300,   1.706,9999.000,   0.200,   0.320,   2.226,   0.100,   2.126,   0.400,   2.426
202605121306,   1.607,9999.000,9999.000,9999.000,9999.000,9999.000,9999.000,9999.000,9999.000
202605121312,   1.510,9999.000,9999.000,9999.000,9999.000,9999.000,9999.000,9999.000,9999.000
202605121318,   1.415,9999.000,9999.000,9999.000,9999.000,9999.000,9999.000,9999.000,9999.000
202605121324,   1.323,9999.000,9999.000,9999.000,9999.000,9999.000,9999.000,9999.000,9999.000
202605121330,   1.232,9999.000,9999.000,9999.000,9999.000,9999.000,9999.000,9999.000,9999.000
202605121336,   1.145,9999.000,9999.000,9999.000,9999.000,9999.000,9999.000,9999.000,9999.000
202605121342,   1.061,9999.000,9999.000,9999.000,9999.000,9999.000,9999.000,9999.000,9999.000
202605121348,   0.980,9999.000,9999.000,9999.000,9999.000,9999.000,9999.000,9999.000,9999.000
202605121354,   0.903,9999.000,9999.000,9999.000,9999.000,9999.000,9999.000,9999.000,9999.000
202605121400,   0.830,9999.000,   0.300,   0.320,   1.450,   0.100,   1.250,   0.400,   1.550
202605121406,   0.761,9999.000,9999.000,9999.000,9999.000,9999.000,9999.000,9999.000,9999.000
202605121412,   0.697,9999.000,9999.000,9999.000,9999.000,9999.000,9999.000,9999.000,9999.000
202605121418,   0.638,9999.000,9999.000,9999.000,9999.000,9999.000,9999.000,9999.000,9999.000
202605121424,   0.584,9999.000,9999.000,9999.000,9999.000,9999.000,9999.000,9999.000,9999.000
202605121430,   0.536,9999.000,9999.000,9999.000,9999.000,9999.000,9999.000,9999.000,9999.000
202605121436,   0.493,9999.000,9999.000,9999.000,9999.000,9999.000,9999.000,9999.000,9999.000
202605121442,   0.456,9999.000,9999.000,9999.000,9999.000,9999.000,9999.000,9999.000,9999.000
202605121448,   0.425,9999.000,9999.000,9999.000,9999.000,9999.000,9999.000,9999.000,9999.000
202605121454,   0.400,9999.000,9999.000,9999.000,9999.000,9999.000,9999.000,9999.000,9999.000
202605121500,   0.382,9999.000,   0.300,   0.320,   1.002,   0.100,   0.802,   0.400,   1.102
202605121506,   0.369,9999.000,9999.000,9999.000,9999.000,9999.000,9999.000,9999.000,9999.000
202605121512,   0.363,9999.000,9999.000,9999.000,9999.000,9999.000,9999.000,9999.000,9999.000
202605121518,   0.363,9999.000,9999.000,9999.000,9999.000,9999.000,9999.000,9999.000,9999.000
202605121524,   0.370,9999.000,9999.000,9999.000,9999.000,9999.000,9999.000,9999.000,9999.000
202605121530,   0.382,9999.000,9999.000,9999.000,9999.000,9999.000,9999.000,9999.000,9999.000
202605121536,   0.400,9999.000,9999.000,9999.000,9999.000,9999.000,9999.000,9999.000,9999.000
202605121542,   0.424,9999.000,9999.000,9999.000,9999.000,9999.000,9999.000,9999.000,9999.000
202605121548,   0.454,9999.000,9999.000,9999.000,9999.000,9999.000,9999.000,9999.000,9999.000
202605121554,   0.489,9999.000,9999.000,9999.000,9999.000,9999.000,9999.000,9999.000,9999.000
202605121600,   0.528,9999.000,   0.300,   0.320,   1.148,   0.100,   0.948,   0.400,   1.248
202605121606,   0.573,9999.000,9999.000,9999.000,9999.000,9999.000,9999.000,9999.000,9999.000
202605121612,   0.622,9999.000,9999.000,9999.000,9999.000,9999.000,9999.000,9999.000,9999.000
202605121618,   0.676,9999.000,9999.000,9999.000,9999.000,9999.000,9999.000,9999.000,9999.000
202605121624,   0.734,9999.000,9999.000,9999.000,9999.000,9999.000,9999.000,9999.000,9999.000
202605121630,   0.795,9999.000,9999.000,9999.000,9999.000,9999.000,9999.000,9999.000,9999.000
202605121636,   0.861,9999.000,9999.000,9999.000,9999.000,9999.000,9999.000,9999.000,9999.000
202605121642,   0.929,9999.000,9999.000,9999.000,9999.000,9999.000,9999.000,9999.000,9999.000
202605121648,   1.001,9999.000,9999.000,9999.000,9999.000,9999.000,9999.000,9999.000,9999.000
202605121654,   1.076,9999.000,9999.000,9999.000,9999.000,9999.000,9999.000,9999.000,9999.000
202605121700,   1.154,9999.000,   0.300,   0.320,   1.774,   0.100,   1.574,   0.500,   1.974
202605121706,   1.234,9999.000,9999.000,9999.000,9999.000,9999.000,9999.000,9999.000,9999.000
202605121712,   1.317,9999.000,9999.000,9999.000,9999.000,9999.000,9999.000,9999.000,9999.000
202605121718,   1.403,9999.000,9999.000,9999.000,9999.000,9999.000,9999.000,9999.000,9999.000
202605121724,   1.491,9999.000,9999.000,9999.000,9999.000,9999.000,9999.000,9999.000,9999.000
202605121730,   1.581,9999.000,9999.000,9999.000,9999.000,9999.000,9999.000,9999.000,9999.000
202605121736,   1.674,9999.000,9999.000,9999.000,9999.000,9999.000,9999.000,9999.000,9999.000
202605121742,   1.768,9999.000,9999.000,9999.000,9999.000,9999.000,9999.000,9999.000,9999.000
202605121748,   1.865,9999.000,9999.000,9999.000,9999.000,9999.000,9999.000,9999.000,9999.000
202605121754,   1.963,9999.000,9999.000,9999.000,9999.000,9999.000,9999.000,9999.000,9999.000
202605121800,   2.063,9999.000,   0.300,   0.320,   2.683,   0.100,   2.483,   0.400,   2.783
202605121806,   2.164,9999.000,9999.000,9999.000,9999.000,9999.000,9999.000,9999.000,9999.000
202605121812,   2.267,9999.000,9999.000,9999.000,9999.000,9999.000,9999.000,9999.000,9999.000
202605121818,   2.372,9999.000,9999.000,9999.000,9999.000,9999.000,9999.000,9999.000,9999.000
202605121824,   2.477,9999.000,9999.000,9999.000,9999.000,9999.000,9999.000,9999.000,9999.000
202605121830,   2.583,9999.000,9999.000,9999.000,9999.000,9999.000,9999.000,9999.000,9999.000
202605121836,   2.690,9999.000,9999.000,9999.000,9999.000,9999.000,9999.000,9999.000,9999.000
202605121842,   2.798,9999.000,9999.000,9999.000,9999.000,9999.000,9999.000,9999.000,9999.000
202605121848,   2.905,9999.000,9999.000,9999.000,9999.000,9999.000,9999.000,9999.000,9999.000
202605121854,   3.012,9999.000,9999.000,9999.000,9999.000,9999.000,9999.000,9999.000,9999.000
202605121900,   3.119,9999.000,   0.300,   0.320,   3.739,   0.200,   3.639,   0.400,   3.839
202605121906,   3.226,9999.000,9999.000,9999.000,9999.000,9999.000,9999.000,9999.000,9999.000
202605121912,   3.331,9999.000,9999.000,9999.000,9999.000,9999.000,9999.000,9999.000,9999.000
202605121918,   3.435,9999.000,9999.000,9999.000,9999.000,9999.000,9999.000,9999.000,9999.000
202605121924,   3.537,9999.000,9999.000,9999.000,9999.000,9999.000,9999.000,9999.000,9999.000
202605121930,   3.638,9999.000,9999.000,9999.000,9999.000,9999.000,9999.000,9999.000,9999.000
202605121936,   3.736,9999.000,9999.000,9999.000,9999.000,9999.000,9999.000,9999.000,9999.000
202605121942,   3.832,9999.000,9999.000,9999.000,9999.000,9999.000,9999.000,9999.000,9999.000
202605121948,   3.925,9999.000,9999.000,9999.000,9999.000,9999.000,9999.000,9999.000,9999.000
202605121954,   4.015,9999.000,9999.000,9999.000,9999.000,9999.000,9999.000,9999.000,9999.000
202605122000,   4.102,9999.000,   0.300,   0.320,   4.722,   0.200,   4.622,   0.500,   4.922
202605122006,   4.185,9999.000,9999.000,9999.000,9999.000,9999.000,9999.000,9999.000,9999.000
202605122012,   4.265,9999.000,9999.000,9999.000,9999.000,9999.000,9999.000,9999.000,9999.000
202605122018,   4.340,9999.000,9999.000,9999.000,9999.000,9999.000,9999.000,9999.000,9999.000
202605122024,   4.411,9999.000,9999.000,9999.000,9999.000,9999.000,9999.000,9999.000,9999.000
202605122030,   4.478,9999.000,9999.000,9999.000,9999.000,9999.000,9999.000,9999.000,9999.000
202605122036,   4.540,9999.000,9999.000,9999.000,9999.000,9999.000,9999.000,9999.000,9999.000
202605122042,   4.597,9999.000,9999.000,9999.000,9999.000,9999.000,9999.000,9999.000,9999.000
202605122048,   4.650,9999.000,9999.000,9999.000,9999.000,9999.000,9999.000,9999.000,9999.000
202605122054,   4.697,9999.000,9999.000,9999.000,9999.000,9999.000,9999.000,9999.000,9999.000
202605122100,   4.739,9999.000,   0.300,   0.320,   5.359,   0.200,   5.259,   0.400,   5.459
202605122106,   4.776,9999.000,9999.000,9999.000,9999.000,9999.000,9999.000,9999.000,9999.000
202605122112,   4.807,9999.000,9999.000,9999.000,9999.000,9999.000,9999.000,9999.000,9999.000
202605122118,   4.833,9999.000,9999.000,9999.000,9999.000,9999.000,9999.000,9999.000,9999.000
202605122124,   4.853,9999.000,9999.000,9999.000,9999.000,9999.000,9999.000,9999.000,9999.000
202605122130,   4.867,9999.000,9999.000,9999.000,9999.000,9999.000,9999.000,9999.000,9999.000
202605122136,   4.875,9999.000,9999.000,9999.000,9999.000,9999.000,9999.000,9999.000,9999.000
202605122142,   4.878,9999.000,9999.000,9999.000,9999.000,9999.000,9999.000,9999.000,9999.000
202605122148,   4.874,9999.000,9999.000,9999.000,9999.000,9999.000,9999.000,9999.000,9999.000
202605122154,   4.865,9999.000,9999.000,9999.000,9999.000,9999.000,9999.000,9999.000,9999.000
202605122200,   4.850,9999.000,   0.400,   0.320,   5.570,   0.200,   5.370,   0.500,   5.670
202605122206,   4.828,9999.000,9999.000,9999.000,9999.000,9999.000,9999.000,9999.000,9999.000
202605122212,   4.801,9999.000,9999.000,9999.000,9999.000,9999.000,9999.000,9999.000,9999.000
202605122218,   4.768,9999.000,9999.000,9999.000,9999.000,9999.000,9999.000,9999.000,9999.000
202605122224,   4.729,9999.000,9999.000,9999.000,9999.000,9999.000,9999.000,9999.000,9999.000
202605122230,   4.685,9999.000,9999.000,9999.000,9999.000,9999.000,9999.000,9999.000,9999.000
202605122236,   4.635,9999.000,9999.000,9999.000,9999.000,9999.000,9999.000,9999.000,9999.000
202605122242,   4.580,9999.000,9999.000,9999.000,9999.000,9999.000,9999.000,9999.000,9999.000
202605122248,   4.519,9999.000,9999.000,9999.000,9999.000,9999.000,9999.000,9999.000,9999.000
202605122254,   4.454,9999.000,9999.000,9999.000,9999.000,9999.000,9999.000,9999.000,9999.000
202605122300,   4.384,9999.000,   0.400,   0.320,   5.104,   0.200,   4.904,   0.500,   5.204
202605122306,   4.309,9999.000,9999.000,9999.000,9999.000,9999.000,9999.000,9999.000,9999.000
202605122312,   4.231,9999.000,9999.000,9999.000,9999.000,9999.000,9999.000,9999.000,9999.000
202605122318,   4.148,9999.000,9999.000,9999.000,9999.000,9999.000,9999.000,9999.000,9999.000
202605122324,   4.062,9999.000,9999.000,9999.000,9999.000,9999.000,9999.000,9999.000,9999.000
202605122330,   3.972,9999.000,9999.000,9999.000,9999.000,9999.000,9999.000,9999.000,9999.000
202605122336,   3.880,9999.000,9999.000,9999.000,9999.000,9999.000,9999.000,9999.000,9999.000
202605122342,   3.785,9999.000,9999.000,9999.000,9999.000,9999.000,9999.000,9999.000,9999.000
202605122348,   3.687,9999.000,9999.000,9999.000,9999.000,9999.000,9999.000,9999.000,9999.000
202605122354,   3.587,9999.000,9999.000,9999.000,9999.000,9999.000,9999.000,9999.000,9999.000
202605130000,   3.485,9999.000,   0.300,   0.320,   4.105,   0.200,   4.005,   0.500,   4.305
202605130006,   3.382,9999.000,9999.000,9999.000,9999.000,9999.000,9999.000,9999.000,9999.000
202605130012,   3.277,9999.000,9999.000,9999.000,9999.000,9999.000,9999.000,9999.000,9999.000
202605130018,   3.171,9999.000,9999.000,9999.000,9999.000,9999.000,9999.000,9999.000,9999.000
202605130024,   3.065,9999.000,9999.000,9999.000,9999.000,9999.000,9999.000,9999.000,9999.000
202605130030,   2.957,9999.000,9999.000,9999.000,9999.000,9999.000,9999.000,9999.000,9999.000
202605130036,   2.849,9999.000,9999.000,9999.000,9999.000,9999.000,9999.000,9999.000,9999.000
202605130042,   2.741,9999.000,9999.000,9999.000,9999.000,9999.000,9999.000,9999.000,9999.000
202605130048,   2.633,9999.000,9999.000,9999.000,9999.000,9999.000,9999.000,9999.000,9999.000
202605130054,   2.525,9999.000,9999.000,9999.000,9999.000,9999.000,9999.000,9999.000,9999.000
202605130100,   2.417,9999.000,   0.300,   0.320,   3.037,   0.100,   2.837,   0.500,   3.237
202605130106,   2.309,9999.000,9999.000,9999.000,9999.000,9999.000,9999.000,9999.000,9999.000
202605130112,   2.202,9999.000,9999.000,9999.000,9999.000,9999.000,9999.000,9999.000,9999.000
202605130118,   2.096,9999.000,9999.000,9999.000,9999.000,9999.000,9999.000,9999.000,9999.000
202605130124,   1.991,9999.000,9999.000,9999.000,9999.000,9999.000,9999.000,9999.000,9999.000
202605130130,   1.887,9999.000,9999.000,9999.000,9999.000,9999.000,9999.000,9999.000,9999.000
202605130136,   1.785,9999.000,9999.000,9999.000,9999.000,9999.000,9999.000,9999.000,9999.000
202605130142,   1.684,9999.000,9999.000,9999.000,9999.000,9999.000,9999.000,9999.000,9999.000
202605130148,   1.586,9999.000,9999.000,9999.000,9999.000,9999.000,9999.000,9999.000,9999.000
202605130154,   1.489,9999.000,9999.000,9999.000,9999.000,9999.000,9999.000,9999.000,9999.000
202605130200,   1.395,9999.000,   0.300,   0.320,   2.015,   0.100,   1.815,   0.400,   2.115
202605130206,   1.304,9999.000,9999.000,9999.000,9999.000,9999.000,9999.000,9999.000,9999.000
202605130212,   1.216,9999.000,9999.000,9999.000,9999.000,9999.000,9999.000,9999.000,9999.000
202605130218,   1.132,9999.000,9999.000,9999.000,9999.000,9999.000,9999.000,9999.000,9999.000
202605130224,   1.051,9999.000,9999.000,9999.000,9999.000,9999.000,9999.000,9999.000,9999.000
202605130230,   0.974,9999.000,9999.000,9999.000,9999.000,9999.000,9999.000,9999.000,9999.000
202605130236,   0.902,9999.000,9999.000,9999.000,9999.000,9999.000,9999.000,9999.000,9999.000
202605130242,   0.835,9999.000,9999.000,9999.000,9999.000,9999.000,9999.000,9999.000,9999.000
202605130248,   0.772,9999.000,9999.000,9999.000,9999.000,9999.000,9999.000,9999.000,9999.000
202605130254,   0.715,9999.000,9999.000,9999.000,9999.000,9999.000,9999.000,9999.000,9999.000
202605130300,   0.663,9999.000,   0.200,   0.320,   1.183,   0.100,   1.083,   0.400,   1.383
202605130306,   0.618,9999.000,9999.000,9999.000,9999.000,9999.000,9999.000,9999.000,9999.000
202605130312,   0.578,9999.000,9999.000,9999.000,9999.000,9999.000,9999.000,9999.000,9999.000
202605130318,   0.544,9999.000,9999.000,9999.000,9999.000,9999.000,9999.000,9999.000,9999.000
202605130324,   0.516,9999.000,9999.000,9999.000,9999.000,9999.000,9999.000,9999.000,9999.000
202605130330,   0.494,9999.000,9999.000,9999.000,9999.000,9999.000,9999.000,9999.000,9999.000
202605130336,   0.479,9999.000,9999.000,9999.000,9999.000,9999.000,9999.000,9999.000,9999.000
202605130342,   0.470,9999.000,9999.000,9999.000,9999.000,9999.000,9999.000,9999.000,9999.000
202605130348,   0.467,9999.000,9999.000,9999.000,9999.000,9999.000,9999.000,9999.000,9999.000
202605130354,   0.471,9999.000,9999.000,9999.000,9999.000,9999.000,9999.000,9999.000,9999.000
202605130400,   0.480,9999.000,   0.200,   0.320,   1.000,   0.100,   0.900,   0.400,   1.200
202605130406,   0.495,9999.000,9999.000,9999.000,9999.000,9999.000,9999.000,9999.000,9999.000
202605130412,   0.516,9999.000,9999.000,9999.000,9999.000,9999.000,9999.000,9999.000,9999.000
202605130418,   0.542,9999.000,9999.000,9999.000,9999.000,9999.000,9999.000,9999.000,9999.000
202605130424,   0.573,9999.000,9999.000,9999.000,9999.000,9999.000,9999.000,9999.000,9999.000
202605130430,   0.609,9999.000,9999.000,9999.000,9999.000,9999.000,9999.000,9999.000,9999.000
202605130436,   0.650,9999.000,9999.000,9999.000,9999.000,9999.000,9999.000,9999.000,9999.000
202605130442,   0.696,9999.000,9999.000,9999.000,9999.000,9999.000,9999.000,9999.000,9999.000
202605130448,   0.746,9999.000,9999.000,9999.000,9999.000,9999.000,9999.000,9999.000,9999.000
202605130454,   0.799,9999.000,9999.000,9999.000,9999.000,9999.000,9999.000,9999.000,9999.000
202605130500,   0.857,9999.000,   0.200,   0.320,   1.377,   0.000,   1.177,   0.400,   1.577
202605130506,   0.918,9999.000,9999.000,9999.000,9999.000,9999.000,9999.000,9999.000,9999.000
202605130512,   0.983,9999.000,9999.000,9999.000,9999.000,9999.000,9999.000,9999.000,9999.000
202605130518,   1.051,9999.000,9999.000,9999.000,9999.000,9999.000,9999.000,9999.000,9999.000
202605130524,   1.122,9999.000,9999.000,9999.000,9999.000,9999.000,9999.000,9999.000,9999.000
202605130530,   1.196,9999.000,9999.000,9999.000,9999.000,9999.000,9999.000,9999.000,9999.000
202605130536,   1.273,9999.000,9999.000,9999.000,9999.000,9999.000,9999.000,9999.000,9999.000
202605130542,   1.353,9999.000,9999.000,9999.000,9999.000,9999.000,9999.000,9999.000,9999.000
202605130548,   1.435,9999.000,9999.000,9999.000,9999.000,9999.000,9999.000,9999.000,9999.000
202605130554,   1.520,9999.000,9999.000,9999.000,9999.000,9999.000,9999.000,9999.000,9999.000
202605130600,   1.607,9999.000,   0.200,   0.320,   2.127,   0.000,   1.927,   0.400,   2.327
202605130606,   1.696,9999.000,9999.000,9999.000,9999.000,9999.000,9999.000,9999.000,9999.000
202605130612,   1.788,9999.000,9999.000,9999.000,9999.000,9999.000,9999.000,9999.000,9999.000
202605130618,   1.881,9999.000,9999.000,9999.000,9999.000,9999.000,9999.000,9999.000,9999.000
202605130624,   1.977,9999.000,9999.000,9999.000,9999.000,9999.000,9999.000,9999.000,9999.000
202605130630,   2.075,9999.000,9999.000,9999.000,9999.000,9999.000,9999.000,9999.000,9999.000
202605130636,   2.174,9999.000,9999.000,9999.000,9999.000,9999.000,9999.000,9999.000,9999.000
202605130642,   2.274,9999.000,9999.000,9999.000,9999.000,9999.000,9999.000,9999.000,9999.000
202605130648,   2.376,9999.000,9999.000,9999.000,9999.000,9999.000,9999.000,9999.000,9999.000
202605130654,   2.480,9999.000,9999.000,9999.000,9999.000,9999.000,9999.000,9999.000,9999.000
202605130700,   2.584,9999.000,   0.200,   0.320,   3.104,   0.000,   2.904,   0.400,   3.304
202605130706,   2.688,9999.000,9999.000,9999.000,9999.000,9999.000,9999.000,9999.000,9999.000
202605130712,   2.794,9999.000,9999.000,9999.000,9999.000,9999.000,9999.000,9999.000,9999.000
202605130718,   2.899,9999.000,9999.000,9999.000,9999.000,9999.000,9999.000,9999.000,9999.000
202605130724,   3.004,9999.000,9999.000,9999.000,9999.000,9999.000,9999.000,9999.000,9999.000
202605130730,   3.108,9999.000,9999.000,9999.000,9999.000,9999.000,9999.000,9999.000,9999.000
202605130736,   3.212,9999.000,9999.000,9999.000,9999.000,9999.000,9999.000,9999.000,9999.000
202605130742,   3.315,9999.000,9999.000,9999.000,9999.000,9999.000,9999.000,9999.000,9999.000
202605130748,   3.417,9999.000,9999.000,9999.000,9999.000,9999.000,9999.000,9999.000,9999.000
202605130754,   3.516,9999.000,9999.000,9999.000,9999.000,9999.000,9999.000,9999.000,9999.000
202605130800,   3.614,9999.000,   0.200,   0.320,   4.134,   0.000,   3.934,   0.400,   4.334
202605130806,   3.709,9999.000,9999.000,9999.000,9999.000,9999.000,9999.000,9999.000,9999.000
202605130812,   3.802,9999.000,9999.000,9999.000,9999.000,9999.000,9999.000,9999.000,9999.000
202605130818,   3.891,9999.000,9999.000,9999.000,9999.000,9999.000,9999.000,9999.000,9999.000
202605130824,   3.978,9999.000,9999.000,9999.000,9999.000,9999.000,9999.000,9999.000,9999.000
202605130830,   4.061,9999.000,9999.000,9999.000,9999.000,9999.000,9999.000,9999.000,9999.000
202605130836,   4.140,9999.000,9999.000,9999.000,9999.000,9999.000,9999.000,9999.000,9999.000
202605130842,   4.216,9999.000,9999.000,9999.000,9999.000,9999.000,9999.000,9999.000,9999.000
202605130848,   4.287,9999.000,9999.000,9999.000,9999.000,9999.000,9999.000,9999.000,9999.000
202605130854,   4.353,9999.000,9999.000,9999.000,9999.000,9999.000,9999.000,9999.000,9999.000
202605130900,   4.415,9999.000,   0.200,   0.320,   4.935,   0.100,   4.835,   0.400,   5.135
202605130906,   4.472,9999.000,9999.000,9999.000,9999.000,9999.000,9999.000,9999.000,9999.000
202605130912,   4.525,9999.000,9999.000,9999.000,9999.000,9999.000,9999.000,9999.000,9999.000
202605130918,   4.571,9999.000,9999.000,9999.000,9999.000,9999.000,9999.000,9999.000,9999.000
202605130924,   4.613,9999.000,9999.000,9999.000,9999.000,9999.000,9999.000,9999.000,9999.000
202605130930,   4.649,9999.000,9999.000,9999.000,9999.000,9999.000,9999.000,9999.000,9999.000
202605130936,   4.680,9999.000,9999.000,9999.000,9999.000,9999.000,9999.000,9999.000,9999.000
202605130942,   4.704,9999.000,9999.000,9999.000,9999.000,9999.000,9999.000,9999.000,9999.000
202605130948,   4.723,9999.000,9999.000,9999.000,9999.000,9999.000,9999.000,9999.000,9999.000
202605130954,   4.736,9999.000,9999.000,9999.000,9999.000,9999.000,9999.000,9999.000,9999.000
202605131000,   4.743,9999.000,   0.200,   0.320,   5.263,   0.000,   5.063,   0.400,   5.463
202605131006,   4.744,9999.000,9999.000,9999.000,9999.000,9999.000,9999.000,9999.000,9999.000
202605131012,   4.738,9999.000,9999.000,9999.000,9999.000,9999.000,9999.000,9999.000,9999.000
202605131018,   4.726,9999.000,9999.000,9999.000,9999.000,9999.000,9999.000,9999.000,9999.000
202605131024,   4.709,9999.000,9999.000,9999.000,9999.000,9999.000,9999.000,9999.000,9999.000
202605131030,   4.684,9999.000,9999.000,9999.000,9999.000,9999.000,9999.000,9999.000,9999.000
202605131036,   4.654,9999.000,9999.000,9999.000,9999.000,9999.000,9999.000,9999.000,9999.000
202605131042,   4.618,9999.000,9999.000,9999.000,9999.000,9999.000,9999.000,9999.000,9999.000
202605131048,   4.575,9999.000,9999.000,9999.000,9999.000,9999.000,9999.000,9999.000,9999.000
202605131054,   4.527,9999.000,9999.000,9999.000,9999.000,9999.000,9999.000,9999.000,9999.000
202605131100,   4.472,9999.000,   0.200,   0.320,   4.992,   0.000,   4.792,   0.400,   5.192
202605131106,   4.412,9999.000,9999.000,9999.000,9999.000,9999.000,9999.000,9999.000,9999.000
202605131112,   4.347,9999.000,9999.000,9999.000,9999.000,9999.000,9999.000,9999.000,9999.000
202605131118,   4.277,9999.000,9999.000,9999.000,9999.000,9999.000,9999.000,9999.000,9999.000
202605131124,   4.201,9999.000,9999.000,9999.000,9999.000,9999.000,9999.000,9999.000,9999.000
202605131130,   4.121,9999.000,9999.000,9999.000,9999.000,9999.000,9999.000,9999.000,9999.000
202605131136,   4.036,9999.000,9999.000,9999.000,9999.000,9999.000,9999.000,9999.000,9999.000
202605131142,   3.947,9999.000,9999.000,9999.000,9999.000,9999.000,9999.000,9999.000,9999.000
202605131148,   3.854,9999.000,9999.000,9999.000,9999.000,9999.000,9999.000,9999.000,9999.000
202605131154,   3.758,9999.000,9999.000,9999.000,9999.000,9999.000,9999.000,9999.000,9999.000
202605131200,   3.658,9999.000,   0.200,   0.320,   4.178,   0.000,   3.978,   0.400,   4.378
202605131206,   3.556,9999.000,9999.000,9999.000,9999.000,9999.000,9999.000,9999.000,9999.000
202605131212,   3.451,9999.000,9999.000,9999.000,9999.000,9999.000,9999.000,9999.000,9999.000
202605131218,   3.344,9999.000,9999.000,9999.000,9999.000,9999.000,9999.000,9999.000,9999.000
202605131224,   3.234,9999.000,9999.000,9999.000,9999.000,9999.000,9999.000,9999.000,9999.000
202605131230,   3.123,9999.000,9999.000,9999.000,9999.000,9999.000,9999.000,9999.000,9999.000
202605131236,   3.011,9999.000,9999.000,9999.000,9999.000,9999.000,9999.000,9999.000,9999.000
202605131242,   2.897,9999.000,9999.000,9999.000,9999.000,9999.000,9999.000,9999.000,9999.000
202605131248,   2.783,9999.000,9999.000,9999.000,9999.000,9999.000,9999.000,9999.000,9999.000
202605131254,   2.668,9999.000,9999.000,9999.000,9999.000,9999.000,9999.000,9999.000,9999.000
202605131300,   2.552,9999.000,   0.200,   0.320,   3.072,   0.000,   2.872,   0.300,   3.172
202605131306,   2.437,9999.000,9999.000,9999.000,9999.000,9999.000,9999.000,9999.000,9999.000
202605131312,   2.321,9999.000,9999.000,9999.000,9999.000,9999.000,9999.000,9999.000,9999.000
202605131318,   2.206,9999.000,9999.000,9999.000,9999.000,9999.000,9999.000,9999.000,9999.000
202605131324,   2.091,9999.000,9999.000,9999.000,9999.000,9999.000,9999.000,9999.000,9999.000
202605131330,   1.977,9999.000,9999.000,9999.000,9999.000,9999.000,9999.000,9999.000,9999.000
202605131336,   1.863,9999.000,9999.000,9999.000,9999.000,9999.000,9999.000,9999.000,9999.000
202605131342,   1.751,9999.000,9999.000,9999.000,9999.000,9999.000,9999.000,9999.000,9999.000
202605131348,   1.640,9999.000,9999.000,9999.000,9999.000,9999.000,9999.000,9999.000,9999.000
202605131354,   1.531,9999.000,9999.000,9999.000,9999.000,9999.000,9999.000,9999.000,9999.000
202605131400,   1.424,9999.000,   0.200,   0.320,   1.944,   0.000,   1.744,   0.400,   2.144
202605131406,   1.318,9999.000,9999.000,9999.000,9999.000,9999.000,9999.000,9999.000,9999.000
202605131412,   1.216,9999.000,9999.000,9999.000,9999.000,9999.000,9999.000,9999.000,9999.000
202605131418,   1.116,9999.000,9999.000,9999.000,9999.000,9999.000,9999.000,9999.000,9999.000
202605131424,   1.018,9999.000,9999.000,9999.000,9999.000,9999.000,9999.000,9999.000,9999.000
202605131430,   0.925,9999.000,9999.000,9999.000,9999.000,9999.000,9999.000,9999.000,9999.000
202605131436,   0.835,9999.000,9999.000,9999.000,9999.000,9999.000,9999.000,9999.000,9999.000
202605131442,   0.749,9999.000,9999.000,9999.000,9999.000,9999.000,9999.000,9999.000,9999.000
202605131448,   0.667,9999.000,9999.000,9999.000,9999.000,9999.000,9999.000,9999.000,9999.000
202605131454,   0.590,9999.000,9999.000,9999.000,9999.000,9999.000,9999.000,9999.000,9999.000
202605131500,   0.518,9999.000,   0.200,   0.320,   1.038,   0.000,   0.838,   0.400,   1.238
202605131506,   0.451,9999.000,9999.000,9999.000,9999.000,9999.000,9999.000,9999.000,9999.000
202605131512,   0.390,9999.000,9999.000,9999.000,9999.000,9999.000,9999.000,9999.000,9999.000
202605131518,   0.335,9999.000,9999.000,9999.000,9999.000,9999.000,9999.000,9999.000,9999.000
202605131524,   0.286,9999.000,9999.000,9999.000,9999.000,9999.000,9999.000,9999.000,9999.000
202605131530,   0.244,9999.000,9999.000,9999.000,9999.000,9999.000,9999.000,9999.000,9999.000
202605131536,   0.208,9999.000,9999.000,9999.000,9999.000,9999.000,9999.000,9999.000,9999.000
202605131542,   0.179,9999.000,9999.000,9999.000,9999.000,9999.000,9999.000,9999.000,9999.000
202605131548,   0.156,9999.000,9999.000,9999.000,9999.000,9999.000,9999.000,9999.000,9999.000
202605131554,   0.141,9999.000,9999.000,9999.000,9999.000,9999.000,9999.000,9999.000,9999.000
202605131600,   0.132,9999.000,   0.200,   0.320,   0.652,   0.000,   0.452,   0.400,   0.852
202605131606,   0.131,9999.000,9999.000,9999.000,9999.000,9999.000,9999.000,9999.000,9999.000
202605131612,   0.136,9999.000,9999.000,9999.000,9999.000,9999.000,9999.000,9999.000,9999.000
202605131618,   0.148,9999.000,9999.000,9999.000,9999.000,9999.000,9999.000,9999.000,9999.000
202605131624,   0.167,9999.000,9999.000,9999.000,9999.000,9999.000,9999.000,9999.000,9999.000
202605131630,   0.193,9999.000,9999.000,9999.000,9999.000,9999.000,9999.000,9999.000,9999.000
202605131636,   0.224,9999.000,9999.000,9999.000,9999.000,9999.000,9999.000,9999.000,9999.000
202605131642,   0.262,9999.000,9999.000,9999.000,9999.000,9999.000,9999.000,9999.000,9999.000
202605131648,   0.305,9999.000,9999.000,9999.000,9999.000,9999.000,9999.000,9999.000,9999.000
202605131654,   0.354,9999.000,9999.000,9999.000,9999.000,9999.000,9999.000,9999.000,9999.000
202605131700,   0.408,9999.000,   0.200,   0.320,   0.928,   0.000,   0.728,   0.400,   1.128
202605131706,   0.468,9999.000,9999.000,9999.000,9999.000,9999.000,9999.000,9999.000,9999.000
202605131712,   0.532,9999.000,9999.000,9999.000,9999.000,9999.000,9999.000,9999.000,9999.000
202605131718,   0.601,9999.000,9999.000,9999.000,9999.000,9999.000,9999.000,9999.000,9999.000
202605131724,   0.674,9999.000,9999.000,9999.000,9999.000,9999.000,9999.000,9999.000,9999.000
202605131730,   0.751,9999.000,9999.000,9999.000,9999.000,9999.000,9999.000,9999.000,9999.000
202605131736,   0.832,9999.000,9999.000,9999.000,9999.000,9999.000,9999.000,9999.000,9999.000
202605131742,   0.917,9999.000,9999.000,9999.000,9999.000,9999.000,9999.000,9999.000,9999.000
202605131748,   1.005,9999.000,9999.000,9999.000,9999.000,9999.000,9999.000,9999.000,9999.000
202605131754,   1.096,9999.000,9999.000,9999.000,9999.000,9999.000,9999.000,9999.000,9999.000
202605131800,   1.190,9999.000,   0.200,   0.320,   1.710,   0.100,   1.610,   0.400,   1.910
