        TIME,    TIDE,      OB,   SURGE,    BIAS,     TWL,SURGE90p,  TWL90p,SURGE10p,   TWL10p
202607261200,   1.033,9999.000,   0.800,9999.000,   1.833,   0.700,   1.733,   0.800,   1.833
202607261206,   1.047,9999.000,9999.000,9999.000,9999.000,9999.000,9999.000,9999.000,9999.000
202607261212,   1.061,9999.000,9999.000,9999.000,9999.000,9999.000,9999.000,9999.000,9999.000
202607261218,   1.074,9999.000,9999.000,9999.000,9999.000,9999.000,9999.000,9999.000,9999.000
202607261224,   1.087,9999.000,9999.000,9999.000,9999.000,9999.000,9999.000,9999.000,9999.000
202607261230,   1.098,9999.000,9999.000,9999.000,9999.000,9999.000,9999.000,9999.000,9999.000
202607261236,   1.109,9999.000,9999.000,9999.000,9999.000,9999.000,9999.000,9999.000,9999.000
202607261242,   1.119,9999.000,9999.000,9999.000,9999.000,9999.000,9999.000,9999.000,9999.000
202607261248,   1.128,9999.000,9999.000,9999.000,9999.000,9999.000,9999.000,9999.000,9999.000
202607261254,   1.136,9999.000,9999.000,9999.000,9999.000,9999.000,9999.000,9999.000,9999.000
202607261300,   1.143,   2.059,   0.800,   0.116,   2.059,   0.700,   1.959,   0.800,   2.059
202607261306,   1.149,   2.059,9999.000,9999.000,9999.000,9999.000,9999.000,9999.000,9999.000
202607261312,   1.154,   2.079,9999.000,9999.000,9999.000,9999.000,9999.000,9999.000,9999.000
202607261318,   1.159,   2.079,9999.000,9999.000,9999.000,9999.000,9999.000,9999.000,9999.000
202607261324,   1.162,   2.089,9999.000,9999.000,9999.000,9999.000,9999.000,9999.000,9999.000
202607261330,   1.164,   2.089,9999.000,9999.000,9999.000,9999.000,9999.000,9999.000,9999.000
202607261336,   1.165,   2.089,9999.000,9999.000,9999.000,9999.000,9999.000,9999.000,9999.000
202607261342,   1.165,   2.079,9999.000,9999.000,9999.000,9999.000,9999.000,9999.000,9999.000
202607261348,   1.163,   2.089,9999.000,9999.000,9999.000,9999.000,9999.000,9999.000,9999.000
202607261354,   1.161,   2.099,9999.000,9999.000,9999.000,9999.000,9999.000,9999.000,9999.000
202607261400,   1.157,   2.099,   0.800,   0.142,   2.099,   0.700,   1.999,   0.800,   2.099
202607261406,   1.153,   2.089,9999.000,9999.000,9999.000,9999.000,9999.000,9999.000,9999.000
202607261412,   1.147,   2.079,9999.000,9999.000,9999.000,9999.000,9999.000,9999.000,9999.000
202607261418,   1.140,   2.069,9999.000,9999.000,9999.000,9999.000,9999.000,9999.000,9999.000
202607261424,   1.132,   2.049,9999.000,9999.000,9999.000,9999.000,9999.000,9999.000,9999.000
202607261430,   1.122,   2.049,9999.000,9999.000,9999.000,9999.000,9999.000,9999.000,9999.000
202607261436,   1.112,   2.040,9999.000,9999.000,9999.000,9999.000,9999.000,9999.000,9999.000
202607261442,   1.100,   2.020,9999.000,9999.000,9999.000,9999.000,9999.000,9999.000,9999.000
202607261448,   1.088,   2.000,9999.000,9999.000,9999.000,9999.000,9999.000,9999.000,9999.000
202607261454,   1.074,   2.000,9999.000,9999.000,9999.000,9999.000,9999.000,9999.000,9999.000
202607261500,   1.060,   1.990,   0.800,   0.130,   1.990,   0.700,   1.890,   0.800,   1.990
202607261506,   1.044,   1.981,9999.000,9999.000,9999.000,9999.000,9999.000,9999.000,9999.000
202607261512,   1.028,   1.990,9999.000,9999.000,9999.000,9999.000,9999.000,9999.000,9999.000
202607261518,   1.011,   1.948,9999.000,9999.000,9999.000,9999.000,9999.000,9999.000,9999.000
202607261524,   0.993,   1.928,9999.000,9999.000,9999.000,9999.000,9999.000,9999.000,9999.000
202607261530,   0.974,   1.908,9999.000,9999.000,9999.000,9999.000,9999.000,9999.000,9999.000
202607261536,   0.955,   1.908,9999.000,9999.000,9999.000,9999.000,9999.000,9999.000,9999.000
202607261542,   0.936,   1.889,9999.000,9999.000,9999.000,9999.000,9999.000,9999.000,9999.000
202607261548,   0.915,   1.869,9999.000,9999.000,9999.000,9999.000,9999.000,9999.000,9999.000
202607261554,   0.895,   1.869,9999.000,9999.000,9999.000,9999.000,9999.000,9999.000,9999.000
202607261600,   0.874,   1.859,   0.800,   0.185,   1.859,   0.800,   1.859,   0.800,   1.859
202607261606,   0.854,   1.830,9999.000,9999.000,9999.000,9999.000,9999.000,9999.000,9999.000
202607261612,   0.833,   1.810,9999.000,9999.000,9999.000,9999.000,9999.000,9999.000,9999.000
202607261618,   0.812,   1.800,9999.000,9999.000,9999.000,9999.000,9999.000,9999.000,9999.000
202607261624,   0.791,   1.767,9999.000,9999.000,9999.000,9999.000,9999.000,9999.000,9999.000
202607261630,   0.770,   1.758,9999.000,9999.000,9999.000,9999.000,9999.000,9999.000,9999.000
202607261636,   0.749,   1.728,9999.000,9999.000,9999.000,9999.000,9999.000,9999.000,9999.000
202607261642,   0.729,   1.708,9999.000,9999.000,9999.000,9999.000,9999.000,9999.000,9999.000
202607261648,   0.709,   1.689,9999.000,9999.000,9999.000,9999.000,9999.000,9999.000,9999.000
202607261654,   0.689,   1.669,9999.000,9999.000,9999.000,9999.000,9999.000,9999.000,9999.000
202607261700,   0.669,   1.639,   0.800,   0.170,   1.639,   0.800,   1.639,   0.800,   1.639
202607261706,   0.651,   1.639,9999.000,9999.000,9999.000,9999.000,9999.000,9999.000,9999.000
202607261712,   0.632,   1.600,9999.000,9999.000,9999.000,9999.000,9999.000,9999.000,9999.000
202607261718,   0.614,   1.590,9999.000,9999.000,9999.000,9999.000,9999.000,9999.000,9999.000
202607261724,   0.597,   1.580,9999.000,9999.000,9999.000,9999.000,9999.000,9999.000,9999.000
202607261730,   0.580,   1.571,9999.000,9999.000,9999.000,9999.000,9999.000,9999.000,9999.000
202607261736,   0.564,   1.528,9999.000,9999.000,9999.000,9999.000,9999.000,9999.000,9999.000
202607261742,   0.548,   1.528,9999.000,9999.000,9999.000,9999.000,9999.000,9999.000,9999.000
202607261748,   0.533,   1.508,9999.000,9999.000,9999.000,9999.000,9999.000,9999.000,9999.000
202607261754,   0.519,   1.489,9999.000,9999.000,9999.000,9999.000,9999.000,9999.000,9999.000
202607261800,   0.505,   1.469,   0.800,   0.164,   1.469,   0.800,   1.469,   0.800,   1.469
202607261806,   0.492,   1.469,9999.000,9999.000,9999.000,9999.000,9999.000,9999.000,9999.000
202607261812,   0.480,   1.459,9999.000,9999.000,9999.000,9999.000,9999.000,9999.000,9999.000
202607261818,   0.468,   1.439,9999.000,9999.000,9999.000,9999.000,9999.000,9999.000,9999.000
202607261824,   0.458,   1.420,9999.000,9999.000,9999.000,9999.000,9999.000,9999.000,9999.000
202607261830,   0.447,   1.410,9999.000,9999.000,9999.000,9999.000,9999.000,9999.000,9999.000
202607261836,   0.438,   1.410,9999.000,9999.000,9999.000,9999.000,9999.000,9999.000,9999.000
202607261842,   0.429,   1.400,9999.000,9999.000,9999.000,9999.000,9999.000,9999.000,9999.000
202607261848,   0.421,   1.390,9999.000,9999.000,9999.000,9999.000,9999.000,9999.000,9999.000
202607261854,   0.414,   1.390,9999.000,9999.000,9999.000,9999.000,9999.000,9999.000,9999.000
202607261900,   0.408,   1.380,   0.800,   0.172,   1.380,   0.800,   1.380,   0.900,   1.480
202607261906,   0.402,   1.390,9999.000,9999.000,9999.000,9999.000,9999.000,9999.000,9999.000
202607261912,   0.397,   1.371,9999.000,9999.000,9999.000,9999.000,9999.000,9999.000,9999.000
202607261918,   0.394,   1.371,9999.000,9999.000,9999.000,9999.000,9999.000,9999.000,9999.000
202607261924,   0.391,   1.371,9999.000,9999.000,9999.000,9999.000,9999.000,9999.000,9999.000
202607261930,   0.389,   1.361,9999.000,9999.000,9999.000,9999.000,9999.000,9999.000,9999.000
202607261936,   0.389,   1.361,9999.000,9999.000,9999.000,9999.000,9999.000,9999.000,9999.000
202607261942,   0.389,   1.361,9999.000,9999.000,9999.000,9999.000,9999.000,9999.000,9999.000
202607261948,   0.391,   1.371,9999.000,9999.000,9999.000,9999.000,9999.000,9999.000,9999.000
202607261954,   0.393,   1.380,9999.000,9999.000,9999.000,9999.000,9999.000,9999.000,9999.000
202607262000,   0.397,   1.390,   0.800,   0.193,   1.390,   0.800,   1.390,   0.900,   1.490
202607262006,   0.402,   1.380,9999.000,9999.000,9999.000,9999.000,9999.000,9999.000,9999.000
202607262012,   0.409,   1.390,9999.000,9999.000,9999.000,9999.000,9999.000,9999.000,9999.000
202607262018,   0.417,   1.400,9999.000,9999.000,9999.000,9999.000,9999.000,9999.000,9999.000
202607262024,   0.426,   1.400,9999.000,9999.000,9999.000,9999.000,9999.000,9999.000,9999.000
202607262030,   0.436,   1.410,9999.000,9999.000,9999.000,9999.000,9999.000,9999.000,9999.000
202607262036,   0.448,   1.410,9999.000,9999.000,9999.000,9999.000,9999.000,9999.000,9999.000
202607262042,   0.461,   1.439,9999.000,9999.000,9999.000,9999.000,9999.000,9999.000,9999.000
202607262048,   0.475,   1.449,9999.000,9999.000,9999.000,9999.000,9999.000,9999.000,9999.000
202607262054,   0.491,   1.469,9999.000,9999.000,9999.000,9999.000,9999.000,9999.000,9999.000
202607262100,   0.508,   1.489,   0.900,   0.081,   1.489,   0.800,   1.389,   0.900,   1.489
202607262106,   0.526,   1.508,9999.000,9999.000,9999.000,9999.000,9999.000,9999.000,9999.000
202607262112,   0.546,   1.528,9999.000,9999.000,9999.000,9999.000,9999.000,9999.000,9999.000
202607262118,   0.566,   1.538,9999.000,9999.000,9999.000,9999.000,9999.000,9999.000,9999.000
202607262124,   0.588,   1.557,9999.000,9999.000,9999.000,9999.000,9999.000,9999.000,9999.000
202607262130,   0.611,   1.590,9999.000,9999.000,9999.000,9999.000,9999.000,9999.000,9999.000
202607262136,   0.635,   1.610,9999.000,9999.000,9999.000,9999.000,9999.000,9999.000,9999.000
202607262142,   0.660,   1.639,9999.000,9999.000,9999.000,9999.000,9999.000,9999.000,9999.000
202607262148,   0.685,   1.669,9999.000,9999.000,9999.000,9999.000,9999.000,9999.000,9999.000
202607262154,   0.711,   1.679,9999.000,9999.000,9999.000,9999.000,9999.000,9999.000,9999.000
202607262200,   0.738,   1.748,   0.900,   0.110,   1.748,   0.800,   1.648,   0.900,   1.748
202607262206,   0.766,   1.728,9999.000,9999.000,9999.000,9999.000,9999.000,9999.000,9999.000
202607262212,   0.794,   1.800,9999.000,9999.000,9999.000,9999.000,9999.000,9999.000,9999.000
202607262218,   0.822,   1.800,9999.000,9999.000,9999.000,9999.000,9999.000,9999.000,9999.000
202607262224,   0.850,   1.849,9999.000,9999.000,9999.000,9999.000,9999.000,9999.000,9999.000
202607262230,   0.879,   1.879,9999.000,9999.000,9999.000,9999.000,9999.000,9999.000,9999.000
202607262236,   0.907,   1.879,9999.000,9999.000,9999.000,9999.000,9999.000,9999.000,9999.000
202607262242,   0.936,   1.958,9999.000,9999.000,9999.000,9999.000,9999.000,9999.000,9999.000
202607262248,   0.964,   1.948,9999.000,9999.000,9999.000,9999.000,9999.000,9999.000,9999.000
202607262254,   0.993,   1.981,9999.000,9999.000,9999.000,9999.000,9999.000,9999.000,9999.000
202607262300,   1.020,   2.020,   0.900,   0.100,   2.020,   0.800,   1.920,   0.900,   2.020
202607262306,   1.048,   2.030,9999.000,9999.000,9999.000,9999.000,9999.000,9999.000,9999.000
202607262312,   1.075,   2.069,9999.000,9999.000,9999.000,9999.000,9999.000,9999.000,9999.000
202607262318,   1.101,   2.089,9999.000,9999.000,9999.000,9999.000,9999.000,9999.000,9999.000
202607262324,   1.127,   2.109,9999.000,9999.000,9999.000,9999.000,9999.000,9999.000,9999.000
202607262330,   1.152,   2.128,9999.000,9999.000,9999.000,9999.000,9999.000,9999.000,9999.000
202607262336,   1.176,   2.158,9999.000,9999.000,9999.000,9999.000,9999.000,9999.000,9999.000
202607262342,   1.200,   2.168,9999.000,9999.000,9999.000,9999.000,9999.000,9999.000,9999.000
202607262348,   1.223,   2.191,9999.000,9999.000,9999.000,9999.000,9999.000,9999.000,9999.000
202607262354,   1.244,   2.210,9999.000,9999.000,9999.000,9999.000,9999.000,9999.000,9999.000
202607270000,   1.266,   2.230,   0.900,   0.064,   2.230,   0.800,   2.130,   0.900,   2.230
202607270006,   1.286,   2.250,9999.000,9999.000,9999.000,9999.000,9999.000,9999.000,9999.000
202607270012,   1.305,   2.259,9999.000,9999.000,9999.000,9999.000,9999.000,9999.000,9999.000
202607270018,   1.323,   2.289,9999.000,9999.000,9999.000,9999.000,9999.000,9999.000,9999.000
202607270024,   1.341,   2.309,9999.000,9999.000,9999.000,9999.000,9999.000,9999.000,9999.000
202607270030,   1.357,   2.318,9999.000,9999.000,9999.000,9999.000,9999.000,9999.000,9999.000
202607270036,   1.372,   2.338,9999.000,9999.000,9999.000,9999.000,9999.000,9999.000,9999.000
202607270042,   1.387,   2.358,9999.000,9999.000,9999.000,9999.000,9999.000,9999.000,9999.000
202607270048,   1.400,   2.358,9999.000,9999.000,9999.000,9999.000,9999.000,9999.000,9999.000
202607270054,   1.412,   2.377,9999.000,9999.000,9999.000,9999.000,9999.000,9999.000,9999.000
202607270100,   1.424,   2.368,   0.900,   0.044,   2.368,   0.800,   2.268,   0.900,   2.368
202607270106,   1.434,   2.377,9999.000,9999.000,9999.000,9999.000,9999.000,9999.000,9999.000
202607270112,   1.444,   2.400,9999.000,9999.000,9999.000,9999.000,9999.000,9999.000,9999.000
202607270118,   1.452,   2.400,9999.000,9999.000,9999.000,9999.000,9999.000,9999.000,9999.000
202607270124,   1.459,   2.400,9999.000,9999.000,9999.000,9999.000,9999.000,9999.000,9999.000
202607270130,   1.465,   2.400,9999.000,9999.000,9999.000,9999.000,9999.000,9999.000,9999.000
202607270136,   1.470,   2.410,9999.000,9999.000,9999.000,9999.000,9999.000,9999.000,9999.000
202607270142,   1.474,   2.400,9999.000,9999.000,9999.000,9999.000,9999.000,9999.000,9999.000
202607270148,   1.477,   2.400,9999.000,9999.000,9999.000,9999.000,9999.000,9999.000,9999.000
202607270154,   1.479,   2.400,9999.000,9999.000,9999.000,9999.000,9999.000,9999.000,9999.000
202607270200,   1.479,   2.400,   0.900,   0.021,   2.400,   0.800,   2.300,   0.900,   2.400
202607270206,   1.479,   2.377,9999.000,9999.000,9999.000,9999.000,9999.000,9999.000,9999.000
202607270212,   1.477,   2.387,9999.000,9999.000,9999.000,9999.000,9999.000,9999.000,9999.000
202607270218,   1.474,   2.387,9999.000,9999.000,9999.000,9999.000,9999.000,9999.000,9999.000
202607270224,   1.470,   2.387,9999.000,9999.000,9999.000,9999.000,9999.000,9999.000,9999.000
202607270230,   1.464,   2.387,9999.000,9999.000,9999.000,9999.000,9999.000,9999.000,9999.000
202607270236,   1.458,   2.377,9999.000,9999.000,9999.000,9999.000,9999.000,9999.000,9999.000
202607270242,   1.450,   2.368,9999.000,9999.000,9999.000,9999.000,9999.000,9999.000,9999.000
202607270248,   1.441,   2.368,9999.000,9999.000,9999.000,9999.000,9999.000,9999.000,9999.000
202607270254,   1.431,   2.358,9999.000,9999.000,9999.000,9999.000,9999.000,9999.000,9999.000
202607270300,   1.419,   2.338,   0.900,   0.019,   2.338,   0.800,   2.238,   0.900,   2.338
202607270306,   1.407,   2.328,9999.000,9999.000,9999.000,9999.000,9999.000,9999.000,9999.000
202607270312,   1.393,   2.309,9999.000,9999.000,9999.000,9999.000,9999.000,9999.000,9999.000
202607270318,   1.378,   2.309,9999.000,9999.000,9999.000,9999.000,9999.000,9999.000,9999.000
202607270324,   1.363,   2.289,9999.000,9999.000,9999.000,9999.000,9999.000,9999.000,9999.000
202607270330,   1.346,   2.269,9999.000,9999.000,9999.000,9999.000,9999.000,9999.000,9999.000
202607270336,   1.328,   2.259,9999.000,9999.000,9999.000,9999.000,9999.000,9999.000,9999.000
202607270342,   1.310,   2.240,9999.000,9999.000,9999.000,9999.000,9999.000,9999.000,9999.000
202607270348,   1.290,   2.210,9999.000,9999.000,9999.000,9999.000,9999.000,9999.000,9999.000
202607270354,   1.270,   2.220,9999.000,9999.000,9999.000,9999.000,9999.000,9999.000,9999.000
202607270400,   1.249,   2.191,   0.900,   0.042,   2.191,   0.800,   2.091,   0.900,   2.191
202607270406,   1.227,   2.168,9999.000,9999.000,9999.000,9999.000,9999.000,9999.000,9999.000
202607270412,   1.205,   2.168,9999.000,9999.000,9999.000,9999.000,9999.000,9999.000,9999.000
202607270418,   1.182,   2.138,9999.000,9999.000,9999.000,9999.000,9999.000,9999.000,9999.000
202607270424,   1.159,   2.128,9999.000,9999.000,9999.000,9999.000,9999.000,9999.000,9999.000
202607270430,   1.136,   2.099,9999.000,9999.000,9999.000,9999.000,9999.000,9999.000,9999.000
202607270436,   1.112,   2.069,9999.000,9999.000,9999.000,9999.000,9999.000,9999.000,9999.000
202607270442,   1.088,   2.059,9999.000,9999.000,9999.000,9999.000,9999.000,9999.000,9999.000
202607270448,   1.064,   2.010,9999.000,9999.000,9999.000,9999.000,9999.000,9999.000,9999.000
202607270454,   1.039,   2.030,9999.000,9999.000,9999.000,9999.000,9999.000,9999.000,9999.000
202607270500,   1.015,   1.967,   0.900,   0.052,   1.967,   0.800,   1.867,   0.900,   1.967
202607270506,   0.991,   1.958,9999.000,9999.000,9999.000,9999.000,9999.000,9999.000,9999.000
202607270512,   0.966,   1.938,9999.000,9999.000,9999.000,9999.000,9999.000,9999.000,9999.000
202607270518,   0.942,   1.899,9999.000,9999.000,9999.000,9999.000,9999.000,9999.000,9999.000
202607270524,   0.918,   1.879,9999.000,9999.000,9999.000,9999.000,9999.000,9999.000,9999.000
202607270530,   0.894,   1.849,9999.000,9999.000,9999.000,9999.000,9999.000,9999.000,9999.000
202607270536,   0.870,   1.840,9999.000,9999.000,9999.000,9999.000,9999.000,9999.000,9999.000
202607270542,   0.847,   1.820,9999.000,9999.000,9999.000,9999.000,9999.000,9999.000,9999.000
202607270548,   0.824,   1.781,9999.000,9999.000,9999.000,9999.000,9999.000,9999.000,9999.000
202607270554,   0.801,   1.781,9999.000,9999.000,9999.000,9999.000,9999.000,9999.000,9999.000
202607270600,   0.779,   1.758,   0.900,   0.079,   1.758,   0.900,   1.758,   0.900,   1.758
202607270606,   0.757,   1.748,9999.000,9999.000,9999.000,9999.000,9999.000,9999.000,9999.000
202607270612,   0.735,   1.728,9999.000,9999.000,9999.000,9999.000,9999.000,9999.000,9999.000
202607270618,   0.713,   1.699,9999.000,9999.000,9999.000,9999.000,9999.000,9999.000,9999.000
202607270624,   0.692,   1.679,9999.000,9999.000,9999.000,9999.000,9999.000,9999.000,9999.000
202607270630,   0.672,   1.669,9999.000,9999.000,9999.000,9999.000,9999.000,9999.000,9999.000
202607270636,   0.652,   1.649,9999.000,9999.000,9999.000,9999.000,9999.000,9999.000,9999.000
202607270642,   0.632,   1.610,9999.000,9999.000,9999.000,9999.000,9999.000,9999.000,9999.000
202607270648,   0.613,   1.580,9999.000,9999.000,9999.000,9999.000,9999.000,9999.000,9999.000
202607270654,   0.594,   1.580,9999.000,9999.000,9999.000,9999.000,9999.000,9999.000,9999.000
202607270700,   0.576,   1.528,   0.900,   0.052,   1.528,   0.800,   1.428,   0.900,   1.528
202607270706,   0.558,   1.538,9999.000,9999.000,9999.000,9999.000,9999.000,9999.000,9999.000
202607270712,   0.541,   1.518,9999.000,9999.000,9999.000,9999.000,9999.000,9999.000,9999.000
202607270718,   0.524,   1.508,9999.000,9999.000,9999.000,9999.000,9999.000,9999.000,9999.000
202607270724,   0.508,   1.489,9999.000,9999.000,9999.000,9999.000,9999.000,9999.000,9999.000
202607270730,   0.493,   1.479,9999.000,9999.000,9999.000,9999.000,9999.000,9999.000,9999.000
202607270736,   0.479,   1.489,9999.000,9999.000,9999.000,9999.000,9999.000,9999.000,9999.000
202607270742,   0.465,   1.459,9999.000,9999.000,9999.000,9999.000,9999.000,9999.000,9999.000
202607270748,   0.453,   1.469,9999.000,9999.000,9999.000,9999.000,9999.000,9999.000,9999.000
202607270754,   0.441,   1.469,9999.000,9999.000,9999.000,9999.000,9999.000,9999.000,9999.000
202607270800,   0.430,   1.439,   0.900,   0.109,   1.439,   0.900,   1.439,   0.900,   1.439
202607270806,   0.420,   1.469,9999.000,9999.000,9999.000,9999.000,9999.000,9999.000,9999.000
202607270812,   0.412,   1.430,9999.000,9999.000,9999.000,9999.000,9999.000,9999.000,9999.000
202607270818,   0.404,   1.469,9999.000,9999.000,9999.000,9999.000,9999.000,9999.000,9999.000
202607270824,   0.398,   1.439,9999.000,9999.000,9999.000,9999.000,9999.000,9999.000,9999.000
202607270830,   0.393,   1.449,9999.000,9999.000,9999.000,9999.000,9999.000,9999.000,9999.000
202607270836,   0.389,   1.449,9999.000,9999.000,9999.000,9999.000,9999.000,9999.000,9999.000
202607270842,   0.387,   1.430,9999.000,9999.000,9999.000,9999.000,9999.000,9999.000,9999.000
202607270848,   0.386,   1.449,9999.000,9999.000,9999.000,9999.000,9999.000,9999.000,9999.000
202607270854,   0.387,   1.430,9999.000,9999.000,9999.000,9999.000,9999.000,9999.000,9999.000
202607270900,   0.388,   1.449,   0.900,   0.161,   1.449,   0.900,   1.449,   0.900,   1.449
202607270906,   0.392,   1.430,9999.000,9999.000,9999.000,9999.000,9999.000,9999.000,9999.000
202607270912,   0.397,   1.449,9999.000,9999.000,9999.000,9999.000,9999.000,9999.000,9999.000
202607270918,   0.403,   1.459,9999.000,9999.000,9999.000,9999.000,9999.000,9999.000,9999.000
202607270924,   0.411,   1.459,9999.000,9999.000,9999.000,9999.000,9999.000,9999.000,9999.000
202607270930,   0.420,   1.479,9999.000,9999.000,9999.000,9999.000,9999.000,9999.000,9999.000
202607270936,   0.431,   1.498,9999.000,9999.000,9999.000,9999.000,9999.000,9999.000,9999.000
202607270942,   0.443,   1.518,9999.000,9999.000,9999.000,9999.000,9999.000,9999.000,9999.000
202607270948,   0.456,   1.528,9999.000,9999.000,9999.000,9999.000,9999.000,9999.000,9999.000
202607270954,   0.471,   1.557,9999.000,9999.000,9999.000,9999.000,9999.000,9999.000,9999.000
202607271000,   0.487,   1.580,   0.900,   0.193,   1.580,   0.900,   1.580,   0.900,   1.580
202607271006,   0.504,   1.600,9999.000,9999.000,9999.000,9999.000,9999.000,9999.000,9999.000
202607271012,   0.522,   1.610,9999.000,9999.000,9999.000,9999.000,9999.000,9999.000,9999.000
202607271018,   0.542,   1.610,9999.000,9999.000,9999.000,9999.000,9999.000,9999.000,9999.000
202607271024,   0.562,   1.649,9999.000,9999.000,9999.000,9999.000,9999.000,9999.000,9999.000
202607271030,   0.583,   1.669,9999.000,9999.000,9999.000,9999.000,9999.000,9999.000,9999.000
202607271036,   0.604,   1.728,9999.000,9999.000,9999.000,9999.000,9999.000,9999.000,9999.000
202607271042,   0.626,   1.728,9999.000,9999.000,9999.000,9999.000,9999.000,9999.000,9999.000
202607271048,   0.649,   1.781,9999.000,9999.000,9999.000,9999.000,9999.000,9999.000,9999.000
202607271054,   0.672,   1.767,9999.000,9999.000,9999.000,9999.000,9999.000,9999.000,9999.000
202607271100,   0.696,   1.800,   0.900,   0.204,   1.800,   0.900,   1.800,   0.900,   1.800
202607271106,   0.719,   1.830,9999.000,9999.000,9999.000,9999.000,9999.000,9999.000,9999.000
202607271112,   0.743,   1.840,9999.000,9999.000,9999.000,9999.000,9999.000,9999.000,9999.000
202607271118,   0.767,   1.879,9999.000,9999.000,9999.000,9999.000,9999.000,9999.000,9999.000
202607271124,   0.790,   1.899,9999.000,9999.000,9999.000,9999.000,9999.000,9999.000,9999.000
202607271130,   0.814,   1.928,9999.000,9999.000,9999.000,9999.000,9999.000,9999.000,9999.000
202607271136,   0.837,   1.938,9999.000,9999.000,9999.000,9999.000,9999.000,9999.000,9999.000
202607271142,   0.860,   1.958,9999.000,9999.000,9999.000,9999.000,9999.000,9999.000,9999.000
202607271148,   0.883,   1.981,9999.000,9999.000,9999.000,9999.000,9999.000,9999.000,9999.000
202607271154,   0.905,   2.010,9999.000,9999.000,9999.000,9999.000,9999.000,9999.000,9999.000
202607271200,   0.926,   2.000,   0.900,   0.174,   2.000,   0.900,   2.000,   0.900,   2.000
202607271206,   0.947,   2.069,9999.000,9999.000,9999.000,9999.000,9999.000,9999.000,9999.000
202607271212,   0.968,   2.049,9999.000,9999.000,9999.000,9999.000,9999.000,9999.000,9999.000
202607271218,   0.987,   2.099,9999.000,9999.000,9999.000,9999.000,9999.000,9999.000,9999.000
202607271224,   1.006,   2.118,9999.000,9999.000,9999.000,9999.000,9999.000,9999.000,9999.000
202607271230,   1.025,   2.128,9999.000,9999.000,9999.000,9999.000,9999.000,9999.000,9999.000
202607271236,   1.042,   2.148,9999.000,9999.000,9999.000,9999.000,9999.000,9999.000,9999.000
202607271242,   1.059,   2.168,9999.000,9999.000,9999.000,9999.000,9999.000,9999.000,9999.000
202607271248,   1.074,   2.177,9999.000,9999.000,9999.000,9999.000,9999.000,9999.000,9999.000
202607271254,   1.089,   2.200,9999.000,9999.000,9999.000,9999.000,9999.000,9999.000,9999.000
202607271300,   1.103,   2.230,   0.900,   0.227,   2.230,   0.900,   2.230,   0.900,   2.230
202607271306,   1.117,   2.230,9999.000,9999.000,9999.000,9999.000,9999.000,9999.000,9999.000
202607271312,   1.129,   2.240,9999.000,9999.000,9999.000,9999.000,9999.000,9999.000,9999.000
202607271318,   1.140,   2.259,9999.000,9999.000,9999.000,9999.000,9999.000,9999.000,9999.000
202607271324,   1.151,   2.259,9999.000,9999.000,9999.000,9999.000,9999.000,9999.000,9999.000
202607271330,   1.160,   2.259,9999.000,9999.000,9999.000,9999.000,9999.000,9999.000,9999.000
202607271336,   1.169,   2.250,9999.000,9999.000,9999.000,9999.000,9999.000,9999.000,9999.000
202607271342,   1.176,   2.289,9999.000,9999.000,9999.000,9999.000,9999.000,9999.000,9999.000
202607271348,   1.183,   2.259,9999.000,9999.000,9999.000,9999.000,9999.000,9999.000,9999.000
202607271354,   1.188,   2.269,9999.000,9999.000,9999.000,9999.000,9999.000,9999.000,9999.000
202607271400,   1.193,   2.289,   0.900,   0.196,   2.289,   0.900,   2.289,   0.900,   2.289
202607271406,   1.196,   2.220,9999.000,9999.000,9999.000,9999.000,9999.000,9999.000,9999.000
202607271412,   1.198,   2.279,9999.000,9999.000,9999.000,9999.000,9999.000,9999.000,9999.000
202607271418,   1.199,   2.250,9999.000,9999.000,9999.000,9999.000,9999.000,9999.000,9999.000
202607271424,   1.199,   2.259,9999.000,9999.000,9999.000,9999.000,9999.000,9999.000,9999.000
202607271430,   1.198,   2.240,9999.000,9999.000,9999.000,9999.000,9999.000,9999.000,9999.000
202607271436,   1.196,   2.240,9999.000,9999.000,9999.000,9999.000,9999.000,9999.000,9999.000
202607271442,   1.193,   2.240,9999.000,9999.000,9999.000,9999.000,9999.000,9999.000,9999.000
202607271448,   1.188,   2.210,9999.000,9999.000,9999.000,9999.000,9999.000,9999.000,9999.000
202607271454,   1.182,   2.210,9999.000,9999.000,9999.000,9999.000,9999.000,9999.000,9999.000
202607271500,   1.175,   2.210,   0.900,   0.135,   2.210,   0.900,   2.210,   0.900,   2.210
202607271506,   1.167,   2.191,9999.000,9999.000,9999.000,9999.000,9999.000,9999.000,9999.000
202607271512,   1.158,   2.191,9999.000,9999.000,9999.000,9999.000,9999.000,9999.000,9999.000
202607271518,   1.148,   2.168,9999.000,9999.000,9999.000,9999.000,9999.000,9999.000,9999.000
202607271524,   1.136,   2.168,9999.000,9999.000,9999.000,9999.000,9999.000,9999.000,9999.000
202607271530,   1.123,   2.148,9999.000,9999.000,9999.000,9999.000,9999.000,9999.000,9999.000
202607271536,   1.110,   2.158,9999.000,9999.000,9999.000,9999.000,9999.000,9999.000,9999.000
202607271542,   1.095,   2.138,9999.000,9999.000,9999.000,9999.000,9999.000,9999.000,9999.000
202607271548,   1.079,   2.109,9999.000,9999.000,9999.000,9999.000,9999.000,9999.000,9999.000
202607271554,   1.062,   2.118,9999.000,9999.000,9999.000,9999.000,9999.000,9999.000,9999.000
202607271600,   1.045,   2.079,   0.900,   0.134,   2.079,   0.900,   2.079,   0.900,   2.079
202607271606,   1.026,   2.069,9999.000,9999.000,9999.000,9999.000,9999.000,9999.000,9999.000
202607271612,   1.007,   2.059,9999.000,9999.000,9999.000,9999.000,9999.000,9999.000,9999.000
202607271618,   0.987,   2.049,9999.000,9999.000,9999.000,9999.000,9999.000,9999.000,9999.000
202607271624,   0.967,   2.030,9999.000,9999.000,9999.000,9999.000,9999.000,9999.000,9999.000
202607271630,   0.946,   2.010,9999.000,9999.000,9999.000,9999.000,9999.000,9999.000,9999.000
202607271636,   0.925,   2.020,9999.000,9999.000,9999.000,9999.000,9999.000,9999.000,9999.000
202607271642,   0.903,   1.990,9999.000,9999.000,9999.000,9999.000,9999.000,9999.000,9999.000
202607271648,   0.881,   1.967,9999.000,9999.000,9999.000,9999.000,9999.000,9999.000,9999.000
202607271654,   0.858,   1.948,9999.000,9999.000,9999.000,9999.000,9999.000,9999.000,9999.000
202607271700,   0.836,   1.938,   0.900,   0.202,   1.938,   0.900,   1.938,   0.900,   1.938
202607271706,   0.813,   1.899,9999.000,9999.000,9999.000,9999.000,9999.000,9999.000,9999.000
202607271712,   0.791,   1.889,9999.000,9999.000,9999.000,9999.000,9999.000,9999.000,9999.000
202607271718,   0.769,   1.859,9999.000,9999.000,9999.000,9999.000,9999.000,9999.000,9999.000
202607271724,   0.746,   1.840,9999.000,9999.000,9999.000,9999.000,9999.000,9999.000,9999.000
202607271730,   0.724,   1.800,9999.000,9999.000,9999.000,9999.000,9999.000,9999.000,9999.000
202607271736,   0.703,   1.767,9999.000,9999.000,9999.000,9999.000,9999.000,9999.000,9999.000
202607271742,   0.682,   1.767,9999.000,9999.000,9999.000,9999.000,9999.000,9999.000,9999.000
202607271748,   0.661,   1.728,9999.000,9999.000,9999.000,9999.000,9999.000,9999.000,9999.000
202607271754,   0.640,   1.718,9999.000,9999.000,9999.000,9999.000,9999.000,9999.000,9999.000
202607271800,   0.620,   1.689,   0.900,   0.169,   1.689,   0.900,   1.689,   0.900,   1.689
202607271806,   0.601,   1.669,9999.000,9999.000,9999.000,9999.000,9999.000,9999.000,9999.000
202607271812,   0.582,   1.659,9999.000,9999.000,9999.000,9999.000,9999.000,9999.000,9999.000
202607271818,   0.564,   1.630,9999.000,9999.000,9999.000,9999.000,9999.000,9999.000,9999.000
202607271824,   0.546,   1.620,9999.000,9999.000,9999.000,9999.000,9999.000,9999.000,9999.000
202607271830,   0.529,   1.590,9999.000,9999.000,9999.000,9999.000,9999.000,9999.000,9999.000
202607271836,   0.513,   1.580,9999.000,9999.000,9999.000,9999.000,9999.000,9999.000,9999.000
202607271842,   0.498,   1.580,9999.000,9999.000,9999.000,9999.000,9999.000,9999.000,9999.000
202607271848,   0.483,   1.571,9999.000,9999.000,9999.000,9999.000,9999.000,9999.000,9999.000
202607271854,   0.469,   1.548,9999.000,9999.000,9999.000,9999.000,9999.000,9999.000,9999.000
202607271900,   0.455,   1.538,   0.900,   0.183,   1.538,   0.900,   1.538,   0.900,   1.538
202607271906,   0.443,   1.528,9999.000,9999.000,9999.000,9999.000,9999.000,9999.000,9999.000
202607271912,   0.431,   1.528,9999.000,9999.000,9999.000,9999.000,9999.000,9999.000,9999.000
202607271918,   0.420,   1.498,9999.000,9999.000,9999.000,9999.000,9999.000,9999.000,9999.000
202607271924,   0.410,   1.508,9999.000,9999.000,9999.000,9999.000,9999.000,9999.000,9999.000
202607271930,   0.401,   1.469,9999.000,9999.000,9999.000,9999.000,9999.000,9999.000,9999.000
202607271936,   0.392,   1.479,9999.000,9999.000,9999.000,9999.000,9999.000,9999.000,9999.000
202607271942,   0.385,   1.459,9999.000,9999.000,9999.000,9999.000,9999.000,9999.000,9999.000
202607271948,   0.378,   1.459,9999.000,9999.000,9999.000,9999.000,9999.000,9999.000,9999.000
202607271954,   0.372,   1.449,9999.000,9999.000,9999.000,9999.000,9999.000,9999.000,9999.000
202607272000,   0.368,   1.439,   0.900,   0.171,   1.439,   0.900,   1.439,   0.900,   1.439
202607272006,   0.364,   1.439,9999.000,9999.000,9999.000,9999.000,9999.000,9999.000,9999.000
202607272012,   0.362,   1.430,9999.000,9999.000,9999.000,9999.000,9999.000,9999.000,9999.000
202607272018,   0.360,   1.449,9999.000,9999.000,9999.000,9999.000,9999.000,9999.000,9999.000
202607272024,   0.360,   1.430,9999.000,9999.000,9999.000,9999.000,9999.000,9999.000,9999.000
202607272030,   0.361,   1.420,9999.000,9999.000,9999.000,9999.000,9999.000,9999.000,9999.000
202607272036,   0.363,   1.430,9999.000,9999.000,9999.000,9999.000,9999.000,9999.000,9999.000
202607272042,   0.367,   1.410,9999.000,9999.000,9999.000,9999.000,9999.000,9999.000,9999.000
202607272048,   0.372,   1.439,9999.000,9999.000,9999.000,9999.000,9999.000,9999.000,9999.000
202607272054,   0.378,   1.420,9999.000,9999.000,9999.000,9999.000,9999.000,9999.000,9999.000
202607272100,   0.385,   1.439,   0.900,   0.154,   1.439,   0.900,   1.439,   0.900,   1.439
202607272106,   0.394,   1.430,9999.000,9999.000,9999.000,9999.000,9999.000,9999.000,9999.000
202607272112,   0.405,   1.430,9999.000,9999.000,9999.000,9999.000,9999.000,9999.000,9999.000
202607272118,   0.417,   1.430,9999.000,9999.000,9999.000,9999.000,9999.000,9999.000,9999.000
202607272124,   0.430,   1.410,9999.000,9999.000,9999.000,9999.000,9999.000,9999.000,9999.000
202607272130,   0.445,   1.439,9999.000,9999.000,9999.000,9999.000,9999.000,9999.000,9999.000
202607272136,   0.461,   1.449,9999.000,9999.000,9999.000,9999.000,9999.000,9999.000,9999.000
202607272142,   0.478,   1.449,9999.000,9999.000,9999.000,9999.000,9999.000,9999.000,9999.000
202607272148,   0.497,   1.479,9999.000,9999.000,9999.000,9999.000,9999.000,9999.000,9999.000
202607272154,   0.517,   1.479,9999.000,9999.000,9999.000,9999.000,9999.000,9999.000,9999.000
202607272200,   0.539,   1.489,   0.900,   0.050,   1.489,   0.900,   1.489,   0.900,   1.489
202607272206,   0.562,   1.508,9999.000,9999.000,9999.000,9999.000,9999.000,9999.000,9999.000
202607272212,   0.586,   1.508,9999.000,9999.000,9999.000,9999.000,9999.000,9999.000,9999.000
202607272218,   0.610,   1.528,9999.000,9999.000,9999.000,9999.000,9999.000,9999.000,9999.000
202607272224,   0.636,   1.538,9999.000,9999.000,9999.000,9999.000,9999.000,9999.000,9999.000
202607272230,   0.663,   1.580,9999.000,9999.000,9999.000,9999.000,9999.000,9999.000,9999.000
202607272236,   0.691,   1.590,9999.000,9999.000,9999.000,9999.000,9999.000,9999.000,9999.000
202607272242,   0.720,   1.590,9999.000,9999.000,9999.000,9999.000,9999.000,9999.000,9999.000
202607272248,   0.749,   1.639,9999.000,9999.000,9999.000,9999.000,9999.000,9999.000,9999.000
202607272254,   0.778,   1.630,9999.000,9999.000,9999.000,9999.000,9999.000,9999.000,9999.000
202607272300,   0.808,   1.659,   0.900,  -0.049,   1.659,   0.900,   1.659,   0.900,   1.659
202607272306,   0.839,   1.699,9999.000,9999.000,9999.000,9999.000,9999.000,9999.000,9999.000
202607272312,   0.869,   1.699,9999.000,9999.000,9999.000,9999.000,9999.000,9999.000,9999.000
202607272318,   0.900,   1.728,9999.000,9999.000,9999.000,9999.000,9999.000,9999.000,9999.000
202607272324,   0.931,   1.738,9999.000,9999.000,9999.000,9999.000,9999.000,9999.000,9999.000
202607272330,   0.961,   1.781,9999.000,9999.000,9999.000,9999.000,9999.000,9999.000,9999.000
202607272336,   0.991,   1.790,9999.000,9999.000,9999.000,9999.000,9999.000,9999.000,9999.000
202607272342,   1.021,   1.820,9999.000,9999.000,9999.000,9999.000,9999.000,9999.000,9999.000
202607272348,   1.051,   1.840,9999.000,9999.000,9999.000,9999.000,9999.000,9999.000,9999.000
202607272354,   1.079,   1.859,9999.000,9999.000,9999.000,9999.000,9999.000,9999.000,9999.000
202607280000,   1.108,   1.869,   0.900,  -0.139,   1.869,   0.800,   1.769,   0.900,   1.869
202607280006,   1.135,   1.918,9999.000,9999.000,9999.000,9999.000,9999.000,9999.000,9999.000
202607280012,   1.162,   1.928,9999.000,9999.000,9999.000,9999.000,9999.000,9999.000,9999.000
202607280018,   1.188,   1.958,9999.000,9999.000,9999.000,9999.000,9999.000,9999.000,9999.000
202607280024,   1.214,   2.010,9999.000,9999.000,9999.000,9999.000,9999.000,9999.000,9999.000
202607280030,   1.238,   2.010,9999.000,9999.000,9999.000,9999.000,9999.000,9999.000,9999.000
202607280036,   1.261,   2.059,9999.000,9999.000,9999.000,9999.000,9999.000,9999.000,9999.000
202607280042,   1.284,   2.069,9999.000,9999.000,9999.000,9999.000,9999.000,9999.000,9999.000
202607280048,   1.305,   2.109,9999.000,9999.000,9999.000,9999.000,9999.000,9999.000,9999.000
202607280054,   1.326,   2.128,9999.000,9999.000,9999.000,9999.000,9999.000,9999.000,9999.000
202607280100,   1.345,   2.138,   0.900,  -0.107,   2.138,   0.800,   2.038,   0.900,   2.138
202607280106,   1.363,   2.158,9999.000,9999.000,9999.000,9999.000,9999.000,9999.000,9999.000
202607280112,   1.380,   2.191,9999.000,9999.000,9999.000,9999.000,9999.000,9999.000,9999.000
202607280118,   1.396,   2.191,9999.000,9999.000,9999.000,9999.000,9999.000,9999.000,9999.000
202607280124,   1.411,   2.220,9999.000,9999.000,9999.000,9999.000,9999.000,9999.000,9999.000
202607280130,   1.425,   2.230,9999.000,9999.000,9999.000,9999.000,9999.000,9999.000,9999.000
202607280136,   1.438,   2.240,9999.000,9999.000,9999.000,9999.000,9999.000,9999.000,9999.000
202607280142,   1.450,   2.259,9999.000,9999.000,9999.000,9999.000,9999.000,9999.000,9999.000
202607280148,   1.460,   2.279,9999.000,9999.000,9999.000,9999.000,9999.000,9999.000,9999.000
202607280154,   1.470,   2.289,9999.000,9999.000,9999.000,9999.000,9999.000,9999.000,9999.000
202607280200,   1.478,   2.299,   0.900,  -0.079,   2.299,   0.800,   2.199,   0.900,   2.299
202607280206,   1.485,   2.309,9999.000,9999.000,9999.000,9999.000,9999.000,9999.000,9999.000
202607280212,   1.491,   2.309,9999.000,9999.000,9999.000,9999.000,9999.000,9999.000,9999.000
202607280218,   1.496,   2.328,9999.000,9999.000,9999.000,9999.000,9999.000,9999.000,9999.000
202607280224,   1.500,   2.318,9999.000,9999.000,9999.000,9999.000,9999.000,9999.000,9999.000
202607280230,   1.503,   2.328,9999.000,9999.000,9999.000,9999.000,9999.000,9999.000,9999.000
202607280236,   1.504,   2.328,9999.000,9999.000,9999.000,9999.000,9999.000,9999.000,9999.000
202607280242,   1.505,   2.338,9999.000,9999.000,9999.000,9999.000,9999.000,9999.000,9999.000
202607280248,   1.504,   2.328,9999.000,9999.000,9999.000,9999.000,9999.000,9999.000,9999.000
202607280254,   1.502,   2.328,9999.000,9999.000,9999.000,9999.000,9999.000,9999.000,9999.000
202607280300,   1.498,   2.318,   0.900,  -0.080,   2.318,   0.800,   2.218,   0.900,   2.318
202607280306,   1.494,   2.299,9999.000,9999.000,9999.000,9999.000,9999.000,9999.000,9999.000
202607280312,   1.488,   2.299,9999.000,9999.000,9999.000,9999.000,9999.000,9999.000,9999.000
202607280318,   1.481,   2.299,9999.000,9999.000,9999.000,9999.000,9999.000,9999.000,9999.000
202607280324,   1.473,   2.279,9999.000,9999.000,9999.000,9999.000,9999.000,9999.000,9999.000
202607280330,   1.464,   2.269,9999.000,9999.000,9999.000,9999.000,9999.000,9999.000,9999.000
202607280336,   1.453,   2.269,9999.000,9999.000,9999.000,9999.000,9999.000,9999.000,9999.000
202607280342,   1.442,   2.250,9999.000,9999.000,9999.000,9999.000,9999.000,9999.000,9999.000
202607280348,   1.429,   2.240,9999.000,9999.000,9999.000,9999.000,9999.000,9999.000,9999.000
202607280354,   1.415,   2.220,9999.000,9999.000,9999.000,9999.000,9999.000,9999.000,9999.000
202607280400,   1.400,   2.210,   0.900,  -0.090,   2.210,   0.800,   2.110,   0.900,   2.210
202607280406,   1.383,   2.210,9999.000,9999.000,9999.000,9999.000,9999.000,9999.000,9999.000
202607280412,   1.366,   2.191,9999.000,9999.000,9999.000,9999.000,9999.000,9999.000,9999.000
202607280418,   1.348,   2.168,9999.000,9999.000,9999.000,9999.000,9999.000,9999.000,9999.000
202607280424,   1.328,   2.148,9999.000,9999.000,9999.000,9999.000,9999.000,9999.000,9999.000
202607280430,   1.308,   2.138,9999.000,9999.000,9999.000,9999.000,9999.000,9999.000,9999.000
202607280436,   1.287,   2.109,9999.000,9999.000,9999.000,9999.000,9999.000,9999.000,9999.000
202607280442,   1.265,   2.079,9999.000,9999.000,9999.000,9999.000,9999.000,9999.000,9999.000
202607280448,   1.242,   2.049,9999.000,9999.000,9999.000,9999.000,9999.000,9999.000,9999.000
202607280454,   1.219,   2.020,9999.000,9999.000,9999.000,9999.000,9999.000,9999.000,9999.000
202607280500,   1.195,   2.000,   0.900,  -0.095,   2.000,   0.800,   1.900,   0.900,   2.000
202607280506,   1.170,   1.981,9999.000,9999.000,9999.000,9999.000,9999.000,9999.000,9999.000
202607280512,   1.146,   1.948,9999.000,9999.000,9999.000,9999.000,9999.000,9999.000,9999.000
202607280518,   1.120,   1.938,9999.000,9999.000,9999.000,9999.000,9999.000,9999.000,9999.000
202607280524,   1.095,   1.899,9999.000,9999.000,9999.000,9999.000,9999.000,9999.000,9999.000
202607280530,   1.069,   1.869,9999.000,9999.000,9999.000,9999.000,9999.000,9999.000,9999.000
202607280536,   1.043,   1.849,9999.000,9999.000,9999.000,9999.000,9999.000,9999.000,9999.000
202607280542,   1.017,   1.820,9999.000,9999.000,9999.000,9999.000,9999.000,9999.000,9999.000
202607280548,   0.990,   1.800,9999.000,9999.000,9999.000,9999.000,9999.000,9999.000,9999.000
202607280554,   0.964,   1.748,9999.000,9999.000,9999.000,9999.000,9999.000,9999.000,9999.000
202607280600,   0.938,   1.748,   0.800,   0.010,   1.748,   0.800,   1.748,   0.800,   1.748
202607280606,   0.912,   1.708,9999.000,9999.000,9999.000,9999.000,9999.000,9999.000,9999.000
202607280612,   0.886,   1.689,9999.000,9999.000,9999.000,9999.000,9999.000,9999.000,9999.000
202607280618,   0.861,   1.669,9999.000,9999.000,9999.000,9999.000,9999.000,9999.000,9999.000
202607280624,   0.836,   1.649,9999.000,9999.000,9999.000,9999.000,9999.000,9999.000,9999.000
202607280630,   0.811,   1.610,9999.000,9999.000,9999.000,9999.000,9999.000,9999.000,9999.000
202607280636,   0.786,   1.600,9999.000,9999.000,9999.000,9999.000,9999.000,9999.000,9999.000
202607280642,   0.762,   1.557,9999.000,9999.000,9999.000,9999.000,9999.000,9999.000,9999.000
202607280648,   0.738,   1.538,9999.000,9999.000,9999.000,9999.000,9999.000,9999.000,9999.000
202607280654,   0.715,   1.528,9999.000,9999.000,9999.000,9999.000,9999.000,9999.000,9999.000
202607280700,   0.692,   1.498,   0.800,   0.006,   1.498,   0.800,   1.498,   0.800,   1.498
202607280706,   0.669,   1.489,9999.000,9999.000,9999.000,9999.000,9999.000,9999.000,9999.000
202607280712,   0.647,   1.459,9999.000,9999.000,9999.000,9999.000,9999.000,9999.000,9999.000
202607280718,   0.626,   1.439,9999.000,9999.000,9999.000,9999.000,9999.000,9999.000,9999.000
202607280724,   0.605,   1.430,9999.000,9999.000,9999.000,9999.000,9999.000,9999.000,9999.000
202607280730,   0.585,   1.400,9999.000,9999.000,9999.000,9999.000,9999.000,9999.000,9999.000
202607280736,   0.565,   1.400,9999.000,9999.000,9999.000,9999.000,9999.000,9999.000,9999.000
202607280742,   0.546,   1.361,9999.000,9999.000,9999.000,9999.000,9999.000,9999.000,9999.000
202607280748,   0.528,   1.371,9999.000,9999.000,9999.000,9999.000,9999.000,9999.000,9999.000
202607280754,   0.510,   1.318,9999.000,9999.000,9999.000,9999.000,9999.000,9999.000,9999.000
202607280800,   0.493,   1.348,   0.800,   0.055,   1.348,   0.800,   1.348,   0.800,   1.348
202607280806,   0.477,   1.308,9999.000,9999.000,9999.000,9999.000,9999.000,9999.000,9999.000
202607280812,   0.462,   1.328,9999.000,9999.000,9999.000,9999.000,9999.000,9999.000,9999.000
202607280818,   0.447,   1.308,9999.000,9999.000,9999.000,9999.000,9999.000,9999.000,9999.000
202607280824,   0.434,   1.298,9999.000,9999.000,9999.000,9999.000,9999.000,9999.000,9999.000
202607280830,   0.421,   1.298,9999.000,9999.000,9999.000,9999.000,9999.000,9999.000,9999.000
202607280836,   0.410,   1.289,9999.000,9999.000,9999.000,9999.000,9999.000,9999.000,9999.000
202607280842,   0.399,   1.289,9999.000,9999.000,9999.000,9999.000,9999.000,9999.000,9999.000
202607280848,   0.390,   1.269,9999.000,9999.000,9999.000,9999.000,9999.000,9999.000,9999.000
202607280854,   0.382,   1.279,9999.000,9999.000,9999.000,9999.000,9999.000,9999.000,9999.000
202607280900,   0.375,   1.269,   0.800,   0.094,   1.269,   0.800,   1.269,   0.800,   1.269
202607280906,   0.369,   1.259,9999.000,9999.000,9999.000,9999.000,9999.000,9999.000,9999.000
202607280912,   0.365,   1.249,9999.000,9999.000,9999.000,9999.000,9999.000,9999.000,9999.000
202607280918,   0.362,   1.239,9999.000,9999.000,9999.000,9999.000,9999.000,9999.000,9999.000
202607280924,   0.361,   1.259,9999.000,9999.000,9999.000,9999.000,9999.000,9999.000,9999.000
202607280930,   0.361,   1.249,9999.000,9999.000,9999.000,9999.000,9999.000,9999.000,9999.000
202607280936,   0.362,   1.249,9999.000,9999.000,9999.000,9999.000,9999.000,9999.000,9999.000
202607280942,   0.365,   1.249,9999.000,9999.000,9999.000,9999.000,9999.000,9999.000,9999.000
202607280948,   0.370,   1.269,9999.000,9999.000,9999.000,9999.000,9999.000,9999.000,9999.000
202607280954,   0.376,   1.259,9999.000,9999.000,9999.000,9999.000,9999.000,9999.000,9999.000
202607281000,   0.384,   1.269,   0.800,   0.085,   1.269,   0.800,   1.269,   0.800,   1.269
202607281006,   0.393,   1.269,9999.000,9999.000,9999.000,9999.000,9999.000,9999.000,9999.000
202607281012,   0.404,   1.259,9999.000,9999.000,9999.000,9999.000,9999.000,9999.000,9999.000
202607281018,   0.416,   1.279,9999.000,9999.000,9999.000,9999.000,9999.000,9999.000,9999.000
202607281024,   0.430,   1.298,9999.000,9999.000,9999.000,9999.000,9999.000,9999.000,9999.000
202607281030,   0.445,   1.289,9999.000,9999.000,9999.000,9999.000,9999.000,9999.000,9999.000
202607281036,   0.462,   1.298,9999.000,9999.000,9999.000,9999.000,9999.000,9999.000,9999.000
202607281042,   0.480,   1.318,9999.000,9999.000,9999.000,9999.000,9999.000,9999.000,9999.000
202607281048,   0.499,   1.328,9999.000,9999.000,9999.000,9999.000,9999.000,9999.000,9999.000
202607281054,   0.519,   1.361,9999.000,9999.000,9999.000,9999.000,9999.000,9999.000,9999.000
202607281100,   0.540,   1.380,   0.800,   0.040,   1.380,   0.800,   1.380,   0.800,   1.380
202607281106,   0.562,   1.410,9999.000,9999.000,9999.000,9999.000,9999.000,9999.000,9999.000
202607281112,   0.585,   1.400,9999.000,9999.000,9999.000,9999.000,9999.000,9999.000,9999.000
202607281118,   0.609,   1.449,9999.000,9999.000,9999.000,9999.000,9999.000,9999.000,9999.000
202607281124,   0.633,   1.459,9999.000,9999.000,9999.000,9999.000,9999.000,9999.000,9999.000
202607281130,   0.658,   1.479,9999.000,9999.000,9999.000,9999.000,9999.000,9999.000,9999.000
202607281136,   0.684,   1.528,9999.000,9999.000,9999.000,9999.000,9999.000,9999.000,9999.000
202607281142,   0.709,   1.528,9999.000,9999.000,9999.000,9999.000,9999.000,9999.000,9999.000
202607281148,   0.735,   1.580,9999.000,9999.000,9999.000,9999.000,9999.000,9999.000,9999.000
202607281154,   0.761,   1.580,9999.000,9999.000,9999.000,9999.000,9999.000,9999.000,9999.000
202607281200,   0.787,   1.620,   0.700,   0.133,   1.620,   0.700,   1.620,   0.700,   1.620
202607281206,   0.813,   1.630,9999.000,9999.000,9999.000,9999.000,9999.000,9999.000,9999.000
202607281212,   0.838,   1.649,9999.000,9999.000,9999.000,9999.000,9999.000,9999.000,9999.000
202607281218,   0.863,   1.699,9999.000,9999.000,9999.000,9999.000,9999.000,9999.000,9999.000
202607281224,   0.888,   1.708,9999.000,9999.000,9999.000,9999.000,9999.000,9999.000,9999.000
202607281230,   0.913,   1.718,9999.000,9999.000,9999.000,9999.000,9999.000,9999.000,9999.000
202607281236,   0.936,   1.748,9999.000,9999.000,9999.000,9999.000,9999.000,9999.000,9999.000
202607281242,   0.959,   1.758,9999.000,9999.000,9999.000,9999.000,9999.000,9999.000,9999.000
202607281248,   0.982,   1.790,9999.000,9999.000,9999.000,9999.000,9999.000,9999.000,9999.000
202607281254,   1.004,   1.810,9999.000,9999.000,9999.000,9999.000,9999.000,9999.000,9999.000
202607281300,   1.024,   1.830,   0.700,   0.106,   1.830,   0.700,   1.830,   0.700,   1.830
202607281306,   1.045,   1.859,9999.000,9999.000,9999.000,9999.000,9999.000,9999.000,9999.000
202607281312,   1.064,   1.859,9999.000,9999.000,9999.000,9999.000,9999.000,9999.000,9999.000
202607281318,   1.082,   1.899,9999.000,9999.000,9999.000,9999.000,9999.000,9999.000,9999.000
202607281324,   1.099,   1.928,9999.000,9999.000,9999.000,9999.000,9999.000,9999.000,9999.000
202607281330,   1.116,   1.967,9999.000,9999.000,9999.000,9999.000,9999.000,9999.000,9999.000
202607281336,   1.131,   1.981,9999.000,9999.000,9999.000,9999.000,9999.000,9999.000,9999.000
202607281342,   1.146,   1.990,9999.000,9999.000,9999.000,9999.000,9999.000,9999.000,9999.000
202607281348,   1.159,   2.000,9999.000,9999.000,9999.000,9999.000,9999.000,9999.000,9999.000
202607281354,   1.172,   1.990,9999.000,9999.000,9999.000,9999.000,9999.000,9999.000,9999.000
202607281400,   1.183,   2.000,   0.700,   0.117,   2.000,   0.700,   2.000,   0.700,   2.000
202607281406,   1.193,   2.010,9999.000,9999.000,9999.000,9999.000,9999.000,9999.000,9999.000
202607281412,   1.203,   2.020,9999.000,9999.000,9999.000,9999.000,9999.000,9999.000,9999.000
202607281418,   1.211,   2.059,9999.000,9999.000,9999.000,9999.000,9999.000,9999.000,9999.000
202607281424,   1.218,   2.040,9999.000,9999.000,9999.000,9999.000,9999.000,9999.000,9999.000
202607281430,   1.225,   2.069,9999.000,9999.000,9999.000,9999.000,9999.000,9999.000,9999.000
202607281436,   1.230,   2.059,9999.000,9999.000,9999.000,9999.000,9999.000,9999.000,9999.000
202607281442,   1.234,   2.059,9999.000,9999.000,9999.000,9999.000,9999.000,9999.000,9999.000
202607281448,   1.237,   2.059,9999.000,9999.000,9999.000,9999.000,9999.000,9999.000,9999.000
202607281454,   1.239,   2.059,9999.000,9999.000,9999.000,9999.000,9999.000,9999.000,9999.000
202607281500,   1.240,   2.049,   0.700,   0.109,   2.049,   0.700,   2.049,   0.700,   2.049
202607281506,   1.239,   2.040,9999.000,9999.000,9999.000,9999.000,9999.000,9999.000,9999.000
202607281512,   1.238,   2.040,9999.000,9999.000,9999.000,9999.000,9999.000,9999.000,9999.000
202607281518,   1.235,   2.030,9999.000,9999.000,9999.000,9999.000,9999.000,9999.000,9999.000
202607281524,   1.231,   2.040,9999.000,9999.000,9999.000,9999.000,9999.000,9999.000,9999.000
202607281530,   1.226,   2.040,9999.000,9999.000,9999.000,9999.000,9999.000,9999.000,9999.000
202607281536,   1.220,   2.040,9999.000,9999.000,9999.000,9999.000,9999.000,9999.000,9999.000
202607281542,   1.213,   2.030,9999.000,9999.000,9999.000,9999.000,9999.000,9999.000,9999.000
202607281548,   1.204,   2.000,9999.000,9999.000,9999.000,9999.000,9999.000,9999.000,9999.000
202607281554,   1.195,   2.030,9999.000,9999.000,9999.000,9999.000,9999.000,9999.000,9999.000
202607281600,   1.184,   1.990,   0.700,   0.106,   1.990,   0.700,   1.990,   0.700,   1.990
202607281606,   1.172,   1.990,9999.000,9999.000,9999.000,9999.000,9999.000,9999.000,9999.000
202607281612,   1.159,   2.000,9999.000,9999.000,9999.000,9999.000,9999.000,9999.000,9999.000
202607281618,   1.145,   1.967,9999.000,9999.000,9999.000,9999.000,9999.000,9999.000,9999.000
202607281624,   1.130,   1.967,9999.000,9999.000,9999.000,9999.000,9999.000,9999.000,9999.000
202607281630,   1.113,   1.948,9999.000,9999.000,9999.000,9999.000,9999.000,9999.000,9999.000
202607281636,   1.096,   1.948,9999.000,9999.000,9999.000,9999.000,9999.000,9999.000,9999.000
202607281642,   1.078,   1.938,9999.000,9999.000,9999.000,9999.000,9999.000,9999.000,9999.000
202607281648,   1.059,   1.899,9999.000,9999.000,9999.000,9999.000,9999.000,9999.000,9999.000
202607281654,   1.039,   1.908,9999.000,9999.000,9999.000,9999.000,9999.000,9999.000,9999.000
202607281700,   1.018,   1.879,   0.700,   0.161,   1.879,   0.700,   1.879,   0.700,   1.879
202607281706,   0.997,   1.840,9999.000,9999.000,9999.000,9999.000,9999.000,9999.000,9999.000
202607281712,   0.975,   1.830,9999.000,9999.000,9999.000,9999.000,9999.000,9999.000,9999.000
202607281718,   0.952,   1.800,9999.000,9999.000,9999.000,9999.000,9999.000,9999.000,9999.000
202607281724,   0.929,   1.800,9999.000,9999.000,9999.000,9999.000,9999.000,9999.000,9999.000
202607281730,   0.906,   1.738,9999.000,9999.000,9999.000,9999.000,9999.000,9999.000,9999.000
202607281736,   0.882,   1.728,9999.000,9999.000,9999.000,9999.000,9999.000,9999.000,9999.000
202607281742,   0.858,   1.699,9999.000,9999.000,9999.000,9999.000,9999.000,9999.000,9999.000
202607281748,   0.834,   1.669,9999.000,9999.000,9999.000,9999.000,9999.000,9999.000,9999.000
202607281754,   0.810,   1.639,9999.000,9999.000,9999.000,9999.000,9999.000,9999.000,9999.000
202607281800,   0.786,   1.620,   0.700,   0.134,   1.620,   0.700,   1.620,   0.700,   1.620
202607281806,   0.762,   1.590,9999.000,9999.000,9999.000,9999.000,9999.000,9999.000,9999.000
202607281812,   0.738,   1.557,9999.000,9999.000,9999.000,9999.000,9999.000,9999.000,9999.000
202607281818,   0.714,   1.548,9999.000,9999.000,9999.000,9999.000,9999.000,9999.000,9999.000
202607281824,   0.691,   1.518,9999.000,9999.000,9999.000,9999.000,9999.000,9999.000,9999.000
202607281830,   0.668,   1.498,9999.000,9999.000,9999.000,9999.000,9999.000,9999.000,9999.000
202607281836,   0.645,   1.459,9999.000,9999.000,9999.000,9999.000,9999.000,9999.000,9999.000
202607281842,   0.623,   1.439,9999.000,9999.000,9999.000,9999.000,9999.000,9999.000,9999.000
202607281848,   0.602,   1.400,9999.000,9999.000,9999.000,9999.000,9999.000,9999.000,9999.000
202607281854,   0.581,   1.400,9999.000,9999.000,9999.000,9999.000,9999.000,9999.000,9999.000
202607281900,   0.561,   1.361,   0.700,   0.100,   1.361,   0.700,   1.361,   0.700,   1.361
202607281906,   0.541,   1.318,9999.000,9999.000,9999.000,9999.000,9999.000,9999.000,9999.000
202607281912,   0.522,   1.318,9999.000,9999.000,9999.000,9999.000,9999.000,9999.000,9999.000
202607281918,   0.504,   1.298,9999.000,9999.000,9999.000,9999.000,9999.000,9999.000,9999.000
202607281924,   0.487,   1.259,9999.000,9999.000,9999.000,9999.000,9999.000,9999.000,9999.000
202607281930,   0.470,   1.220,9999.000,9999.000,9999.000,9999.000,9999.000,9999.000,9999.000
202607281936,   0.454,   1.210,9999.000,9999.000,9999.000,9999.000,9999.000,9999.000,9999.000
202607281942,   0.439,   1.180,9999.000,9999.000,9999.000,9999.000,9999.000,9999.000,9999.000
202607281948,   0.425,   1.161,9999.000,9999.000,9999.000,9999.000,9999.000,9999.000,9999.000
202607281954,   0.412,   1.128,9999.000,9999.000,9999.000,9999.000,9999.000,9999.000,9999.000
202607282000,   0.400,   1.128,   0.700,   0.028,   1.128,   0.700,   1.128,   0.700,   1.128
202607282006,   0.389,   1.108,9999.000,9999.000,9999.000,9999.000,9999.000,9999.000,9999.000
202607282012,   0.378,   1.088,9999.000,9999.000,9999.000,9999.000,9999.000,9999.000,9999.000
202607282018,   0.369,   1.079,9999.000,9999.000,9999.000,9999.000,9999.000,9999.000,9999.000
202607282024,   0.360,   1.049,9999.000,9999.000,9999.000,9999.000,9999.000,9999.000,9999.000
202607282030,   0.353,   1.079,9999.000,9999.000,9999.000,9999.000,9999.000,9999.000,9999.000
202607282036,   0.347,   1.039,9999.000,9999.000,9999.000,9999.000,9999.000,9999.000,9999.000
202607282042,   0.342,   1.020,9999.000,9999.000,9999.000,9999.000,9999.000,9999.000,9999.000
202607282048,   0.338,   1.039,9999.000,9999.000,9999.000,9999.000,9999.000,9999.000,9999.000
202607282054,   0.335,   1.000,9999.000,9999.000,9999.000,9999.000,9999.000,9999.000,9999.000
202607282100,   0.334,   1.010,   0.700,  -0.024,   1.010,   0.700,   1.010,   0.700,   1.010
202607282106,   0.333,   1.000,9999.000,9999.000,9999.000,9999.000,9999.000,9999.000,9999.000
202607282112,   0.334,   0.990,9999.000,9999.000,9999.000,9999.000,9999.000,9999.000,9999.000
202607282118,   0.337,   1.000,9999.000,9999.000,9999.000,9999.000,9999.000,9999.000,9999.000
202607282124,   0.341,   1.000,9999.000,9999.000,9999.000,9999.000,9999.000,9999.000,9999.000
202607282130,   0.346,   1.020,9999.000,9999.000,9999.000,9999.000,9999.000,9999.000,9999.000
202607282136,   0.352,   1.020,9999.000,9999.000,9999.000,9999.000,9999.000,9999.000,9999.000
202607282142,   0.360,   1.029,9999.000,9999.000,9999.000,9999.000,9999.000,9999.000,9999.000
202607282148,   0.370,   1.029,9999.000,9999.000,9999.000,9999.000,9999.000,9999.000,9999.000
202607282154,   0.381,   1.029,9999.000,9999.000,9999.000,9999.000,9999.000,9999.000,9999.000
202607282200,   0.393,   1.039,   0.700,  -0.054,   1.039,   0.700,   1.039,   0.700,   1.039
202607282206,   0.407,   1.059,9999.000,9999.000,9999.000,9999.000,9999.000,9999.000,9999.000
202607282212,   0.423,   1.079,9999.000,9999.000,9999.000,9999.000,9999.000,9999.000,9999.000
202607282218,   0.440,   1.098,9999.000,9999.000,9999.000,9999.000,9999.000,9999.000,9999.000
202607282224,   0.458,   1.108,9999.000,9999.000,9999.000,9999.000,9999.000,9999.000,9999.000
202607282230,   0.478,   1.138,9999.000,9999.000,9999.000,9999.000,9999.000,9999.000,9999.000
202607282236,   0.500,   1.151,9999.000,9999.000,9999.000,9999.000,9999.000,9999.000,9999.000
202607282242,   0.522,   1.200,9999.000,9999.000,9999.000,9999.000,9999.000,9999.000,9999.000
202607282248,   0.546,   1.229,9999.000,9999.000,9999.000,9999.000,9999.000,9999.000,9999.000
202607282254,   0.571,   1.259,9999.000,9999.000,9999.000,9999.000,9999.000,9999.000,9999.000
202607282300,   0.598,   1.279,   0.700,  -0.019,   1.279,   0.700,   1.279,   0.700,   1.279
202607282306,   0.625,   1.298,9999.000,9999.000,9999.000,9999.000,9999.000,9999.000,9999.000
202607282312,   0.654,   1.348,9999.000,9999.000,9999.000,9999.000,9999.000,9999.000,9999.000
202607282318,   0.683,   1.380,9999.000,9999.000,9999.000,9999.000,9999.000,9999.000,9999.000
202607282324,   0.713,   1.430,9999.000,9999.000,9999.000,9999.000,9999.000,9999.000,9999.000
202607282330,   0.744,   1.459,9999.000,9999.000,9999.000,9999.000,9999.000,9999.000,9999.000
202607282336,   0.775,   1.508,9999.000,9999.000,9999.000,9999.000,9999.000,9999.000,9999.000
202607282342,   0.807,   1.557,9999.000,9999.000,9999.000,9999.000,9999.000,9999.000,9999.000
202607282348,   0.839,   1.557,9999.000,9999.000,9999.000,9999.000,9999.000,9999.000,9999.000
202607282354,   0.871,   1.639,9999.000,9999.000,9999.000,9999.000,9999.000,9999.000,9999.000
202607290000,   0.903,   1.649,   0.800,  -0.054,   1.649,   0.700,   1.549,   0.800,   1.649
202607290006,   0.935,   1.699,9999.000,9999.000,9999.000,9999.000,9999.000,9999.000,9999.000
202607290012,   0.968,   1.800,9999.000,9999.000,9999.000,9999.000,9999.000,9999.000,9999.000
202607290018,   0.999,   1.790,9999.000,9999.000,9999.000,9999.000,9999.000,9999.000,9999.000
202607290024,   1.031,   1.840,9999.000,9999.000,9999.000,9999.000,9999.000,9999.000,9999.000
202607290030,   1.062,   1.849,9999.000,9999.000,9999.000,9999.000,9999.000,9999.000,9999.000
202607290036,   1.092,   1.879,9999.000,9999.000,9999.000,9999.000,9999.000,9999.000,9999.000
202607290042,   1.122,   1.889,9999.000,9999.000,9999.000,9999.000,9999.000,9999.000,9999.000
202607290048,   1.151,   1.879,9999.000,9999.000,9999.000,9999.000,9999.000,9999.000,9999.000
202607290054,   1.179,   1.918,9999.000,9999.000,9999.000,9999.000,9999.000,9999.000,9999.000
202607290100,   1.207,   1.908,   0.800,  -0.099,   1.908,   0.700,   1.808,   0.800,   1.908
202607290106,   1.233,   2.010,9999.000,9999.000,9999.000,9999.000,9999.000,9999.000,9999.000
202607290112,   1.258,   2.030,9999.000,9999.000,9999.000,9999.000,9999.000,9999.000,9999.000
202607290118,   1.283,   2.158,9999.000,9999.000,9999.000,9999.000,9999.000,9999.000,9999.000
202607290124,   1.306,   2.177,9999.000,9999.000,9999.000,9999.000,9999.000,9999.000,9999.000
202607290130,   1.328,   2.269,9999.000,9999.000,9999.000,9999.000,9999.000,9999.000,9999.000
202607290136,   1.349,   2.279,9999.000,9999.000,9999.000,9999.000,9999.000,9999.000,9999.000
202607290142,   1.368,   2.328,9999.000,9999.000,9999.000,9999.000,9999.000,9999.000,9999.000
202607290148,   1.387,   2.279,9999.000,9999.000,9999.000,9999.000,9999.000,9999.000,9999.000
202607290154,   1.404,   2.348,9999.000,9999.000,9999.000,9999.000,9999.000,9999.000,9999.000
202607290200,   1.420,   2.499,   0.800,   0.279,   2.499,   0.700,   2.399,   0.800,   2.499
202607290206,   1.435,   2.400,9999.000,9999.000,9999.000,9999.000,9999.000,9999.000,9999.000
202607290212,   1.449,   2.450,9999.000,9999.000,9999.000,9999.000,9999.000,9999.000,9999.000
202607290218,   1.461,   2.289,9999.000,9999.000,9999.000,9999.000,9999.000,9999.000,9999.000
202607290224,   1.472,   2.459,9999.000,9999.000,9999.000,9999.000,9999.000,9999.000,9999.000
202607290230,   1.482,   2.259,9999.000,9999.000,9999.000,9999.000,9999.000,9999.000,9999.000
202607290236,   1.491,   2.450,9999.000,9999.000,9999.000,9999.000,9999.000,9999.000,9999.000
202607290242,   1.499,   2.387,9999.000,9999.000,9999.000,9999.000,9999.000,9999.000,9999.000
202607290248,   1.505,   2.499,9999.000,9999.000,9999.000,9999.000,9999.000,9999.000,9999.000
202607290254,   1.511,   2.469,9999.000,9999.000,9999.000,9999.000,9999.000,9999.000,9999.000
202607290300,   1.515,   2.469,   0.800,   0.154,   2.469,   0.700,   2.369,   0.800,   2.469
202607290306,   1.518,   2.558,9999.000,9999.000,9999.000,9999.000,9999.000,9999.000,9999.000
202607290312,   1.520,   2.499,9999.000,9999.000,9999.000,9999.000,9999.000,9999.000,9999.000
202607290318,   1.520,   2.597,9999.000,9999.000,9999.000,9999.000,9999.000,9999.000,9999.000
202607290324,   1.520,   2.548,9999.000,9999.000,9999.000,9999.000,9999.000,9999.000,9999.000
202607290330,   1.518,   2.630,9999.000,9999.000,9999.000,9999.000,9999.000,9999.000,9999.000
202607290336,   1.515,   2.660,9999.000,9999.000,9999.000,9999.000,9999.000,9999.000,9999.000
202607290342,   1.511,   2.679,9999.000,9999.000,9999.000,9999.000,9999.000,9999.000,9999.000
202607290348,   1.506,   2.689,9999.000,9999.000,9999.000,9999.000,9999.000,9999.000,9999.000
202607290354,   1.499,   2.597,9999.000,9999.000,9999.000,9999.000,9999.000,9999.000,9999.000
202607290400,   1.492,   2.660,   0.800,   0.368,   2.660,   0.700,   2.560,   0.800,   2.660
202607290406,   1.483,   2.578,9999.000,9999.000,9999.000,9999.000,9999.000,9999.000,9999.000
202607290412,   1.473,   2.587,9999.000,9999.000,9999.000,9999.000,9999.000,9999.000,9999.000
202607290418,   1.461,   2.587,9999.000,9999.000,9999.000,9999.000,9999.000,9999.000,9999.000
202607290424,   1.449,   2.650,9999.000,9999.000,9999.000,9999.000,9999.000,9999.000,9999.000
202607290430,   1.435,   2.669,9999.000,9999.000,9999.000,9999.000,9999.000,9999.000,9999.000
202607290436,   1.420,   2.669,9999.000,9999.000,9999.000,9999.000,9999.000,9999.000,9999.000
202607290442,   1.404,   2.679,9999.000,9999.000,9999.000,9999.000,9999.000,9999.000,9999.000
202607290448,   1.387,   2.669,9999.000,9999.000,9999.000,9999.000,9999.000,9999.000,9999.000
202607290454,   1.369,   2.610,9999.000,9999.000,9999.000,9999.000,9999.000,9999.000,9999.000
202607290500,   1.349,   2.597,   0.800,   0.448,   2.597,   0.700,   2.497,   0.800,   2.597
202607290506,   1.329,   2.509,9999.000,9999.000,9999.000,9999.000,9999.000,9999.000,9999.000
202607290512,   1.308,   2.469,9999.000,9999.000,9999.000,9999.000,9999.000,9999.000,9999.000
202607290518,   1.286,   2.459,9999.000,9999.000,9999.000,9999.000,9999.000,9999.000,9999.000
202607290524,   1.263,   2.440,9999.000,9999.000,9999.000,9999.000,9999.000,9999.000,9999.000
202607290530,   1.239,   2.368,9999.000,9999.000,9999.000,9999.000,9999.000,9999.000,9999.000
202607290536,   1.214,   2.368,9999.000,9999.000,9999.000,9999.000,9999.000,9999.000,9999.000
202607290542,   1.189,   2.338,9999.000,9999.000,9999.000,9999.000,9999.000,9999.000,9999.000
202607290548,   1.163,   2.348,9999.000,9999.000,9999.000,9999.000,9999.000,9999.000,9999.000
202607290554,   1.137,   2.318,9999.000,9999.000,9999.000,9999.000,9999.000,9999.000,9999.000
202607290600,   1.110,   2.299,   0.800,   0.389,   2.299,   0.800,   2.299,   0.900,   2.399
202607290606,   1.083,   2.250,9999.000,9999.000,9999.000,9999.000,9999.000,9999.000,9999.000
202607290612,   1.055,   2.230,9999.000,9999.000,9999.000,9999.000,9999.000,9999.000,9999.000
202607290618,   1.027,   2.191,9999.000,9999.000,9999.000,9999.000,9999.000,9999.000,9999.000
202607290624,   1.000,   2.168,9999.000,9999.000,9999.000,9999.000,9999.000,9999.000,9999.000
202607290630,   0.972,   2.109,9999.000,9999.000,9999.000,9999.000,9999.000,9999.000,9999.000
202607290636,   0.944,   2.128,9999.000,9999.000,9999.000,9999.000,9999.000,9999.000,9999.000
202607290642,   0.916,   2.049,9999.000,9999.000,9999.000,9999.000,9999.000,9999.000,9999.000
202607290648,   0.888,   2.010,9999.000,9999.000,9999.000,9999.000,9999.000,9999.000,9999.000
202607290654,   0.861,   1.958,9999.000,9999.000,9999.000,9999.000,9999.000,9999.000,9999.000
202607290700,   0.833,   1.908,   0.800,   0.275,   1.908,   0.700,   1.808,   0.900,   2.008
202607290706,   0.806,   1.879,9999.000,9999.000,9999.000,9999.000,9999.000,9999.000,9999.000
202607290712,   0.780,   1.840,9999.000,9999.000,9999.000,9999.000,9999.000,9999.000,9999.000
202607290718,   0.754,   1.830,9999.000,9999.000,9999.000,9999.000,9999.000,9999.000,9999.000
202607290724,   0.728,   1.781,9999.000,9999.000,9999.000,9999.000,9999.000,9999.000,9999.000
202607290730,   0.703,   1.748,9999.000,9999.000,9999.000,9999.000,9999.000,9999.000,9999.000
202607290736,   0.678,   1.708,9999.000,9999.000,9999.000,9999.000,9999.000,9999.000,9999.000
202607290742,   0.654,   1.679,9999.000,9999.000,9999.000,9999.000,9999.000,9999.000,9999.000
202607290748,   0.630,   1.649,9999.000,9999.000,9999.000,9999.000,9999.000,9999.000,9999.000
202607290754,   0.607,   1.649,9999.000,9999.000,9999.000,9999.000,9999.000,9999.000,9999.000
202607290800,   0.585,   1.620,   0.800,   0.235,   1.620,   0.700,   1.520,   0.900,   1.720
202607290806,   0.564,   1.600,9999.000,9999.000,9999.000,9999.000,9999.000,9999.000,9999.000
202607290812,   0.543,   1.590,9999.000,9999.000,9999.000,9999.000,9999.000,9999.000,9999.000
202607290818,   0.523,   1.557,9999.000,9999.000,9999.000,9999.000,9999.000,9999.000,9999.000
202607290824,   0.504,   1.600,9999.000,9999.000,9999.000,9999.000,9999.000,9999.000,9999.000
202607290830,   0.486,   1.518,9999.000,9999.000,9999.000,9999.000,9999.000,9999.000,9999.000
202607290836,   0.468,   1.508,9999.000,9999.000,9999.000,9999.000,9999.000,9999.000,9999.000
202607290842,   0.452,   1.489,9999.000,9999.000,9999.000,9999.000,9999.000,9999.000,9999.000
202607290848,   0.436,   1.469,9999.000,9999.000,9999.000,9999.000,9999.000,9999.000,9999.000
202607290854,   0.421,   1.439,9999.000,9999.000,9999.000,9999.000,9999.000,9999.000,9999.000
202607290900,   0.408,   1.420,   0.800,   0.212,   1.420,   0.700,   1.320,   0.900,   1.520
202607290906,   0.395,   1.400,9999.000,9999.000,9999.000,9999.000,9999.000,9999.000,9999.000
202607290912,   0.383,   1.390,9999.000,9999.000,9999.000,9999.000,9999.000,9999.000,9999.000
202607290918,   0.373,   1.380,9999.000,9999.000,9999.000,9999.000,9999.000,9999.000,9999.000
202607290924,   0.364,   1.338,9999.000,9999.000,9999.000,9999.000,9999.000,9999.000,9999.000
202607290930,   0.356,   1.328,9999.000,9999.000,9999.000,9999.000,9999.000,9999.000,9999.000
202607290936,   0.349,   1.308,9999.000,9999.000,9999.000,9999.000,9999.000,9999.000,9999.000
202607290942,   0.344,   1.328,9999.000,9999.000,9999.000,9999.000,9999.000,9999.000,9999.000
202607290948,   0.340,   1.318,9999.000,9999.000,9999.000,9999.000,9999.000,9999.000,9999.000
202607290954,   0.338,   1.318,9999.000,9999.000,9999.000,9999.000,9999.000,9999.000,9999.000
202607291000,   0.337,   1.348,   0.800,   0.211,   1.348,   0.700,   1.248,   0.800,   1.348
202607291006,   0.337,   1.338,9999.000,9999.000,9999.000,9999.000,9999.000,9999.000,9999.000
202607291012,   0.339,   1.361,9999.000,9999.000,9999.000,9999.000,9999.000,9999.000,9999.000
202607291018,   0.343,   1.338,9999.000,9999.000,9999.000,9999.000,9999.000,9999.000,9999.000
202607291024,   0.348,   1.361,9999.000,9999.000,9999.000,9999.000,9999.000,9999.000,9999.000
202607291030,   0.355,   1.348,9999.000,9999.000,9999.000,9999.000,9999.000,9999.000,9999.000
202607291036,   0.363,   1.371,9999.000,9999.000,9999.000,9999.000,9999.000,9999.000,9999.000
202607291042,   0.373,   1.361,9999.000,9999.000,9999.000,9999.000,9999.000,9999.000,9999.000
202607291048,   0.385,   1.390,9999.000,9999.000,9999.000,9999.000,9999.000,9999.000,9999.000
202607291054,   0.398,   1.380,9999.000,9999.000,9999.000,9999.000,9999.000,9999.000,9999.000
202607291100,   0.412,   1.410,   0.800,   0.198,   1.410,   0.800,   1.410,   0.800,   1.410
202607291106,   0.429,   1.348,9999.000,9999.000,9999.000,9999.000,9999.000,9999.000,9999.000
202607291112,   0.446,   1.390,9999.000,9999.000,9999.000,9999.000,9999.000,9999.000,9999.000
202607291118,   0.465,   1.361,9999.000,9999.000,9999.000,9999.000,9999.000,9999.000,9999.000
202607291124,   0.485,   1.361,9999.000,9999.000,9999.000,9999.000,9999.000,9999.000,9999.000
202607291130,   0.506,   1.348,9999.000,9999.000,9999.000,9999.000,9999.000,9999.000,9999.000
202607291136,   0.529,   1.361,9999.000,9999.000,9999.000,9999.000,9999.000,9999.000,9999.000
202607291142,   0.553,   1.420,9999.000,9999.000,9999.000,9999.000,9999.000,9999.000,9999.000
202607291148,   0.577,   1.400,9999.000,9999.000,9999.000,9999.000,9999.000,9999.000,9999.000
202607291154,   0.603,   1.459,9999.000,9999.000,9999.000,9999.000,9999.000,9999.000,9999.000
202607291200,   0.629,   1.469,   0.800,   0.040,   1.469,   0.800,   1.469,   0.900,   1.569
202607291206,   0.655,   1.518,9999.000,9999.000,9999.000,9999.000,9999.000,9999.000,9999.000
202607291212,   0.682,   1.528,9999.000,9999.000,9999.000,9999.000,9999.000,9999.000,9999.000
202607291218,   0.710,   1.538,9999.000,9999.000,9999.000,9999.000,9999.000,9999.000,9999.000
202607291224,   0.738,   1.580,9999.000,9999.000,9999.000,9999.000,9999.000,9999.000,9999.000
202607291230,   0.766,   1.580,9999.000,9999.000,9999.000,9999.000,9999.000,9999.000,9999.000
202607291236,   0.794,   1.620,9999.000,9999.000,9999.000,9999.000,9999.000,9999.000,9999.000
202607291242,   0.822,   1.639,9999.000,9999.000,9999.000,9999.000,9999.000,9999.000,9999.000
202607291248,   0.849,   1.649,9999.000,9999.000,9999.000,9999.000,9999.000,9999.000,9999.000
202607291254,   0.877,   1.679,9999.000,9999.000,9999.000,9999.000,9999.000,9999.000,9999.000
202607291300,   0.904,   1.718,   0.800,   0.014,   1.718,   0.800,   1.718,   0.900,   1.818
202607291306,   0.930,   1.718,9999.000,9999.000,9999.000,9999.000,9999.000,9999.000,9999.000
202607291312,   0.956,   1.758,9999.000,9999.000,9999.000,9999.000,9999.000,9999.000,9999.000
202607291318,   0.981,   1.758,9999.000,9999.000,9999.000,9999.000,9999.000,9999.000,9999.000
202607291324,   1.005,   1.800,9999.000,9999.000,9999.000,9999.000,9999.000,9999.000,9999.000
202607291330,   1.029,   1.790,9999.000,9999.000,9999.000,9999.000,9999.000,9999.000,9999.000
202607291336,   1.052,   1.849,9999.000,9999.000,9999.000,9999.000,9999.000,9999.000,9999.000
202607291342,   1.073,   1.869,9999.000,9999.000,9999.000,9999.000,9999.000,9999.000,9999.000
202607291348,   1.094,   1.928,9999.000,9999.000,9999.000,9999.000,9999.000,9999.000,9999.000
202607291354,   1.114,   1.938,9999.000,9999.000,9999.000,9999.000,9999.000,9999.000,9999.000
202607291400,   1.132,   1.967,   0.800,   0.035,   1.967,   0.800,   1.967,   0.900,   2.067
202607291406,   1.150,   2.020,9999.000,9999.000,9999.000,9999.000,9999.000,9999.000,9999.000
202607291412,   1.167,   2.030,9999.000,9999.000,9999.000,9999.000,9999.000,9999.000,9999.000
202607291418,   1.182,   2.020,9999.000,9999.000,9999.000,9999.000,9999.000,9999.000,9999.000
202607291424,   1.197,   2.020,9999.000,9999.000,9999.000,9999.000,9999.000,9999.000,9999.000
202607291430,   1.210,   2.049,9999.000,9999.000,9999.000,9999.000,9999.000,9999.000,9999.000
202607291436,   1.222,   2.059,9999.000,9999.000,9999.000,9999.000,9999.000,9999.000,9999.000
202607291442,   1.233,   2.089,9999.000,9999.000,9999.000,9999.000,9999.000,9999.000,9999.000
202607291448,   1.243,   2.128,9999.000,9999.000,9999.000,9999.000,9999.000,9999.000,9999.000
202607291454,   1.252,   2.099,9999.000,9999.000,9999.000,9999.000,9999.000,9999.000,9999.000
202607291500,   1.259,   2.099,   0.800,   0.040,   2.099,   0.800,   2.099,   0.900,   2.199
202607291506,   1.266,   2.069,9999.000,9999.000,9999.000,9999.000,9999.000,9999.000,9999.000
202607291512,   1.271,   2.069,9999.000,9999.000,9999.000,9999.000,9999.000,9999.000,9999.000
202607291518,   1.276,   2.059,9999.000,9999.000,9999.000,9999.000,9999.000,9999.000,9999.000
202607291524,   1.279,   2.089,9999.000,9999.000,9999.000,9999.000,9999.000,9999.000,9999.000
202607291530,   1.281,   2.049,9999.000,9999.000,9999.000,9999.000,9999.000,9999.000,9999.000
202607291536,   1.282,   2.089,9999.000,9999.000,9999.000,9999.000,9999.000,9999.000,9999.000
202607291542,   1.282,   2.059,9999.000,9999.000,9999.000,9999.000,9999.000,9999.000,9999.000
202607291548,   1.281,   2.079,9999.000,9999.000,9999.000,9999.000,9999.000,9999.000,9999.000
202607291554,   1.279,   2.079,9999.000,9999.000,9999.000,9999.000,9999.000,9999.000,9999.000
202607291600,   1.275,   2.059,   0.800,  -0.016,   2.059,   0.800,   2.059,   0.900,   2.159
202607291606,   1.271,   2.049,9999.000,9999.000,9999.000,9999.000,9999.000,9999.000,9999.000
202607291612,   1.265,   2.049,9999.000,9999.000,9999.000,9999.000,9999.000,9999.000,9999.000
202607291618,   1.258,   2.040,9999.000,9999.000,9999.000,9999.000,9999.000,9999.000,9999.000
202607291624,   1.250,   2.059,9999.000,9999.000,9999.000,9999.000,9999.000,9999.000,9999.000
202607291630,   1.241,   2.049,9999.000,9999.000,9999.000,9999.000,9999.000,9999.000,9999.000
202607291636,   1.231,   2.059,9999.000,9999.000,9999.000,9999.000,9999.000,9999.000,9999.000
202607291642,   1.219,   2.040,9999.000,9999.000,9999.000,9999.000,9999.000,9999.000,9999.000
202607291648,   1.207,   2.010,9999.000,9999.000,9999.000,9999.000,9999.000,9999.000,9999.000
202607291654,   1.193,   1.990,9999.000,9999.000,9999.000,9999.000,9999.000,9999.000,9999.000
202607291700,   1.178,   1.958,   0.800,  -0.020,   1.958,   0.800,   1.958,   0.900,   2.058
202607291706,   1.162,   1.928,9999.000,9999.000,9999.000,9999.000,9999.000,9999.000,9999.000
202607291712,   1.145,   1.908,9999.000,9999.000,9999.000,9999.000,9999.000,9999.000,9999.000
202607291718,   1.127,   1.918,9999.000,9999.000,9999.000,9999.000,9999.000,9999.000,9999.000
202607291724,   1.108,   1.869,9999.000,9999.000,9999.000,9999.000,9999.000,9999.000,9999.000
202607291730,   1.089,   1.859,9999.000,9999.000,9999.000,9999.000,9999.000,9999.000,9999.000
202607291736,   1.068,   1.820,9999.000,9999.000,9999.000,9999.000,9999.000,9999.000,9999.000
202607291742,   1.046,   1.810,9999.000,9999.000,9999.000,9999.000,9999.000,9999.000,9999.000
202607291748,   1.024,   1.748,9999.000,9999.000,9999.000,9999.000,9999.000,9999.000,9999.000
202607291754,   1.001,   1.758,9999.000,9999.000,9999.000,9999.000,9999.000,9999.000,9999.000
202607291800,   0.977,   1.738,   0.800,  -0.039,   1.738,   0.800,   1.738,   0.800,   1.738
202607291806,   0.953,   1.718,9999.000,9999.000,9999.000,9999.000,9999.000,9999.000,9999.000
202607291812,   0.929,   1.689,9999.000,9999.000,9999.000,9999.000,9999.000,9999.000,9999.000
202607291818,   0.904,   1.679,9999.000,9999.000,9999.000,9999.000,9999.000,9999.000,9999.000
202607291824,   0.878,   1.639,9999.000,9999.000,9999.000,9999.000,9999.000,9999.000,9999.000
202607291830,   0.853,   1.610,9999.000,9999.000,9999.000,9999.000,9999.000,9999.000,9999.000
202607291836,   0.827,   1.590,9999.000,9999.000,9999.000,9999.000,9999.000,9999.000,9999.000
202607291842,   0.801,   1.571,9999.000,9999.000,9999.000,9999.000,9999.000,9999.000,9999.000
202607291848,   0.776,   1.528,9999.000,9999.000,9999.000,9999.000,9999.000,9999.000,9999.000
202607291854,   0.750,   1.518,9999.000,9999.000,9999.000,9999.000,9999.000,9999.000,9999.000
202607291900,   0.725,   1.489,   0.800,  -0.036,   1.489,   0.800,   1.489,   0.800,   1.489
202607291906,   0.700,   1.459,9999.000,9999.000,9999.000,9999.000,9999.000,9999.000,9999.000
202607291912,   0.675,   1.430,9999.000,9999.000,9999.000,9999.000,9999.000,9999.000,9999.000
202607291918,   0.651,   1.400,9999.000,9999.000,9999.000,9999.000,9999.000,9999.000,9999.000
202607291924,   0.627,   1.390,9999.000,9999.000,9999.000,9999.000,9999.000,9999.000,9999.000
202607291930,   0.604,   1.348,9999.000,9999.000,9999.000,9999.000,9999.000,9999.000,9999.000
202607291936,   0.581,   1.308,9999.000,9999.000,9999.000,9999.000,9999.000,9999.000,9999.000
202607291942,   0.559,   1.298,9999.000,9999.000,9999.000,9999.000,9999.000,9999.000,9999.000
202607291948,   0.538,   1.269,9999.000,9999.000,9999.000,9999.000,9999.000,9999.000,9999.000
202607291954,   0.517,   1.229,9999.000,9999.000,9999.000,9999.000,9999.000,9999.000,9999.000
202607292000,   0.498,   1.210,   0.800,  -0.088,   1.210,   0.800,   1.210,   0.800,   1.210
202607292006,   0.479,   1.190,9999.000,9999.000,9999.000,9999.000,9999.000,9999.000,9999.000
202607292012,   0.461,   1.180,9999.000,9999.000,9999.000,9999.000,9999.000,9999.000,9999.000
202607292018,   0.444,   1.138,9999.000,9999.000,9999.000,9999.000,9999.000,9999.000,9999.000
202607292024,   0.428,   1.138,9999.000,9999.000,9999.000,9999.000,9999.000,9999.000,9999.000
202607292030,   0.413,   1.108,9999.000,9999.000,9999.000,9999.000,9999.000,9999.000,9999.000
202607292036,   0.399,   1.128,9999.000,9999.000,9999.000,9999.000,9999.000,9999.000,9999.000
202607292042,   0.386,   1.098,9999.000,9999.000,9999.000,9999.000,9999.000,9999.000,9999.000
202607292048,   0.374,   1.118,9999.000,9999.000,9999.000,9999.000,9999.000,9999.000,9999.000
202607292054,   0.363,   1.088,9999.000,9999.000,9999.000,9999.000,9999.000,9999.000,9999.000
202607292100,   0.353,   1.088,   0.800,  -0.065,   1.088,   0.800,   1.088,   0.800,   1.088
202607292106,   0.344,   1.079,9999.000,9999.000,9999.000,9999.000,9999.000,9999.000,9999.000
202607292112,   0.337,   1.079,9999.000,9999.000,9999.000,9999.000,9999.000,9999.000,9999.000
202607292118,   0.331,   1.069,9999.000,9999.000,9999.000,9999.000,9999.000,9999.000,9999.000
202607292124,   0.325,   1.059,9999.000,9999.000,9999.000,9999.000,9999.000,9999.000,9999.000
202607292130,   0.322,   1.069,9999.000,9999.000,9999.000,9999.000,9999.000,9999.000,9999.000
202607292136,   0.319,   1.059,9999.000,9999.000,9999.000,9999.000,9999.000,9999.000,9999.000
202607292142,   0.318,   1.059,9999.000,9999.000,9999.000,9999.000,9999.000,9999.000,9999.000
202607292148,   0.318,   1.059,9999.000,9999.000,9999.000,9999.000,9999.000,9999.000,9999.000
202607292154,   0.319,   1.059,9999.000,9999.000,9999.000,9999.000,9999.000,9999.000,9999.000
202607292200,   0.322,   1.059,   0.800,  -0.063,   1.059,   0.800,   1.059,   0.800,   1.059
202607292206,   0.327,   1.059,9999.000,9999.000,9999.000,9999.000,9999.000,9999.000,9999.000
202607292212,   0.332,   1.079,9999.000,9999.000,9999.000,9999.000,9999.000,9999.000,9999.000
202607292218,   0.340,   1.069,9999.000,9999.000,9999.000,9999.000,9999.000,9999.000,9999.000
202607292224,   0.348,   1.069,9999.000,9999.000,9999.000,9999.000,9999.000,9999.000,9999.000
202607292230,   0.359,   1.088,9999.000,9999.000,9999.000,9999.000,9999.000,9999.000,9999.000
202607292236,   0.370,   1.088,9999.000,9999.000,9999.000,9999.000,9999.000,9999.000,9999.000
202607292242,   0.384,   1.098,9999.000,9999.000,9999.000,9999.000,9999.000,9999.000,9999.000
202607292248,   0.399,   1.108,9999.000,9999.000,9999.000,9999.000,9999.000,9999.000,9999.000
202607292254,   0.415,   1.128,9999.000,9999.000,9999.000,9999.000,9999.000,9999.000,9999.000
202607292300,   0.433,   1.161,   0.800,  -0.072,   1.161,   0.800,   1.161,   0.800,   1.161
202607292306,   0.452,   1.170,9999.000,9999.000,9999.000,9999.000,9999.000,9999.000,9999.000
202607292312,   0.473,   1.180,9999.000,9999.000,9999.000,9999.000,9999.000,9999.000,9999.000
202607292318,   0.496,   1.190,9999.000,9999.000,9999.000,9999.000,9999.000,9999.000,9999.000
202607292324,   0.519,   1.220,9999.000,9999.000,9999.000,9999.000,9999.000,9999.000,9999.000
202607292330,   0.544,   1.259,9999.000,9999.000,9999.000,9999.000,9999.000,9999.000,9999.000
202607292336,   0.570,   1.269,9999.000,9999.000,9999.000,9999.000,9999.000,9999.000,9999.000
202607292342,   0.598,   1.318,9999.000,9999.000,9999.000,9999.000,9999.000,9999.000,9999.000
202607292348,   0.626,   1.318,9999.000,9999.000,9999.000,9999.000,9999.000,9999.000,9999.000
202607292354,   0.656,   1.380,9999.000,9999.000,9999.000,9999.000,9999.000,9999.000,9999.000
202607300000,   0.686,   1.400,   0.600,   0.114,   1.400,   0.600,   1.400,   0.700,   1.500
202607300006,   0.717,   1.430,9999.000,9999.000,9999.000,9999.000,9999.000,9999.000,9999.000
202607300012,   0.749,   1.459,9999.000,9999.000,9999.000,9999.000,9999.000,9999.000,9999.000
202607300018,   0.782,   1.479,9999.000,9999.000,9999.000,9999.000,9999.000,9999.000,9999.000
202607300024,   0.814,   1.538,9999.000,9999.000,9999.000,9999.000,9999.000,9999.000,9999.000
202607300030,   0.848,   1.548,9999.000,9999.000,9999.000,9999.000,9999.000,9999.000,9999.000
202607300036,   0.881,   1.600,9999.000,9999.000,9999.000,9999.000,9999.000,9999.000,9999.000
202607300042,   0.914,   1.630,9999.000,9999.000,9999.000,9999.000,9999.000,9999.000,9999.000
202607300048,   0.948,   1.659,9999.000,9999.000,9999.000,9999.000,9999.000,9999.000,9999.000
202607300054,   0.981,   1.699,9999.000,9999.000,9999.000,9999.000,9999.000,9999.000,9999.000
202607300100,   1.014,   1.718,   0.600,   0.104,   1.718,   0.600,   1.718,   0.700,   1.818
202607300106,   1.046,   1.748,9999.000,9999.000,9999.000,9999.000,9999.000,9999.000,9999.000
202607300112,   1.078,   1.790,9999.000,9999.000,9999.000,9999.000,9999.000,9999.000,9999.000
202607300118,   1.109,   1.820,9999.000,9999.000,9999.000,9999.000,9999.000,9999.000,9999.000
202607300124,   1.140,   1.859,9999.000,9999.000,9999.000,9999.000,9999.000,9999.000,9999.000
202607300130,   1.169,   1.889,9999.000,9999.000,9999.000,9999.000,9999.000,9999.000,9999.000
202607300136,   1.198,   1.918,9999.000,9999.000,9999.000,9999.000,9999.000,9999.000,9999.000
202607300142,   1.226,   1.958,9999.000,9999.000,9999.000,9999.000,9999.000,9999.000,9999.000
202607300148,   1.253,   1.990,9999.000,9999.000,9999.000,9999.000,9999.000,9999.000,9999.000
202607300154,   1.278,   2.000,9999.000,9999.000,9999.000,9999.000,9999.000,9999.000,9999.000
202607300200,   1.303,   2.020,   0.600,   0.117,   2.020,   0.600,   2.020,   0.700,   2.120
202607300206,   1.326,   2.049,9999.000,9999.000,9999.000,9999.000,9999.000,9999.000,9999.000
202607300212,   1.348,   2.049,9999.000,9999.000,9999.000,9999.000,9999.000,9999.000,9999.000
202607300218,   1.368,   2.069,9999.000,9999.000,9999.000,9999.000,9999.000,9999.000,9999.000
202607300224,   1.388,   2.089,9999.000,9999.000,9999.000,9999.000,9999.000,9999.000,9999.000
202607300230,   1.406,   2.109,9999.000,9999.000,9999.000,9999.000,9999.000,9999.000,9999.000
202607300236,   1.423,   2.118,9999.000,9999.000,9999.000,9999.000,9999.000,9999.000,9999.000
202607300242,   1.438,   2.148,9999.000,9999.000,9999.000,9999.000,9999.000,9999.000,9999.000
202607300248,   1.452,   2.148,9999.000,9999.000,9999.000,9999.000,9999.000,9999.000,9999.000
202607300254,   1.465,   2.158,9999.000,9999.000,9999.000,9999.000,9999.000,9999.000,9999.000
202607300300,   1.477,   2.168,   0.600,   0.091,   2.168,   0.600,   2.168,   0.700,   2.268
202607300306,   1.487,   2.168,9999.000,9999.000,9999.000,9999.000,9999.000,9999.000,9999.000
202607300312,   1.496,   2.191,9999.000,9999.000,9999.000,9999.000,9999.000,9999.000,9999.000
202607300318,   1.503,   2.191,9999.000,9999.000,9999.000,9999.000,9999.000,9999.000,9999.000
202607300324,   1.510,   2.191,9999.000,9999.000,9999.000,9999.000,9999.000,9999.000,9999.000
202607300330,   1.515,   2.200,9999.000,9999.000,9999.000,9999.000,9999.000,9999.000,9999.000
202607300336,   1.519,   2.191,9999.000,9999.000,9999.000,9999.000,9999.000,9999.000,9999.000
202607300342,   1.522,   2.200,9999.000,9999.000,9999.000,9999.000,9999.000,9999.000,9999.000
202607300348,   1.524,   2.191,9999.000,9999.000,9999.000,9999.000,9999.000,9999.000,9999.000
202607300354,   1.524,   2.177,9999.000,9999.000,9999.000,9999.000,9999.000,9999.000,9999.000
202607300400,   1.523,   2.177,   0.600,   0.054,   2.177,   0.600,   2.177,   0.600,   2.177
202607300406,   1.521,   2.177,9999.000,9999.000,9999.000,9999.000,9999.000,9999.000,9999.000
202607300412,   1.518,   2.158,9999.000,9999.000,9999.000,9999.000,9999.000,9999.000,9999.000
202607300418,   1.514,   2.168,9999.000,9999.000,9999.000,9999.000,9999.000,9999.000,9999.000
202607300424,   1.508,   2.168,9999.000,9999.000,9999.000,9999.000,9999.000,9999.000,9999.000
202607300430,   1.502,   2.168,9999.000,9999.000,9999.000,9999.000,9999.000,9999.000,9999.000
202607300436,   1.494,   2.168,9999.000,9999.000,9999.000,9999.000,9999.000,9999.000,9999.000
202607300442,   1.485,   2.158,9999.000,9999.000,9999.000,9999.000,9999.000,9999.000,9999.000
202607300448,   1.475,   2.148,9999.000,9999.000,9999.000,9999.000,9999.000,9999.000,9999.000
202607300454,   1.464,   2.138,9999.000,9999.000,9999.000,9999.000,9999.000,9999.000,9999.000
202607300500,   1.451,   2.128,   0.600,   0.077,   2.128,   0.600,   2.128,   0.600,   2.128
202607300506,   1.437,   2.109,9999.000,9999.000,9999.000,9999.000,9999.000,9999.000,9999.000
202607300512,   1.423,   2.099,9999.000,9999.000,9999.000,9999.000,9999.000,9999.000,9999.000
202607300518,   1.407,   2.089,9999.000,9999.000,9999.000,9999.000,9999.000,9999.000,9999.000
202607300524,   1.390,   2.059,9999.000,9999.000,9999.000,9999.000,9999.000,9999.000,9999.000
202607300530,   1.371,   2.040,9999.000,9999.000,9999.000,9999.000,9999.000,9999.000,9999.000
202607300536,   1.352,   2.020,9999.000,9999.000,9999.000,9999.000,9999.000,9999.000,9999.000
202607300542,   1.332,   1.990,9999.000,9999.000,9999.000,9999.000,9999.000,9999.000,9999.000
202607300548,   1.310,   1.981,9999.000,9999.000,9999.000,9999.000,9999.000,9999.000,9999.000
202607300554,   1.288,   1.948,9999.000,9999.000,9999.000,9999.000,9999.000,9999.000,9999.000
202607300600,   1.265,   1.928,   0.500,   0.163,   1.928,   0.400,   1.828,   0.500,   1.928
202607300606,   1.240,   1.889,9999.000,9999.000,9999.000,9999.000,9999.000,9999.000,9999.000
202607300612,   1.215,   1.869,9999.000,9999.000,9999.000,9999.000,9999.000,9999.000,9999.000
202607300618,   1.190,   1.849,9999.000,9999.000,9999.000,9999.000,9999.000,9999.000,9999.000
202607300624,   1.163,   1.810,9999.000,9999.000,9999.000,9999.000,9999.000,9999.000,9999.000
202607300630,   1.136,   1.790,9999.000,9999.000,9999.000,9999.000,9999.000,9999.000,9999.000
202607300636,   1.108,   1.758,9999.000,9999.000,9999.000,9999.000,9999.000,9999.000,9999.000
202607300642,   1.080,   1.728,9999.000,9999.000,9999.000,9999.000,9999.000,9999.000,9999.000
202607300648,   1.052,   1.699,9999.000,9999.000,9999.000,9999.000,9999.000,9999.000,9999.000
202607300654,   1.023,   1.669,9999.000,9999.000,9999.000,9999.000,9999.000,9999.000,9999.000
202607300700,   0.994,   1.659,   0.500,   0.165,   1.659,   0.400,   1.559,   0.500,   1.659
202607300706,   0.965,   1.610,9999.000,9999.000,9999.000,9999.000,9999.000,9999.000,9999.000
202607300712,   0.935,   1.600,9999.000,9999.000,9999.000,9999.000,9999.000,9999.000,9999.000
202607300718,   0.906,   1.571,9999.000,9999.000,9999.000,9999.000,9999.000,9999.000,9999.000
202607300724,   0.877,   1.548,9999.000,9999.000,9999.000,9999.000,9999.000,9999.000,9999.000
202607300730,   0.848,   1.518,9999.000,9999.000,9999.000,9999.000,9999.000,9999.000,9999.000
202607300736,   0.819,   1.479,9999.000,9999.000,9999.000,9999.000,9999.000,9999.000,9999.000
202607300742,   0.791,   1.469,9999.000,9999.000,9999.000,9999.000,9999.000,9999.000,9999.000
202607300748,   0.763,   1.420,9999.000,9999.000,9999.000,9999.000,9999.000,9999.000,9999.000
202607300754,   0.735,   1.400,9999.000,9999.000,9999.000,9999.000,9999.000,9999.000,9999.000
202607300800,   0.708,   1.361,   0.400,   0.253,   1.361,   0.400,   1.361,   0.500,   1.461
202607300806,   0.681,   1.328,9999.000,9999.000,9999.000,9999.000,9999.000,9999.000,9999.000
202607300812,   0.655,   1.318,9999.000,9999.000,9999.000,9999.000,9999.000,9999.000,9999.000
202607300818,   0.630,   1.259,9999.000,9999.000,9999.000,9999.000,9999.000,9999.000,9999.000
202607300824,   0.605,   1.239,9999.000,9999.000,9999.000,9999.000,9999.000,9999.000,9999.000
202607300830,   0.581,   1.190,9999.000,9999.000,9999.000,9999.000,9999.000,9999.000,9999.000
202607300836,   0.558,   1.161,9999.000,9999.000,9999.000,9999.000,9999.000,9999.000,9999.000
202607300842,   0.536,   1.118,9999.000,9999.000,9999.000,9999.000,9999.000,9999.000,9999.000
202607300848,   0.515,   1.079,9999.000,9999.000,9999.000,9999.000,9999.000,9999.000,9999.000
202607300854,   0.494,   1.059,9999.000,9999.000,9999.000,9999.000,9999.000,9999.000,9999.000
202607300900,   0.475,   1.000,   0.400,   0.125,   1.000,   0.400,   1.000,   0.500,   1.100
202607300906,   0.456,   1.010,9999.000,9999.000,9999.000,9999.000,9999.000,9999.000,9999.000
202607300912,   0.439,   0.961,9999.000,9999.000,9999.000,9999.000,9999.000,9999.000,9999.000
202607300918,   0.422,   0.961,9999.000,9999.000,9999.000,9999.000,9999.000,9999.000,9999.000
202607300924,   0.407,   0.941,9999.000,9999.000,9999.000,9999.000,9999.000,9999.000,9999.000
202607300930,   0.392,   0.908,9999.000,9999.000,9999.000,9999.000,9999.000,9999.000,9999.000
202607300936,   0.379,   0.908,9999.000,9999.000,9999.000,9999.000,9999.000,9999.000,9999.000
202607300942,   0.367,   0.869,9999.000,9999.000,9999.000,9999.000,9999.000,9999.000,9999.000
202607300948,   0.356,   0.879,9999.000,9999.000,9999.000,9999.000,9999.000,9999.000,9999.000
202607300954,   0.346,   0.839,9999.000,9999.000,9999.000,9999.000,9999.000,9999.000,9999.000
202607301000,   0.338,   0.859,   0.400,   0.121,   0.859,   0.400,   0.859,   0.400,   0.859
202607301006,   0.331,   0.829,9999.000,9999.000,9999.000,9999.000,9999.000,9999.000,9999.000
202607301012,   0.325,   0.839,9999.000,9999.000,9999.000,9999.000,9999.000,9999.000,9999.000
202607301018,   0.321,   0.829,9999.000,9999.000,9999.000,9999.000,9999.000,9999.000,9999.000
202607301024,   0.318,   0.819,9999.000,9999.000,9999.000,9999.000,9999.000,9999.000,9999.000
202607301030,   0.316,   0.859,9999.000,9999.000,9999.000,9999.000,9999.000,9999.000,9999.000
202607301036,   0.316,   0.810,9999.000,9999.000,9999.000,9999.000,9999.000,9999.000,9999.000
202607301042,   0.318,   0.849,9999.000,9999.000,9999.000,9999.000,9999.000,9999.000,9999.000
202607301048,   0.321,   0.810,9999.000,9999.000,9999.000,9999.000,9999.000,9999.000,9999.000
202607301054,   0.325,   0.859,9999.000,9999.000,9999.000,9999.000,9999.000,9999.000,9999.000
202607301100,   0.331,   0.819,   0.400,   0.088,   0.819,   0.300,   0.719,   0.400,   0.819
202607301106,   0.339,   0.849,9999.000,9999.000,9999.000,9999.000,9999.000,9999.000,9999.000
202607301112,   0.348,   0.859,9999.000,9999.000,9999.000,9999.000,9999.000,9999.000,9999.000
202607301118,   0.359,   0.879,9999.000,9999.000,9999.000,9999.000,9999.000,9999.000,9999.000
202607301124,   0.372,   0.898,9999.000,9999.000,9999.000,9999.000,9999.000,9999.000,9999.000
202607301130,   0.386,   0.918,9999.000,9999.000,9999.000,9999.000,9999.000,9999.000,9999.000
202607301136,   0.402,   0.941,9999.000,9999.000,9999.000,9999.000,9999.000,9999.000,9999.000
202607301142,   0.419,   0.951,9999.000,9999.000,9999.000,9999.000,9999.000,9999.000,9999.000
202607301148,   0.437,   0.961,9999.000,9999.000,9999.000,9999.000,9999.000,9999.000,9999.000
202607301154,   0.457,   1.010,9999.000,9999.000,9999.000,9999.000,9999.000,9999.000,9999.000
202607301200,   0.479,   1.029,   0.400,   0.150,   1.029,   0.300,   0.929,   0.400,   1.029
202607301206,   0.501,   1.059,9999.000,9999.000,9999.000,9999.000,9999.000,9999.000,9999.000
202607301212,   0.525,   1.088,9999.000,9999.000,9999.000,9999.000,9999.000,9999.000,9999.000
202607301218,   0.550,   1.138,9999.000,9999.000,9999.000,9999.000,9999.000,9999.000,9999.000
202607301224,   0.576,   1.161,9999.000,9999.000,9999.000,9999.000,9999.000,9999.000,9999.000
202607301230,   0.603,   1.180,9999.000,9999.000,9999.000,9999.000,9999.000,9999.000,9999.000
202607301236,   0.630,   1.210,9999.000,9999.000,9999.000,9999.000,9999.000,9999.000,9999.000
202607301242,   0.659,   1.229,9999.000,9999.000,9999.000,9999.000,9999.000,9999.000,9999.000
202607301248,   0.688,   1.259,9999.000,9999.000,9999.000,9999.000,9999.000,9999.000,9999.000
202607301254,   0.717,   1.289,9999.000,9999.000,9999.000,9999.000,9999.000,9999.000,9999.000
202607301300,   0.746,   1.318,   0.400,   0.172,   1.318,   0.300,   1.218,   0.400,   1.318
202607301306,   0.776,   1.361,9999.000,9999.000,9999.000,9999.000,9999.000,9999.000,9999.000
202607301312,   0.806,   1.400,9999.000,9999.000,9999.000,9999.000,9999.000,9999.000,9999.000
202607301318,   0.836,   1.420,9999.000,9999.000,9999.000,9999.000,9999.000,9999.000,9999.000
202607301324,   0.865,   1.420,9999.000,9999.000,9999.000,9999.000,9999.000,9999.000,9999.000
202607301330,   0.895,   1.479,9999.000,9999.000,9999.000,9999.000,9999.000,9999.000,9999.000
202607301336,   0.924,   1.479,9999.000,9999.000,9999.000,9999.000,9999.000,9999.000,9999.000
202607301342,   0.952,   1.508,9999.000,9999.000,9999.000,9999.000,9999.000,9999.000,9999.000
202607301348,   0.980,   1.528,9999.000,9999.000,9999.000,9999.000,9999.000,9999.000,9999.000
202607301354,   1.007,   1.590,9999.000,9999.000,9999.000,9999.000,9999.000,9999.000,9999.000
202607301400,   1.033,   1.610,   0.400,   0.177,   1.610,   0.300,   1.510,   0.400,   1.610
202607301406,   1.058,   1.639,9999.000,9999.000,9999.000,9999.000,9999.000,9999.000,9999.000
202607301412,   1.083,   1.689,9999.000,9999.000,9999.000,9999.000,9999.000,9999.000,9999.000
202607301418,   1.106,   1.718,9999.000,9999.000,9999.000,9999.000,9999.000,9999.000,9999.000
202607301424,   1.128,   1.738,9999.000,9999.000,9999.000,9999.000,9999.000,9999.000,9999.000
202607301430,   1.150,   1.767,9999.000,9999.000,9999.000,9999.000,9999.000,9999.000,9999.000
202607301436,   1.170,   1.790,9999.000,9999.000,9999.000,9999.000,9999.000,9999.000,9999.000
202607301442,   1.189,   1.810,9999.000,9999.000,9999.000,9999.000,9999.000,9999.000,9999.000
202607301448,   1.206,   1.830,9999.000,9999.000,9999.000,9999.000,9999.000,9999.000,9999.000
202607301454,   1.223,   1.849,9999.000,9999.000,9999.000,9999.000,9999.000,9999.000,9999.000
202607301500,   1.238,   1.869,   0.400,   0.231,   1.869,   0.300,   1.769,   0.400,   1.869
202607301506,   1.252,   1.889,9999.000,9999.000,9999.000,9999.000,9999.000,9999.000,9999.000
202607301512,   1.265,   1.899,9999.000,9999.000,9999.000,9999.000,9999.000,9999.000,9999.000
202607301518,   1.276,   1.918,9999.000,9999.000,9999.000,9999.000,9999.000,9999.000,9999.000
202607301524,   1.286,   1.918,9999.000,9999.000,9999.000,9999.000,9999.000,9999.000,9999.000
202607301530,   1.295,   1.918,9999.000,9999.000,9999.000,9999.000,9999.000,9999.000,9999.000
202607301536,   1.303,   1.918,9999.000,9999.000,9999.000,9999.000,9999.000,9999.000,9999.000
202607301542,   1.310,   1.928,9999.000,9999.000,9999.000,9999.000,9999.000,9999.000,9999.000
202607301548,   1.316,   1.938,9999.000,9999.000,9999.000,9999.000,9999.000,9999.000,9999.000
202607301554,   1.320,   1.928,9999.000,9999.000,9999.000,9999.000,9999.000,9999.000,9999.000
202607301600,   1.323,   1.948,   0.400,   0.225,   1.948,   0.300,   1.848,   0.400,   1.948
202607301606,   1.325,   1.948,9999.000,9999.000,9999.000,9999.000,9999.000,9999.000,9999.000
202607301612,   1.326,   1.948,9999.000,9999.000,9999.000,9999.000,9999.000,9999.000,9999.000
202607301618,   1.326,   1.958,9999.000,9999.000,9999.000,9999.000,9999.000,9999.000,9999.000
202607301624,   1.325,   1.958,9999.000,9999.000,9999.000,9999.000,9999.000,9999.000,9999.000
202607301630,   1.322,   1.948,9999.000,9999.000,9999.000,9999.000,9999.000,9999.000,9999.000
202607301636,   1.319,   1.928,9999.000,9999.000,9999.000,9999.000,9999.000,9999.000,9999.000
202607301642,   1.314,   1.967,9999.000,9999.000,9999.000,9999.000,9999.000,9999.000,9999.000
202607301648,   1.309,   1.928,9999.000,9999.000,9999.000,9999.000,9999.000,9999.000,9999.000
202607301654,   1.302,   1.967,9999.000,9999.000,9999.000,9999.000,9999.000,9999.000,9999.000
202607301700,   1.294,   1.948,   0.400,   0.254,   1.948,   0.300,   1.848,   0.400,   1.948
202607301706,   1.285,   1.958,9999.000,9999.000,9999.000,9999.000,9999.000,9999.000,9999.000
202607301712,   1.275,   1.958,9999.000,9999.000,9999.000,9999.000,9999.000,9999.000,9999.000
202607301718,   1.264,   1.938,9999.000,9999.000,9999.000,9999.000,9999.000,9999.000,9999.000
202607301724,   1.251,   1.928,9999.000,9999.000,9999.000,9999.000,9999.000,9999.000,9999.000
202607301730,   1.238,   1.918,9999.000,9999.000,9999.000,9999.000,9999.000,9999.000,9999.000
202607301736,   1.224,   1.918,9999.000,9999.000,9999.000,9999.000,9999.000,9999.000,9999.000
202607301742,   1.208,   1.889,9999.000,9999.000,9999.000,9999.000,9999.000,9999.000,9999.000
202607301748,   1.191,   1.869,9999.000,9999.000,9999.000,9999.000,9999.000,9999.000,9999.000
202607301754,   1.174,   1.869,9999.000,9999.000,9999.000,9999.000,9999.000,9999.000,9999.000
202607301800,   1.155,   1.849,   0.400,   0.294,   1.849,   0.400,   1.849,   0.500,   1.949
202607301806,   1.136,   1.800,9999.000,9999.000,9999.000,9999.000,9999.000,9999.000,9999.000
202607301812,   1.115,   1.830,9999.000,9999.000,9999.000,9999.000,9999.000,9999.000,9999.000
202607301818,   1.094,   1.767,9999.000,9999.000,9999.000,9999.000,9999.000,9999.000,9999.000
202607301824,   1.071,   1.758,9999.000,9999.000,9999.000,9999.000,9999.000,9999.000,9999.000
202607301830,   1.048,   1.738,9999.000,9999.000,9999.000,9999.000,9999.000,9999.000,9999.000
202607301836,   1.025,   1.708,9999.000,9999.000,9999.000,9999.000,9999.000,9999.000,9999.000
202607301842,   1.000,   1.718,9999.000,9999.000,9999.000,9999.000,9999.000,9999.000,9999.000
202607301848,   0.975,   1.679,9999.000,9999.000,9999.000,9999.000,9999.000,9999.000,9999.000
202607301854,   0.950,   1.669,9999.000,9999.000,9999.000,9999.000,9999.000,9999.000,9999.000
202607301900,   0.924,   1.639,   0.400,   0.315,   1.639,   0.400,   1.639,   0.500,   1.739
202607301906,   0.898,   1.600,9999.000,9999.000,9999.000,9999.000,9999.000,9999.000,9999.000
202607301912,   0.871,   1.580,9999.000,9999.000,9999.000,9999.000,9999.000,9999.000,9999.000
202607301918,   0.845,   1.557,9999.000,9999.000,9999.000,9999.000,9999.000,9999.000,9999.000
202607301924,   0.818,   1.518,9999.000,9999.000,9999.000,9999.000,9999.000,9999.000,9999.000
202607301930,   0.791,   1.489,9999.000,9999.000,9999.000,9999.000,9999.000,9999.000,9999.000
202607301936,   0.764,   1.489,9999.000,9999.000,9999.000,9999.000,9999.000,9999.000,9999.000
202607301942,   0.738,   1.420,9999.000,9999.000,9999.000,9999.000,9999.000,9999.000,9999.000
202607301948,   0.712,   1.420,9999.000,9999.000,9999.000,9999.000,9999.000,9999.000,9999.000
202607301954,   0.686,   1.390,9999.000,9999.000,9999.000,9999.000,9999.000,9999.000,9999.000
202607302000,   0.660,   1.361,   0.400,   0.301,   1.361,   0.400,   1.361,   0.500,   1.461
202607302006,   0.635,   1.348,9999.000,9999.000,9999.000,9999.000,9999.000,9999.000,9999.000
202607302012,   0.611,   1.338,9999.000,9999.000,9999.000,9999.000,9999.000,9999.000,9999.000
202607302018,   0.587,   1.298,9999.000,9999.000,9999.000,9999.000,9999.000,9999.000,9999.000
202607302024,   0.564,   1.298,9999.000,9999.000,9999.000,9999.000,9999.000,9999.000,9999.000
202607302030,   0.542,   1.269,9999.000,9999.000,9999.000,9999.000,9999.000,9999.000,9999.000
202607302036,   0.520,   1.259,9999.000,9999.000,9999.000,9999.000,9999.000,9999.000,9999.000
202607302042,   0.500,   1.220,9999.000,9999.000,9999.000,9999.000,9999.000,9999.000,9999.000
202607302048,   0.480,   1.229,9999.000,9999.000,9999.000,9999.000,9999.000,9999.000,9999.000
202607302054,   0.461,   1.200,9999.000,9999.000,9999.000,9999.000,9999.000,9999.000,9999.000
202607302100,   0.444,   1.190,   0.400,   0.346,   1.190,   0.400,   1.190,   0.500,   1.290
202607302106,   0.427,   1.180,9999.000,9999.000,9999.000,9999.000,9999.000,9999.000,9999.000
202607302112,   0.411,   1.151,9999.000,9999.000,9999.000,9999.000,9999.000,9999.000,9999.000
202607302118,   0.397,   1.138,9999.000,9999.000,9999.000,9999.000,9999.000,9999.000,9999.000
202607302124,   0.383,   1.118,9999.000,9999.000,9999.000,9999.000,9999.000,9999.000,9999.000
202607302130,   0.371,   1.108,9999.000,9999.000,9999.000,9999.000,9999.000,9999.000,9999.000
202607302136,   0.360,   1.088,9999.000,9999.000,9999.000,9999.000,9999.000,9999.000,9999.000
202607302142,   0.350,   1.079,9999.000,9999.000,9999.000,9999.000,9999.000,9999.000,9999.000
202607302148,   0.342,   1.079,9999.000,9999.000,9999.000,9999.000,9999.000,9999.000,9999.000
202607302154,   0.334,   1.059,9999.000,9999.000,9999.000,9999.000,9999.000,9999.000,9999.000
202607302200,   0.328,   1.059,   0.400,   0.331,   1.059,   0.400,   1.059,   0.500,   1.159
202607302206,   0.323,   1.039,9999.000,9999.000,9999.000,9999.000,9999.000,9999.000,9999.000
202607302212,   0.320,   1.029,9999.000,9999.000,9999.000,9999.000,9999.000,9999.000,9999.000
202607302218,   0.318,   1.010,9999.000,9999.000,9999.000,9999.000,9999.000,9999.000,9999.000
202607302224,   0.317,   1.010,9999.000,9999.000,9999.000,9999.000,9999.000,9999.000,9999.000
202607302230,   0.317,   1.020,9999.000,9999.000,9999.000,9999.000,9999.000,9999.000,9999.000
202607302236,   0.319,   1.000,9999.000,9999.000,9999.000,9999.000,9999.000,9999.000,9999.000
202607302242,   0.323,   1.000,9999.000,9999.000,9999.000,9999.000,9999.000,9999.000,9999.000
202607302248,   0.328,   0.990,9999.000,9999.000,9999.000,9999.000,9999.000,9999.000,9999.000
202607302254,   0.334,   1.010,9999.000,9999.000,9999.000,9999.000,9999.000,9999.000,9999.000
202607302300,   0.342,   1.000,   0.400,   0.258,   1.000,   0.400,   1.000,   0.500,   1.100
202607302306,   0.351,   1.020,9999.000,9999.000,9999.000,9999.000,9999.000,9999.000,9999.000
202607302312,   0.362,   1.039,9999.000,9999.000,9999.000,9999.000,9999.000,9999.000,9999.000
202607302318,   0.375,   1.029,9999.000,9999.000,9999.000,9999.000,9999.000,9999.000,9999.000
202607302324,   0.389,   1.069,9999.000,9999.000,9999.000,9999.000,9999.000,9999.000,9999.000
202607302330,   0.404,   1.069,9999.000,9999.000,9999.000,9999.000,9999.000,9999.000,9999.000
202607302336,   0.421,   1.108,9999.000,9999.000,9999.000,9999.000,9999.000,9999.000,9999.000
202607302342,   0.439,   1.118,9999.000,9999.000,9999.000,9999.000,9999.000,9999.000,9999.000
202607302348,   0.459,   1.138,9999.000,9999.000,9999.000,9999.000,9999.000,9999.000,9999.000
202607302354,   0.481,   1.200,9999.000,9999.000,9999.000,9999.000,9999.000,9999.000,9999.000
202607310000,   0.504,   1.210,   0.500,   0.206,   1.210,   0.500,   1.210,   0.500,   1.210
202607310006,   0.528,   1.249,9999.000,9999.000,9999.000,9999.000,9999.000,9999.000,9999.000
202607310012,   0.553,   1.269,9999.000,9999.000,9999.000,9999.000,9999.000,9999.000,9999.000
202607310018,   0.580,   1.308,9999.000,9999.000,9999.000,9999.000,9999.000,9999.000,9999.000
202607310024,   0.608,   1.308,9999.000,9999.000,9999.000,9999.000,9999.000,9999.000,9999.000
202607310030,   0.636,   1.338,9999.000,9999.000,9999.000,9999.000,9999.000,9999.000,9999.000
202607310036,   0.666,   1.361,9999.000,9999.000,9999.000,9999.000,9999.000,9999.000,9999.000
202607310042,   0.697,   1.390,9999.000,9999.000,9999.000,9999.000,9999.000,9999.000,9999.000
202607310048,   0.729,   1.410,9999.000,9999.000,9999.000,9999.000,9999.000,9999.000,9999.000
202607310054,   0.761,   1.449,9999.000,9999.000,9999.000,9999.000,9999.000,9999.000,9999.000
202607310100,   0.794,   1.469,   0.500,   0.175,   1.469,   0.500,   1.469,   0.500,   1.469
202607310106,   0.827,   1.508,9999.000,9999.000,9999.000,9999.000,9999.000,9999.000,9999.000
202607310112,   0.860,   1.538,9999.000,9999.000,9999.000,9999.000,9999.000,9999.000,9999.000
202607310118,   0.894,   1.580,9999.000,9999.000,9999.000,9999.000,9999.000,9999.000,9999.000
202607310124,   0.927,   1.600,9999.000,9999.000,9999.000,9999.000,9999.000,9999.000,9999.000
202607310130,   0.961,   1.649,9999.000,9999.000,9999.000,9999.000,9999.000,9999.000,9999.000
202607310136,   0.995,   1.699,9999.000,9999.000,9999.000,9999.000,9999.000,9999.000,9999.000
202607310142,   1.028,   1.708,9999.000,9999.000,9999.000,9999.000,9999.000,9999.000,9999.000
202607310148,   1.060,   1.748,9999.000,9999.000,9999.000,9999.000,9999.000,9999.000,9999.000
202607310154,   1.092,   1.781,9999.000,9999.000,9999.000,9999.000,9999.000,9999.000,9999.000
202607310200,   1.124,   1.820,   0.500,   0.196,   1.820,   0.500,   1.820,   0.500,   1.820
202607310206,   1.154,   1.830,9999.000,9999.000,9999.000,9999.000,9999.000,9999.000,9999.000
202607310212,   1.184,   1.879,9999.000,9999.000,9999.000,9999.000,9999.000,9999.000,9999.000
202607310218,   1.213,   1.899,9999.000,9999.000,9999.000,9999.000,9999.000,9999.000,9999.000
202607310224,   1.240,   1.918,9999.000,9999.000,9999.000,9999.000,9999.000,9999.000,9999.000
202607310230,   1.267,   1.948,9999.000,9999.000,9999.000,9999.000,9999.000,9999.000,9999.000
202607310236,   1.292,   1.981,9999.000,9999.000,9999.000,9999.000,9999.000,9999.000,9999.000
202607310242,   1.316,   1.990,9999.000,9999.000,9999.000,9999.000,9999.000,9999.000,9999.000
202607310248,   1.339,   2.020,9999.000,9999.000,9999.000,9999.000,9999.000,9999.000,9999.000
202607310254,   1.360,   2.040,9999.000,9999.000,9999.000,9999.000,9999.000,9999.000,9999.000
202607310300,   1.381,   2.059,   0.500,   0.178,   2.059,   0.500,   2.059,   0.500,   2.059
202607310306,   1.399,   2.079,9999.000,9999.000,9999.000,9999.000,9999.000,9999.000,9999.000
202607310312,   1.416,   2.089,9999.000,9999.000,9999.000,9999.000,9999.000,9999.000,9999.000
202607310318,   1.432,   2.118,9999.000,9999.000,9999.000,9999.000,9999.000,9999.000,9999.000
202607310324,   1.447,   2.128,9999.000,9999.000,9999.000,9999.000,9999.000,9999.000,9999.000
202607310330,   1.460,   2.148,9999.000,9999.000,9999.000,9999.000,9999.000,9999.000,9999.000
202607310336,   1.471,   2.158,9999.000,9999.000,9999.000,9999.000,9999.000,9999.000,9999.000
202607310342,   1.481,   2.158,9999.000,9999.000,9999.000,9999.000,9999.000,9999.000,9999.000
202607310348,   1.490,   2.177,9999.000,9999.000,9999.000,9999.000,9999.000,9999.000,9999.000
202607310354,   1.498,   2.191,9999.000,9999.000,9999.000,9999.000,9999.000,9999.000,9999.000
202607310400,   1.504,   2.191,   0.500,   0.187,   2.191,   0.500,   2.191,   0.500,   2.191
202607310406,   1.509,   2.200,9999.000,9999.000,9999.000,9999.000,9999.000,9999.000,9999.000
202607310412,   1.512,   2.191,9999.000,9999.000,9999.000,9999.000,9999.000,9999.000,9999.000
202607310418,   1.515,   2.200,9999.000,9999.000,9999.000,9999.000,9999.000,9999.000,9999.000
202607310424,   1.516,   2.200,9999.000,9999.000,9999.000,9999.000,9999.000,9999.000,9999.000
202607310430,   1.516,   2.200,9999.000,9999.000,9999.000,9999.000,9999.000,9999.000,9999.000
202607310436,   1.514,   2.200,9999.000,9999.000,9999.000,9999.000,9999.000,9999.000,9999.000
202607310442,   1.512,   2.200,9999.000,9999.000,9999.000,9999.000,9999.000,9999.000,9999.000
202607310448,   1.508,   2.210,9999.000,9999.000,9999.000,9999.000,9999.000,9999.000,9999.000
202607310454,   1.503,   2.191,9999.000,9999.000,9999.000,9999.000,9999.000,9999.000,9999.000
202607310500,   1.497,   2.210,   0.500,   0.213,   2.210,   0.500,   2.210,   0.500,   2.210
202607310506,   1.490,   2.210,9999.000,9999.000,9999.000,9999.000,9999.000,9999.000,9999.000
202607310512,   1.482,   2.191,9999.000,9999.000,9999.000,9999.000,9999.000,9999.000,9999.000
202607310518,   1.473,   2.200,9999.000,9999.000,9999.000,9999.000,9999.000,9999.000,9999.000
202607310524,   1.462,   2.168,9999.000,9999.000,9999.000,9999.000,9999.000,9999.000,9999.000
202607310530,   1.450,   2.168,9999.000,9999.000,9999.000,9999.000,9999.000,9999.000,9999.000
202607310536,   1.438,   2.168,9999.000,9999.000,9999.000,9999.000,9999.000,9999.000,9999.000
202607310542,   1.424,   2.138,9999.000,9999.000,9999.000,9999.000,9999.000,9999.000,9999.000
202607310548,   1.409,   2.148,9999.000,9999.000,9999.000,9999.000,9999.000,9999.000,9999.000
202607310554,   1.393,   2.109,9999.000,9999.000,9999.000,9999.000,9999.000,9999.000,9999.000
202607310600,   1.376,   2.109,   0.600,   0.133,   2.109,   0.500,   2.009,   0.600,   2.109
202607310606,   1.357,   2.079,9999.000,9999.000,9999.000,9999.000,9999.000,9999.000,9999.000
202607310612,   1.338,   2.059,9999.000,9999.000,9999.000,9999.000,9999.000,9999.000,9999.000
202607310618,   1.318,   2.040,9999.000,9999.000,9999.000,9999.000,9999.000,9999.000,9999.000
202607310624,   1.296,   2.020,9999.000,9999.000,9999.000,9999.000,9999.000,9999.000,9999.000
202607310630,   1.274,   2.000,9999.000,9999.000,9999.000,9999.000,9999.000,9999.000,9999.000
202607310636,   1.251,   1.967,9999.000,9999.000,9999.000,9999.000,9999.000,9999.000,9999.000
202607310642,   1.227,   1.938,9999.000,9999.000,9999.000,9999.000,9999.000,9999.000,9999.000
202607310648,   1.201,   1.928,9999.000,9999.000,9999.000,9999.000,9999.000,9999.000,9999.000
202607310654,   1.176,   1.889,9999.000,9999.000,9999.000,9999.000,9999.000,9999.000,9999.000
202607310700,   1.149,   1.869,   0.600,   0.120,   1.869,   0.500,   1.769,   0.600,   1.869
202607310706,   1.122,   1.830,9999.000,9999.000,9999.000,9999.000,9999.000,9999.000,9999.000
202607310712,   1.094,   1.810,9999.000,9999.000,9999.000,9999.000,9999.000,9999.000,9999.000
202607310718,   1.065,   1.781,9999.000,9999.000,9999.000,9999.000,9999.000,9999.000,9999.000
202607310724,   1.037,   1.748,9999.000,9999.000,9999.000,9999.000,9999.000,9999.000,9999.000
202607310730,   1.007,   1.738,9999.000,9999.000,9999.000,9999.000,9999.000,9999.000,9999.000
202607310736,   0.978,   1.699,9999.000,9999.000,9999.000,9999.000,9999.000,9999.000,9999.000
202607310742,   0.948,   1.679,9999.000,9999.000,9999.000,9999.000,9999.000,9999.000,9999.000
202607310748,   0.918,   1.649,9999.000,9999.000,9999.000,9999.000,9999.000,9999.000,9999.000
202607310754,   0.888,   1.610,9999.000,9999.000,9999.000,9999.000,9999.000,9999.000,9999.000
202607310800,   0.858,   1.590,   0.600,   0.132,   1.590,   0.500,   1.490,   0.600,   1.590
202607310806,   0.828,   1.548,9999.000,9999.000,9999.000,9999.000,9999.000,9999.000,9999.000
202607310812,   0.799,   1.528,9999.000,9999.000,9999.000,9999.000,9999.000,9999.000,9999.000
202607310818,   0.769,   1.508,9999.000,9999.000,9999.000,9999.000,9999.000,9999.000,9999.000
202607310824,   0.740,   1.469,9999.000,9999.000,9999.000,9999.000,9999.000,9999.000,9999.000
202607310830,   0.712,   1.449,9999.000,9999.000,9999.000,9999.000,9999.000,9999.000,9999.000
202607310836,   0.684,   1.420,9999.000,9999.000,9999.000,9999.000,9999.000,9999.000,9999.000
202607310842,   0.656,   1.410,9999.000,9999.000,9999.000,9999.000,9999.000,9999.000,9999.000
202607310848,   0.630,   1.371,9999.000,9999.000,9999.000,9999.000,9999.000,9999.000,9999.000
202607310854,   0.604,   1.348,9999.000,9999.000,9999.000,9999.000,9999.000,9999.000,9999.000
202607310900,   0.579,   1.318,   0.600,   0.139,   1.318,   0.500,   1.218,   0.600,   1.318
202607310906,   0.554,   1.308,9999.000,9999.000,9999.000,9999.000,9999.000,9999.000,9999.000
202607310912,   0.531,   1.279,9999.000,9999.000,9999.000,9999.000,9999.000,9999.000,9999.000
202607310918,   0.508,   1.269,9999.000,9999.000,9999.000,9999.000,9999.000,9999.000,9999.000
202607310924,   0.487,   1.249,9999.000,9999.000,9999.000,9999.000,9999.000,9999.000,9999.000
202607310930,   0.466,   1.229,9999.000,9999.000,9999.000,9999.000,9999.000,9999.000,9999.000
202607310936,   0.446,   1.210,9999.000,9999.000,9999.000,9999.000,9999.000,9999.000,9999.000
202607310942,   0.428,   1.200,9999.000,9999.000,9999.000,9999.000,9999.000,9999.000,9999.000
202607310948,   0.411,   1.190,9999.000,9999.000,9999.000,9999.000,9999.000,9999.000,9999.000
202607310954,   0.395,   1.180,9999.000,9999.000,9999.000,9999.000,9999.000,9999.000,9999.000
202607311000,   0.379,   1.180,   0.600,   0.201,   1.180,   0.500,   1.080,   0.600,   1.180
202607311006,   0.366,   1.161,9999.000,9999.000,9999.000,9999.000,9999.000,9999.000,9999.000
202607311012,   0.353,   1.170,9999.000,9999.000,9999.000,9999.000,9999.000,9999.000,9999.000
202607311018,   0.342,   1.151,9999.000,9999.000,9999.000,9999.000,9999.000,9999.000,9999.000
202607311024,   0.332,   1.151,9999.000,9999.000,9999.000,9999.000,9999.000,9999.000,9999.000
202607311030,   0.323,   1.151,9999.000,9999.000,9999.000,9999.000,9999.000,9999.000,9999.000
202607311036,   0.315,   1.151,9999.000,9999.000,9999.000,9999.000,9999.000,9999.000,9999.000
202607311042,   0.309,   1.151,9999.000,9999.000,9999.000,9999.000,9999.000,9999.000,9999.000
202607311048,   0.305,   1.151,9999.000,9999.000,9999.000,9999.000,9999.000,9999.000,9999.000
202607311054,   0.301,   1.151,9999.000,9999.000,9999.000,9999.000,9999.000,9999.000,9999.000
202607311100,   0.299,   1.151,   0.600,   0.252,   1.151,   0.500,   1.051,   0.600,   1.151
202607311106,   0.299,   1.151,9999.000,9999.000,9999.000,9999.000,9999.000,9999.000,9999.000
202607311112,   0.300,   1.161,9999.000,9999.000,9999.000,9999.000,9999.000,9999.000,9999.000
202607311118,   0.303,   1.161,9999.000,9999.000,9999.000,9999.000,9999.000,9999.000,9999.000
202607311124,   0.307,   1.161,9999.000,9999.000,9999.000,9999.000,9999.000,9999.000,9999.000
202607311130,   0.312,   1.170,9999.000,9999.000,9999.000,9999.000,9999.000,9999.000,9999.000
202607311136,   0.319,   1.170,9999.000,9999.000,9999.000,9999.000,9999.000,9999.000,9999.000
202607311142,   0.328,   1.200,9999.000,9999.000,9999.000,9999.000,9999.000,9999.000,9999.000
202607311148,   0.339,   1.190,9999.000,9999.000,9999.000,9999.000,9999.000,9999.000,9999.000
202607311154,   0.350,   1.210,9999.000,9999.000,9999.000,9999.000,9999.000,9999.000,9999.000
202607311200,   0.364,   1.229,   0.600,   0.265,   1.229,   0.600,   1.229,   0.700,   1.329
202607311206,   0.379,   1.239,9999.000,9999.000,9999.000,9999.000,9999.000,9999.000,9999.000
202607311212,   0.396,   1.269,9999.000,9999.000,9999.000,9999.000,9999.000,9999.000,9999.000
202607311218,   0.414,   1.298,9999.000,9999.000,9999.000,9999.000,9999.000,9999.000,9999.000
202607311224,   0.433,   1.308,9999.000,9999.000,9999.000,9999.000,9999.000,9999.000,9999.000
202607311230,   0.454,   1.348,9999.000,9999.000,9999.000,9999.000,9999.000,9999.000,9999.000
202607311236,   0.476,   1.361,9999.000,9999.000,9999.000,9999.000,9999.000,9999.000,9999.000
202607311242,   0.500,   1.390,9999.000,9999.000,9999.000,9999.000,9999.000,9999.000,9999.000
202607311248,   0.525,   1.420,9999.000,9999.000,9999.000,9999.000,9999.000,9999.000,9999.000
202607311254,   0.551,   1.439,9999.000,9999.000,9999.000,9999.000,9999.000,9999.000,9999.000
202607311300,   0.578,   1.479,   0.600,   0.301,   1.479,   0.600,   1.479,   0.700,   1.579
202607311306,   0.606,   1.498,9999.000,9999.000,9999.000,9999.000,9999.000,9999.000,9999.000
202607311312,   0.634,   1.528,9999.000,9999.000,9999.000,9999.000,9999.000,9999.000,9999.000
202607311318,   0.664,   1.548,9999.000,9999.000,9999.000,9999.000,9999.000,9999.000,9999.000
202607311324,   0.694,   1.590,9999.000,9999.000,9999.000,9999.000,9999.000,9999.000,9999.000
202607311330,   0.725,   1.620,9999.000,9999.000,9999.000,9999.000,9999.000,9999.000,9999.000
202607311336,   0.756,   1.639,9999.000,9999.000,9999.000,9999.000,9999.000,9999.000,9999.000
202607311342,   0.787,   1.669,9999.000,9999.000,9999.000,9999.000,9999.000,9999.000,9999.000
202607311348,   0.819,   1.708,9999.000,9999.000,9999.000,9999.000,9999.000,9999.000,9999.000
202607311354,   0.850,   1.738,9999.000,9999.000,9999.000,9999.000,9999.000,9999.000,9999.000
202607311400,   0.882,   1.767,   0.600,   0.285,   1.767,   0.600,   1.767,   0.700,   1.867
202607311406,   0.913,   1.790,9999.000,9999.000,9999.000,9999.000,9999.000,9999.000,9999.000
202607311412,   0.943,   1.830,9999.000,9999.000,9999.000,9999.000,9999.000,9999.000,9999.000
202607311418,   0.974,   1.840,9999.000,9999.000,9999.000,9999.000,9999.000,9999.000,9999.000
202607311424,   1.003,   1.889,9999.000,9999.000,9999.000,9999.000,9999.000,9999.000,9999.000
202607311430,   1.032,   1.899,9999.000,9999.000,9999.000,9999.000,9999.000,9999.000,9999.000
202607311436,   1.060,   1.948,9999.000,9999.000,9999.000,9999.000,9999.000,9999.000,9999.000
202607311442,   1.087,   1.958,9999.000,9999.000,9999.000,9999.000,9999.000,9999.000,9999.000
202607311448,   1.113,   2.000,9999.000,9999.000,9999.000,9999.000,9999.000,9999.000,9999.000
202607311454,   1.139,   2.010,9999.000,9999.000,9999.000,9999.000,9999.000,9999.000,9999.000
202607311500,   1.163,   2.040,   0.600,   0.277,   2.040,   0.600,   2.040,   0.700,   2.140
202607311506,   1.185,   2.049,9999.000,9999.000,9999.000,9999.000,9999.000,9999.000,9999.000
202607311512,   1.207,   2.079,9999.000,9999.000,9999.000,9999.000,9999.000,9999.000,9999.000
202607311518,   1.227,   2.089,9999.000,9999.000,9999.000,9999.000,9999.000,9999.000,9999.000
202607311524,   1.246,   2.109,9999.000,9999.000,9999.000,9999.000,9999.000,9999.000,9999.000
202607311530,   1.264,   2.118,9999.000,9999.000,9999.000,9999.000,9999.000,9999.000,9999.000
202607311536,   1.280,   2.148,9999.000,9999.000,9999.000,9999.000,9999.000,9999.000,9999.000
202607311542,   1.295,   2.158,9999.000,9999.000,9999.000,9999.000,9999.000,9999.000,9999.000
202607311548,   1.308,   2.177,9999.000,9999.000,9999.000,9999.000,9999.000,9999.000,9999.000
202607311554,   1.320,   2.191,9999.000,9999.000,9999.000,9999.000,9999.000,9999.000,9999.000
202607311600,   1.331,   2.200,   0.600,   0.269,   2.200,   0.600,   2.200,   0.700,   2.300
202607311606,   1.341,   2.220,9999.000,9999.000,9999.000,9999.000,9999.000,9999.000,9999.000
202607311612,   1.349,   2.220,9999.000,9999.000,9999.000,9999.000,9999.000,9999.000,9999.000
202607311618,   1.356,   2.230,9999.000,9999.000,9999.000,9999.000,9999.000,9999.000,9999.000
202607311624,   1.361,   2.230,9999.000,9999.000,9999.000,9999.000,9999.000,9999.000,9999.000
202607311630,   1.365,   2.240,9999.000,9999.000,9999.000,9999.000,9999.000,9999.000,9999.000
202607311636,   1.369,   2.230,9999.000,9999.000,9999.000,9999.000,9999.000,9999.000,9999.000
202607311642,   1.370,   2.240,9999.000,9999.000,9999.000,9999.000,9999.000,9999.000,9999.000
202607311648,   1.371,   2.240,9999.000,9999.000,9999.000,9999.000,9999.000,9999.000,9999.000
202607311654,   1.371,   2.240,9999.000,9999.000,9999.000,9999.000,9999.000,9999.000,9999.000
202607311700,   1.369,   2.230,   0.600,   0.261,   2.230,   0.600,   2.230,   0.700,   2.330
202607311706,   1.366,   2.240,9999.000,9999.000,9999.000,9999.000,9999.000,9999.000,9999.000
202607311712,   1.363,   2.230,9999.000,9999.000,9999.000,9999.000,9999.000,9999.000,9999.000
202607311718,   1.358,   2.230,9999.000,9999.000,9999.000,9999.000,9999.000,9999.000,9999.000
202607311724,   1.352,   2.220,9999.000,9999.000,9999.000,9999.000,9999.000,9999.000,9999.000
202607311730,   1.345,   2.220,9999.000,9999.000,9999.000,9999.000,9999.000,9999.000,9999.000
202607311736,   1.337,   2.220,9999.000,9999.000,9999.000,9999.000,9999.000,9999.000,9999.000
202607311742,   1.328,   2.210,9999.000,9999.000,9999.000,9999.000,9999.000,9999.000,9999.000
202607311748,   1.317,   2.210,9999.000,9999.000,9999.000,9999.000,9999.000,9999.000,9999.000
202607311754,   1.306,   2.191,9999.000,9999.000,9999.000,9999.000,9999.000,9999.000,9999.000
202607311800,   1.294,   2.191,   0.600,   0.297,   2.191,   0.600,   2.191,   0.700,   2.291
202607311806,   1.281,9999.000,9999.000,9999.000,9999.000,9999.000,9999.000,9999.000,9999.000
202607311812,   1.266,9999.000,9999.000,9999.000,9999.000,9999.000,9999.000,9999.000,9999.000
202607311818,   1.251,9999.000,9999.000,9999.000,9999.000,9999.000,9999.000,9999.000,9999.000
202607311824,   1.235,9999.000,9999.000,9999.000,9999.000,9999.000,9999.000,9999.000,9999.000
202607311830,   1.217,9999.000,9999.000,9999.000,9999.000,9999.000,9999.000,9999.000,9999.000
202607311836,   1.199,9999.000,9999.000,9999.000,9999.000,9999.000,9999.000,9999.000,9999.000
202607311842,   1.180,9999.000,9999.000,9999.000,9999.000,9999.000,9999.000,9999.000,9999.000
202607311848,   1.160,9999.000,9999.000,9999.000,9999.000,9999.000,9999.000,9999.000,9999.000
202607311854,   1.139,9999.000,9999.000,9999.000,9999.000,9999.000,9999.000,9999.000,9999.000
202607311900,   1.117,9999.000,   0.600,   0.283,   2.000,   0.600,   2.000,   0.700,   2.100
202607311906,   1.094,9999.000,9999.000,9999.000,9999.000,9999.000,9999.000,9999.000,9999.000
202607311912,   1.071,9999.000,9999.000,9999.000,9999.000,9999.000,9999.000,9999.000,9999.000
202607311918,   1.047,9999.000,9999.000,9999.000,9999.000,9999.000,9999.000,9999.000,9999.000
202607311924,   1.022,9999.000,9999.000,9999.000,9999.000,9999.000,9999.000,9999.000,9999.000
202607311930,   0.996,9999.000,9999.000,9999.000,9999.000,9999.000,9999.000,9999.000,9999.000
202607311936,   0.971,9999.000,9999.000,9999.000,9999.000,9999.000,9999.000,9999.000,9999.000
202607311942,   0.944,9999.000,9999.000,9999.000,9999.000,9999.000,9999.000,9999.000,9999.000
202607311948,   0.918,9999.000,9999.000,9999.000,9999.000,9999.000,9999.000,9999.000,9999.000
202607311954,   0.891,9999.000,9999.000,9999.000,9999.000,9999.000,9999.000,9999.000,9999.000
202607312000,   0.864,9999.000,   0.600,   0.268,   1.732,   0.600,   1.732,   0.600,   1.732
202607312006,   0.837,9999.000,9999.000,9999.000,9999.000,9999.000,9999.000,9999.000,9999.000
202607312012,   0.809,9999.000,9999.000,9999.000,9999.000,9999.000,9999.000,9999.000,9999.000
202607312018,   0.782,9999.000,9999.000,9999.000,9999.000,9999.000,9999.000,9999.000,9999.000
202607312024,   0.755,9999.000,9999.000,9999.000,9999.000,9999.000,9999.000,9999.000,9999.000
202607312030,   0.729,9999.000,9999.000,9999.000,9999.000,9999.000,9999.000,9999.000,9999.000
202607312036,   0.702,9999.000,9999.000,9999.000,9999.000,9999.000,9999.000,9999.000,9999.000
202607312042,   0.676,9999.000,9999.000,9999.000,9999.000,9999.000,9999.000,9999.000,9999.000
202607312048,   0.651,9999.000,9999.000,9999.000,9999.000,9999.000,9999.000,9999.000,9999.000
202607312054,   0.626,9999.000,9999.000,9999.000,9999.000,9999.000,9999.000,9999.000,9999.000
202607312100,   0.602,9999.000,   0.600,   0.254,   1.456,   0.600,   1.456,   0.700,   1.556
202607312106,   0.578,9999.000,9999.000,9999.000,9999.000,9999.000,9999.000,9999.000,9999.000
202607312112,   0.555,9999.000,9999.000,9999.000,9999.000,9999.000,9999.000,9999.000,9999.000
202607312118,   0.533,9999.000,9999.000,9999.000,9999.000,9999.000,9999.000,9999.000,9999.000
202607312124,   0.513,9999.000,9999.000,9999.000,9999.000,9999.000,9999.000,9999.000,9999.000
202607312130,   0.492,9999.000,9999.000,9999.000,9999.000,9999.000,9999.000,9999.000,9999.000
202607312136,   0.473,9999.000,9999.000,9999.000,9999.000,9999.000,9999.000,9999.000,9999.000
202607312142,   0.455,9999.000,9999.000,9999.000,9999.000,9999.000,9999.000,9999.000,9999.000
202607312148,   0.439,9999.000,9999.000,9999.000,9999.000,9999.000,9999.000,9999.000,9999.000
202607312154,   0.423,9999.000,9999.000,9999.000,9999.000,9999.000,9999.000,9999.000,9999.000
202607312200,   0.408,9999.000,   0.600,   0.240,   1.248,   0.600,   1.248,   0.700,   1.348
202607312206,   0.395,9999.000,9999.000,9999.000,9999.000,9999.000,9999.000,9999.000,9999.000
202607312212,   0.382,9999.000,9999.000,9999.000,9999.000,9999.000,9999.000,9999.000,9999.000
202607312218,   0.371,9999.000,9999.000,9999.000,9999.000,9999.000,9999.000,9999.000,9999.000
202607312224,   0.362,9999.000,9999.000,9999.000,9999.000,9999.000,9999.000,9999.000,9999.000
202607312230,   0.353,9999.000,9999.000,9999.000,9999.000,9999.000,9999.000,9999.000,9999.000
202607312236,   0.346,9999.000,9999.000,9999.000,9999.000,9999.000,9999.000,9999.000,9999.000
202607312242,   0.340,9999.000,9999.000,9999.000,9999.000,9999.000,9999.000,9999.000,9999.000
202607312248,   0.335,9999.000,9999.000,9999.000,9999.000,9999.000,9999.000,9999.000,9999.000
202607312254,   0.332,9999.000,9999.000,9999.000,9999.000,9999.000,9999.000,9999.000,9999.000
202607312300,   0.330,9999.000,   0.600,   0.225,   1.155,   0.600,   1.155,   0.700,   1.255
202607312306,   0.329,9999.000,9999.000,9999.000,9999.000,9999.000,9999.000,9999.000,9999.000
202607312312,   0.330,9999.000,9999.000,9999.000,9999.000,9999.000,9999.000,9999.000,9999.000
202607312318,   0.333,9999.000,9999.000,9999.000,9999.000,9999.000,9999.000,9999.000,9999.000
202607312324,   0.336,9999.000,9999.000,9999.000,9999.000,9999.000,9999.000,9999.000,9999.000
202607312330,   0.341,9999.000,9999.000,9999.000,9999.000,9999.000,9999.000,9999.000,9999.000
202607312336,   0.348,9999.000,9999.000,9999.000,9999.000,9999.000,9999.000,9999.000,9999.000
202607312342,   0.356,9999.000,9999.000,9999.000,9999.000,9999.000,9999.000,9999.000,9999.000
202607312348,   0.365,9999.000,9999.000,9999.000,9999.000,9999.000,9999.000,9999.000,9999.000
202607312354,   0.376,9999.000,9999.000,9999.000,9999.000,9999.000,9999.000,9999.000,9999.000
202608010000,   0.389,9999.000,   0.600,   0.211,   1.200,   0.600,   1.200,   0.700,   1.300
202608010006,   0.403,9999.000,9999.000,9999.000,9999.000,9999.000,9999.000,9999.000,9999.000
202608010012,   0.418,9999.000,9999.000,9999.000,9999.000,9999.000,9999.000,9999.000,9999.000
202608010018,   0.435,9999.000,9999.000,9999.000,9999.000,9999.000,9999.000,9999.000,9999.000
202608010024,   0.453,9999.000,9999.000,9999.000,9999.000,9999.000,9999.000,9999.000,9999.000
202608010030,   0.473,9999.000,9999.000,9999.000,9999.000,9999.000,9999.000,9999.000,9999.000
202608010036,   0.494,9999.000,9999.000,9999.000,9999.000,9999.000,9999.000,9999.000,9999.000
202608010042,   0.517,9999.000,9999.000,9999.000,9999.000,9999.000,9999.000,9999.000,9999.000
202608010048,   0.541,9999.000,9999.000,9999.000,9999.000,9999.000,9999.000,9999.000,9999.000
202608010054,   0.566,9999.000,9999.000,9999.000,9999.000,9999.000,9999.000,9999.000,9999.000
202608010100,   0.592,9999.000,   0.600,   0.197,   1.389,   0.600,   1.389,   0.700,   1.489
202608010106,   0.620,9999.000,9999.000,9999.000,9999.000,9999.000,9999.000,9999.000,9999.000
202608010112,   0.648,9999.000,9999.000,9999.000,9999.000,9999.000,9999.000,9999.000,9999.000
202608010118,   0.677,9999.000,9999.000,9999.000,9999.000,9999.000,9999.000,9999.000,9999.000
202608010124,   0.708,9999.000,9999.000,9999.000,9999.000,9999.000,9999.000,9999.000,9999.000
202608010130,   0.739,9999.000,9999.000,9999.000,9999.000,9999.000,9999.000,9999.000,9999.000
202608010136,   0.771,9999.000,9999.000,9999.000,9999.000,9999.000,9999.000,9999.000,9999.000
202608010142,   0.803,9999.000,9999.000,9999.000,9999.000,9999.000,9999.000,9999.000,9999.000
202608010148,   0.836,9999.000,9999.000,9999.000,9999.000,9999.000,9999.000,9999.000,9999.000
202608010154,   0.869,9999.000,9999.000,9999.000,9999.000,9999.000,9999.000,9999.000,9999.000
202608010200,   0.902,9999.000,   0.600,   0.182,   1.684,   0.600,   1.684,   0.700,   1.784
202608010206,   0.935,9999.000,9999.000,9999.000,9999.000,9999.000,9999.000,9999.000,9999.000
202608010212,   0.969,9999.000,9999.000,9999.000,9999.000,9999.000,9999.000,9999.000,9999.000
202608010218,   1.002,9999.000,9999.000,9999.000,9999.000,9999.000,9999.000,9999.000,9999.000
202608010224,   1.035,9999.000,9999.000,9999.000,9999.000,9999.000,9999.000,9999.000,9999.000
202608010230,   1.067,9999.000,9999.000,9999.000,9999.000,9999.000,9999.000,9999.000,9999.000
202608010236,   1.099,9999.000,9999.000,9999.000,9999.000,9999.000,9999.000,9999.000,9999.000
202608010242,   1.130,9999.000,9999.000,9999.000,9999.000,9999.000,9999.000,9999.000,9999.000
202608010248,   1.160,9999.000,9999.000,9999.000,9999.000,9999.000,9999.000,9999.000,9999.000
202608010254,   1.189,9999.000,9999.000,9999.000,9999.000,9999.000,9999.000,9999.000,9999.000
202608010300,   1.217,9999.000,   0.600,   0.168,   1.985,   0.600,   1.985,   0.700,   2.085
202608010306,   1.245,9999.000,9999.000,9999.000,9999.000,9999.000,9999.000,9999.000,9999.000
202608010312,   1.271,9999.000,9999.000,9999.000,9999.000,9999.000,9999.000,9999.000,9999.000
202608010318,   1.295,9999.000,9999.000,9999.000,9999.000,9999.000,9999.000,9999.000,9999.000
202608010324,   1.319,9999.000,9999.000,9999.000,9999.000,9999.000,9999.000,9999.000,9999.000
202608010330,   1.341,9999.000,9999.000,9999.000,9999.000,9999.000,9999.000,9999.000,9999.000
202608010336,   1.362,9999.000,9999.000,9999.000,9999.000,9999.000,9999.000,9999.000,9999.000
202608010342,   1.381,9999.000,9999.000,9999.000,9999.000,9999.000,9999.000,9999.000,9999.000
202608010348,   1.399,9999.000,9999.000,9999.000,9999.000,9999.000,9999.000,9999.000,9999.000
202608010354,   1.415,9999.000,9999.000,9999.000,9999.000,9999.000,9999.000,9999.000,9999.000
202608010400,   1.430,9999.000,   0.600,   0.154,   2.184,   0.600,   2.184,   0.700,   2.284
202608010406,   1.443,9999.000,9999.000,9999.000,9999.000,9999.000,9999.000,9999.000,9999.000
202608010412,   1.455,9999.000,9999.000,9999.000,9999.000,9999.000,9999.000,9999.000,9999.000
202608010418,   1.465,9999.000,9999.000,9999.000,9999.000,9999.000,9999.000,9999.000,9999.000
202608010424,   1.474,9999.000,9999.000,9999.000,9999.000,9999.000,9999.000,9999.000,9999.000
202608010430,   1.482,9999.000,9999.000,9999.000,9999.000,9999.000,9999.000,9999.000,9999.000
202608010436,   1.488,9999.000,9999.000,9999.000,9999.000,9999.000,9999.000,9999.000,9999.000
202608010442,   1.492,9999.000,9999.000,9999.000,9999.000,9999.000,9999.000,9999.000,9999.000
202608010448,   1.495,9999.000,9999.000,9999.000,9999.000,9999.000,9999.000,9999.000,9999.000
202608010454,   1.497,9999.000,9999.000,9999.000,9999.000,9999.000,9999.000,9999.000,9999.000
202608010500,   1.498,9999.000,   0.600,   0.140,   2.238,   0.600,   2.238,   0.600,   2.238
202608010506,   1.497,9999.000,9999.000,9999.000,9999.000,9999.000,9999.000,9999.000,9999.000
202608010512,   1.495,9999.000,9999.000,9999.000,9999.000,9999.000,9999.000,9999.000,9999.000
202608010518,   1.492,9999.000,9999.000,9999.000,9999.000,9999.000,9999.000,9999.000,9999.000
202608010524,   1.488,9999.000,9999.000,9999.000,9999.000,9999.000,9999.000,9999.000,9999.000
202608010530,   1.482,9999.000,9999.000,9999.000,9999.000,9999.000,9999.000,9999.000,9999.000
202608010536,   1.476,9999.000,9999.000,9999.000,9999.000,9999.000,9999.000,9999.000,9999.000
202608010542,   1.468,9999.000,9999.000,9999.000,9999.000,9999.000,9999.000,9999.000,9999.000
202608010548,   1.459,9999.000,9999.000,9999.000,9999.000,9999.000,9999.000,9999.000,9999.000
202608010554,   1.449,9999.000,9999.000,9999.000,9999.000,9999.000,9999.000,9999.000,9999.000
202608010600,   1.438,9999.000,   0.600,   0.125,   2.163,   0.600,   2.163,   0.600,   2.163
202608010606,   1.426,9999.000,9999.000,9999.000,9999.000,9999.000,9999.000,9999.000,9999.000
202608010612,   1.413,9999.000,9999.000,9999.000,9999.000,9999.000,9999.000,9999.000,9999.000
202608010618,   1.399,9999.000,9999.000,9999.000,9999.000,9999.000,9999.000,9999.000,9999.000
202608010624,   1.384,9999.000,9999.000,9999.000,9999.000,9999.000,9999.000,9999.000,9999.000
202608010630,   1.368,9999.000,9999.000,9999.000,9999.000,9999.000,9999.000,9999.000,9999.000
202608010636,   1.351,9999.000,9999.000,9999.000,9999.000,9999.000,9999.000,9999.000,9999.000
202608010642,   1.332,9999.000,9999.000,9999.000,9999.000,9999.000,9999.000,9999.000,9999.000
202608010648,   1.313,9999.000,9999.000,9999.000,9999.000,9999.000,9999.000,9999.000,9999.000
202608010654,   1.293,9999.000,9999.000,9999.000,9999.000,9999.000,9999.000,9999.000,9999.000
202608010700,   1.272,9999.000,   0.600,   0.125,   1.997,   0.600,   1.997,   0.600,   1.997
202608010706,   1.250,9999.000,9999.000,9999.000,9999.000,9999.000,9999.000,9999.000,9999.000
202608010712,   1.227,9999.000,9999.000,9999.000,9999.000,9999.000,9999.000,9999.000,9999.000
202608010718,   1.203,9999.000,9999.000,9999.000,9999.000,9999.000,9999.000,9999.000,9999.000
202608010724,   1.178,9999.000,9999.000,9999.000,9999.000,9999.000,9999.000,9999.000,9999.000
202608010730,   1.153,9999.000,9999.000,9999.000,9999.000,9999.000,9999.000,9999.000,9999.000
202608010736,   1.127,9999.000,9999.000,9999.000,9999.000,9999.000,9999.000,9999.000,9999.000
202608010742,   1.100,9999.000,9999.000,9999.000,9999.000,9999.000,9999.000,9999.000,9999.000
202608010748,   1.072,9999.000,9999.000,9999.000,9999.000,9999.000,9999.000,9999.000,9999.000
202608010754,   1.044,9999.000,9999.000,9999.000,9999.000,9999.000,9999.000,9999.000,9999.000
202608010800,   1.016,9999.000,   0.600,   0.125,   1.741,   0.600,   1.741,   0.600,   1.741
202608010806,   0.987,9999.000,9999.000,9999.000,9999.000,9999.000,9999.000,9999.000,9999.000
202608010812,   0.957,9999.000,9999.000,9999.000,9999.000,9999.000,9999.000,9999.000,9999.000
202608010818,   0.928,9999.000,9999.000,9999.000,9999.000,9999.000,9999.000,9999.000,9999.000
202608010824,   0.898,9999.000,9999.000,9999.000,9999.000,9999.000,9999.000,9999.000,9999.000
202608010830,   0.868,9999.000,9999.000,9999.000,9999.000,9999.000,9999.000,9999.000,9999.000
202608010836,   0.838,9999.000,9999.000,9999.000,9999.000,9999.000,9999.000,9999.000,9999.000
202608010842,   0.809,9999.000,9999.000,9999.000,9999.000,9999.000,9999.000,9999.000,9999.000
202608010848,   0.779,9999.000,9999.000,9999.000,9999.000,9999.000,9999.000,9999.000,9999.000
202608010854,   0.750,9999.000,9999.000,9999.000,9999.000,9999.000,9999.000,9999.000,9999.000
202608010900,   0.720,9999.000,   0.600,   0.125,   1.445,   0.600,   1.445,   0.600,   1.445
202608010906,   0.692,9999.000,9999.000,9999.000,9999.000,9999.000,9999.000,9999.000,9999.000
202608010912,   0.664,9999.000,9999.000,9999.000,9999.000,9999.000,9999.000,9999.000,9999.000
202608010918,   0.636,9999.000,9999.000,9999.000,9999.000,9999.000,9999.000,9999.000,9999.000
202608010924,   0.609,9999.000,9999.000,9999.000,9999.000,9999.000,9999.000,9999.000,9999.000
202608010930,   0.583,9999.000,9999.000,9999.000,9999.000,9999.000,9999.000,9999.000,9999.000
202608010936,   0.558,9999.000,9999.000,9999.000,9999.000,9999.000,9999.000,9999.000,9999.000
202608010942,   0.533,9999.000,9999.000,9999.000,9999.000,9999.000,9999.000,9999.000,9999.000
202608010948,   0.510,9999.000,9999.000,9999.000,9999.000,9999.000,9999.000,9999.000,9999.000
202608010954,   0.487,9999.000,9999.000,9999.000,9999.000,9999.000,9999.000,9999.000,9999.000
202608011000,   0.466,9999.000,   0.600,   0.125,   1.191,   0.600,   1.191,   0.600,   1.191
202608011006,   0.445,9999.000,9999.000,9999.000,9999.000,9999.000,9999.000,9999.000,9999.000
202608011012,   0.426,9999.000,9999.000,9999.000,9999.000,9999.000,9999.000,9999.000,9999.000
202608011018,   0.408,9999.000,9999.000,9999.000,9999.000,9999.000,9999.000,9999.000,9999.000
202608011024,   0.391,9999.000,9999.000,9999.000,9999.000,9999.000,9999.000,9999.000,9999.000
202608011030,   0.375,9999.000,9999.000,9999.000,9999.000,9999.000,9999.000,9999.000,9999.000
202608011036,   0.360,9999.000,9999.000,9999.000,9999.000,9999.000,9999.000,9999.000,9999.000
202608011042,   0.347,9999.000,9999.000,9999.000,9999.000,9999.000,9999.000,9999.000,9999.000
202608011048,   0.335,9999.000,9999.000,9999.000,9999.000,9999.000,9999.000,9999.000,9999.000
202608011054,   0.324,9999.000,9999.000,9999.000,9999.000,9999.000,9999.000,9999.000,9999.000
202608011100,   0.315,9999.000,   0.600,   0.125,   1.040,   0.600,   1.040,   0.600,   1.040
202608011106,   0.307,9999.000,9999.000,9999.000,9999.000,9999.000,9999.000,9999.000,9999.000
202608011112,   0.300,9999.000,9999.000,9999.000,9999.000,9999.000,9999.000,9999.000,9999.000
202608011118,   0.295,9999.000,9999.000,9999.000,9999.000,9999.000,9999.000,9999.000,9999.000
202608011124,   0.291,9999.000,9999.000,9999.000,9999.000,9999.000,9999.000,9999.000,9999.000
202608011130,   0.288,9999.000,9999.000,9999.000,9999.000,9999.000,9999.000,9999.000,9999.000
202608011136,   0.287,9999.000,9999.000,9999.000,9999.000,9999.000,9999.000,9999.000,9999.000
202608011142,   0.288,9999.000,9999.000,9999.000,9999.000,9999.000,9999.000,9999.000,9999.000
202608011148,   0.290,9999.000,9999.000,9999.000,9999.000,9999.000,9999.000,9999.000,9999.000
202608011154,   0.293,9999.000,9999.000,9999.000,9999.000,9999.000,9999.000,9999.000,9999.000
202608011200,   0.298,9999.000,   0.600,   0.125,   1.023,   0.600,   1.023,   0.600,   1.023
202608011206,   0.304,9999.000,9999.000,9999.000,9999.000,9999.000,9999.000,9999.000,9999.000
202608011212,   0.312,9999.000,9999.000,9999.000,9999.000,9999.000,9999.000,9999.000,9999.000
202608011218,   0.322,9999.000,9999.000,9999.000,9999.000,9999.000,9999.000,9999.000,9999.000
202608011224,   0.333,9999.000,9999.000,9999.000,9999.000,9999.000,9999.000,9999.000,9999.000
202608011230,   0.345,9999.000,9999.000,9999.000,9999.000,9999.000,9999.000,9999.000,9999.000
202608011236,   0.359,9999.000,9999.000,9999.000,9999.000,9999.000,9999.000,9999.000,9999.000
202608011242,   0.375,9999.000,9999.000,9999.000,9999.000,9999.000,9999.000,9999.000,9999.000
202608011248,   0.392,9999.000,9999.000,9999.000,9999.000,9999.000,9999.000,9999.000,9999.000
202608011254,   0.410,9999.000,9999.000,9999.000,9999.000,9999.000,9999.000,9999.000,9999.000
202608011300,   0.430,9999.000,   0.600,   0.125,   1.155,   0.600,   1.155,   0.600,   1.155
202608011306,   0.452,9999.000,9999.000,9999.000,9999.000,9999.000,9999.000,9999.000,9999.000
202608011312,   0.475,9999.000,9999.000,9999.000,9999.000,9999.000,9999.000,9999.000,9999.000
202608011318,   0.499,9999.000,9999.000,9999.000,9999.000,9999.000,9999.000,9999.000,9999.000
202608011324,   0.524,9999.000,9999.000,9999.000,9999.000,9999.000,9999.000,9999.000,9999.000
202608011330,   0.551,9999.000,9999.000,9999.000,9999.000,9999.000,9999.000,9999.000,9999.000
202608011336,   0.578,9999.000,9999.000,9999.000,9999.000,9999.000,9999.000,9999.000,9999.000
202608011342,   0.607,9999.000,9999.000,9999.000,9999.000,9999.000,9999.000,9999.000,9999.000
202608011348,   0.636,9999.000,9999.000,9999.000,9999.000,9999.000,9999.000,9999.000,9999.000
202608011354,   0.667,9999.000,9999.000,9999.000,9999.000,9999.000,9999.000,9999.000,9999.000
202608011400,   0.698,9999.000,   0.600,   0.125,   1.423,   0.500,   1.323,   0.600,   1.423
202608011406,   0.730,9999.000,9999.000,9999.000,9999.000,9999.000,9999.000,9999.000,9999.000
202608011412,   0.762,9999.000,9999.000,9999.000,9999.000,9999.000,9999.000,9999.000,9999.000
202608011418,   0.794,9999.000,9999.000,9999.000,9999.000,9999.000,9999.000,9999.000,9999.000
202608011424,   0.827,9999.000,9999.000,9999.000,9999.000,9999.000,9999.000,9999.000,9999.000
202608011430,   0.860,9999.000,9999.000,9999.000,9999.000,9999.000,9999.000,9999.000,9999.000
202608011436,   0.893,9999.000,9999.000,9999.000,9999.000,9999.000,9999.000,9999.000,9999.000
202608011442,   0.925,9999.000,9999.000,9999.000,9999.000,9999.000,9999.000,9999.000,9999.000
202608011448,   0.958,9999.000,9999.000,9999.000,9999.000,9999.000,9999.000,9999.000,9999.000
202608011454,   0.990,9999.000,9999.000,9999.000,9999.000,9999.000,9999.000,9999.000,9999.000
202608011500,   1.021,9999.000,   0.600,   0.125,   1.746,   0.500,   1.646,   0.600,   1.746
202608011506,   1.052,9999.000,9999.000,9999.000,9999.000,9999.000,9999.000,9999.000,9999.000
202608011512,   1.082,9999.000,9999.000,9999.000,9999.000,9999.000,9999.000,9999.000,9999.000
202608011518,   1.111,9999.000,9999.000,9999.000,9999.000,9999.000,9999.000,9999.000,9999.000
202608011524,   1.139,9999.000,9999.000,9999.000,9999.000,9999.000,9999.000,9999.000,9999.000
202608011530,   1.166,9999.000,9999.000,9999.000,9999.000,9999.000,9999.000,9999.000,9999.000
202608011536,   1.192,9999.000,9999.000,9999.000,9999.000,9999.000,9999.000,9999.000,9999.000
202608011542,   1.216,9999.000,9999.000,9999.000,9999.000,9999.000,9999.000,9999.000,9999.000
202608011548,   1.240,9999.000,9999.000,9999.000,9999.000,9999.000,9999.000,9999.000,9999.000
202608011554,   1.262,9999.000,9999.000,9999.000,9999.000,9999.000,9999.000,9999.000,9999.000
202608011600,   1.282,9999.000,   0.600,   0.125,   2.007,   0.500,   1.907,   0.600,   2.007
202608011606,   1.301,9999.000,9999.000,9999.000,9999.000,9999.000,9999.000,9999.000,9999.000
202608011612,   1.319,9999.000,9999.000,9999.000,9999.000,9999.000,9999.000,9999.000,9999.000
202608011618,   1.335,9999.000,9999.000,9999.000,9999.000,9999.000,9999.000,9999.000,9999.000
202608011624,   1.350,9999.000,9999.000,9999.000,9999.000,9999.000,9999.000,9999.000,9999.000
202608011630,   1.363,9999.000,9999.000,9999.000,9999.000,9999.000,9999.000,9999.000,9999.000
202608011636,   1.375,9999.000,9999.000,9999.000,9999.000,9999.000,9999.000,9999.000,9999.000
202608011642,   1.385,9999.000,9999.000,9999.000,9999.000,9999.000,9999.000,9999.000,9999.000
202608011648,   1.393,9999.000,9999.000,9999.000,9999.000,9999.000,9999.000,9999.000,9999.000
202608011654,   1.401,9999.000,9999.000,9999.000,9999.000,9999.000,9999.000,9999.000,9999.000
202608011700,   1.407,9999.000,   0.600,   0.125,   2.132,   0.500,   2.032,   0.600,   2.132
202608011706,   1.411,9999.000,9999.000,9999.000,9999.000,9999.000,9999.000,9999.000,9999.000
202608011712,   1.414,9999.000,9999.000,9999.000,9999.000,9999.000,9999.000,9999.000,9999.000
202608011718,   1.416,9999.000,9999.000,9999.000,9999.000,9999.000,9999.000,9999.000,9999.000
202608011724,   1.417,9999.000,9999.000,9999.000,9999.000,9999.000,9999.000,9999.000,9999.000
202608011730,   1.416,9999.000,9999.000,9999.000,9999.000,9999.000,9999.000,9999.000,9999.000
202608011736,   1.414,9999.000,9999.000,9999.000,9999.000,9999.000,9999.000,9999.000,9999.000
202608011742,   1.411,9999.000,9999.000,9999.000,9999.000,9999.000,9999.000,9999.000,9999.000
202608011748,   1.407,9999.000,9999.000,9999.000,9999.000,9999.000,9999.000,9999.000,9999.000
202608011754,   1.402,9999.000,9999.000,9999.000,9999.000,9999.000,9999.000,9999.000,9999.000
202608011800,   1.396,9999.000,   0.600,   0.125,   2.121,   0.500,   2.021,   0.600,   2.121
202608011806,   1.388,9999.000,9999.000,9999.000,9999.000,9999.000,9999.000,9999.000,9999.000
202608011812,   1.380,9999.000,9999.000,9999.000,9999.000,9999.000,9999.000,9999.000,9999.000
202608011818,   1.371,9999.000,9999.000,9999.000,9999.000,9999.000,9999.000,9999.000,9999.000
202608011824,   1.360,9999.000,9999.000,9999.000,9999.000,9999.000,9999.000,9999.000,9999.000
202608011830,   1.349,9999.000,9999.000,9999.000,9999.000,9999.000,9999.000,9999.000,9999.000
202608011836,   1.336,9999.000,9999.000,9999.000,9999.000,9999.000,9999.000,9999.000,9999.000
202608011842,   1.323,9999.000,9999.000,9999.000,9999.000,9999.000,9999.000,9999.000,9999.000
202608011848,   1.309,9999.000,9999.000,9999.000,9999.000,9999.000,9999.000,9999.000,9999.000
202608011854,   1.294,9999.000,9999.000,9999.000,9999.000,9999.000,9999.000,9999.000,9999.000
202608011900,   1.278,9999.000,   0.600,   0.125,   2.003,   0.500,   1.903,   0.600,   2.003
202608011906,   1.261,9999.000,9999.000,9999.000,9999.000,9999.000,9999.000,9999.000,9999.000
202608011912,   1.243,9999.000,9999.000,9999.000,9999.000,9999.000,9999.000,9999.000,9999.000
202608011918,   1.224,9999.000,9999.000,9999.000,9999.000,9999.000,9999.000,9999.000,9999.000
202608011924,   1.204,9999.000,9999.000,9999.000,9999.000,9999.000,9999.000,9999.000,9999.000
202608011930,   1.184,9999.000,9999.000,9999.000,9999.000,9999.000,9999.000,9999.000,9999.000
202608011936,   1.162,9999.000,9999.000,9999.000,9999.000,9999.000,9999.000,9999.000,9999.000
202608011942,   1.140,9999.000,9999.000,9999.000,9999.000,9999.000,9999.000,9999.000,9999.000
202608011948,   1.117,9999.000,9999.000,9999.000,9999.000,9999.000,9999.000,9999.000,9999.000
202608011954,   1.094,9999.000,9999.000,9999.000,9999.000,9999.000,9999.000,9999.000,9999.000
202608012000,   1.070,9999.000,   0.600,   0.125,   1.795,   0.500,   1.695,   0.600,   1.795
202608012006,   1.045,9999.000,9999.000,9999.000,9999.000,9999.000,9999.000,9999.000,9999.000
202608012012,   1.020,9999.000,9999.000,9999.000,9999.000,9999.000,9999.000,9999.000,9999.000
202608012018,   0.994,9999.000,9999.000,9999.000,9999.000,9999.000,9999.000,9999.000,9999.000
202608012024,   0.968,9999.000,9999.000,9999.000,9999.000,9999.000,9999.000,9999.000,9999.000
202608012030,   0.941,9999.000,9999.000,9999.000,9999.000,9999.000,9999.000,9999.000,9999.000
202608012036,   0.915,9999.000,9999.000,9999.000,9999.000,9999.000,9999.000,9999.000,9999.000
202608012042,   0.888,9999.000,9999.000,9999.000,9999.000,9999.000,9999.000,9999.000,9999.000
202608012048,   0.861,9999.000,9999.000,9999.000,9999.000,9999.000,9999.000,9999.000,9999.000
202608012054,   0.834,9999.000,9999.000,9999.000,9999.000,9999.000,9999.000,9999.000,9999.000
202608012100,   0.807,9999.000,   0.600,   0.125,   1.532,   0.500,   1.432,   0.600,   1.532
202608012106,   0.780,9999.000,9999.000,9999.000,9999.000,9999.000,9999.000,9999.000,9999.000
202608012112,   0.753,9999.000,9999.000,9999.000,9999.000,9999.000,9999.000,9999.000,9999.000
202608012118,   0.727,9999.000,9999.000,9999.000,9999.000,9999.000,9999.000,9999.000,9999.000
202608012124,   0.701,9999.000,9999.000,9999.000,9999.000,9999.000,9999.000,9999.000,9999.000
202608012130,   0.675,9999.000,9999.000,9999.000,9999.000,9999.000,9999.000,9999.000,9999.000
202608012136,   0.651,9999.000,9999.000,9999.000,9999.000,9999.000,9999.000,9999.000,9999.000
202608012142,   0.626,9999.000,9999.000,9999.000,9999.000,9999.000,9999.000,9999.000,9999.000
202608012148,   0.603,9999.000,9999.000,9999.000,9999.000,9999.000,9999.000,9999.000,9999.000
202608012154,   0.580,9999.000,9999.000,9999.000,9999.000,9999.000,9999.000,9999.000,9999.000
202608012200,   0.558,9999.000,   0.600,   0.125,   1.283,   0.500,   1.183,   0.600,   1.283
202608012206,   0.537,9999.000,9999.000,9999.000,9999.000,9999.000,9999.000,9999.000,9999.000
202608012212,   0.517,9999.000,9999.000,9999.000,9999.000,9999.000,9999.000,9999.000,9999.000
202608012218,   0.498,9999.000,9999.000,9999.000,9999.000,9999.000,9999.000,9999.000,9999.000
202608012224,   0.480,9999.000,9999.000,9999.000,9999.000,9999.000,9999.000,9999.000,9999.000
202608012230,   0.463,9999.000,9999.000,9999.000,9999.000,9999.000,9999.000,9999.000,9999.000
202608012236,   0.447,9999.000,9999.000,9999.000,9999.000,9999.000,9999.000,9999.000,9999.000
202608012242,   0.432,9999.000,9999.000,9999.000,9999.000,9999.000,9999.000,9999.000,9999.000
202608012248,   0.418,9999.000,9999.000,9999.000,9999.000,9999.000,9999.000,9999.000,9999.000
202608012254,   0.406,9999.000,9999.000,9999.000,9999.000,9999.000,9999.000,9999.000,9999.000
202608012300,   0.395,9999.000,   0.600,   0.125,   1.120,   0.500,   1.020,   0.600,   1.120
202608012306,   0.385,9999.000,9999.000,9999.000,9999.000,9999.000,9999.000,9999.000,9999.000
202608012312,   0.376,9999.000,9999.000,9999.000,9999.000,9999.000,9999.000,9999.000,9999.000
202608012318,   0.369,9999.000,9999.000,9999.000,9999.000,9999.000,9999.000,9999.000,9999.000
202608012324,   0.363,9999.000,9999.000,9999.000,9999.000,9999.000,9999.000,9999.000,9999.000
202608012330,   0.358,9999.000,9999.000,9999.000,9999.000,9999.000,9999.000,9999.000,9999.000
202608012336,   0.354,9999.000,9999.000,9999.000,9999.000,9999.000,9999.000,9999.000,9999.000
202608012342,   0.352,9999.000,9999.000,9999.000,9999.000,9999.000,9999.000,9999.000,9999.000
202608012348,   0.351,9999.000,9999.000,9999.000,9999.000,9999.000,9999.000,9999.000,9999.000
202608012354,   0.352,9999.000,9999.000,9999.000,9999.000,9999.000,9999.000,9999.000,9999.000
202608020000,   0.354,9999.000,   0.600,   0.125,   1.079,   0.500,   0.979,   0.600,   1.079
202608020006,   0.357,9999.000,9999.000,9999.000,9999.000,9999.000,9999.000,9999.000,9999.000
202608020012,   0.362,9999.000,9999.000,9999.000,9999.000,9999.000,9999.000,9999.000,9999.000
202608020018,   0.368,9999.000,9999.000,9999.000,9999.000,9999.000,9999.000,9999.000,9999.000
202608020024,   0.375,9999.000,9999.000,9999.000,9999.000,9999.000,9999.000,9999.000,9999.000
202608020030,   0.384,9999.000,9999.000,9999.000,9999.000,9999.000,9999.000,9999.000,9999.000
202608020036,   0.394,9999.000,9999.000,9999.000,9999.000,9999.000,9999.000,9999.000,9999.000
202608020042,   0.406,9999.000,9999.000,9999.000,9999.000,9999.000,9999.000,9999.000,9999.000
202608020048,   0.419,9999.000,9999.000,9999.000,9999.000,9999.000,9999.000,9999.000,9999.000
202608020054,   0.434,9999.000,9999.000,9999.000,9999.000,9999.000,9999.000,9999.000,9999.000
202608020100,   0.450,9999.000,   0.600,   0.125,   1.175,   0.500,   1.075,   0.600,   1.175
202608020106,   0.467,9999.000,9999.000,9999.000,9999.000,9999.000,9999.000,9999.000,9999.000
202608020112,   0.486,9999.000,9999.000,9999.000,9999.000,9999.000,9999.000,9999.000,9999.000
202608020118,   0.506,9999.000,9999.000,9999.000,9999.000,9999.000,9999.000,9999.000,9999.000
202608020124,   0.527,9999.000,9999.000,9999.000,9999.000,9999.000,9999.000,9999.000,9999.000
202608020130,   0.550,9999.000,9999.000,9999.000,9999.000,9999.000,9999.000,9999.000,9999.000
202608020136,   0.574,9999.000,9999.000,9999.000,9999.000,9999.000,9999.000,9999.000,9999.000
202608020142,   0.599,9999.000,9999.000,9999.000,9999.000,9999.000,9999.000,9999.000,9999.000
202608020148,   0.625,9999.000,9999.000,9999.000,9999.000,9999.000,9999.000,9999.000,9999.000
202608020154,   0.653,9999.000,9999.000,9999.000,9999.000,9999.000,9999.000,9999.000,9999.000
202608020200,   0.681,9999.000,   0.600,   0.125,   1.406,   0.500,   1.306,   0.600,   1.406
202608020206,   0.710,9999.000,9999.000,9999.000,9999.000,9999.000,9999.000,9999.000,9999.000
202608020212,   0.740,9999.000,9999.000,9999.000,9999.000,9999.000,9999.000,9999.000,9999.000
202608020218,   0.771,9999.000,9999.000,9999.000,9999.000,9999.000,9999.000,9999.000,9999.000
202608020224,   0.802,9999.000,9999.000,9999.000,9999.000,9999.000,9999.000,9999.000,9999.000
202608020230,   0.834,9999.000,9999.000,9999.000,9999.000,9999.000,9999.000,9999.000,9999.000
202608020236,   0.866,9999.000,9999.000,9999.000,9999.000,9999.000,9999.000,9999.000,9999.000
202608020242,   0.898,9999.000,9999.000,9999.000,9999.000,9999.000,9999.000,9999.000,9999.000
202608020248,   0.931,9999.000,9999.000,9999.000,9999.000,9999.000,9999.000,9999.000,9999.000
202608020254,   0.963,9999.000,9999.000,9999.000,9999.000,9999.000,9999.000,9999.000,9999.000
202608020300,   0.995,9999.000,   0.600,   0.125,   1.720,   0.500,   1.620,   0.600,   1.720
202608020306,   1.027,9999.000,9999.000,9999.000,9999.000,9999.000,9999.000,9999.000,9999.000
202608020312,   1.059,9999.000,9999.000,9999.000,9999.000,9999.000,9999.000,9999.000,9999.000
202608020318,   1.090,9999.000,9999.000,9999.000,9999.000,9999.000,9999.000,9999.000,9999.000
202608020324,   1.121,9999.000,9999.000,9999.000,9999.000,9999.000,9999.000,9999.000,9999.000
202608020330,   1.150,9999.000,9999.000,9999.000,9999.000,9999.000,9999.000,9999.000,9999.000
202608020336,   1.179,9999.000,9999.000,9999.000,9999.000,9999.000,9999.000,9999.000,9999.000
202608020342,   1.207,9999.000,9999.000,9999.000,9999.000,9999.000,9999.000,9999.000,9999.000
202608020348,   1.234,9999.000,9999.000,9999.000,9999.000,9999.000,9999.000,9999.000,9999.000
202608020354,   1.259,9999.000,9999.000,9999.000,9999.000,9999.000,9999.000,9999.000,9999.000
202608020400,   1.283,9999.000,   0.600,   0.125,   2.008,   0.500,   1.908,   0.600,   2.008
202608020406,   1.306,9999.000,9999.000,9999.000,9999.000,9999.000,9999.000,9999.000,9999.000
202608020412,   1.328,9999.000,9999.000,9999.000,9999.000,9999.000,9999.000,9999.000,9999.000
202608020418,   1.348,9999.000,9999.000,9999.000,9999.000,9999.000,9999.000,9999.000,9999.000
202608020424,   1.367,9999.000,9999.000,9999.000,9999.000,9999.000,9999.000,9999.000,9999.000
202608020430,   1.384,9999.000,9999.000,9999.000,9999.000,9999.000,9999.000,9999.000,9999.000
202608020436,   1.399,9999.000,9999.000,9999.000,9999.000,9999.000,9999.000,9999.000,9999.000
202608020442,   1.413,9999.000,9999.000,9999.000,9999.000,9999.000,9999.000,9999.000,9999.000
202608020448,   1.426,9999.000,9999.000,9999.000,9999.000,9999.000,9999.000,9999.000,9999.000
202608020454,   1.437,9999.000,9999.000,9999.000,9999.000,9999.000,9999.000,9999.000,9999.000
202608020500,   1.446,9999.000,   0.600,   0.125,   2.171,   0.500,   2.071,   0.600,   2.171
202608020506,   1.454,9999.000,9999.000,9999.000,9999.000,9999.000,9999.000,9999.000,9999.000
202608020512,   1.460,9999.000,9999.000,9999.000,9999.000,9999.000,9999.000,9999.000,9999.000
202608020518,   1.465,9999.000,9999.000,9999.000,9999.000,9999.000,9999.000,9999.000,9999.000
202608020524,   1.468,9999.000,9999.000,9999.000,9999.000,9999.000,9999.000,9999.000,9999.000
202608020530,   1.470,9999.000,9999.000,9999.000,9999.000,9999.000,9999.000,9999.000,9999.000
202608020536,   1.471,9999.000,9999.000,9999.000,9999.000,9999.000,9999.000,9999.000,9999.000
202608020542,   1.470,9999.000,9999.000,9999.000,9999.000,9999.000,9999.000,9999.000,9999.000
202608020548,   1.468,9999.000,9999.000,9999.000,9999.000,9999.000,9999.000,9999.000,9999.000
202608020554,   1.464,9999.000,9999.000,9999.000,9999.000,9999.000,9999.000,9999.000,9999.000
202608020600,   1.460,9999.000,   0.600,   0.125,   2.185,   0.500,   2.085,   0.600,   2.185
202608020606,   1.454,9999.000,9999.000,9999.000,9999.000,9999.000,9999.000,9999.000,9999.000
202608020612,   1.447,9999.000,9999.000,9999.000,9999.000,9999.000,9999.000,9999.000,9999.000
202608020618,   1.439,9999.000,9999.000,9999.000,9999.000,9999.000,9999.000,9999.000,9999.000
202608020624,   1.430,9999.000,9999.000,9999.000,9999.000,9999.000,9999.000,9999.000,9999.000
202608020630,   1.420,9999.000,9999.000,9999.000,9999.000,9999.000,9999.000,9999.000,9999.000
202608020636,   1.409,9999.000,9999.000,9999.000,9999.000,9999.000,9999.000,9999.000,9999.000
202608020642,   1.396,9999.000,9999.000,9999.000,9999.000,9999.000,9999.000,9999.000,9999.000
202608020648,   1.383,9999.000,9999.000,9999.000,9999.000,9999.000,9999.000,9999.000,9999.000
202608020654,   1.369,9999.000,9999.000,9999.000,9999.000,9999.000,9999.000,9999.000,9999.000
202608020700,   1.354,9999.000,   0.600,   0.125,   2.079,   0.500,   1.979,   0.600,   2.079
202608020706,   1.338,9999.000,9999.000,9999.000,9999.000,9999.000,9999.000,9999.000,9999.000
202608020712,   1.321,9999.000,9999.000,9999.000,9999.000,9999.000,9999.000,9999.000,9999.000
202608020718,   1.303,9999.000,9999.000,9999.000,9999.000,9999.000,9999.000,9999.000,9999.000
202608020724,   1.284,9999.000,9999.000,9999.000,9999.000,9999.000,9999.000,9999.000,9999.000
202608020730,   1.265,9999.000,9999.000,9999.000,9999.000,9999.000,9999.000,9999.000,9999.000
202608020736,   1.244,9999.000,9999.000,9999.000,9999.000,9999.000,9999.000,9999.000,9999.000
202608020742,   1.223,9999.000,9999.000,9999.000,9999.000,9999.000,9999.000,9999.000,9999.000
202608020748,   1.201,9999.000,9999.000,9999.000,9999.000,9999.000,9999.000,9999.000,9999.000
202608020754,   1.178,9999.000,9999.000,9999.000,9999.000,9999.000,9999.000,9999.000,9999.000
202608020800,   1.154,9999.000,   0.600,   0.125,   1.879,   0.500,   1.779,   0.600,   1.879
202608020806,   1.130,9999.000,9999.000,9999.000,9999.000,9999.000,9999.000,9999.000,9999.000
202608020812,   1.104,9999.000,9999.000,9999.000,9999.000,9999.000,9999.000,9999.000,9999.000
202608020818,   1.078,9999.000,9999.000,9999.000,9999.000,9999.000,9999.000,9999.000,9999.000
202608020824,   1.052,9999.000,9999.000,9999.000,9999.000,9999.000,9999.000,9999.000,9999.000
202608020830,   1.025,9999.000,9999.000,9999.000,9999.000,9999.000,9999.000,9999.000,9999.000
202608020836,   0.997,9999.000,9999.000,9999.000,9999.000,9999.000,9999.000,9999.000,9999.000
202608020842,   0.970,9999.000,9999.000,9999.000,9999.000,9999.000,9999.000,9999.000,9999.000
202608020848,   0.941,9999.000,9999.000,9999.000,9999.000,9999.000,9999.000,9999.000,9999.000
202608020854,   0.913,9999.000,9999.000,9999.000,9999.000,9999.000,9999.000,9999.000,9999.000
202608020900,   0.884,9999.000,   0.600,   0.125,   1.609,   0.600,   1.609,   0.700,   1.709
202608020906,   0.855,9999.000,9999.000,9999.000,9999.000,9999.000,9999.000,9999.000,9999.000
202608020912,   0.826,9999.000,9999.000,9999.000,9999.000,9999.000,9999.000,9999.000,9999.000
202608020918,   0.797,9999.000,9999.000,9999.000,9999.000,9999.000,9999.000,9999.000,9999.000
202608020924,   0.768,9999.000,9999.000,9999.000,9999.000,9999.000,9999.000,9999.000,9999.000
202608020930,   0.739,9999.000,9999.000,9999.000,9999.000,9999.000,9999.000,9999.000,9999.000
202608020936,   0.710,9999.000,9999.000,9999.000,9999.000,9999.000,9999.000,9999.000,9999.000
202608020942,   0.682,9999.000,9999.000,9999.000,9999.000,9999.000,9999.000,9999.000,9999.000
202608020948,   0.655,9999.000,9999.000,9999.000,9999.000,9999.000,9999.000,9999.000,9999.000
202608020954,   0.627,9999.000,9999.000,9999.000,9999.000,9999.000,9999.000,9999.000,9999.000
202608021000,   0.601,9999.000,   0.600,   0.125,   1.326,   0.600,   1.326,   0.700,   1.426
202608021006,   0.575,9999.000,9999.000,9999.000,9999.000,9999.000,9999.000,9999.000,9999.000
202608021012,   0.550,9999.000,9999.000,9999.000,9999.000,9999.000,9999.000,9999.000,9999.000
202608021018,   0.525,9999.000,9999.000,9999.000,9999.000,9999.000,9999.000,9999.000,9999.000
202608021024,   0.502,9999.000,9999.000,9999.000,9999.000,9999.000,9999.000,9999.000,9999.000
202608021030,   0.480,9999.000,9999.000,9999.000,9999.000,9999.000,9999.000,9999.000,9999.000
202608021036,   0.458,9999.000,9999.000,9999.000,9999.000,9999.000,9999.000,9999.000,9999.000
202608021042,   0.438,9999.000,9999.000,9999.000,9999.000,9999.000,9999.000,9999.000,9999.000
202608021048,   0.419,9999.000,9999.000,9999.000,9999.000,9999.000,9999.000,9999.000,9999.000
202608021054,   0.400,9999.000,9999.000,9999.000,9999.000,9999.000,9999.000,9999.000,9999.000
202608021100,   0.384,9999.000,   0.600,   0.125,   1.109,   0.600,   1.109,   0.700,   1.209
202608021106,   0.368,9999.000,9999.000,9999.000,9999.000,9999.000,9999.000,9999.000,9999.000
202608021112,   0.353,9999.000,9999.000,9999.000,9999.000,9999.000,9999.000,9999.000,9999.000
202608021118,   0.340,9999.000,9999.000,9999.000,9999.000,9999.000,9999.000,9999.000,9999.000
202608021124,   0.328,9999.000,9999.000,9999.000,9999.000,9999.000,9999.000,9999.000,9999.000
202608021130,   0.318,9999.000,9999.000,9999.000,9999.000,9999.000,9999.000,9999.000,9999.000
202608021136,   0.309,9999.000,9999.000,9999.000,9999.000,9999.000,9999.000,9999.000,9999.000
202608021142,   0.301,9999.000,9999.000,9999.000,9999.000,9999.000,9999.000,9999.000,9999.000
202608021148,   0.294,9999.000,9999.000,9999.000,9999.000,9999.000,9999.000,9999.000,9999.000
202608021154,   0.289,9999.000,9999.000,9999.000,9999.000,9999.000,9999.000,9999.000,9999.000
202608021200,   0.286,9999.000,   0.600,   0.125,   1.011,   0.600,   1.011,   0.700,   1.111
202608021206,   0.284,9999.000,9999.000,9999.000,9999.000,9999.000,9999.000,9999.000,9999.000
202608021212,   0.283,9999.000,9999.000,9999.000,9999.000,9999.000,9999.000,9999.000,9999.000
202608021218,   0.283,9999.000,9999.000,9999.000,9999.000,9999.000,9999.000,9999.000,9999.000
202608021224,   0.286,9999.000,9999.000,9999.000,9999.000,9999.000,9999.000,9999.000,9999.000
202608021230,   0.289,9999.000,9999.000,9999.000,9999.000,9999.000,9999.000,9999.000,9999.000
202608021236,   0.294,9999.000,9999.000,9999.000,9999.000,9999.000,9999.000,9999.000,9999.000
202608021242,   0.301,9999.000,9999.000,9999.000,9999.000,9999.000,9999.000,9999.000,9999.000
202608021248,   0.309,9999.000,9999.000,9999.000,9999.000,9999.000,9999.000,9999.000,9999.000
202608021254,   0.318,9999.000,9999.000,9999.000,9999.000,9999.000,9999.000,9999.000,9999.000
202608021300,   0.329,9999.000,   0.700,   0.125,   1.154,   0.600,   1.054,   0.700,   1.154
202608021306,   0.342,9999.000,9999.000,9999.000,9999.000,9999.000,9999.000,9999.000,9999.000
202608021312,   0.356,9999.000,9999.000,9999.000,9999.000,9999.000,9999.000,9999.000,9999.000
202608021318,   0.371,9999.000,9999.000,9999.000,9999.000,9999.000,9999.000,9999.000,9999.000
202608021324,   0.388,9999.000,9999.000,9999.000,9999.000,9999.000,9999.000,9999.000,9999.000
202608021330,   0.407,9999.000,9999.000,9999.000,9999.000,9999.000,9999.000,9999.000,9999.000
202608021336,   0.427,9999.000,9999.000,9999.000,9999.000,9999.000,9999.000,9999.000,9999.000
202608021342,   0.448,9999.000,9999.000,9999.000,9999.000,9999.000,9999.000,9999.000,9999.000
202608021348,   0.471,9999.000,9999.000,9999.000,9999.000,9999.000,9999.000,9999.000,9999.000
202608021354,   0.495,9999.000,9999.000,9999.000,9999.000,9999.000,9999.000,9999.000,9999.000
202608021400,   0.520,9999.000,   0.700,   0.125,   1.345,   0.600,   1.245,   0.700,   1.345
202608021406,   0.546,9999.000,9999.000,9999.000,9999.000,9999.000,9999.000,9999.000,9999.000
202608021412,   0.574,9999.000,9999.000,9999.000,9999.000,9999.000,9999.000,9999.000,9999.000
202608021418,   0.603,9999.000,9999.000,9999.000,9999.000,9999.000,9999.000,9999.000,9999.000
202608021424,   0.633,9999.000,9999.000,9999.000,9999.000,9999.000,9999.000,9999.000,9999.000
202608021430,   0.663,9999.000,9999.000,9999.000,9999.000,9999.000,9999.000,9999.000,9999.000
202608021436,   0.695,9999.000,9999.000,9999.000,9999.000,9999.000,9999.000,9999.000,9999.000
202608021442,   0.727,9999.000,9999.000,9999.000,9999.000,9999.000,9999.000,9999.000,9999.000
202608021448,   0.760,9999.000,9999.000,9999.000,9999.000,9999.000,9999.000,9999.000,9999.000
202608021454,   0.793,9999.000,9999.000,9999.000,9999.000,9999.000,9999.000,9999.000,9999.000
202608021500,   0.827,9999.000,   0.700,   0.125,   1.652,   0.600,   1.552,   0.700,   1.652
202608021506,   0.861,9999.000,9999.000,9999.000,9999.000,9999.000,9999.000,9999.000,9999.000
202608021512,   0.895,9999.000,9999.000,9999.000,9999.000,9999.000,9999.000,9999.000,9999.000
202608021518,   0.929,9999.000,9999.000,9999.000,9999.000,9999.000,9999.000,9999.000,9999.000
202608021524,   0.962,9999.000,9999.000,9999.000,9999.000,9999.000,9999.000,9999.000,9999.000
202608021530,   0.996,9999.000,9999.000,9999.000,9999.000,9999.000,9999.000,9999.000,9999.000
202608021536,   1.029,9999.000,9999.000,9999.000,9999.000,9999.000,9999.000,9999.000,9999.000
202608021542,   1.061,9999.000,9999.000,9999.000,9999.000,9999.000,9999.000,9999.000,9999.000
202608021548,   1.093,9999.000,9999.000,9999.000,9999.000,9999.000,9999.000,9999.000,9999.000
202608021554,   1.124,9999.000,9999.000,9999.000,9999.000,9999.000,9999.000,9999.000,9999.000
202608021600,   1.154,9999.000,   0.700,   0.125,   1.979,   0.600,   1.879,   0.700,   1.979
202608021606,   1.183,9999.000,9999.000,9999.000,9999.000,9999.000,9999.000,9999.000,9999.000
202608021612,   1.211,9999.000,9999.000,9999.000,9999.000,9999.000,9999.000,9999.000,9999.000
202608021618,   1.238,9999.000,9999.000,9999.000,9999.000,9999.000,9999.000,9999.000,9999.000
202608021624,   1.263,9999.000,9999.000,9999.000,9999.000,9999.000,9999.000,9999.000,9999.000
202608021630,   1.287,9999.000,9999.000,9999.000,9999.000,9999.000,9999.000,9999.000,9999.000
202608021636,   1.310,9999.000,9999.000,9999.000,9999.000,9999.000,9999.000,9999.000,9999.000
202608021642,   1.331,9999.000,9999.000,9999.000,9999.000,9999.000,9999.000,9999.000,9999.000
202608021648,   1.351,9999.000,9999.000,9999.000,9999.000,9999.000,9999.000,9999.000,9999.000
202608021654,   1.369,9999.000,9999.000,9999.000,9999.000,9999.000,9999.000,9999.000,9999.000
202608021700,   1.385,9999.000,   0.600,   0.125,   2.110,   0.600,   2.110,   0.700,   2.210
202608021706,   1.400,9999.000,9999.000,9999.000,9999.000,9999.000,9999.000,9999.000,9999.000
202608021712,   1.413,9999.000,9999.000,9999.000,9999.000,9999.000,9999.000,9999.000,9999.000
202608021718,   1.424,9999.000,9999.000,9999.000,9999.000,9999.000,9999.000,9999.000,9999.000
202608021724,   1.434,9999.000,9999.000,9999.000,9999.000,9999.000,9999.000,9999.000,9999.000
202608021730,   1.443,9999.000,9999.000,9999.000,9999.000,9999.000,9999.000,9999.000,9999.000
202608021736,   1.450,9999.000,9999.000,9999.000,9999.000,9999.000,9999.000,9999.000,9999.000
202608021742,   1.455,9999.000,9999.000,9999.000,9999.000,9999.000,9999.000,9999.000,9999.000
202608021748,   1.459,9999.000,9999.000,9999.000,9999.000,9999.000,9999.000,9999.000,9999.000
202608021754,   1.461,9999.000,9999.000,9999.000,9999.000,9999.000,9999.000,9999.000,9999.000
202608021800,   1.462,9999.000,   0.600,   0.125,   2.187,   0.600,   2.187,   0.700,   2.287
202608021806,   1.462,9999.000,9999.000,9999.000,9999.000,9999.000,9999.000,9999.000,9999.000
202608021812,   1.460,9999.000,9999.000,9999.000,9999.000,9999.000,9999.000,9999.000,9999.000
202608021818,   1.457,9999.000,9999.000,9999.000,9999.000,9999.000,9999.000,9999.000,9999.000
202608021824,   1.453,9999.000,9999.000,9999.000,9999.000,9999.000,9999.000,9999.000,9999.000
202608021830,   1.448,9999.000,9999.000,9999.000,9999.000,9999.000,9999.000,9999.000,9999.000
202608021836,   1.442,9999.000,9999.000,9999.000,9999.000,9999.000,9999.000,9999.000,9999.000
202608021842,   1.434,9999.000,9999.000,9999.000,9999.000,9999.000,9999.000,9999.000,9999.000
202608021848,   1.426,9999.000,9999.000,9999.000,9999.000,9999.000,9999.000,9999.000,9999.000
202608021854,   1.416,9999.000,9999.000,9999.000,9999.000,9999.000,9999.000,9999.000,9999.000
202608021900,   1.406,9999.000,   0.600,   0.125,   2.131,   0.600,   2.131,   0.700,   2.231
202608021906,   1.394,9999.000,9999.000,9999.000,9999.000,9999.000,9999.000,9999.000,9999.000
202608021912,   1.382,9999.000,9999.000,9999.000,9999.000,9999.000,9999.000,9999.000,9999.000
202608021918,   1.369,9999.000,9999.000,9999.000,9999.000,9999.000,9999.000,9999.000,9999.000
202608021924,   1.354,9999.000,9999.000,9999.000,9999.000,9999.000,9999.000,9999.000,9999.000
202608021930,   1.339,9999.000,9999.000,9999.000,9999.000,9999.000,9999.000,9999.000,9999.000
202608021936,   1.324,9999.000,9999.000,9999.000,9999.000,9999.000,9999.000,9999.000,9999.000
202608021942,   1.307,9999.000,9999.000,9999.000,9999.000,9999.000,9999.000,9999.000,9999.000
202608021948,   1.290,9999.000,9999.000,9999.000,9999.000,9999.000,9999.000,9999.000,9999.000
202608021954,   1.271,9999.000,9999.000,9999.000,9999.000,9999.000,9999.000,9999.000,9999.000
202608022000,   1.252,9999.000,   0.600,   0.125,   1.977,   0.600,   1.977,   0.700,   2.077
202608022006,   1.232,9999.000,9999.000,9999.000,9999.000,9999.000,9999.000,9999.000,9999.000
202608022012,   1.212,9999.000,9999.000,9999.000,9999.000,9999.000,9999.000,9999.000,9999.000
202608022018,   1.191,9999.000,9999.000,9999.000,9999.000,9999.000,9999.000,9999.000,9999.000
202608022024,   1.169,9999.000,9999.000,9999.000,9999.000,9999.000,9999.000,9999.000,9999.000
202608022030,   1.146,9999.000,9999.000,9999.000,9999.000,9999.000,9999.000,9999.000,9999.000
202608022036,   1.123,9999.000,9999.000,9999.000,9999.000,9999.000,9999.000,9999.000,9999.000
202608022042,   1.099,9999.000,9999.000,9999.000,9999.000,9999.000,9999.000,9999.000,9999.000
202608022048,   1.075,9999.000,9999.000,9999.000,9999.000,9999.000,9999.000,9999.000,9999.000
202608022054,   1.050,9999.000,9999.000,9999.000,9999.000,9999.000,9999.000,9999.000,9999.000
202608022100,   1.025,9999.000,   0.600,   0.125,   1.750,   0.600,   1.750,   0.700,   1.850
202608022106,   0.999,9999.000,9999.000,9999.000,9999.000,9999.000,9999.000,9999.000,9999.000
202608022112,   0.974,9999.000,9999.000,9999.000,9999.000,9999.000,9999.000,9999.000,9999.000
202608022118,   0.947,9999.000,9999.000,9999.000,9999.000,9999.000,9999.000,9999.000,9999.000
202608022124,   0.921,9999.000,9999.000,9999.000,9999.000,9999.000,9999.000,9999.000,9999.000
202608022130,   0.894,9999.000,9999.000,9999.000,9999.000,9999.000,9999.000,9999.000,9999.000
202608022136,   0.868,9999.000,9999.000,9999.000,9999.000,9999.000,9999.000,9999.000,9999.000
202608022142,   0.841,9999.000,9999.000,9999.000,9999.000,9999.000,9999.000,9999.000,9999.000
202608022148,   0.815,9999.000,9999.000,9999.000,9999.000,9999.000,9999.000,9999.000,9999.000
202608022154,   0.789,9999.000,9999.000,9999.000,9999.000,9999.000,9999.000,9999.000,9999.000
202608022200,   0.763,9999.000,   0.600,   0.125,   1.488,   0.600,   1.488,   0.700,   1.588
202608022206,   0.737,9999.000,9999.000,9999.000,9999.000,9999.000,9999.000,9999.000,9999.000
202608022212,   0.712,9999.000,9999.000,9999.000,9999.000,9999.000,9999.000,9999.000,9999.000
202608022218,   0.687,9999.000,9999.000,9999.000,9999.000,9999.000,9999.000,9999.000,9999.000
202608022224,   0.663,9999.000,9999.000,9999.000,9999.000,9999.000,9999.000,9999.000,9999.000
202608022230,   0.640,9999.000,9999.000,9999.000,9999.000,9999.000,9999.000,9999.000,9999.000
202608022236,   0.617,9999.000,9999.000,9999.000,9999.000,9999.000,9999.000,9999.000,9999.000
202608022242,   0.595,9999.000,9999.000,9999.000,9999.000,9999.000,9999.000,9999.000,9999.000
202608022248,   0.574,9999.000,9999.000,9999.000,9999.000,9999.000,9999.000,9999.000,9999.000
202608022254,   0.553,9999.000,9999.000,9999.000,9999.000,9999.000,9999.000,9999.000,9999.000
202608022300,   0.534,9999.000,   0.600,   0.125,   1.259,   0.600,   1.259,   0.700,   1.359
202608022306,   0.516,9999.000,9999.000,9999.000,9999.000,9999.000,9999.000,9999.000,9999.000
202608022312,   0.498,9999.000,9999.000,9999.000,9999.000,9999.000,9999.000,9999.000,9999.000
202608022318,   0.482,9999.000,9999.000,9999.000,9999.000,9999.000,9999.000,9999.000,9999.000
202608022324,   0.467,9999.000,9999.000,9999.000,9999.000,9999.000,9999.000,9999.000,9999.000
202608022330,   0.453,9999.000,9999.000,9999.000,9999.000,9999.000,9999.000,9999.000,9999.000
202608022336,   0.440,9999.000,9999.000,9999.000,9999.000,9999.000,9999.000,9999.000,9999.000
202608022342,   0.428,9999.000,9999.000,9999.000,9999.000,9999.000,9999.000,9999.000,9999.000
202608022348,   0.417,9999.000,9999.000,9999.000,9999.000,9999.000,9999.000,9999.000,9999.000
202608022354,   0.408,9999.000,9999.000,9999.000,9999.000,9999.000,9999.000,9999.000,9999.000
202608030000,   0.400,9999.000,   0.600,   0.125,   1.125,   0.500,   1.025,   0.700,   1.225
202608030006,   0.393,9999.000,9999.000,9999.000,9999.000,9999.000,9999.000,9999.000,9999.000
202608030012,   0.387,9999.000,9999.000,9999.000,9999.000,9999.000,9999.000,9999.000,9999.000
202608030018,   0.383,9999.000,9999.000,9999.000,9999.000,9999.000,9999.000,9999.000,9999.000
202608030024,   0.379,9999.000,9999.000,9999.000,9999.000,9999.000,9999.000,9999.000,9999.000
202608030030,   0.377,9999.000,9999.000,9999.000,9999.000,9999.000,9999.000,9999.000,9999.000
202608030036,   0.377,9999.000,9999.000,9999.000,9999.000,9999.000,9999.000,9999.000,9999.000
202608030042,   0.378,9999.000,9999.000,9999.000,9999.000,9999.000,9999.000,9999.000,9999.000
202608030048,   0.380,9999.000,9999.000,9999.000,9999.000,9999.000,9999.000,9999.000,9999.000
202608030054,   0.383,9999.000,9999.000,9999.000,9999.000,9999.000,9999.000,9999.000,9999.000
202608030100,   0.387,9999.000,   0.600,   0.125,   1.112,   0.500,   1.012,   0.700,   1.212
202608030106,   0.393,9999.000,9999.000,9999.000,9999.000,9999.000,9999.000,9999.000,9999.000
202608030112,   0.401,9999.000,9999.000,9999.000,9999.000,9999.000,9999.000,9999.000,9999.000
202608030118,   0.410,9999.000,9999.000,9999.000,9999.000,9999.000,9999.000,9999.000,9999.000
202608030124,   0.420,9999.000,9999.000,9999.000,9999.000,9999.000,9999.000,9999.000,9999.000
202608030130,   0.431,9999.000,9999.000,9999.000,9999.000,9999.000,9999.000,9999.000,9999.000
202608030136,   0.444,9999.000,9999.000,9999.000,9999.000,9999.000,9999.000,9999.000,9999.000
202608030142,   0.458,9999.000,9999.000,9999.000,9999.000,9999.000,9999.000,9999.000,9999.000
202608030148,   0.474,9999.000,9999.000,9999.000,9999.000,9999.000,9999.000,9999.000,9999.000
202608030154,   0.490,9999.000,9999.000,9999.000,9999.000,9999.000,9999.000,9999.000,9999.000
202608030200,   0.509,9999.000,   0.600,   0.125,   1.234,   0.500,   1.134,   0.700,   1.334
202608030206,   0.528,9999.000,9999.000,9999.000,9999.000,9999.000,9999.000,9999.000,9999.000
202608030212,   0.549,9999.000,9999.000,9999.000,9999.000,9999.000,9999.000,9999.000,9999.000
202608030218,   0.571,9999.000,9999.000,9999.000,9999.000,9999.000,9999.000,9999.000,9999.000
202608030224,   0.594,9999.000,9999.000,9999.000,9999.000,9999.000,9999.000,9999.000,9999.000
202608030230,   0.619,9999.000,9999.000,9999.000,9999.000,9999.000,9999.000,9999.000,9999.000
202608030236,   0.644,9999.000,9999.000,9999.000,9999.000,9999.000,9999.000,9999.000,9999.000
202608030242,   0.671,9999.000,9999.000,9999.000,9999.000,9999.000,9999.000,9999.000,9999.000
202608030248,   0.698,9999.000,9999.000,9999.000,9999.000,9999.000,9999.000,9999.000,9999.000
202608030254,   0.726,9999.000,9999.000,9999.000,9999.000,9999.000,9999.000,9999.000,9999.000
202608030300,   0.755,9999.000,   0.600,   0.125,   1.480,   0.500,   1.380,   0.700,   1.580
202608030306,   0.785,9999.000,9999.000,9999.000,9999.000,9999.000,9999.000,9999.000,9999.000
202608030312,   0.815,9999.000,9999.000,9999.000,9999.000,9999.000,9999.000,9999.000,9999.000
202608030318,   0.846,9999.000,9999.000,9999.000,9999.000,9999.000,9999.000,9999.000,9999.000
202608030324,   0.877,9999.000,9999.000,9999.000,9999.000,9999.000,9999.000,9999.000,9999.000
202608030330,   0.908,9999.000,9999.000,9999.000,9999.000,9999.000,9999.000,9999.000,9999.000
202608030336,   0.939,9999.000,9999.000,9999.000,9999.000,9999.000,9999.000,9999.000,9999.000
202608030342,   0.970,9999.000,9999.000,9999.000,9999.000,9999.000,9999.000,9999.000,9999.000
202608030348,   1.001,9999.000,9999.000,9999.000,9999.000,9999.000,9999.000,9999.000,9999.000
202608030354,   1.032,9999.000,9999.000,9999.000,9999.000,9999.000,9999.000,9999.000,9999.000
202608030400,   1.062,9999.000,   0.600,   0.125,   1.787,   0.500,   1.687,   0.700,   1.887
202608030406,   1.092,9999.000,9999.000,9999.000,9999.000,9999.000,9999.000,9999.000,9999.000
202608030412,   1.121,9999.000,9999.000,9999.000,9999.000,9999.000,9999.000,9999.000,9999.000
202608030418,   1.149,9999.000,9999.000,9999.000,9999.000,9999.000,9999.000,9999.000,9999.000
202608030424,   1.177,9999.000,9999.000,9999.000,9999.000,9999.000,9999.000,9999.000,9999.000
202608030430,   1.203,9999.000,9999.000,9999.000,9999.000,9999.000,9999.000,9999.000,9999.000
202608030436,   1.228,9999.000,9999.000,9999.000,9999.000,9999.000,9999.000,9999.000,9999.000
202608030442,   1.252,9999.000,9999.000,9999.000,9999.000,9999.000,9999.000,9999.000,9999.000
202608030448,   1.275,9999.000,9999.000,9999.000,9999.000,9999.000,9999.000,9999.000,9999.000
202608030454,   1.296,9999.000,9999.000,9999.000,9999.000,9999.000,9999.000,9999.000,9999.000
202608030500,   1.316,9999.000,   0.600,   0.125,   2.041,   0.500,   1.941,   0.700,   2.141
202608030506,   1.334,9999.000,9999.000,9999.000,9999.000,9999.000,9999.000,9999.000,9999.000
202608030512,   1.351,9999.000,9999.000,9999.000,9999.000,9999.000,9999.000,9999.000,9999.000
202608030518,   1.367,9999.000,9999.000,9999.000,9999.000,9999.000,9999.000,9999.000,9999.000
202608030524,   1.380,9999.000,9999.000,9999.000,9999.000,9999.000,9999.000,9999.000,9999.000
202608030530,   1.393,9999.000,9999.000,9999.000,9999.000,9999.000,9999.000,9999.000,9999.000
202608030536,   1.403,9999.000,9999.000,9999.000,9999.000,9999.000,9999.000,9999.000,9999.000
202608030542,   1.412,9999.000,9999.000,9999.000,9999.000,9999.000,9999.000,9999.000,9999.000
202608030548,   1.419,9999.000,9999.000,9999.000,9999.000,9999.000,9999.000,9999.000,9999.000
202608030554,   1.425,9999.000,9999.000,9999.000,9999.000,9999.000,9999.000,9999.000,9999.000
202608030600,   1.429,9999.000,   0.600,   0.125,   2.154,   0.400,   1.954,   0.700,   2.254
202608030606,   1.432,9999.000,9999.000,9999.000,9999.000,9999.000,9999.000,9999.000,9999.000
202608030612,   1.434,9999.000,9999.000,9999.000,9999.000,9999.000,9999.000,9999.000,9999.000
202608030618,   1.434,9999.000,9999.000,9999.000,9999.000,9999.000,9999.000,9999.000,9999.000
202608030624,   1.432,9999.000,9999.000,9999.000,9999.000,9999.000,9999.000,9999.000,9999.000
202608030630,   1.429,9999.000,9999.000,9999.000,9999.000,9999.000,9999.000,9999.000,9999.000
202608030636,   1.425,9999.000,9999.000,9999.000,9999.000,9999.000,9999.000,9999.000,9999.000
202608030642,   1.420,9999.000,9999.000,9999.000,9999.000,9999.000,9999.000,9999.000,9999.000
202608030648,   1.414,9999.000,9999.000,9999.000,9999.000,9999.000,9999.000,9999.000,9999.000
202608030654,   1.406,9999.000,9999.000,9999.000,9999.000,9999.000,9999.000,9999.000,9999.000
202608030700,   1.397,9999.000,   0.500,   0.125,   2.022,   0.400,   1.922,   0.700,   2.222
202608030706,   1.387,9999.000,9999.000,9999.000,9999.000,9999.000,9999.000,9999.000,9999.000
202608030712,   1.377,9999.000,9999.000,9999.000,9999.000,9999.000,9999.000,9999.000,9999.000
202608030718,   1.365,9999.000,9999.000,9999.000,9999.000,9999.000,9999.000,9999.000,9999.000
202608030724,   1.352,9999.000,9999.000,9999.000,9999.000,9999.000,9999.000,9999.000,9999.000
202608030730,   1.339,9999.000,9999.000,9999.000,9999.000,9999.000,9999.000,9999.000,9999.000
202608030736,   1.324,9999.000,9999.000,9999.000,9999.000,9999.000,9999.000,9999.000,9999.000
202608030742,   1.309,9999.000,9999.000,9999.000,9999.000,9999.000,9999.000,9999.000,9999.000
202608030748,   1.293,9999.000,9999.000,9999.000,9999.000,9999.000,9999.000,9999.000,9999.000
202608030754,   1.276,9999.000,9999.000,9999.000,9999.000,9999.000,9999.000,9999.000,9999.000
202608030800,   1.258,9999.000,   0.500,   0.125,   1.883,   0.400,   1.783,   0.700,   2.083
202608030806,   1.239,9999.000,9999.000,9999.000,9999.000,9999.000,9999.000,9999.000,9999.000
202608030812,   1.220,9999.000,9999.000,9999.000,9999.000,9999.000,9999.000,9999.000,9999.000
202608030818,   1.200,9999.000,9999.000,9999.000,9999.000,9999.000,9999.000,9999.000,9999.000
202608030824,   1.179,9999.000,9999.000,9999.000,9999.000,9999.000,9999.000,9999.000,9999.000
202608030830,   1.157,9999.000,9999.000,9999.000,9999.000,9999.000,9999.000,9999.000,9999.000
202608030836,   1.135,9999.000,9999.000,9999.000,9999.000,9999.000,9999.000,9999.000,9999.000
202608030842,   1.112,9999.000,9999.000,9999.000,9999.000,9999.000,9999.000,9999.000,9999.000
202608030848,   1.088,9999.000,9999.000,9999.000,9999.000,9999.000,9999.000,9999.000,9999.000
202608030854,   1.064,9999.000,9999.000,9999.000,9999.000,9999.000,9999.000,9999.000,9999.000
202608030900,   1.039,9999.000,   0.500,   0.125,   1.664,   0.400,   1.564,   0.600,   1.764
202608030906,   1.014,9999.000,9999.000,9999.000,9999.000,9999.000,9999.000,9999.000,9999.000
202608030912,   0.988,9999.000,9999.000,9999.000,9999.000,9999.000,9999.000,9999.000,9999.000
202608030918,   0.962,9999.000,9999.000,9999.000,9999.000,9999.000,9999.000,9999.000,9999.000
202608030924,   0.935,9999.000,9999.000,9999.000,9999.000,9999.000,9999.000,9999.000,9999.000
202608030930,   0.908,9999.000,9999.000,9999.000,9999.000,9999.000,9999.000,9999.000,9999.000
202608030936,   0.881,9999.000,9999.000,9999.000,9999.000,9999.000,9999.000,9999.000,9999.000
202608030942,   0.854,9999.000,9999.000,9999.000,9999.000,9999.000,9999.000,9999.000,9999.000
202608030948,   0.826,9999.000,9999.000,9999.000,9999.000,9999.000,9999.000,9999.000,9999.000
202608030954,   0.798,9999.000,9999.000,9999.000,9999.000,9999.000,9999.000,9999.000,9999.000
202608031000,   0.770,9999.000,   0.500,   0.125,   1.395,   0.400,   1.295,   0.600,   1.495
202608031006,   0.743,9999.000,9999.000,9999.000,9999.000,9999.000,9999.000,9999.000,9999.000
202608031012,   0.715,9999.000,9999.000,9999.000,9999.000,9999.000,9999.000,9999.000,9999.000
202608031018,   0.688,9999.000,9999.000,9999.000,9999.000,9999.000,9999.000,9999.000,9999.000
202608031024,   0.661,9999.000,9999.000,9999.000,9999.000,9999.000,9999.000,9999.000,9999.000
202608031030,   0.635,9999.000,9999.000,9999.000,9999.000,9999.000,9999.000,9999.000,9999.000
202608031036,   0.609,9999.000,9999.000,9999.000,9999.000,9999.000,9999.000,9999.000,9999.000
202608031042,   0.584,9999.000,9999.000,9999.000,9999.000,9999.000,9999.000,9999.000,9999.000
202608031048,   0.559,9999.000,9999.000,9999.000,9999.000,9999.000,9999.000,9999.000,9999.000
202608031054,   0.535,9999.000,9999.000,9999.000,9999.000,9999.000,9999.000,9999.000,9999.000
202608031100,   0.512,9999.000,   0.500,   0.125,   1.137,   0.300,   0.937,   0.600,   1.237
202608031106,   0.489,9999.000,9999.000,9999.000,9999.000,9999.000,9999.000,9999.000,9999.000
202608031112,   0.468,9999.000,9999.000,9999.000,9999.000,9999.000,9999.000,9999.000,9999.000
202608031118,   0.447,9999.000,9999.000,9999.000,9999.000,9999.000,9999.000,9999.000,9999.000
202608031124,   0.428,9999.000,9999.000,9999.000,9999.000,9999.000,9999.000,9999.000,9999.000
202608031130,   0.410,9999.000,9999.000,9999.000,9999.000,9999.000,9999.000,9999.000,9999.000
202608031136,   0.392,9999.000,9999.000,9999.000,9999.000,9999.000,9999.000,9999.000,9999.000
202608031142,   0.376,9999.000,9999.000,9999.000,9999.000,9999.000,9999.000,9999.000,9999.000
202608031148,   0.362,9999.000,9999.000,9999.000,9999.000,9999.000,9999.000,9999.000,9999.000
202608031154,   0.348,9999.000,9999.000,9999.000,9999.000,9999.000,9999.000,9999.000,9999.000
202608031200,   0.336,9999.000,   0.500,   0.125,   0.961,   0.300,   0.761,   0.600,   1.061
202608031206,   0.325,9999.000,9999.000,9999.000,9999.000,9999.000,9999.000,9999.000,9999.000
202608031212,   0.315,9999.000,9999.000,9999.000,9999.000,9999.000,9999.000,9999.000,9999.000
202608031218,   0.307,9999.000,9999.000,9999.000,9999.000,9999.000,9999.000,9999.000,9999.000
202608031224,   0.300,9999.000,9999.000,9999.000,9999.000,9999.000,9999.000,9999.000,9999.000
202608031230,   0.295,9999.000,9999.000,9999.000,9999.000,9999.000,9999.000,9999.000,9999.000
202608031236,   0.290,9999.000,9999.000,9999.000,9999.000,9999.000,9999.000,9999.000,9999.000
202608031242,   0.288,9999.000,9999.000,9999.000,9999.000,9999.000,9999.000,9999.000,9999.000
202608031248,   0.286,9999.000,9999.000,9999.000,9999.000,9999.000,9999.000,9999.000,9999.000
202608031254,   0.286,9999.000,9999.000,9999.000,9999.000,9999.000,9999.000,9999.000,9999.000
202608031300,   0.288,9999.000,   0.400,   0.125,   0.813,   0.300,   0.713,   0.600,   1.013
202608031306,   0.291,9999.000,9999.000,9999.000,9999.000,9999.000,9999.000,9999.000,9999.000
202608031312,   0.295,9999.000,9999.000,9999.000,9999.000,9999.000,9999.000,9999.000,9999.000
202608031318,   0.301,9999.000,9999.000,9999.000,9999.000,9999.000,9999.000,9999.000,9999.000
202608031324,   0.308,9999.000,9999.000,9999.000,9999.000,9999.000,9999.000,9999.000,9999.000
202608031330,   0.317,9999.000,9999.000,9999.000,9999.000,9999.000,9999.000,9999.000,9999.000
202608031336,   0.327,9999.000,9999.000,9999.000,9999.000,9999.000,9999.000,9999.000,9999.000
202608031342,   0.339,9999.000,9999.000,9999.000,9999.000,9999.000,9999.000,9999.000,9999.000
202608031348,   0.352,9999.000,9999.000,9999.000,9999.000,9999.000,9999.000,9999.000,9999.000
202608031354,   0.367,9999.000,9999.000,9999.000,9999.000,9999.000,9999.000,9999.000,9999.000
202608031400,   0.383,9999.000,   0.400,   0.125,   0.908,   0.300,   0.808,   0.600,   1.108
202608031406,   0.400,9999.000,9999.000,9999.000,9999.000,9999.000,9999.000,9999.000,9999.000
202608031412,   0.419,9999.000,9999.000,9999.000,9999.000,9999.000,9999.000,9999.000,9999.000
202608031418,   0.440,9999.000,9999.000,9999.000,9999.000,9999.000,9999.000,9999.000,9999.000
202608031424,   0.462,9999.000,9999.000,9999.000,9999.000,9999.000,9999.000,9999.000,9999.000
202608031430,   0.485,9999.000,9999.000,9999.000,9999.000,9999.000,9999.000,9999.000,9999.000
202608031436,   0.509,9999.000,9999.000,9999.000,9999.000,9999.000,9999.000,9999.000,9999.000
202608031442,   0.535,9999.000,9999.000,9999.000,9999.000,9999.000,9999.000,9999.000,9999.000
202608031448,   0.562,9999.000,9999.000,9999.000,9999.000,9999.000,9999.000,9999.000,9999.000
202608031454,   0.590,9999.000,9999.000,9999.000,9999.000,9999.000,9999.000,9999.000,9999.000
202608031500,   0.619,9999.000,   0.400,   0.125,   1.144,   0.300,   1.044,   0.600,   1.344
202608031506,   0.650,9999.000,9999.000,9999.000,9999.000,9999.000,9999.000,9999.000,9999.000
202608031512,   0.681,9999.000,9999.000,9999.000,9999.000,9999.000,9999.000,9999.000,9999.000
202608031518,   0.713,9999.000,9999.000,9999.000,9999.000,9999.000,9999.000,9999.000,9999.000
202608031524,   0.746,9999.000,9999.000,9999.000,9999.000,9999.000,9999.000,9999.000,9999.000
202608031530,   0.779,9999.000,9999.000,9999.000,9999.000,9999.000,9999.000,9999.000,9999.000
202608031536,   0.813,9999.000,9999.000,9999.000,9999.000,9999.000,9999.000,9999.000,9999.000
202608031542,   0.847,9999.000,9999.000,9999.000,9999.000,9999.000,9999.000,9999.000,9999.000
202608031548,   0.882,9999.000,9999.000,9999.000,9999.000,9999.000,9999.000,9999.000,9999.000
202608031554,   0.917,9999.000,9999.000,9999.000,9999.000,9999.000,9999.000,9999.000,9999.000
202608031600,   0.952,9999.000,   0.400,   0.125,   1.477,   0.300,   1.377,   0.600,   1.677
202608031606,   0.986,9999.000,9999.000,9999.000,9999.000,9999.000,9999.000,9999.000,9999.000
202608031612,   1.021,9999.000,9999.000,9999.000,9999.000,9999.000,9999.000,9999.000,9999.000
202608031618,   1.055,9999.000,9999.000,9999.000,9999.000,9999.000,9999.000,9999.000,9999.000
202608031624,   1.088,9999.000,9999.000,9999.000,9999.000,9999.000,9999.000,9999.000,9999.000
202608031630,   1.121,9999.000,9999.000,9999.000,9999.000,9999.000,9999.000,9999.000,9999.000
202608031636,   1.153,9999.000,9999.000,9999.000,9999.000,9999.000,9999.000,9999.000,9999.000
202608031642,   1.184,9999.000,9999.000,9999.000,9999.000,9999.000,9999.000,9999.000,9999.000
202608031648,   1.214,9999.000,9999.000,9999.000,9999.000,9999.000,9999.000,9999.000,9999.000
202608031654,   1.243,9999.000,9999.000,9999.000,9999.000,9999.000,9999.000,9999.000,9999.000
202608031700,   1.271,9999.000,   0.400,   0.125,   1.796,   0.200,   1.596,   0.600,   1.996
202608031706,   1.298,9999.000,9999.000,9999.000,9999.000,9999.000,9999.000,9999.000,9999.000
202608031712,   1.323,9999.000,9999.000,9999.000,9999.000,9999.000,9999.000,9999.000,9999.000
202608031718,   1.346,9999.000,9999.000,9999.000,9999.000,9999.000,9999.000,9999.000,9999.000
202608031724,   1.368,9999.000,9999.000,9999.000,9999.000,9999.000,9999.000,9999.000,9999.000
202608031730,   1.389,9999.000,9999.000,9999.000,9999.000,9999.000,9999.000,9999.000,9999.000
202608031736,   1.408,9999.000,9999.000,9999.000,9999.000,9999.000,9999.000,9999.000,9999.000
202608031742,   1.425,9999.000,9999.000,9999.000,9999.000,9999.000,9999.000,9999.000,9999.000
202608031748,   1.440,9999.000,9999.000,9999.000,9999.000,9999.000,9999.000,9999.000,9999.000
202608031754,   1.454,9999.000,9999.000,9999.000,9999.000,9999.000,9999.000,9999.000,9999.000
202608031800,   1.466,9999.000,   0.400,   0.125,   1.991,   0.200,   1.791,   0.600,   2.191
202608031806,   1.476,9999.000,9999.000,9999.000,9999.000,9999.000,9999.000,9999.000,9999.000
202608031812,   1.485,9999.000,9999.000,9999.000,9999.000,9999.000,9999.000,9999.000,9999.000
202608031818,   1.492,9999.000,9999.000,9999.000,9999.000,9999.000,9999.000,9999.000,9999.000
202608031824,   1.497,9999.000,9999.000,9999.000,9999.000,9999.000,9999.000,9999.000,9999.000
202608031830,   1.501,9999.000,9999.000,9999.000,9999.000,9999.000,9999.000,9999.000,9999.000
202608031836,   1.504,9999.000,9999.000,9999.000,9999.000,9999.000,9999.000,9999.000,9999.000
202608031842,   1.504,9999.000,9999.000,9999.000,9999.000,9999.000,9999.000,9999.000,9999.000
202608031848,   1.504,9999.000,9999.000,9999.000,9999.000,9999.000,9999.000,9999.000,9999.000
202608031854,   1.502,9999.000,9999.000,9999.000,9999.000,9999.000,9999.000,9999.000,9999.000
202608031900,   1.499,9999.000,   0.400,   0.125,   2.024,   0.200,   1.824,   0.600,   2.224
202608031906,   1.494,9999.000,9999.000,9999.000,9999.000,9999.000,9999.000,9999.000,9999.000
202608031912,   1.489,9999.000,9999.000,9999.000,9999.000,9999.000,9999.000,9999.000,9999.000
202608031918,   1.482,9999.000,9999.000,9999.000,9999.000,9999.000,9999.000,9999.000,9999.000
202608031924,   1.474,9999.000,9999.000,9999.000,9999.000,9999.000,9999.000,9999.000,9999.000
202608031930,   1.465,9999.000,9999.000,9999.000,9999.000,9999.000,9999.000,9999.000,9999.000
202608031936,   1.455,9999.000,9999.000,9999.000,9999.000,9999.000,9999.000,9999.000,9999.000
202608031942,   1.444,9999.000,9999.000,9999.000,9999.000,9999.000,9999.000,9999.000,9999.000
202608031948,   1.432,9999.000,9999.000,9999.000,9999.000,9999.000,9999.000,9999.000,9999.000
202608031954,   1.419,9999.000,9999.000,9999.000,9999.000,9999.000,9999.000,9999.000,9999.000
202608032000,   1.406,9999.000,   0.400,   0.125,   1.931,   0.200,   1.731,   0.500,   2.031
202608032006,   1.392,9999.000,9999.000,9999.000,9999.000,9999.000,9999.000,9999.000,9999.000
202608032012,   1.376,9999.000,9999.000,9999.000,9999.000,9999.000,9999.000,9999.000,9999.000
202608032018,   1.361,9999.000,9999.000,9999.000,9999.000,9999.000,9999.000,9999.000,9999.000
202608032024,   1.344,9999.000,9999.000,9999.000,9999.000,9999.000,9999.000,9999.000,9999.000
202608032030,   1.327,9999.000,9999.000,9999.000,9999.000,9999.000,9999.000,9999.000,9999.000
202608032036,   1.309,9999.000,9999.000,9999.000,9999.000,9999.000,9999.000,9999.000,9999.000
202608032042,   1.290,9999.000,9999.000,9999.000,9999.000,9999.000,9999.000,9999.000,9999.000
202608032048,   1.270,9999.000,9999.000,9999.000,9999.000,9999.000,9999.000,9999.000,9999.000
202608032054,   1.250,9999.000,9999.000,9999.000,9999.000,9999.000,9999.000,9999.000,9999.000
202608032100,   1.230,9999.000,   0.400,   0.125,   1.755,   0.200,   1.555,   0.500,   1.855
202608032106,   1.208,9999.000,9999.000,9999.000,9999.000,9999.000,9999.000,9999.000,9999.000
202608032112,   1.186,9999.000,9999.000,9999.000,9999.000,9999.000,9999.000,9999.000,9999.000
202608032118,   1.164,9999.000,9999.000,9999.000,9999.000,9999.000,9999.000,9999.000,9999.000
202608032124,   1.141,9999.000,9999.000,9999.000,9999.000,9999.000,9999.000,9999.000,9999.000
202608032130,   1.118,9999.000,9999.000,9999.000,9999.000,9999.000,9999.000,9999.000,9999.000
202608032136,   1.094,9999.000,9999.000,9999.000,9999.000,9999.000,9999.000,9999.000,9999.000
202608032142,   1.069,9999.000,9999.000,9999.000,9999.000,9999.000,9999.000,9999.000,9999.000
202608032148,   1.044,9999.000,9999.000,9999.000,9999.000,9999.000,9999.000,9999.000,9999.000
202608032154,   1.019,9999.000,9999.000,9999.000,9999.000,9999.000,9999.000,9999.000,9999.000
202608032200,   0.994,9999.000,   0.400,   0.125,   1.519,   0.200,   1.319,   0.500,   1.619
202608032206,   0.968,9999.000,9999.000,9999.000,9999.000,9999.000,9999.000,9999.000,9999.000
202608032212,   0.943,9999.000,9999.000,9999.000,9999.000,9999.000,9999.000,9999.000,9999.000
202608032218,   0.917,9999.000,9999.000,9999.000,9999.000,9999.000,9999.000,9999.000,9999.000
202608032224,   0.891,9999.000,9999.000,9999.000,9999.000,9999.000,9999.000,9999.000,9999.000
202608032230,   0.865,9999.000,9999.000,9999.000,9999.000,9999.000,9999.000,9999.000,9999.000
202608032236,   0.839,9999.000,9999.000,9999.000,9999.000,9999.000,9999.000,9999.000,9999.000
202608032242,   0.814,9999.000,9999.000,9999.000,9999.000,9999.000,9999.000,9999.000,9999.000
202608032248,   0.789,9999.000,9999.000,9999.000,9999.000,9999.000,9999.000,9999.000,9999.000
202608032254,   0.764,9999.000,9999.000,9999.000,9999.000,9999.000,9999.000,9999.000,9999.000
202608032300,   0.739,9999.000,   0.300,   0.125,   1.164,   0.100,   0.964,   0.500,   1.364
202608032306,   0.715,9999.000,9999.000,9999.000,9999.000,9999.000,9999.000,9999.000,9999.000
202608032312,   0.691,9999.000,9999.000,9999.000,9999.000,9999.000,9999.000,9999.000,9999.000
202608032318,   0.668,9999.000,9999.000,9999.000,9999.000,9999.000,9999.000,9999.000,9999.000
202608032324,   0.646,9999.000,9999.000,9999.000,9999.000,9999.000,9999.000,9999.000,9999.000
202608032330,   0.624,9999.000,9999.000,9999.000,9999.000,9999.000,9999.000,9999.000,9999.000
202608032336,   0.604,9999.000,9999.000,9999.000,9999.000,9999.000,9999.000,9999.000,9999.000
202608032342,   0.583,9999.000,9999.000,9999.000,9999.000,9999.000,9999.000,9999.000,9999.000
202608032348,   0.564,9999.000,9999.000,9999.000,9999.000,9999.000,9999.000,9999.000,9999.000
202608032354,   0.546,9999.000,9999.000,9999.000,9999.000,9999.000,9999.000,9999.000,9999.000
202608040000,   0.529,9999.000,   0.300,   0.125,   0.954,   0.100,   0.754,   0.500,   1.154
202608040006,   0.513,9999.000,9999.000,9999.000,9999.000,9999.000,9999.000,9999.000,9999.000
202608040012,   0.497,9999.000,9999.000,9999.000,9999.000,9999.000,9999.000,9999.000,9999.000
202608040018,   0.483,9999.000,9999.000,9999.000,9999.000,9999.000,9999.000,9999.000,9999.000
202608040024,   0.470,9999.000,9999.000,9999.000,9999.000,9999.000,9999.000,9999.000,9999.000
202608040030,   0.458,9999.000,9999.000,9999.000,9999.000,9999.000,9999.000,9999.000,9999.000
202608040036,   0.447,9999.000,9999.000,9999.000,9999.000,9999.000,9999.000,9999.000,9999.000
202608040042,   0.437,9999.000,9999.000,9999.000,9999.000,9999.000,9999.000,9999.000,9999.000
202608040048,   0.429,9999.000,9999.000,9999.000,9999.000,9999.000,9999.000,9999.000,9999.000
202608040054,   0.421,9999.000,9999.000,9999.000,9999.000,9999.000,9999.000,9999.000,9999.000
202608040100,   0.415,9999.000,   0.300,   0.125,   0.840,   0.100,   0.640,   0.500,   1.040
202608040106,   0.410,9999.000,9999.000,9999.000,9999.000,9999.000,9999.000,9999.000,9999.000
202608040112,   0.406,9999.000,9999.000,9999.000,9999.000,9999.000,9999.000,9999.000,9999.000
202608040118,   0.403,9999.000,9999.000,9999.000,9999.000,9999.000,9999.000,9999.000,9999.000
202608040124,   0.402,9999.000,9999.000,9999.000,9999.000,9999.000,9999.000,9999.000,9999.000
202608040130,   0.402,9999.000,9999.000,9999.000,9999.000,9999.000,9999.000,9999.000,9999.000
202608040136,   0.403,9999.000,9999.000,9999.000,9999.000,9999.000,9999.000,9999.000,9999.000
202608040142,   0.405,9999.000,9999.000,9999.000,9999.000,9999.000,9999.000,9999.000,9999.000
202608040148,   0.409,9999.000,9999.000,9999.000,9999.000,9999.000,9999.000,9999.000,9999.000
202608040154,   0.414,9999.000,9999.000,9999.000,9999.000,9999.000,9999.000,9999.000,9999.000
202608040200,   0.420,9999.000,   0.300,   0.125,   0.845,   0.100,   0.645,   0.500,   1.045
202608040206,   0.427,9999.000,9999.000,9999.000,9999.000,9999.000,9999.000,9999.000,9999.000
202608040212,   0.436,9999.000,9999.000,9999.000,9999.000,9999.000,9999.000,9999.000,9999.000
202608040218,   0.446,9999.000,9999.000,9999.000,9999.000,9999.000,9999.000,9999.000,9999.000
202608040224,   0.458,9999.000,9999.000,9999.000,9999.000,9999.000,9999.000,9999.000,9999.000
202608040230,   0.471,9999.000,9999.000,9999.000,9999.000,9999.000,9999.000,9999.000,9999.000
202608040236,   0.485,9999.000,9999.000,9999.000,9999.000,9999.000,9999.000,9999.000,9999.000
202608040242,   0.501,9999.000,9999.000,9999.000,9999.000,9999.000,9999.000,9999.000,9999.000
202608040248,   0.517,9999.000,9999.000,9999.000,9999.000,9999.000,9999.000,9999.000,9999.000
202608040254,   0.535,9999.000,9999.000,9999.000,9999.000,9999.000,9999.000,9999.000,9999.000
202608040300,   0.555,9999.000,   0.300,   0.125,   0.980,   0.100,   0.780,   0.500,   1.180
202608040306,   0.575,9999.000,9999.000,9999.000,9999.000,9999.000,9999.000,9999.000,9999.000
202608040312,   0.597,9999.000,9999.000,9999.000,9999.000,9999.000,9999.000,9999.000,9999.000
202608040318,   0.620,9999.000,9999.000,9999.000,9999.000,9999.000,9999.000,9999.000,9999.000
202608040324,   0.644,9999.000,9999.000,9999.000,9999.000,9999.000,9999.000,9999.000,9999.000
202608040330,   0.669,9999.000,9999.000,9999.000,9999.000,9999.000,9999.000,9999.000,9999.000
202608040336,   0.695,9999.000,9999.000,9999.000,9999.000,9999.000,9999.000,9999.000,9999.000
202608040342,   0.721,9999.000,9999.000,9999.000,9999.000,9999.000,9999.000,9999.000,9999.000
202608040348,   0.749,9999.000,9999.000,9999.000,9999.000,9999.000,9999.000,9999.000,9999.000
202608040354,   0.777,9999.000,9999.000,9999.000,9999.000,9999.000,9999.000,9999.000,9999.000
202608040400,   0.806,9999.000,   0.300,   0.125,   1.231,   0.100,   1.031,   0.500,   1.431
202608040406,   0.835,9999.000,9999.000,9999.000,9999.000,9999.000,9999.000,9999.000,9999.000
202608040412,   0.864,9999.000,9999.000,9999.000,9999.000,9999.000,9999.000,9999.000,9999.000
202608040418,   0.894,9999.000,9999.000,9999.000,9999.000,9999.000,9999.000,9999.000,9999.000
202608040424,   0.924,9999.000,9999.000,9999.000,9999.000,9999.000,9999.000,9999.000,9999.000
202608040430,   0.954,9999.000,9999.000,9999.000,9999.000,9999.000,9999.000,9999.000,9999.000
202608040436,   0.983,9999.000,9999.000,9999.000,9999.000,9999.000,9999.000,9999.000,9999.000
202608040442,   1.013,9999.000,9999.000,9999.000,9999.000,9999.000,9999.000,9999.000,9999.000
202608040448,   1.042,9999.000,9999.000,9999.000,9999.000,9999.000,9999.000,9999.000,9999.000
202608040454,   1.070,9999.000,9999.000,9999.000,9999.000,9999.000,9999.000,9999.000,9999.000
202608040500,   1.098,9999.000,   0.300,   0.125,   1.523,   0.100,   1.323,   0.500,   1.723
202608040506,   1.125,9999.000,9999.000,9999.000,9999.000,9999.000,9999.000,9999.000,9999.000
202608040512,   1.151,9999.000,9999.000,9999.000,9999.000,9999.000,9999.000,9999.000,9999.000
202608040518,   1.176,9999.000,9999.000,9999.000,9999.000,9999.000,9999.000,9999.000,9999.000
202608040524,   1.200,9999.000,9999.000,9999.000,9999.000,9999.000,9999.000,9999.000,9999.000
202608040530,   1.223,9999.000,9999.000,9999.000,9999.000,9999.000,9999.000,9999.000,9999.000
202608040536,   1.244,9999.000,9999.000,9999.000,9999.000,9999.000,9999.000,9999.000,9999.000
202608040542,   1.264,9999.000,9999.000,9999.000,9999.000,9999.000,9999.000,9999.000,9999.000
202608040548,   1.283,9999.000,9999.000,9999.000,9999.000,9999.000,9999.000,9999.000,9999.000
202608040554,   1.300,9999.000,9999.000,9999.000,9999.000,9999.000,9999.000,9999.000,9999.000
202608040600,   1.316,9999.000,   0.300,   0.125,   1.741,   0.100,   1.541,   0.500,   1.941
202608040606,   1.330,9999.000,9999.000,9999.000,9999.000,9999.000,9999.000,9999.000,9999.000
202608040612,   1.342,9999.000,9999.000,9999.000,9999.000,9999.000,9999.000,9999.000,9999.000
202608040618,   1.353,9999.000,9999.000,9999.000,9999.000,9999.000,9999.000,9999.000,9999.000
202608040624,   1.363,9999.000,9999.000,9999.000,9999.000,9999.000,9999.000,9999.000,9999.000
202608040630,   1.371,9999.000,9999.000,9999.000,9999.000,9999.000,9999.000,9999.000,9999.000
202608040636,   1.377,9999.000,9999.000,9999.000,9999.000,9999.000,9999.000,9999.000,9999.000
202608040642,   1.382,9999.000,9999.000,9999.000,9999.000,9999.000,9999.000,9999.000,9999.000
202608040648,   1.385,9999.000,9999.000,9999.000,9999.000,9999.000,9999.000,9999.000,9999.000
202608040654,   1.387,9999.000,9999.000,9999.000,9999.000,9999.000,9999.000,9999.000,9999.000
202608040700,   1.387,9999.000,   0.300,   0.125,   1.812,   0.100,   1.612,   0.400,   1.912
202608040706,   1.386,9999.000,9999.000,9999.000,9999.000,9999.000,9999.000,9999.000,9999.000
202608040712,   1.383,9999.000,9999.000,9999.000,9999.000,9999.000,9999.000,9999.000,9999.000
202608040718,   1.380,9999.000,9999.000,9999.000,9999.000,9999.000,9999.000,9999.000,9999.000
202608040724,   1.375,9999.000,9999.000,9999.000,9999.000,9999.000,9999.000,9999.000,9999.000
202608040730,   1.369,9999.000,9999.000,9999.000,9999.000,9999.000,9999.000,9999.000,9999.000
202608040736,   1.362,9999.000,9999.000,9999.000,9999.000,9999.000,9999.000,9999.000,9999.000
202608040742,   1.353,9999.000,9999.000,9999.000,9999.000,9999.000,9999.000,9999.000,9999.000
202608040748,   1.344,9999.000,9999.000,9999.000,9999.000,9999.000,9999.000,9999.000,9999.000
202608040754,   1.334,9999.000,9999.000,9999.000,9999.000,9999.000,9999.000,9999.000,9999.000
202608040800,   1.322,9999.000,   0.300,   0.125,   1.747,   0.100,   1.547,   0.400,   1.847
202608040806,   1.310,9999.000,9999.000,9999.000,9999.000,9999.000,9999.000,9999.000,9999.000
202608040812,   1.297,9999.000,9999.000,9999.000,9999.000,9999.000,9999.000,9999.000,9999.000
202608040818,   1.284,9999.000,9999.000,9999.000,9999.000,9999.000,9999.000,9999.000,9999.000
202608040824,   1.269,9999.000,9999.000,9999.000,9999.000,9999.000,9999.000,9999.000,9999.000
202608040830,   1.254,9999.000,9999.000,9999.000,9999.000,9999.000,9999.000,9999.000,9999.000
202608040836,   1.238,9999.000,9999.000,9999.000,9999.000,9999.000,9999.000,9999.000,9999.000
202608040842,   1.221,9999.000,9999.000,9999.000,9999.000,9999.000,9999.000,9999.000,9999.000
202608040848,   1.203,9999.000,9999.000,9999.000,9999.000,9999.000,9999.000,9999.000,9999.000
202608040854,   1.185,9999.000,9999.000,9999.000,9999.000,9999.000,9999.000,9999.000,9999.000
202608040900,   1.166,9999.000,   0.300,   0.125,   1.591,   0.100,   1.391,   0.400,   1.691
202608040906,   1.147,9999.000,9999.000,9999.000,9999.000,9999.000,9999.000,9999.000,9999.000
202608040912,   1.126,9999.000,9999.000,9999.000,9999.000,9999.000,9999.000,9999.000,9999.000
202608040918,   1.106,9999.000,9999.000,9999.000,9999.000,9999.000,9999.000,9999.000,9999.000
202608040924,   1.084,9999.000,9999.000,9999.000,9999.000,9999.000,9999.000,9999.000,9999.000
202608040930,   1.062,9999.000,9999.000,9999.000,9999.000,9999.000,9999.000,9999.000,9999.000
202608040936,   1.040,9999.000,9999.000,9999.000,9999.000,9999.000,9999.000,9999.000,9999.000
202608040942,   1.017,9999.000,9999.000,9999.000,9999.000,9999.000,9999.000,9999.000,9999.000
202608040948,   0.993,9999.000,9999.000,9999.000,9999.000,9999.000,9999.000,9999.000,9999.000
202608040954,   0.969,9999.000,9999.000,9999.000,9999.000,9999.000,9999.000,9999.000,9999.000
202608041000,   0.944,9999.000,   0.300,   0.125,   1.369,   0.100,   1.169,   0.400,   1.469
202608041006,   0.920,9999.000,9999.000,9999.000,9999.000,9999.000,9999.000,9999.000,9999.000
202608041012,   0.894,9999.000,9999.000,9999.000,9999.000,9999.000,9999.000,9999.000,9999.000
202608041018,   0.869,9999.000,9999.000,9999.000,9999.000,9999.000,9999.000,9999.000,9999.000
202608041024,   0.843,9999.000,9999.000,9999.000,9999.000,9999.000,9999.000,9999.000,9999.000
202608041030,   0.817,9999.000,9999.000,9999.000,9999.000,9999.000,9999.000,9999.000,9999.000
202608041036,   0.791,9999.000,9999.000,9999.000,9999.000,9999.000,9999.000,9999.000,9999.000
202608041042,   0.765,9999.000,9999.000,9999.000,9999.000,9999.000,9999.000,9999.000,9999.000
202608041048,   0.739,9999.000,9999.000,9999.000,9999.000,9999.000,9999.000,9999.000,9999.000
202608041054,   0.713,9999.000,9999.000,9999.000,9999.000,9999.000,9999.000,9999.000,9999.000
202608041100,   0.687,9999.000,   0.300,   0.125,   1.112,   0.100,   0.912,   0.400,   1.212
202608041106,   0.662,9999.000,9999.000,9999.000,9999.000,9999.000,9999.000,9999.000,9999.000
202608041112,   0.636,9999.000,9999.000,9999.000,9999.000,9999.000,9999.000,9999.000,9999.000
202608041118,   0.612,9999.000,9999.000,9999.000,9999.000,9999.000,9999.000,9999.000,9999.000
202608041124,   0.587,9999.000,9999.000,9999.000,9999.000,9999.000,9999.000,9999.000,9999.000
202608041130,   0.564,9999.000,9999.000,9999.000,9999.000,9999.000,9999.000,9999.000,9999.000
202608041136,   0.540,9999.000,9999.000,9999.000,9999.000,9999.000,9999.000,9999.000,9999.000
202608041142,   0.518,9999.000,9999.000,9999.000,9999.000,9999.000,9999.000,9999.000,9999.000
202608041148,   0.496,9999.000,9999.000,9999.000,9999.000,9999.000,9999.000,9999.000,9999.000
202608041154,   0.476,9999.000,9999.000,9999.000,9999.000,9999.000,9999.000,9999.000,9999.000
202608041200,   0.456,9999.000,   0.200,   0.125,   0.781,   0.100,   0.681,   0.400,   0.981
202608041206,   0.437,9999.000,9999.000,9999.000,9999.000,9999.000,9999.000,9999.000,9999.000
202608041212,   0.419,9999.000,9999.000,9999.000,9999.000,9999.000,9999.000,9999.000,9999.000
202608041218,   0.402,9999.000,9999.000,9999.000,9999.000,9999.000,9999.000,9999.000,9999.000
202608041224,   0.386,9999.000,9999.000,9999.000,9999.000,9999.000,9999.000,9999.000,9999.000
202608041230,   0.372,9999.000,9999.000,9999.000,9999.000,9999.000,9999.000,9999.000,9999.000
202608041236,   0.358,9999.000,9999.000,9999.000,9999.000,9999.000,9999.000,9999.000,9999.000
202608041242,   0.346,9999.000,9999.000,9999.000,9999.000,9999.000,9999.000,9999.000,9999.000
202608041248,   0.335,9999.000,9999.000,9999.000,9999.000,9999.000,9999.000,9999.000,9999.000
202608041254,   0.326,9999.000,9999.000,9999.000,9999.000,9999.000,9999.000,9999.000,9999.000
202608041300,   0.318,9999.000,   0.200,   0.125,   0.643,   0.100,   0.543,   0.400,   0.843
202608041306,   0.311,9999.000,9999.000,9999.000,9999.000,9999.000,9999.000,9999.000,9999.000
202608041312,   0.305,9999.000,9999.000,9999.000,9999.000,9999.000,9999.000,9999.000,9999.000
202608041318,   0.301,9999.000,9999.000,9999.000,9999.000,9999.000,9999.000,9999.000,9999.000
202608041324,   0.298,9999.000,9999.000,9999.000,9999.000,9999.000,9999.000,9999.000,9999.000
202608041330,   0.296,9999.000,9999.000,9999.000,9999.000,9999.000,9999.000,9999.000,9999.000
202608041336,   0.296,9999.000,9999.000,9999.000,9999.000,9999.000,9999.000,9999.000,9999.000
202608041342,   0.298,9999.000,9999.000,9999.000,9999.000,9999.000,9999.000,9999.000,9999.000
202608041348,   0.300,9999.000,9999.000,9999.000,9999.000,9999.000,9999.000,9999.000,9999.000
202608041354,   0.305,9999.000,9999.000,9999.000,9999.000,9999.000,9999.000,9999.000,9999.000
202608041400,   0.310,9999.000,   0.200,   0.125,   0.635,   0.100,   0.535,   0.400,   0.835
202608041406,   0.317,9999.000,9999.000,9999.000,9999.000,9999.000,9999.000,9999.000,9999.000
202608041412,   0.326,9999.000,9999.000,9999.000,9999.000,9999.000,9999.000,9999.000,9999.000
202608041418,   0.336,9999.000,9999.000,9999.000,9999.000,9999.000,9999.000,9999.000,9999.000
202608041424,   0.347,9999.000,9999.000,9999.000,9999.000,9999.000,9999.000,9999.000,9999.000
202608041430,   0.360,9999.000,9999.000,9999.000,9999.000,9999.000,9999.000,9999.000,9999.000
202608041436,   0.374,9999.000,9999.000,9999.000,9999.000,9999.000,9999.000,9999.000,9999.000
202608041442,   0.390,9999.000,9999.000,9999.000,9999.000,9999.000,9999.000,9999.000,9999.000
202608041448,   0.407,9999.000,9999.000,9999.000,9999.000,9999.000,9999.000,9999.000,9999.000
202608041454,   0.426,9999.000,9999.000,9999.000,9999.000,9999.000,9999.000,9999.000,9999.000
202608041500,   0.445,9999.000,   0.200,   0.125,   0.770,   0.100,   0.670,   0.400,   0.970
202608041506,   0.467,9999.000,9999.000,9999.000,9999.000,9999.000,9999.000,9999.000,9999.000
202608041512,   0.490,9999.000,9999.000,9999.000,9999.000,9999.000,9999.000,9999.000,9999.000
202608041518,   0.514,9999.000,9999.000,9999.000,9999.000,9999.000,9999.000,9999.000,9999.000
202608041524,   0.539,9999.000,9999.000,9999.000,9999.000,9999.000,9999.000,9999.000,9999.000
202608041530,   0.566,9999.000,9999.000,9999.000,9999.000,9999.000,9999.000,9999.000,9999.000
202608041536,   0.593,9999.000,9999.000,9999.000,9999.000,9999.000,9999.000,9999.000,9999.000
202608041542,   0.622,9999.000,9999.000,9999.000,9999.000,9999.000,9999.000,9999.000,9999.000
202608041548,   0.652,9999.000,9999.000,9999.000,9999.000,9999.000,9999.000,9999.000,9999.000
202608041554,   0.683,9999.000,9999.000,9999.000,9999.000,9999.000,9999.000,9999.000,9999.000
202608041600,   0.715,9999.000,   0.200,   0.125,   1.040,   0.100,   0.940,   0.400,   1.240
202608041606,   0.748,9999.000,9999.000,9999.000,9999.000,9999.000,9999.000,9999.000,9999.000
202608041612,   0.781,9999.000,9999.000,9999.000,9999.000,9999.000,9999.000,9999.000,9999.000
202608041618,   0.815,9999.000,9999.000,9999.000,9999.000,9999.000,9999.000,9999.000,9999.000
202608041624,   0.850,9999.000,9999.000,9999.000,9999.000,9999.000,9999.000,9999.000,9999.000
202608041630,   0.885,9999.000,9999.000,9999.000,9999.000,9999.000,9999.000,9999.000,9999.000
202608041636,   0.920,9999.000,9999.000,9999.000,9999.000,9999.000,9999.000,9999.000,9999.000
202608041642,   0.955,9999.000,9999.000,9999.000,9999.000,9999.000,9999.000,9999.000,9999.000
202608041648,   0.990,9999.000,9999.000,9999.000,9999.000,9999.000,9999.000,9999.000,9999.000
202608041654,   1.025,9999.000,9999.000,9999.000,9999.000,9999.000,9999.000,9999.000,9999.000
202608041700,   1.060,9999.000,   0.200,   0.125,   1.385,   0.100,   1.285,   0.400,   1.585
202608041706,   1.094,9999.000,9999.000,9999.000,9999.000,9999.000,9999.000,9999.000,9999.000
202608041712,   1.128,9999.000,9999.000,9999.000,9999.000,9999.000,9999.000,9999.000,9999.000
202608041718,   1.161,9999.000,9999.000,9999.000,9999.000,9999.000,9999.000,9999.000,9999.000
202608041724,   1.193,9999.000,9999.000,9999.000,9999.000,9999.000,9999.000,9999.000,9999.000
202608041730,   1.225,9999.000,9999.000,9999.000,9999.000,9999.000,9999.000,9999.000,9999.000
202608041736,   1.255,9999.000,9999.000,9999.000,9999.000,9999.000,9999.000,9999.000,9999.000
202608041742,   1.284,9999.000,9999.000,9999.000,9999.000,9999.000,9999.000,9999.000,9999.000
202608041748,   1.312,9999.000,9999.000,9999.000,9999.000,9999.000,9999.000,9999.000,9999.000
202608041754,   1.338,9999.000,9999.000,9999.000,9999.000,9999.000,9999.000,9999.000,9999.000
202608041800,   1.363,9999.000,   0.200,   0.125,   1.688,   0.100,   1.588,   0.400,   1.888
