        TIME,    TIDE,      OB,   SURGE,    BIAS,     TWL,SURGE90p,  TWL90p,SURGE10p,   TWL10p
202607091800,   3.834,9999.000,   0.700,9999.000,   4.534,   0.600,   4.434,   0.700,   4.534
202607091806,   4.168,9999.000,9999.000,9999.000,9999.000,9999.000,9999.000,9999.000,9999.000
202607091812,   4.518,9999.000,9999.000,9999.000,9999.000,9999.000,9999.000,9999.000,9999.000
202607091818,   4.884,9999.000,9999.000,9999.000,9999.000,9999.000,9999.000,9999.000,9999.000
202607091824,   5.262,9999.000,9999.000,9999.000,9999.000,9999.000,9999.000,9999.000,9999.000
202607091830,   5.653,9999.000,9999.000,9999.000,9999.000,9999.000,9999.000,9999.000,9999.000
202607091836,   6.054,9999.000,9999.000,9999.000,9999.000,9999.000,9999.000,9999.000,9999.000
202607091842,   6.465,9999.000,9999.000,9999.000,9999.000,9999.000,9999.000,9999.000,9999.000
202607091848,   6.883,9999.000,9999.000,9999.000,9999.000,9999.000,9999.000,9999.000,9999.000
202607091854,   7.307,9999.000,9999.000,9999.000,9999.000,9999.000,9999.000,9999.000,9999.000
202607091900,   7.736,   8.416,   0.700,  -0.020,   8.416,   0.600,   8.316,   0.700,   8.416
202607091906,   8.168,   8.836,9999.000,9999.000,9999.000,9999.000,9999.000,9999.000,9999.000
202607091912,   8.603,   9.265,9999.000,9999.000,9999.000,9999.000,9999.000,9999.000,9999.000
202607091918,   9.039,   9.689,9999.000,9999.000,9999.000,9999.000,9999.000,9999.000,9999.000
202607091924,   9.475,  10.108,9999.000,9999.000,9999.000,9999.000,9999.000,9999.000,9999.000
202607091930,   9.911,  10.528,9999.000,9999.000,9999.000,9999.000,9999.000,9999.000,9999.000
202607091936,  10.345,  10.925,9999.000,9999.000,9999.000,9999.000,9999.000,9999.000,9999.000
202607091942,  10.776,  11.345,9999.000,9999.000,9999.000,9999.000,9999.000,9999.000,9999.000
202607091948,  11.203,  11.778,9999.000,9999.000,9999.000,9999.000,9999.000,9999.000,9999.000
202607091954,  11.627,  12.188,9999.000,9999.000,9999.000,9999.000,9999.000,9999.000,9999.000
202607092000,  12.046,  12.585,   0.700,  -0.161,  12.585,   0.600,  12.485,   0.700,  12.585
202607092006,  12.460,  13.028,9999.000,9999.000,9999.000,9999.000,9999.000,9999.000,9999.000
202607092012,  12.868,  13.457,9999.000,9999.000,9999.000,9999.000,9999.000,9999.000,9999.000
202607092018,  13.269,  13.867,9999.000,9999.000,9999.000,9999.000,9999.000,9999.000,9999.000
202607092024,  13.664,  14.287,9999.000,9999.000,9999.000,9999.000,9999.000,9999.000,9999.000
202607092030,  14.050,  14.697,9999.000,9999.000,9999.000,9999.000,9999.000,9999.000,9999.000
202607092036,  14.429,  15.084,9999.000,9999.000,9999.000,9999.000,9999.000,9999.000,9999.000
202607092042,  14.798,  15.445,9999.000,9999.000,9999.000,9999.000,9999.000,9999.000,9999.000
202607092048,  15.158,  15.845,9999.000,9999.000,9999.000,9999.000,9999.000,9999.000,9999.000
202607092054,  15.507,  16.235,9999.000,9999.000,9999.000,9999.000,9999.000,9999.000,9999.000
202607092100,  15.846,  16.586,   0.700,   0.040,  16.586,   0.600,  16.486,   0.700,  16.586
202607092106,  16.172,  16.944,9999.000,9999.000,9999.000,9999.000,9999.000,9999.000,9999.000
202607092112,  16.486,  17.285,9999.000,9999.000,9999.000,9999.000,9999.000,9999.000,9999.000
202607092118,  16.786,  17.584,9999.000,9999.000,9999.000,9999.000,9999.000,9999.000,9999.000
202607092124,  17.071,  17.856,9999.000,9999.000,9999.000,9999.000,9999.000,9999.000,9999.000
202607092130,  17.341,  18.144,9999.000,9999.000,9999.000,9999.000,9999.000,9999.000,9999.000
202607092136,  17.595,  18.404,9999.000,9999.000,9999.000,9999.000,9999.000,9999.000,9999.000
202607092142,  17.831,  18.613,9999.000,9999.000,9999.000,9999.000,9999.000,9999.000,9999.000
202607092148,  18.049,  18.843,9999.000,9999.000,9999.000,9999.000,9999.000,9999.000,9999.000
202607092154,  18.248,  19.033,9999.000,9999.000,9999.000,9999.000,9999.000,9999.000,9999.000
202607092200,  18.426,  19.184,   0.700,   0.058,  19.184,   0.700,  19.184,   0.700,  19.184
202607092206,  18.583,  19.315,9999.000,9999.000,9999.000,9999.000,9999.000,9999.000,9999.000
202607092212,  18.719,  19.414,9999.000,9999.000,9999.000,9999.000,9999.000,9999.000,9999.000
202607092218,  18.832,  19.506,9999.000,9999.000,9999.000,9999.000,9999.000,9999.000,9999.000
202607092224,  18.922,  19.584,9999.000,9999.000,9999.000,9999.000,9999.000,9999.000,9999.000
202607092230,  18.987,  19.634,9999.000,9999.000,9999.000,9999.000,9999.000,9999.000,9999.000
202607092236,  19.029,  19.653,9999.000,9999.000,9999.000,9999.000,9999.000,9999.000,9999.000
202607092242,  19.047,  19.653,9999.000,9999.000,9999.000,9999.000,9999.000,9999.000,9999.000
202607092248,  19.039,  19.594,9999.000,9999.000,9999.000,9999.000,9999.000,9999.000,9999.000
202607092254,  19.007,  19.525,9999.000,9999.000,9999.000,9999.000,9999.000,9999.000,9999.000
202607092300,  18.950,  19.433,   0.700,  -0.217,  19.433,   0.700,  19.433,   0.800,  19.533
202607092306,  18.868,  19.335,9999.000,9999.000,9999.000,9999.000,9999.000,9999.000,9999.000
202607092312,  18.763,  19.224,9999.000,9999.000,9999.000,9999.000,9999.000,9999.000,9999.000
202607092318,  18.633,  19.053,9999.000,9999.000,9999.000,9999.000,9999.000,9999.000,9999.000
202607092324,  18.480,  18.876,9999.000,9999.000,9999.000,9999.000,9999.000,9999.000,9999.000
202607092330,  18.304,  18.695,9999.000,9999.000,9999.000,9999.000,9999.000,9999.000,9999.000
202607092336,  18.107,  18.495,9999.000,9999.000,9999.000,9999.000,9999.000,9999.000,9999.000
202607092342,  17.888,  18.276,9999.000,9999.000,9999.000,9999.000,9999.000,9999.000,9999.000
202607092348,  17.649,  18.046,9999.000,9999.000,9999.000,9999.000,9999.000,9999.000,9999.000
202607092354,  17.390,  17.803,9999.000,9999.000,9999.000,9999.000,9999.000,9999.000,9999.000
202607100000,  17.114,  17.554,   0.700,  -0.260,  17.554,   0.700,  17.554,   0.800,  17.654
202607100006,  16.820,  17.285,9999.000,9999.000,9999.000,9999.000,9999.000,9999.000,9999.000
202607100012,  16.511,  16.996,9999.000,9999.000,9999.000,9999.000,9999.000,9999.000,9999.000
202607100018,  16.186,  16.724,9999.000,9999.000,9999.000,9999.000,9999.000,9999.000,9999.000
202607100024,  15.848,  16.406,9999.000,9999.000,9999.000,9999.000,9999.000,9999.000,9999.000
202607100030,  15.497,  16.085,9999.000,9999.000,9999.000,9999.000,9999.000,9999.000,9999.000
202607100036,  15.135,  15.757,9999.000,9999.000,9999.000,9999.000,9999.000,9999.000,9999.000
202607100042,  14.763,  15.415,9999.000,9999.000,9999.000,9999.000,9999.000,9999.000,9999.000
202607100048,  14.382,  15.055,9999.000,9999.000,9999.000,9999.000,9999.000,9999.000,9999.000
202607100054,  13.993,  14.674,9999.000,9999.000,9999.000,9999.000,9999.000,9999.000,9999.000
202607100100,  13.597,  14.317,   0.700,   0.020,  14.317,   0.700,  14.317,   0.700,  14.317
202607100106,  13.196,  13.936,9999.000,9999.000,9999.000,9999.000,9999.000,9999.000,9999.000
202607100112,  12.789,  13.546,9999.000,9999.000,9999.000,9999.000,9999.000,9999.000,9999.000
202607100118,  12.379,  13.146,9999.000,9999.000,9999.000,9999.000,9999.000,9999.000,9999.000
202607100124,  11.967,  12.755,9999.000,9999.000,9999.000,9999.000,9999.000,9999.000,9999.000
202607100130,  11.552,  12.355,9999.000,9999.000,9999.000,9999.000,9999.000,9999.000,9999.000
202607100136,  11.136,  11.955,9999.000,9999.000,9999.000,9999.000,9999.000,9999.000,9999.000
202607100142,  10.720,  11.525,9999.000,9999.000,9999.000,9999.000,9999.000,9999.000,9999.000
202607100148,  10.304,  11.106,9999.000,9999.000,9999.000,9999.000,9999.000,9999.000,9999.000
202607100154,   9.889,  10.696,9999.000,9999.000,9999.000,9999.000,9999.000,9999.000,9999.000
202607100200,   9.476,  10.295,   0.700,   0.119,  10.295,   0.600,  10.195,   0.700,  10.295
202607100206,   9.066,   9.908,9999.000,9999.000,9999.000,9999.000,9999.000,9999.000,9999.000
202607100212,   8.658,   9.518,9999.000,9999.000,9999.000,9999.000,9999.000,9999.000,9999.000
202607100218,   8.254,   9.128,9999.000,9999.000,9999.000,9999.000,9999.000,9999.000,9999.000
202607100224,   7.854,   8.747,9999.000,9999.000,9999.000,9999.000,9999.000,9999.000,9999.000
202607100230,   7.459,   8.347,9999.000,9999.000,9999.000,9999.000,9999.000,9999.000,9999.000
202607100236,   7.068,   7.937,9999.000,9999.000,9999.000,9999.000,9999.000,9999.000,9999.000
202607100242,   6.683,   7.527,9999.000,9999.000,9999.000,9999.000,9999.000,9999.000,9999.000
202607100248,   6.304,   7.117,9999.000,9999.000,9999.000,9999.000,9999.000,9999.000,9999.000
202607100254,   5.932,   6.707,9999.000,9999.000,9999.000,9999.000,9999.000,9999.000,9999.000
202607100300,   5.567,   6.327,   0.700,   0.060,   6.327,   0.600,   6.227,   0.700,   6.327
202607100306,   5.209,   5.949,9999.000,9999.000,9999.000,9999.000,9999.000,9999.000,9999.000
202607100312,   4.859,   5.579,9999.000,9999.000,9999.000,9999.000,9999.000,9999.000,9999.000
202607100318,   4.518,   5.228,9999.000,9999.000,9999.000,9999.000,9999.000,9999.000,9999.000
202607100324,   4.186,   4.887,9999.000,9999.000,9999.000,9999.000,9999.000,9999.000,9999.000
202607100330,   3.864,   4.539,9999.000,9999.000,9999.000,9999.000,9999.000,9999.000,9999.000
202607100336,   3.553,   4.178,9999.000,9999.000,9999.000,9999.000,9999.000,9999.000,9999.000
202607100342,   3.254,   3.827,9999.000,9999.000,9999.000,9999.000,9999.000,9999.000,9999.000
202607100348,   2.967,   3.499,9999.000,9999.000,9999.000,9999.000,9999.000,9999.000,9999.000
202607100354,   2.693,   3.188,9999.000,9999.000,9999.000,9999.000,9999.000,9999.000,9999.000
202607100400,   2.432,   2.899,   0.700,  -0.233,   2.899,   0.600,   2.799,   0.700,   2.899
202607100406,   2.187,   2.640,9999.000,9999.000,9999.000,9999.000,9999.000,9999.000,9999.000
202607100412,   1.958,   2.420,9999.000,9999.000,9999.000,9999.000,9999.000,9999.000,9999.000
202607100418,   1.746,   2.191,9999.000,9999.000,9999.000,9999.000,9999.000,9999.000,9999.000
202607100424,   1.552,   1.990,9999.000,9999.000,9999.000,9999.000,9999.000,9999.000,9999.000
202607100430,   1.376,   1.800,9999.000,9999.000,9999.000,9999.000,9999.000,9999.000,9999.000
202607100436,   1.220,   1.649,9999.000,9999.000,9999.000,9999.000,9999.000,9999.000,9999.000
202607100442,   1.085,   1.498,9999.000,9999.000,9999.000,9999.000,9999.000,9999.000,9999.000
202607100448,   0.971,   1.400,9999.000,9999.000,9999.000,9999.000,9999.000,9999.000,9999.000
202607100454,   0.880,   1.308,9999.000,9999.000,9999.000,9999.000,9999.000,9999.000,9999.000
202607100500,   0.812,   1.269,   0.600,  -0.143,   1.269,   0.600,   1.269,   0.700,   1.369
202607100506,   0.768,   1.259,9999.000,9999.000,9999.000,9999.000,9999.000,9999.000,9999.000
202607100512,   0.748,   1.259,9999.000,9999.000,9999.000,9999.000,9999.000,9999.000,9999.000
202607100518,   0.753,   1.279,9999.000,9999.000,9999.000,9999.000,9999.000,9999.000,9999.000
202607100524,   0.783,   1.338,9999.000,9999.000,9999.000,9999.000,9999.000,9999.000,9999.000
202607100530,   0.838,   1.439,9999.000,9999.000,9999.000,9999.000,9999.000,9999.000,9999.000
202607100536,   0.919,   1.580,9999.000,9999.000,9999.000,9999.000,9999.000,9999.000,9999.000
202607100542,   1.024,   1.718,9999.000,9999.000,9999.000,9999.000,9999.000,9999.000,9999.000
202607100548,   1.155,   1.899,9999.000,9999.000,9999.000,9999.000,9999.000,9999.000,9999.000
202607100554,   1.310,   2.089,9999.000,9999.000,9999.000,9999.000,9999.000,9999.000,9999.000
202607100600,   1.489,   2.299,   0.600,   0.210,   2.299,   0.600,   2.299,   0.600,   2.299
202607100606,   1.691,   2.548,9999.000,9999.000,9999.000,9999.000,9999.000,9999.000,9999.000
202607100612,   1.915,   2.807,9999.000,9999.000,9999.000,9999.000,9999.000,9999.000,9999.000
202607100618,   2.161,   3.070,9999.000,9999.000,9999.000,9999.000,9999.000,9999.000,9999.000
202607100624,   2.427,   3.339,9999.000,9999.000,9999.000,9999.000,9999.000,9999.000,9999.000
202607100630,   2.712,   3.617,9999.000,9999.000,9999.000,9999.000,9999.000,9999.000,9999.000
202607100636,   3.015,   3.890,9999.000,9999.000,9999.000,9999.000,9999.000,9999.000,9999.000
202607100642,   3.335,   4.188,9999.000,9999.000,9999.000,9999.000,9999.000,9999.000,9999.000
202607100648,   3.669,   4.509,9999.000,9999.000,9999.000,9999.000,9999.000,9999.000,9999.000
202607100654,   4.018,   4.828,9999.000,9999.000,9999.000,9999.000,9999.000,9999.000,9999.000
202607100700,   4.379,   5.188,   0.600,   0.209,   5.188,   0.600,   5.188,   0.600,   5.188
202607100706,   4.750,   5.539,9999.000,9999.000,9999.000,9999.000,9999.000,9999.000,9999.000
202607100712,   5.132,   5.907,9999.000,9999.000,9999.000,9999.000,9999.000,9999.000,9999.000
202607100718,   5.521,   6.268,9999.000,9999.000,9999.000,9999.000,9999.000,9999.000,9999.000
202607100724,   5.917,   6.638,9999.000,9999.000,9999.000,9999.000,9999.000,9999.000,9999.000
202607100730,   6.319,   7.019,9999.000,9999.000,9999.000,9999.000,9999.000,9999.000,9999.000
202607100736,   6.726,   7.409,9999.000,9999.000,9999.000,9999.000,9999.000,9999.000,9999.000
202607100742,   7.136,   7.819,9999.000,9999.000,9999.000,9999.000,9999.000,9999.000,9999.000
202607100748,   7.548,   8.249,9999.000,9999.000,9999.000,9999.000,9999.000,9999.000,9999.000
202607100754,   7.962,   8.678,9999.000,9999.000,9999.000,9999.000,9999.000,9999.000,9999.000
202607100800,   8.376,   9.108,   0.600,   0.132,   9.108,   0.500,   9.008,   0.600,   9.108
202607100806,   8.789,   9.538,9999.000,9999.000,9999.000,9999.000,9999.000,9999.000,9999.000
202607100812,   9.202,   9.908,9999.000,9999.000,9999.000,9999.000,9999.000,9999.000,9999.000
202607100818,   9.613,  10.318,9999.000,9999.000,9999.000,9999.000,9999.000,9999.000,9999.000
202607100824,  10.021,  10.705,9999.000,9999.000,9999.000,9999.000,9999.000,9999.000,9999.000
202607100830,  10.426,  11.096,9999.000,9999.000,9999.000,9999.000,9999.000,9999.000,9999.000
202607100836,  10.828,  11.506,9999.000,9999.000,9999.000,9999.000,9999.000,9999.000,9999.000
202607100842,  11.225,  11.955,9999.000,9999.000,9999.000,9999.000,9999.000,9999.000,9999.000
202607100848,  11.618,  12.385,9999.000,9999.000,9999.000,9999.000,9999.000,9999.000,9999.000
202607100854,  12.005,  12.818,9999.000,9999.000,9999.000,9999.000,9999.000,9999.000,9999.000
202607100900,  12.386,  13.205,   0.600,   0.219,  13.205,   0.500,  13.105,   0.600,  13.205
202607100906,  12.760,  13.615,9999.000,9999.000,9999.000,9999.000,9999.000,9999.000,9999.000
202607100912,  13.127,  13.966,9999.000,9999.000,9999.000,9999.000,9999.000,9999.000,9999.000
202607100918,  13.485,  14.346,9999.000,9999.000,9999.000,9999.000,9999.000,9999.000,9999.000
202607100924,  13.835,  14.717,9999.000,9999.000,9999.000,9999.000,9999.000,9999.000,9999.000
202607100930,  14.174,  15.084,9999.000,9999.000,9999.000,9999.000,9999.000,9999.000,9999.000
202607100936,  14.503,  15.445,9999.000,9999.000,9999.000,9999.000,9999.000,9999.000,9999.000
202607100942,  14.821,  15.825,9999.000,9999.000,9999.000,9999.000,9999.000,9999.000,9999.000
202607100948,  15.125,  16.167,9999.000,9999.000,9999.000,9999.000,9999.000,9999.000,9999.000
202607100954,  15.416,  16.465,9999.000,9999.000,9999.000,9999.000,9999.000,9999.000,9999.000
202607101000,  15.693,  16.695,   0.600,   0.402,  16.695,   0.500,  16.595,   0.600,  16.695
202607101006,  15.954,  16.987,9999.000,9999.000,9999.000,9999.000,9999.000,9999.000,9999.000
202607101012,  16.198,  17.206,9999.000,9999.000,9999.000,9999.000,9999.000,9999.000,9999.000
202607101018,  16.424,  17.436,9999.000,9999.000,9999.000,9999.000,9999.000,9999.000,9999.000
202607101024,  16.632,  17.656,9999.000,9999.000,9999.000,9999.000,9999.000,9999.000,9999.000
202607101030,  16.820,  17.875,9999.000,9999.000,9999.000,9999.000,9999.000,9999.000,9999.000
202607101036,  16.988,  18.066,9999.000,9999.000,9999.000,9999.000,9999.000,9999.000,9999.000
202607101042,  17.134,  18.226,9999.000,9999.000,9999.000,9999.000,9999.000,9999.000,9999.000
202607101048,  17.259,  18.315,9999.000,9999.000,9999.000,9999.000,9999.000,9999.000,9999.000
202607101054,  17.360,  18.354,9999.000,9999.000,9999.000,9999.000,9999.000,9999.000,9999.000
202607101100,  17.439,  18.413,   0.600,   0.374,  18.413,   0.500,  18.313,   0.600,  18.413
202607101106,  17.494,  18.423,9999.000,9999.000,9999.000,9999.000,9999.000,9999.000,9999.000
202607101112,  17.526,  18.446,9999.000,9999.000,9999.000,9999.000,9999.000,9999.000,9999.000
202607101118,  17.533,  18.436,9999.000,9999.000,9999.000,9999.000,9999.000,9999.000,9999.000
202607101124,  17.517,  18.423,9999.000,9999.000,9999.000,9999.000,9999.000,9999.000,9999.000
202607101130,  17.476,  18.345,9999.000,9999.000,9999.000,9999.000,9999.000,9999.000,9999.000
202607101136,  17.412,  18.246,9999.000,9999.000,9999.000,9999.000,9999.000,9999.000,9999.000
202607101142,  17.325,  18.115,9999.000,9999.000,9999.000,9999.000,9999.000,9999.000,9999.000
202607101148,  17.215,  17.954,9999.000,9999.000,9999.000,9999.000,9999.000,9999.000,9999.000
202607101154,  17.082,  17.793,9999.000,9999.000,9999.000,9999.000,9999.000,9999.000,9999.000
202607101200,  16.928,  17.616,   0.700,  -0.012,  17.616,   0.600,  17.516,   0.700,  17.616
202607101206,  16.753,  17.456,9999.000,9999.000,9999.000,9999.000,9999.000,9999.000,9999.000
202607101212,  16.558,  17.226,9999.000,9999.000,9999.000,9999.000,9999.000,9999.000,9999.000
202607101218,  16.343,  17.026,9999.000,9999.000,9999.000,9999.000,9999.000,9999.000,9999.000
202607101224,  16.111,  16.826,9999.000,9999.000,9999.000,9999.000,9999.000,9999.000,9999.000
202607101230,  15.862,  16.606,9999.000,9999.000,9999.000,9999.000,9999.000,9999.000,9999.000
202607101236,  15.597,  16.357,9999.000,9999.000,9999.000,9999.000,9999.000,9999.000,9999.000
202607101242,  15.316,  16.104,9999.000,9999.000,9999.000,9999.000,9999.000,9999.000,9999.000
202607101248,  15.023,  15.806,9999.000,9999.000,9999.000,9999.000,9999.000,9999.000,9999.000
202607101254,  14.716,  15.484,9999.000,9999.000,9999.000,9999.000,9999.000,9999.000,9999.000
202607101300,  14.398,  15.196,   0.700,   0.098,  15.196,   0.600,  15.096,   0.700,  15.196
202607101306,  14.070,  14.907,9999.000,9999.000,9999.000,9999.000,9999.000,9999.000,9999.000
202607101312,  13.733,  14.615,9999.000,9999.000,9999.000,9999.000,9999.000,9999.000,9999.000
202607101318,  13.387,  14.287,9999.000,9999.000,9999.000,9999.000,9999.000,9999.000,9999.000
202607101324,  13.034,  13.956,9999.000,9999.000,9999.000,9999.000,9999.000,9999.000,9999.000
202607101330,  12.676,  13.595,9999.000,9999.000,9999.000,9999.000,9999.000,9999.000,9999.000
202607101336,  12.312,  13.238,9999.000,9999.000,9999.000,9999.000,9999.000,9999.000,9999.000
202607101342,  11.944,  12.887,9999.000,9999.000,9999.000,9999.000,9999.000,9999.000,9999.000
202607101348,  11.573,  12.536,9999.000,9999.000,9999.000,9999.000,9999.000,9999.000,9999.000
202607101354,  11.200,  12.188,9999.000,9999.000,9999.000,9999.000,9999.000,9999.000,9999.000
202607101400,  10.825,  11.837,   0.700,   0.312,  11.837,   0.600,  11.737,   0.700,  11.837
202607101406,  10.449,  11.447,9999.000,9999.000,9999.000,9999.000,9999.000,9999.000,9999.000
202607101412,  10.074,  11.056,9999.000,9999.000,9999.000,9999.000,9999.000,9999.000,9999.000
202607101418,   9.698,  10.656,9999.000,9999.000,9999.000,9999.000,9999.000,9999.000,9999.000
202607101424,   9.324,  10.256,9999.000,9999.000,9999.000,9999.000,9999.000,9999.000,9999.000
202607101430,   8.952,   9.885,9999.000,9999.000,9999.000,9999.000,9999.000,9999.000,9999.000
202607101436,   8.582,   9.528,9999.000,9999.000,9999.000,9999.000,9999.000,9999.000,9999.000
202607101442,   8.215,   9.167,9999.000,9999.000,9999.000,9999.000,9999.000,9999.000,9999.000
202607101448,   7.852,   8.806,9999.000,9999.000,9999.000,9999.000,9999.000,9999.000,9999.000
202607101454,   7.492,   8.459,9999.000,9999.000,9999.000,9999.000,9999.000,9999.000,9999.000
202607101500,   7.136,   8.088,   0.600,   0.352,   8.088,   0.600,   8.088,   0.700,   8.188
202607101506,   6.786,   7.717,9999.000,9999.000,9999.000,9999.000,9999.000,9999.000,9999.000
202607101512,   6.440,   7.357,9999.000,9999.000,9999.000,9999.000,9999.000,9999.000,9999.000
202607101518,   6.100,   6.989,9999.000,9999.000,9999.000,9999.000,9999.000,9999.000,9999.000
202607101524,   5.767,   6.619,9999.000,9999.000,9999.000,9999.000,9999.000,9999.000,9999.000
202607101530,   5.440,   6.268,9999.000,9999.000,9999.000,9999.000,9999.000,9999.000,9999.000
202607101536,   5.121,   5.926,9999.000,9999.000,9999.000,9999.000,9999.000,9999.000,9999.000
202607101542,   4.809,   5.589,9999.000,9999.000,9999.000,9999.000,9999.000,9999.000,9999.000
202607101548,   4.506,   5.238,9999.000,9999.000,9999.000,9999.000,9999.000,9999.000,9999.000
202607101554,   4.212,   4.939,9999.000,9999.000,9999.000,9999.000,9999.000,9999.000,9999.000
202607101600,   3.928,   4.657,   0.600,   0.129,   4.657,   0.600,   4.657,   0.700,   4.757
202607101606,   3.655,   4.339,9999.000,9999.000,9999.000,9999.000,9999.000,9999.000,9999.000
202607101612,   3.393,   4.037,9999.000,9999.000,9999.000,9999.000,9999.000,9999.000,9999.000
202607101618,   3.144,   3.788,9999.000,9999.000,9999.000,9999.000,9999.000,9999.000,9999.000
202607101624,   2.908,   3.509,9999.000,9999.000,9999.000,9999.000,9999.000,9999.000,9999.000
202607101630,   2.686,   3.240,9999.000,9999.000,9999.000,9999.000,9999.000,9999.000,9999.000
202607101636,   2.479,   2.997,9999.000,9999.000,9999.000,9999.000,9999.000,9999.000,9999.000
202607101642,   2.288,   2.787,9999.000,9999.000,9999.000,9999.000,9999.000,9999.000,9999.000
202607101648,   2.114,   2.587,9999.000,9999.000,9999.000,9999.000,9999.000,9999.000,9999.000
202607101654,   1.958,   2.387,9999.000,9999.000,9999.000,9999.000,9999.000,9999.000,9999.000
202607101700,   1.822,   2.250,   0.600,  -0.172,   2.250,   0.600,   2.250,   0.600,   2.250
202607101706,   1.705,   2.128,9999.000,9999.000,9999.000,9999.000,9999.000,9999.000,9999.000
202607101712,   1.610,   2.049,9999.000,9999.000,9999.000,9999.000,9999.000,9999.000,9999.000
202607101718,   1.536,   1.958,9999.000,9999.000,9999.000,9999.000,9999.000,9999.000,9999.000
202607101724,   1.485,   1.889,9999.000,9999.000,9999.000,9999.000,9999.000,9999.000,9999.000
202607101730,   1.457,   1.849,9999.000,9999.000,9999.000,9999.000,9999.000,9999.000,9999.000
202607101736,   1.454,   1.840,9999.000,9999.000,9999.000,9999.000,9999.000,9999.000,9999.000
202607101742,   1.474,   1.859,9999.000,9999.000,9999.000,9999.000,9999.000,9999.000,9999.000
202607101748,   1.520,   1.938,9999.000,9999.000,9999.000,9999.000,9999.000,9999.000,9999.000
202607101754,   1.590,   2.059,9999.000,9999.000,9999.000,9999.000,9999.000,9999.000,9999.000
202607101800,   1.685,   2.191,   0.700,  -0.194,   2.191,   0.700,   2.191,   0.800,   2.291
202607101806,   1.806,   2.348,9999.000,9999.000,9999.000,9999.000,9999.000,9999.000,9999.000
202607101812,   1.951,   2.528,9999.000,9999.000,9999.000,9999.000,9999.000,9999.000,9999.000
202607101818,   2.121,   2.748,9999.000,9999.000,9999.000,9999.000,9999.000,9999.000,9999.000
202607101824,   2.315,   2.978,9999.000,9999.000,9999.000,9999.000,9999.000,9999.000,9999.000
202607101830,   2.533,   3.207,9999.000,9999.000,9999.000,9999.000,9999.000,9999.000,9999.000
202607101836,   2.772,   3.470,9999.000,9999.000,9999.000,9999.000,9999.000,9999.000,9999.000
202607101842,   3.034,   3.719,9999.000,9999.000,9999.000,9999.000,9999.000,9999.000,9999.000
202607101848,   3.316,   4.017,9999.000,9999.000,9999.000,9999.000,9999.000,9999.000,9999.000
202607101854,   3.618,   4.309,9999.000,9999.000,9999.000,9999.000,9999.000,9999.000,9999.000
202607101900,   3.938,   4.618,   0.700,  -0.020,   4.618,   0.700,   4.618,   0.700,   4.618
202607101906,   4.275,   4.929,9999.000,9999.000,9999.000,9999.000,9999.000,9999.000,9999.000
202607101912,   4.627,   5.277,9999.000,9999.000,9999.000,9999.000,9999.000,9999.000,9999.000
202607101918,   4.994,   5.628,9999.000,9999.000,9999.000,9999.000,9999.000,9999.000,9999.000
202607101924,   5.374,   6.028,9999.000,9999.000,9999.000,9999.000,9999.000,9999.000,9999.000
202607101930,   5.765,   6.428,9999.000,9999.000,9999.000,9999.000,9999.000,9999.000,9999.000
202607101936,   6.167,   6.819,9999.000,9999.000,9999.000,9999.000,9999.000,9999.000,9999.000
202607101942,   6.577,   7.209,9999.000,9999.000,9999.000,9999.000,9999.000,9999.000,9999.000
202607101948,   6.995,   7.619,9999.000,9999.000,9999.000,9999.000,9999.000,9999.000,9999.000
202607101954,   7.419,   8.078,9999.000,9999.000,9999.000,9999.000,9999.000,9999.000,9999.000
202607102000,   7.848,   8.518,   0.700,  -0.030,   8.518,   0.700,   8.518,   0.700,   8.518
202607102006,   8.280,   8.957,9999.000,9999.000,9999.000,9999.000,9999.000,9999.000,9999.000
202607102012,   8.716,   9.407,9999.000,9999.000,9999.000,9999.000,9999.000,9999.000,9999.000
202607102018,   9.154,   9.856,9999.000,9999.000,9999.000,9999.000,9999.000,9999.000,9999.000
202607102024,   9.592,  10.276,9999.000,9999.000,9999.000,9999.000,9999.000,9999.000,9999.000
202607102030,  10.031,  10.676,9999.000,9999.000,9999.000,9999.000,9999.000,9999.000,9999.000
202607102036,  10.469,  11.047,9999.000,9999.000,9999.000,9999.000,9999.000,9999.000,9999.000
202607102042,  10.905,  11.457,9999.000,9999.000,9999.000,9999.000,9999.000,9999.000,9999.000
202607102048,  11.339,  11.896,9999.000,9999.000,9999.000,9999.000,9999.000,9999.000,9999.000
202607102054,  11.770,  12.326,9999.000,9999.000,9999.000,9999.000,9999.000,9999.000,9999.000
202607102100,  12.198,  12.805,   0.700,  -0.093,  12.805,   0.700,  12.805,   0.700,  12.805
202607102106,  12.622,  13.257,9999.000,9999.000,9999.000,9999.000,9999.000,9999.000,9999.000
202607102112,  13.041,  13.707,9999.000,9999.000,9999.000,9999.000,9999.000,9999.000,9999.000
202607102118,  13.454,  14.136,9999.000,9999.000,9999.000,9999.000,9999.000,9999.000,9999.000
202607102124,  13.861,  14.576,9999.000,9999.000,9999.000,9999.000,9999.000,9999.000,9999.000
202607102130,  14.261,  14.996,9999.000,9999.000,9999.000,9999.000,9999.000,9999.000,9999.000
202607102136,  14.654,  15.406,9999.000,9999.000,9999.000,9999.000,9999.000,9999.000,9999.000
202607102142,  15.038,  15.816,9999.000,9999.000,9999.000,9999.000,9999.000,9999.000,9999.000
202607102148,  15.412,  16.216,9999.000,9999.000,9999.000,9999.000,9999.000,9999.000,9999.000
202607102154,  15.777,  16.606,9999.000,9999.000,9999.000,9999.000,9999.000,9999.000,9999.000
202607102200,  16.130,  16.977,   0.700,   0.147,  16.977,   0.700,  16.977,   0.700,  16.977
202607102206,  16.471,  17.315,9999.000,9999.000,9999.000,9999.000,9999.000,9999.000,9999.000
202607102212,  16.799,  17.705,9999.000,9999.000,9999.000,9999.000,9999.000,9999.000,9999.000
202607102218,  17.112,  18.036,9999.000,9999.000,9999.000,9999.000,9999.000,9999.000,9999.000
202607102224,  17.410,  18.354,9999.000,9999.000,9999.000,9999.000,9999.000,9999.000,9999.000
202607102230,  17.691,  18.656,9999.000,9999.000,9999.000,9999.000,9999.000,9999.000,9999.000
202607102236,  17.955,  18.945,9999.000,9999.000,9999.000,9999.000,9999.000,9999.000,9999.000
202607102242,  18.200,  19.174,9999.000,9999.000,9999.000,9999.000,9999.000,9999.000,9999.000
202607102248,  18.426,  19.384,9999.000,9999.000,9999.000,9999.000,9999.000,9999.000,9999.000
202607102254,  18.630,  19.584,9999.000,9999.000,9999.000,9999.000,9999.000,9999.000,9999.000
202607102300,  18.813,  19.765,   0.700,   0.252,  19.765,   0.700,  19.765,   0.700,  19.765
202607102306,  18.973,  19.925,9999.000,9999.000,9999.000,9999.000,9999.000,9999.000,9999.000
202607102312,  19.110,  20.044,9999.000,9999.000,9999.000,9999.000,9999.000,9999.000,9999.000
202607102318,  19.223,  20.145,9999.000,9999.000,9999.000,9999.000,9999.000,9999.000,9999.000
202607102324,  19.311,  20.204,9999.000,9999.000,9999.000,9999.000,9999.000,9999.000,9999.000
202607102330,  19.374,  20.224,9999.000,9999.000,9999.000,9999.000,9999.000,9999.000,9999.000
202607102336,  19.412,  20.253,9999.000,9999.000,9999.000,9999.000,9999.000,9999.000,9999.000
202607102342,  19.424,  20.253,9999.000,9999.000,9999.000,9999.000,9999.000,9999.000,9999.000
202607102348,  19.410,  20.224,9999.000,9999.000,9999.000,9999.000,9999.000,9999.000,9999.000
202607102354,  19.371,  20.135,9999.000,9999.000,9999.000,9999.000,9999.000,9999.000,9999.000
202607110000,  19.306,  20.034,   0.700,   0.028,  20.034,   0.700,  20.034,   0.700,  20.034
202607110006,  19.216,  19.896,9999.000,9999.000,9999.000,9999.000,9999.000,9999.000,9999.000
202607110012,  19.101,  19.735,9999.000,9999.000,9999.000,9999.000,9999.000,9999.000,9999.000
202607110018,  18.962,  19.594,9999.000,9999.000,9999.000,9999.000,9999.000,9999.000,9999.000
202607110024,  18.799,  19.443,9999.000,9999.000,9999.000,9999.000,9999.000,9999.000,9999.000
202607110030,  18.614,  19.253,9999.000,9999.000,9999.000,9999.000,9999.000,9999.000,9999.000
202607110036,  18.406,  19.033,9999.000,9999.000,9999.000,9999.000,9999.000,9999.000,9999.000
202607110042,  18.178,  18.823,9999.000,9999.000,9999.000,9999.000,9999.000,9999.000,9999.000
202607110048,  17.929,  18.545,9999.000,9999.000,9999.000,9999.000,9999.000,9999.000,9999.000
202607110054,  17.661,  18.285,9999.000,9999.000,9999.000,9999.000,9999.000,9999.000,9999.000
202607110100,  17.375,  18.013,   0.700,  -0.062,  18.013,   0.700,  18.013,   0.800,  18.113
202607110106,  17.073,  17.754,9999.000,9999.000,9999.000,9999.000,9999.000,9999.000,9999.000
202607110112,  16.754,  17.465,9999.000,9999.000,9999.000,9999.000,9999.000,9999.000,9999.000
202607110118,  16.421,  17.164,9999.000,9999.000,9999.000,9999.000,9999.000,9999.000,9999.000
202607110124,  16.075,  16.816,9999.000,9999.000,9999.000,9999.000,9999.000,9999.000,9999.000
202607110130,  15.717,  16.436,9999.000,9999.000,9999.000,9999.000,9999.000,9999.000,9999.000
202607110136,  15.347,  16.065,9999.000,9999.000,9999.000,9999.000,9999.000,9999.000,9999.000
202607110142,  14.967,  15.675,9999.000,9999.000,9999.000,9999.000,9999.000,9999.000,9999.000
202607110148,  14.579,  15.284,9999.000,9999.000,9999.000,9999.000,9999.000,9999.000,9999.000
202607110154,  14.182,  14.917,9999.000,9999.000,9999.000,9999.000,9999.000,9999.000,9999.000
202607110200,  13.779,  14.556,   0.700,   0.077,  14.556,   0.700,  14.556,   0.800,  14.656
202607110206,  13.370,  14.176,9999.000,9999.000,9999.000,9999.000,9999.000,9999.000,9999.000
202607110212,  12.956,  13.746,9999.000,9999.000,9999.000,9999.000,9999.000,9999.000,9999.000
202607110218,  12.538,  13.316,9999.000,9999.000,9999.000,9999.000,9999.000,9999.000,9999.000
202607110224,  12.117,  12.867,9999.000,9999.000,9999.000,9999.000,9999.000,9999.000,9999.000
202607110230,  11.693,  12.427,9999.000,9999.000,9999.000,9999.000,9999.000,9999.000,9999.000
202607110236,  11.267,  11.998,9999.000,9999.000,9999.000,9999.000,9999.000,9999.000,9999.000
202607110242,  10.841,  11.588,9999.000,9999.000,9999.000,9999.000,9999.000,9999.000,9999.000
202607110248,  10.414,  11.197,9999.000,9999.000,9999.000,9999.000,9999.000,9999.000,9999.000
202607110254,   9.988,  10.787,9999.000,9999.000,9999.000,9999.000,9999.000,9999.000,9999.000
202607110300,   9.563,  10.358,   0.700,   0.095,  10.358,   0.700,  10.358,   0.800,  10.458
202607110306,   9.139,   9.948,9999.000,9999.000,9999.000,9999.000,9999.000,9999.000,9999.000
202607110312,   8.717,   9.538,9999.000,9999.000,9999.000,9999.000,9999.000,9999.000,9999.000
202607110318,   8.298,   9.108,9999.000,9999.000,9999.000,9999.000,9999.000,9999.000,9999.000
202607110324,   7.881,   8.688,9999.000,9999.000,9999.000,9999.000,9999.000,9999.000,9999.000
202607110330,   7.469,   8.288,9999.000,9999.000,9999.000,9999.000,9999.000,9999.000,9999.000
202607110336,   7.060,   7.858,9999.000,9999.000,9999.000,9999.000,9999.000,9999.000,9999.000
202607110342,   6.656,   7.458,9999.000,9999.000,9999.000,9999.000,9999.000,9999.000,9999.000
202607110348,   6.258,   7.038,9999.000,9999.000,9999.000,9999.000,9999.000,9999.000,9999.000
202607110354,   5.865,   6.609,9999.000,9999.000,9999.000,9999.000,9999.000,9999.000,9999.000
202607110400,   5.478,   6.209,   0.700,   0.031,   6.209,   0.700,   6.209,   0.800,   6.309
202607110406,   5.099,   5.808,9999.000,9999.000,9999.000,9999.000,9999.000,9999.000,9999.000
202607110412,   4.727,   5.418,9999.000,9999.000,9999.000,9999.000,9999.000,9999.000,9999.000
202607110418,   4.364,   5.028,9999.000,9999.000,9999.000,9999.000,9999.000,9999.000,9999.000
202607110424,   4.009,   4.618,9999.000,9999.000,9999.000,9999.000,9999.000,9999.000,9999.000
202607110430,   3.665,   4.237,9999.000,9999.000,9999.000,9999.000,9999.000,9999.000,9999.000
202607110436,   3.332,   3.860,9999.000,9999.000,9999.000,9999.000,9999.000,9999.000,9999.000
202607110442,   3.010,   3.460,9999.000,9999.000,9999.000,9999.000,9999.000,9999.000,9999.000
202607110448,   2.701,   3.089,9999.000,9999.000,9999.000,9999.000,9999.000,9999.000,9999.000
202607110454,   2.406,   2.758,9999.000,9999.000,9999.000,9999.000,9999.000,9999.000,9999.000
202607110500,   2.126,   2.479,   0.700,  -0.347,   2.479,   0.700,   2.479,   0.800,   2.579
202607110506,   1.861,   2.191,9999.000,9999.000,9999.000,9999.000,9999.000,9999.000,9999.000
202607110512,   1.613,   1.938,9999.000,9999.000,9999.000,9999.000,9999.000,9999.000,9999.000
202607110518,   1.384,   1.689,9999.000,9999.000,9999.000,9999.000,9999.000,9999.000,9999.000
202607110524,   1.173,   1.459,9999.000,9999.000,9999.000,9999.000,9999.000,9999.000,9999.000
202607110530,   0.982,   1.259,9999.000,9999.000,9999.000,9999.000,9999.000,9999.000,9999.000
202607110536,   0.813,   1.079,9999.000,9999.000,9999.000,9999.000,9999.000,9999.000,9999.000
202607110542,   0.665,   0.928,9999.000,9999.000,9999.000,9999.000,9999.000,9999.000,9999.000
202607110548,   0.540,   0.819,9999.000,9999.000,9999.000,9999.000,9999.000,9999.000,9999.000
202607110554,   0.439,   0.751,9999.000,9999.000,9999.000,9999.000,9999.000,9999.000,9999.000
202607110600,   0.363,   0.688,   0.700,  -0.375,   0.688,   0.600,   0.588,   0.700,   0.688
202607110606,   0.311,   0.649,9999.000,9999.000,9999.000,9999.000,9999.000,9999.000,9999.000
202607110612,   0.285,   0.629,9999.000,9999.000,9999.000,9999.000,9999.000,9999.000,9999.000
202607110618,   0.285,   0.639,9999.000,9999.000,9999.000,9999.000,9999.000,9999.000,9999.000
202607110624,   0.311,   0.659,9999.000,9999.000,9999.000,9999.000,9999.000,9999.000,9999.000
202607110630,   0.363,   0.751,9999.000,9999.000,9999.000,9999.000,9999.000,9999.000,9999.000
202607110636,   0.441,   0.879,9999.000,9999.000,9999.000,9999.000,9999.000,9999.000,9999.000
202607110642,   0.545,   1.039,9999.000,9999.000,9999.000,9999.000,9999.000,9999.000,9999.000
202607110648,   0.674,   1.200,9999.000,9999.000,9999.000,9999.000,9999.000,9999.000,9999.000
202607110654,   0.829,   1.380,9999.000,9999.000,9999.000,9999.000,9999.000,9999.000,9999.000
202607110700,   1.007,   1.590,   0.700,  -0.117,   1.590,   0.600,   1.490,   0.700,   1.590
202607110706,   1.209,   1.810,9999.000,9999.000,9999.000,9999.000,9999.000,9999.000,9999.000
202607110712,   1.433,   2.049,9999.000,9999.000,9999.000,9999.000,9999.000,9999.000,9999.000
202607110718,   1.679,   2.299,9999.000,9999.000,9999.000,9999.000,9999.000,9999.000,9999.000
202607110724,   1.946,   2.568,9999.000,9999.000,9999.000,9999.000,9999.000,9999.000,9999.000
202607110730,   2.231,   2.850,9999.000,9999.000,9999.000,9999.000,9999.000,9999.000,9999.000
202607110736,   2.535,   3.168,9999.000,9999.000,9999.000,9999.000,9999.000,9999.000,9999.000
202607110742,   2.855,   3.489,9999.000,9999.000,9999.000,9999.000,9999.000,9999.000,9999.000
202607110748,   3.190,   3.817,9999.000,9999.000,9999.000,9999.000,9999.000,9999.000,9999.000
202607110754,   3.539,   4.129,9999.000,9999.000,9999.000,9999.000,9999.000,9999.000,9999.000
202607110800,   3.901,   4.467,   0.700,  -0.134,   4.467,   0.600,   4.367,   0.700,   4.467
202607110806,   4.275,   4.837,9999.000,9999.000,9999.000,9999.000,9999.000,9999.000,9999.000
202607110812,   4.658,   5.198,9999.000,9999.000,9999.000,9999.000,9999.000,9999.000,9999.000
202607110818,   5.051,   5.628,9999.000,9999.000,9999.000,9999.000,9999.000,9999.000,9999.000
202607110824,   5.451,   6.038,9999.000,9999.000,9999.000,9999.000,9999.000,9999.000,9999.000
202607110830,   5.858,   6.448,9999.000,9999.000,9999.000,9999.000,9999.000,9999.000,9999.000
202607110836,   6.271,   6.868,9999.000,9999.000,9999.000,9999.000,9999.000,9999.000,9999.000
202607110842,   6.688,   7.317,9999.000,9999.000,9999.000,9999.000,9999.000,9999.000,9999.000
202607110848,   7.108,   7.737,9999.000,9999.000,9999.000,9999.000,9999.000,9999.000,9999.000
202607110854,   7.532,   8.177,9999.000,9999.000,9999.000,9999.000,9999.000,9999.000,9999.000
202607110900,   7.957,   8.616,   0.600,   0.059,   8.616,   0.600,   8.616,   0.700,   8.716
202607110906,   8.384,   9.069,9999.000,9999.000,9999.000,9999.000,9999.000,9999.000,9999.000
202607110912,   8.812,   9.489,9999.000,9999.000,9999.000,9999.000,9999.000,9999.000,9999.000
202607110918,   9.239,   9.928,9999.000,9999.000,9999.000,9999.000,9999.000,9999.000,9999.000
202607110924,   9.665,  10.348,9999.000,9999.000,9999.000,9999.000,9999.000,9999.000,9999.000
202607110930,  10.090,  10.787,9999.000,9999.000,9999.000,9999.000,9999.000,9999.000,9999.000
202607110936,  10.512,  11.188,9999.000,9999.000,9999.000,9999.000,9999.000,9999.000,9999.000
202607110942,  10.932,  11.637,9999.000,9999.000,9999.000,9999.000,9999.000,9999.000,9999.000
202607110948,  11.348,  12.076,9999.000,9999.000,9999.000,9999.000,9999.000,9999.000,9999.000
202607110954,  11.759,  12.506,9999.000,9999.000,9999.000,9999.000,9999.000,9999.000,9999.000
202607111000,  12.165,  12.926,   0.600,   0.161,  12.926,   0.600,  12.926,   0.700,  13.026
202607111006,  12.565,  13.365,9999.000,9999.000,9999.000,9999.000,9999.000,9999.000,9999.000
202607111012,  12.958,  13.775,9999.000,9999.000,9999.000,9999.000,9999.000,9999.000,9999.000
202607111018,  13.343,  14.176,9999.000,9999.000,9999.000,9999.000,9999.000,9999.000,9999.000
202607111024,  13.720,  14.546,9999.000,9999.000,9999.000,9999.000,9999.000,9999.000,9999.000
202607111030,  14.086,  14.917,9999.000,9999.000,9999.000,9999.000,9999.000,9999.000,9999.000
202607111036,  14.440,  15.284,9999.000,9999.000,9999.000,9999.000,9999.000,9999.000,9999.000
202607111042,  14.783,  15.645,9999.000,9999.000,9999.000,9999.000,9999.000,9999.000,9999.000
202607111048,  15.112,  15.986,9999.000,9999.000,9999.000,9999.000,9999.000,9999.000,9999.000
202607111054,  15.427,  16.295,9999.000,9999.000,9999.000,9999.000,9999.000,9999.000,9999.000
202607111100,  15.725,  16.606,   0.600,   0.281,  16.606,   0.600,  16.606,   0.600,  16.606
202607111106,  16.007,  16.885,9999.000,9999.000,9999.000,9999.000,9999.000,9999.000,9999.000
202607111112,  16.271,  17.164,9999.000,9999.000,9999.000,9999.000,9999.000,9999.000,9999.000
202607111118,  16.515,  17.446,9999.000,9999.000,9999.000,9999.000,9999.000,9999.000,9999.000
202607111124,  16.740,  17.685,9999.000,9999.000,9999.000,9999.000,9999.000,9999.000,9999.000
202607111130,  16.943,  17.895,9999.000,9999.000,9999.000,9999.000,9999.000,9999.000,9999.000
202607111136,  17.124,  18.066,9999.000,9999.000,9999.000,9999.000,9999.000,9999.000,9999.000
202607111142,  17.283,  18.213,9999.000,9999.000,9999.000,9999.000,9999.000,9999.000,9999.000
202607111148,  17.418,  18.345,9999.000,9999.000,9999.000,9999.000,9999.000,9999.000,9999.000
202607111154,  17.529,  18.436,9999.000,9999.000,9999.000,9999.000,9999.000,9999.000,9999.000
202607111200,  17.616,  18.505,   0.600,   0.289,  18.505,   0.600,  18.505,   0.600,  18.505
202607111206,  17.678,  18.564,9999.000,9999.000,9999.000,9999.000,9999.000,9999.000,9999.000
202607111212,  17.715,  18.584,9999.000,9999.000,9999.000,9999.000,9999.000,9999.000,9999.000
202607111218,  17.727,  18.564,9999.000,9999.000,9999.000,9999.000,9999.000,9999.000,9999.000
202607111224,  17.715,  18.535,9999.000,9999.000,9999.000,9999.000,9999.000,9999.000,9999.000
202607111230,  17.678,  18.466,9999.000,9999.000,9999.000,9999.000,9999.000,9999.000,9999.000
202607111236,  17.616,  18.374,9999.000,9999.000,9999.000,9999.000,9999.000,9999.000,9999.000
202607111242,  17.531,  18.256,9999.000,9999.000,9999.000,9999.000,9999.000,9999.000,9999.000
202607111248,  17.423,  18.105,9999.000,9999.000,9999.000,9999.000,9999.000,9999.000,9999.000
202607111254,  17.292,  17.944,9999.000,9999.000,9999.000,9999.000,9999.000,9999.000,9999.000
202607111300,  17.140,  17.793,   0.600,   0.053,  17.793,   0.600,  17.793,   0.600,  17.793
202607111306,  16.967,  17.607,9999.000,9999.000,9999.000,9999.000,9999.000,9999.000,9999.000
202607111312,  16.773,  17.416,9999.000,9999.000,9999.000,9999.000,9999.000,9999.000,9999.000
202607111318,  16.561,  17.206,9999.000,9999.000,9999.000,9999.000,9999.000,9999.000,9999.000
202607111324,  16.331,  16.964,9999.000,9999.000,9999.000,9999.000,9999.000,9999.000,9999.000
202607111330,  16.084,  16.714,9999.000,9999.000,9999.000,9999.000,9999.000,9999.000,9999.000
202607111336,  15.821,  16.475,9999.000,9999.000,9999.000,9999.000,9999.000,9999.000,9999.000
202607111342,  15.543,  16.226,9999.000,9999.000,9999.000,9999.000,9999.000,9999.000,9999.000
202607111348,  15.252,  15.957,9999.000,9999.000,9999.000,9999.000,9999.000,9999.000,9999.000
202607111354,  14.948,  15.684,9999.000,9999.000,9999.000,9999.000,9999.000,9999.000,9999.000
202607111400,  14.633,  15.376,   0.600,   0.143,  15.376,   0.600,  15.376,   0.600,  15.376
202607111406,  14.307,  15.055,9999.000,9999.000,9999.000,9999.000,9999.000,9999.000,9999.000
202607111412,  13.972,  14.727,9999.000,9999.000,9999.000,9999.000,9999.000,9999.000,9999.000
202607111418,  13.629,  14.405,9999.000,9999.000,9999.000,9999.000,9999.000,9999.000,9999.000
202607111424,  13.278,  14.067,9999.000,9999.000,9999.000,9999.000,9999.000,9999.000,9999.000
202607111430,  12.921,  13.736,9999.000,9999.000,9999.000,9999.000,9999.000,9999.000,9999.000
202607111436,  12.559,  13.385,9999.000,9999.000,9999.000,9999.000,9999.000,9999.000,9999.000
202607111442,  12.192,  13.005,9999.000,9999.000,9999.000,9999.000,9999.000,9999.000,9999.000
202607111448,  11.821,  12.647,9999.000,9999.000,9999.000,9999.000,9999.000,9999.000,9999.000
202607111454,  11.447,  12.267,9999.000,9999.000,9999.000,9999.000,9999.000,9999.000,9999.000
202607111500,  11.071,  11.886,   0.600,   0.215,  11.886,   0.600,  11.886,   0.700,  11.986
202607111506,  10.693,  11.525,9999.000,9999.000,9999.000,9999.000,9999.000,9999.000,9999.000
202607111512,  10.314,  11.178,9999.000,9999.000,9999.000,9999.000,9999.000,9999.000,9999.000
202607111518,   9.934,  10.807,9999.000,9999.000,9999.000,9999.000,9999.000,9999.000,9999.000
202607111524,   9.555,  10.436,9999.000,9999.000,9999.000,9999.000,9999.000,9999.000,9999.000
202607111530,   9.176,  10.056,9999.000,9999.000,9999.000,9999.000,9999.000,9999.000,9999.000
202607111536,   8.798,   9.646,9999.000,9999.000,9999.000,9999.000,9999.000,9999.000,9999.000
202607111542,   8.423,   9.265,9999.000,9999.000,9999.000,9999.000,9999.000,9999.000,9999.000
202607111548,   8.049,   8.888,9999.000,9999.000,9999.000,9999.000,9999.000,9999.000,9999.000
202607111554,   7.678,   8.518,9999.000,9999.000,9999.000,9999.000,9999.000,9999.000,9999.000
202607111600,   7.311,   8.137,   0.600,   0.226,   8.137,   0.600,   8.137,   0.700,   8.237
202607111606,   6.947,   7.727,9999.000,9999.000,9999.000,9999.000,9999.000,9999.000,9999.000
202607111612,   6.587,   7.347,9999.000,9999.000,9999.000,9999.000,9999.000,9999.000,9999.000
202607111618,   6.232,   6.966,9999.000,9999.000,9999.000,9999.000,9999.000,9999.000,9999.000
202607111624,   5.882,   6.599,9999.000,9999.000,9999.000,9999.000,9999.000,9999.000,9999.000
202607111630,   5.539,   6.258,9999.000,9999.000,9999.000,9999.000,9999.000,9999.000,9999.000
202607111636,   5.202,   5.897,9999.000,9999.000,9999.000,9999.000,9999.000,9999.000,9999.000
202607111642,   4.873,   5.549,9999.000,9999.000,9999.000,9999.000,9999.000,9999.000,9999.000
202607111648,   4.552,   5.179,9999.000,9999.000,9999.000,9999.000,9999.000,9999.000,9999.000
202607111654,   4.239,   4.847,9999.000,9999.000,9999.000,9999.000,9999.000,9999.000,9999.000
202607111700,   3.937,   4.490,   0.700,  -0.147,   4.490,   0.600,   4.390,   0.700,   4.490
202607111706,   3.645,   4.149,9999.000,9999.000,9999.000,9999.000,9999.000,9999.000,9999.000
202607111712,   3.365,   3.847,9999.000,9999.000,9999.000,9999.000,9999.000,9999.000,9999.000
202607111718,   3.098,   3.568,9999.000,9999.000,9999.000,9999.000,9999.000,9999.000,9999.000
202607111724,   2.845,   3.299,9999.000,9999.000,9999.000,9999.000,9999.000,9999.000,9999.000
202607111730,   2.606,   3.030,9999.000,9999.000,9999.000,9999.000,9999.000,9999.000,9999.000
202607111736,   2.383,   2.768,9999.000,9999.000,9999.000,9999.000,9999.000,9999.000,9999.000
202607111742,   2.177,   2.509,9999.000,9999.000,9999.000,9999.000,9999.000,9999.000,9999.000
202607111748,   1.990,   2.269,9999.000,9999.000,9999.000,9999.000,9999.000,9999.000,9999.000
202607111754,   1.821,   2.059,9999.000,9999.000,9999.000,9999.000,9999.000,9999.000,9999.000
202607111800,   1.673,   1.899,   0.700,  -0.474,   1.899,   0.700,   1.899,   0.700,   1.899
202607111806,   1.546,   1.767,9999.000,9999.000,9999.000,9999.000,9999.000,9999.000,9999.000
202607111812,   1.442,   1.669,9999.000,9999.000,9999.000,9999.000,9999.000,9999.000,9999.000
202607111818,   1.360,   1.571,9999.000,9999.000,9999.000,9999.000,9999.000,9999.000,9999.000
202607111824,   1.302,   1.498,9999.000,9999.000,9999.000,9999.000,9999.000,9999.000,9999.000
202607111830,   1.269,   1.449,9999.000,9999.000,9999.000,9999.000,9999.000,9999.000,9999.000
202607111836,   1.260,   1.420,9999.000,9999.000,9999.000,9999.000,9999.000,9999.000,9999.000
202607111842,   1.277,   1.449,9999.000,9999.000,9999.000,9999.000,9999.000,9999.000,9999.000
202607111848,   1.320,   1.498,9999.000,9999.000,9999.000,9999.000,9999.000,9999.000,9999.000
202607111854,   1.389,   1.610,9999.000,9999.000,9999.000,9999.000,9999.000,9999.000,9999.000
202607111900,   1.483,   1.748,   0.700,  -0.435,   1.748,   0.700,   1.748,   0.800,   1.848
202607111906,   1.604,   1.918,9999.000,9999.000,9999.000,9999.000,9999.000,9999.000,9999.000
202607111912,   1.749,   2.099,9999.000,9999.000,9999.000,9999.000,9999.000,9999.000,9999.000
202607111918,   1.920,   2.318,9999.000,9999.000,9999.000,9999.000,9999.000,9999.000,9999.000
202607111924,   2.115,   2.558,9999.000,9999.000,9999.000,9999.000,9999.000,9999.000,9999.000
202607111930,   2.334,   2.787,9999.000,9999.000,9999.000,9999.000,9999.000,9999.000,9999.000
202607111936,   2.575,   3.060,9999.000,9999.000,9999.000,9999.000,9999.000,9999.000,9999.000
202607111942,   2.839,   3.339,9999.000,9999.000,9999.000,9999.000,9999.000,9999.000,9999.000
202607111948,   3.123,   3.660,9999.000,9999.000,9999.000,9999.000,9999.000,9999.000,9999.000
202607111954,   3.427,   3.988,9999.000,9999.000,9999.000,9999.000,9999.000,9999.000,9999.000
202607112000,   3.750,   4.339,   0.700,  -0.111,   4.339,   0.700,   4.339,   0.800,   4.439
202607112006,   4.089,   4.690,9999.000,9999.000,9999.000,9999.000,9999.000,9999.000,9999.000
202607112012,   4.445,   5.038,9999.000,9999.000,9999.000,9999.000,9999.000,9999.000,9999.000
202607112018,   4.815,   5.389,9999.000,9999.000,9999.000,9999.000,9999.000,9999.000,9999.000
202607112024,   5.199,   5.769,9999.000,9999.000,9999.000,9999.000,9999.000,9999.000,9999.000
202607112030,   5.594,   6.169,9999.000,9999.000,9999.000,9999.000,9999.000,9999.000,9999.000
202607112036,   6.000,   6.579,9999.000,9999.000,9999.000,9999.000,9999.000,9999.000,9999.000
202607112042,   6.416,   7.009,9999.000,9999.000,9999.000,9999.000,9999.000,9999.000,9999.000
202607112048,   6.841,   7.468,9999.000,9999.000,9999.000,9999.000,9999.000,9999.000,9999.000
202607112054,   7.272,   7.937,9999.000,9999.000,9999.000,9999.000,9999.000,9999.000,9999.000
202607112100,   7.709,   8.396,   0.700,  -0.013,   8.396,   0.700,   8.396,   0.800,   8.496
202607112106,   8.152,   8.836,9999.000,9999.000,9999.000,9999.000,9999.000,9999.000,9999.000
202607112112,   8.599,   9.298,9999.000,9999.000,9999.000,9999.000,9999.000,9999.000,9999.000
202607112118,   9.049,   9.757,9999.000,9999.000,9999.000,9999.000,9999.000,9999.000,9999.000
202607112124,   9.501,  10.187,9999.000,9999.000,9999.000,9999.000,9999.000,9999.000,9999.000
202607112130,   9.955,  10.627,9999.000,9999.000,9999.000,9999.000,9999.000,9999.000,9999.000
202607112136,  10.410,  11.056,9999.000,9999.000,9999.000,9999.000,9999.000,9999.000,9999.000
202607112142,  10.865,  11.506,9999.000,9999.000,9999.000,9999.000,9999.000,9999.000,9999.000
202607112148,  11.318,  11.945,9999.000,9999.000,9999.000,9999.000,9999.000,9999.000,9999.000
202607112154,  11.771,  12.427,9999.000,9999.000,9999.000,9999.000,9999.000,9999.000,9999.000
202607112200,  12.221,  12.896,   0.700,  -0.025,  12.896,   0.700,  12.896,   0.700,  12.896
202607112206,  12.668,  13.365,9999.000,9999.000,9999.000,9999.000,9999.000,9999.000,9999.000
202607112212,  13.111,  13.815,9999.000,9999.000,9999.000,9999.000,9999.000,9999.000,9999.000
202607112218,  13.549,  14.254,9999.000,9999.000,9999.000,9999.000,9999.000,9999.000,9999.000
202607112224,  13.982,  14.697,9999.000,9999.000,9999.000,9999.000,9999.000,9999.000,9999.000
202607112230,  14.409,  15.137,9999.000,9999.000,9999.000,9999.000,9999.000,9999.000,9999.000
202607112236,  14.827,  15.586,9999.000,9999.000,9999.000,9999.000,9999.000,9999.000,9999.000
202607112242,  15.238,  16.035,9999.000,9999.000,9999.000,9999.000,9999.000,9999.000,9999.000
202607112248,  15.638,  16.485,9999.000,9999.000,9999.000,9999.000,9999.000,9999.000,9999.000
202607112254,  16.028,  16.914,9999.000,9999.000,9999.000,9999.000,9999.000,9999.000,9999.000
202607112300,  16.406,  17.295,   0.700,   0.189,  17.295,   0.700,  17.295,   0.700,  17.295
202607112306,  16.771,  17.685,9999.000,9999.000,9999.000,9999.000,9999.000,9999.000,9999.000
202607112312,  17.121,  18.036,9999.000,9999.000,9999.000,9999.000,9999.000,9999.000,9999.000
202607112318,  17.455,  18.374,9999.000,9999.000,9999.000,9999.000,9999.000,9999.000,9999.000
202607112324,  17.773,  18.676,9999.000,9999.000,9999.000,9999.000,9999.000,9999.000,9999.000
202607112330,  18.073,  18.974,9999.000,9999.000,9999.000,9999.000,9999.000,9999.000,9999.000
202607112336,  18.353,  19.286,9999.000,9999.000,9999.000,9999.000,9999.000,9999.000,9999.000
202607112342,  18.613,  19.545,9999.000,9999.000,9999.000,9999.000,9999.000,9999.000,9999.000
202607112348,  18.852,  19.794,9999.000,9999.000,9999.000,9999.000,9999.000,9999.000,9999.000
202607112354,  19.068,  20.014,9999.000,9999.000,9999.000,9999.000,9999.000,9999.000,9999.000
202607120000,  19.260,  20.224,   0.700,   0.264,  20.224,   0.700,  20.224,   0.700,  20.224
202607120006,  19.428,  20.365,9999.000,9999.000,9999.000,9999.000,9999.000,9999.000,9999.000
202607120012,  19.571,  20.493,9999.000,9999.000,9999.000,9999.000,9999.000,9999.000,9999.000
202607120018,  19.688,  20.595,9999.000,9999.000,9999.000,9999.000,9999.000,9999.000,9999.000
202607120024,  19.779,  20.683,9999.000,9999.000,9999.000,9999.000,9999.000,9999.000,9999.000
202607120030,  19.844,  20.745,9999.000,9999.000,9999.000,9999.000,9999.000,9999.000,9999.000
202607120036,  19.881,  20.785,9999.000,9999.000,9999.000,9999.000,9999.000,9999.000,9999.000
202607120042,  19.892,  20.785,9999.000,9999.000,9999.000,9999.000,9999.000,9999.000,9999.000
202607120048,  19.876,  20.736,9999.000,9999.000,9999.000,9999.000,9999.000,9999.000,9999.000
202607120054,  19.834,  20.654,9999.000,9999.000,9999.000,9999.000,9999.000,9999.000,9999.000
202607120100,  19.765,  20.555,   0.700,   0.090,  20.555,   0.700,  20.555,   0.700,  20.555
202607120106,  19.670,  20.424,9999.000,9999.000,9999.000,9999.000,9999.000,9999.000,9999.000
202607120112,  19.550,  20.273,9999.000,9999.000,9999.000,9999.000,9999.000,9999.000,9999.000
202607120118,  19.405,  20.116,9999.000,9999.000,9999.000,9999.000,9999.000,9999.000,9999.000
202607120124,  19.236,  19.916,9999.000,9999.000,9999.000,9999.000,9999.000,9999.000,9999.000
202607120130,  19.044,  19.716,9999.000,9999.000,9999.000,9999.000,9999.000,9999.000,9999.000
202607120136,  18.830,  19.506,9999.000,9999.000,9999.000,9999.000,9999.000,9999.000,9999.000
202607120142,  18.594,  19.263,9999.000,9999.000,9999.000,9999.000,9999.000,9999.000,9999.000
202607120148,  18.339,  19.004,9999.000,9999.000,9999.000,9999.000,9999.000,9999.000,9999.000
202607120154,  18.064,  18.735,9999.000,9999.000,9999.000,9999.000,9999.000,9999.000,9999.000
202607120200,  17.771,  18.436,   0.700,  -0.035,  18.436,   0.600,  18.336,   0.700,  18.436
202607120206,  17.461,  18.144,9999.000,9999.000,9999.000,9999.000,9999.000,9999.000,9999.000
202607120212,  17.135,  17.836,9999.000,9999.000,9999.000,9999.000,9999.000,9999.000,9999.000
202607120218,  16.794,  17.505,9999.000,9999.000,9999.000,9999.000,9999.000,9999.000,9999.000
202607120224,  16.440,  17.154,9999.000,9999.000,9999.000,9999.000,9999.000,9999.000,9999.000
202607120230,  16.073,  16.787,9999.000,9999.000,9999.000,9999.000,9999.000,9999.000,9999.000
202607120236,  15.695,  16.396,9999.000,9999.000,9999.000,9999.000,9999.000,9999.000,9999.000
202607120242,  15.307,  16.006,9999.000,9999.000,9999.000,9999.000,9999.000,9999.000,9999.000
202607120248,  14.909,  15.616,9999.000,9999.000,9999.000,9999.000,9999.000,9999.000,9999.000
202607120254,  14.502,  15.196,9999.000,9999.000,9999.000,9999.000,9999.000,9999.000,9999.000
202607120300,  14.088,  14.776,   0.600,   0.088,  14.776,   0.600,  14.776,   0.700,  14.876
202607120306,  13.668,  14.336,9999.000,9999.000,9999.000,9999.000,9999.000,9999.000,9999.000
202607120312,  13.241,  13.877,9999.000,9999.000,9999.000,9999.000,9999.000,9999.000,9999.000
202607120318,  12.810,  13.425,9999.000,9999.000,9999.000,9999.000,9999.000,9999.000,9999.000
202607120324,  12.375,  12.965,9999.000,9999.000,9999.000,9999.000,9999.000,9999.000,9999.000
202607120330,  11.936,  12.506,9999.000,9999.000,9999.000,9999.000,9999.000,9999.000,9999.000
202607120336,  11.495,  12.027,9999.000,9999.000,9999.000,9999.000,9999.000,9999.000,9999.000
202607120342,  11.051,  11.568,9999.000,9999.000,9999.000,9999.000,9999.000,9999.000,9999.000
202607120348,  10.606,  11.125,9999.000,9999.000,9999.000,9999.000,9999.000,9999.000,9999.000
202607120354,  10.160,  10.696,9999.000,9999.000,9999.000,9999.000,9999.000,9999.000,9999.000
202607120400,   9.715,  10.276,   0.600,  -0.039,  10.276,   0.600,  10.276,   0.600,  10.276
202607120406,   9.269,   9.836,9999.000,9999.000,9999.000,9999.000,9999.000,9999.000,9999.000
202607120412,   8.824,   9.397,9999.000,9999.000,9999.000,9999.000,9999.000,9999.000,9999.000
202607120418,   8.381,   8.928,9999.000,9999.000,9999.000,9999.000,9999.000,9999.000,9999.000
202607120424,   7.940,   8.468,9999.000,9999.000,9999.000,9999.000,9999.000,9999.000,9999.000
202607120430,   7.502,   8.049,9999.000,9999.000,9999.000,9999.000,9999.000,9999.000,9999.000
202607120436,   7.067,   7.609,9999.000,9999.000,9999.000,9999.000,9999.000,9999.000,9999.000
202607120442,   6.635,   7.147,9999.000,9999.000,9999.000,9999.000,9999.000,9999.000,9999.000
202607120448,   6.208,   6.697,9999.000,9999.000,9999.000,9999.000,9999.000,9999.000,9999.000
202607120454,   5.787,   6.228,9999.000,9999.000,9999.000,9999.000,9999.000,9999.000,9999.000
202607120500,   5.371,   5.769,   0.600,  -0.202,   5.769,   0.600,   5.769,   0.600,   5.769
202607120506,   4.962,   5.297,9999.000,9999.000,9999.000,9999.000,9999.000,9999.000,9999.000
202607120512,   4.560,   4.847,9999.000,9999.000,9999.000,9999.000,9999.000,9999.000,9999.000
202607120518,   4.167,   4.418,9999.000,9999.000,9999.000,9999.000,9999.000,9999.000,9999.000
202607120524,   3.783,   3.998,9999.000,9999.000,9999.000,9999.000,9999.000,9999.000,9999.000
202607120530,   3.409,   3.578,9999.000,9999.000,9999.000,9999.000,9999.000,9999.000,9999.000
202607120536,   3.047,   3.178,9999.000,9999.000,9999.000,9999.000,9999.000,9999.000,9999.000
202607120542,   2.697,   2.820,9999.000,9999.000,9999.000,9999.000,9999.000,9999.000,9999.000
202607120548,   2.361,   2.420,9999.000,9999.000,9999.000,9999.000,9999.000,9999.000,9999.000
202607120554,   2.039,   2.069,9999.000,9999.000,9999.000,9999.000,9999.000,9999.000,9999.000
202607120600,   1.733,   1.718,   0.500,  -0.515,   1.718,   0.500,   1.718,   0.500,   1.718
202607120606,   1.444,   1.390,9999.000,9999.000,9999.000,9999.000,9999.000,9999.000,9999.000
202607120612,   1.173,   1.079,9999.000,9999.000,9999.000,9999.000,9999.000,9999.000,9999.000
202607120618,   0.922,   0.810,9999.000,9999.000,9999.000,9999.000,9999.000,9999.000,9999.000
202607120624,   0.691,   0.580,9999.000,9999.000,9999.000,9999.000,9999.000,9999.000,9999.000
202607120630,   0.482,   0.380,9999.000,9999.000,9999.000,9999.000,9999.000,9999.000,9999.000
202607120636,   0.295,   0.209,9999.000,9999.000,9999.000,9999.000,9999.000,9999.000,9999.000
202607120642,   0.132,   0.068,9999.000,9999.000,9999.000,9999.000,9999.000,9999.000,9999.000
202607120648,  -0.005,  -0.059,9999.000,9999.000,9999.000,9999.000,9999.000,9999.000,9999.000
202607120654,  -0.118,  -0.180,9999.000,9999.000,9999.000,9999.000,9999.000,9999.000,9999.000
202607120700,  -0.205,  -0.278,   0.500,  -0.573,  -0.278,   0.500,  -0.278,   0.500,  -0.278
202607120706,  -0.265,  -0.350,9999.000,9999.000,9999.000,9999.000,9999.000,9999.000,9999.000
202607120712,  -0.299,  -0.370,9999.000,9999.000,9999.000,9999.000,9999.000,9999.000,9999.000
202607120718,  -0.305,  -0.350,9999.000,9999.000,9999.000,9999.000,9999.000,9999.000,9999.000
202607120724,  -0.284,  -0.278,9999.000,9999.000,9999.000,9999.000,9999.000,9999.000,9999.000
202607120730,  -0.235,  -0.170,9999.000,9999.000,9999.000,9999.000,9999.000,9999.000,9999.000
202607120736,  -0.159,  -0.068,9999.000,9999.000,9999.000,9999.000,9999.000,9999.000,9999.000
202607120742,  -0.057,   0.068,9999.000,9999.000,9999.000,9999.000,9999.000,9999.000,9999.000
202607120748,   0.071,   0.239,9999.000,9999.000,9999.000,9999.000,9999.000,9999.000,9999.000
202607120754,   0.226,   0.419,9999.000,9999.000,9999.000,9999.000,9999.000,9999.000,9999.000
202607120800,   0.406,   0.619,   0.500,  -0.287,   0.619,   0.400,   0.519,   0.500,   0.619
202607120806,   0.611,   0.859,9999.000,9999.000,9999.000,9999.000,9999.000,9999.000,9999.000
202607120812,   0.838,   1.128,9999.000,9999.000,9999.000,9999.000,9999.000,9999.000,9999.000
202607120818,   1.088,   1.420,9999.000,9999.000,9999.000,9999.000,9999.000,9999.000,9999.000
202607120824,   1.359,   1.708,9999.000,9999.000,9999.000,9999.000,9999.000,9999.000,9999.000
202607120830,   1.649,   2.020,9999.000,9999.000,9999.000,9999.000,9999.000,9999.000,9999.000
202607120836,   1.959,   2.328,9999.000,9999.000,9999.000,9999.000,9999.000,9999.000,9999.000
202607120842,   2.286,   2.669,9999.000,9999.000,9999.000,9999.000,9999.000,9999.000,9999.000
202607120848,   2.629,   3.030,9999.000,9999.000,9999.000,9999.000,9999.000,9999.000,9999.000
202607120854,   2.987,   3.388,9999.000,9999.000,9999.000,9999.000,9999.000,9999.000,9999.000
202607120900,   3.359,   3.768,   0.500,  -0.091,   3.768,   0.400,   3.668,   0.500,   3.768
202607120906,   3.743,   4.178,9999.000,9999.000,9999.000,9999.000,9999.000,9999.000,9999.000
202607120912,   4.139,   4.578,9999.000,9999.000,9999.000,9999.000,9999.000,9999.000,9999.000
202607120918,   4.545,   4.988,9999.000,9999.000,9999.000,9999.000,9999.000,9999.000,9999.000
202607120924,   4.960,   5.418,9999.000,9999.000,9999.000,9999.000,9999.000,9999.000,9999.000
202607120930,   5.383,   5.848,9999.000,9999.000,9999.000,9999.000,9999.000,9999.000,9999.000
202607120936,   5.813,   6.287,9999.000,9999.000,9999.000,9999.000,9999.000,9999.000,9999.000
202607120942,   6.249,   6.779,9999.000,9999.000,9999.000,9999.000,9999.000,9999.000,9999.000
202607120948,   6.691,   7.248,9999.000,9999.000,9999.000,9999.000,9999.000,9999.000,9999.000
202607120954,   7.137,   7.698,9999.000,9999.000,9999.000,9999.000,9999.000,9999.000,9999.000
202607121000,   7.586,   8.147,   0.500,   0.061,   8.147,   0.400,   8.047,   0.500,   8.147
202607121006,   8.038,   8.636,9999.000,9999.000,9999.000,9999.000,9999.000,9999.000,9999.000
202607121012,   8.493,   9.069,9999.000,9999.000,9999.000,9999.000,9999.000,9999.000,9999.000
202607121018,   8.948,   9.508,9999.000,9999.000,9999.000,9999.000,9999.000,9999.000,9999.000
202607121024,   9.404,   9.948,9999.000,9999.000,9999.000,9999.000,9999.000,9999.000,9999.000
202607121030,   9.860,  10.397,9999.000,9999.000,9999.000,9999.000,9999.000,9999.000,9999.000
202607121036,  10.314,  10.856,9999.000,9999.000,9999.000,9999.000,9999.000,9999.000,9999.000
202607121042,  10.766,  11.315,9999.000,9999.000,9999.000,9999.000,9999.000,9999.000,9999.000
202607121048,  11.215,  11.765,9999.000,9999.000,9999.000,9999.000,9999.000,9999.000,9999.000
202607121054,  11.660,  12.247,9999.000,9999.000,9999.000,9999.000,9999.000,9999.000,9999.000
202607121100,  12.100,  12.696,   0.400,   0.196,  12.696,   0.400,  12.696,   0.500,  12.796
202607121106,  12.533,  13.136,9999.000,9999.000,9999.000,9999.000,9999.000,9999.000,9999.000
202607121112,  12.959,  13.595,9999.000,9999.000,9999.000,9999.000,9999.000,9999.000,9999.000
202607121118,  13.377,  14.035,9999.000,9999.000,9999.000,9999.000,9999.000,9999.000,9999.000
202607121124,  13.785,  14.454,9999.000,9999.000,9999.000,9999.000,9999.000,9999.000,9999.000
202607121130,  14.182,  14.864,9999.000,9999.000,9999.000,9999.000,9999.000,9999.000,9999.000
202607121136,  14.566,  15.265,9999.000,9999.000,9999.000,9999.000,9999.000,9999.000,9999.000
202607121142,  14.937,  15.645,9999.000,9999.000,9999.000,9999.000,9999.000,9999.000,9999.000
202607121148,  15.293,  16.006,9999.000,9999.000,9999.000,9999.000,9999.000,9999.000,9999.000
202607121154,  15.633,  16.357,9999.000,9999.000,9999.000,9999.000,9999.000,9999.000,9999.000
202607121200,  15.956,  16.705,   0.400,   0.349,  16.705,   0.300,  16.605,   0.400,  16.705
202607121206,  16.259,  17.036,9999.000,9999.000,9999.000,9999.000,9999.000,9999.000,9999.000
202607121212,  16.543,  17.334,9999.000,9999.000,9999.000,9999.000,9999.000,9999.000,9999.000
202607121218,  16.806,  17.607,9999.000,9999.000,9999.000,9999.000,9999.000,9999.000,9999.000
202607121224,  17.047,  17.856,9999.000,9999.000,9999.000,9999.000,9999.000,9999.000,9999.000
202607121230,  17.265,  18.066,9999.000,9999.000,9999.000,9999.000,9999.000,9999.000,9999.000
202607121236,  17.459,  18.256,9999.000,9999.000,9999.000,9999.000,9999.000,9999.000,9999.000
202607121242,  17.628,  18.436,9999.000,9999.000,9999.000,9999.000,9999.000,9999.000,9999.000
202607121248,  17.773,  18.584,9999.000,9999.000,9999.000,9999.000,9999.000,9999.000,9999.000
202607121254,  17.892,  18.715,9999.000,9999.000,9999.000,9999.000,9999.000,9999.000,9999.000
202607121300,  17.986,  18.823,   0.400,   0.437,  18.823,   0.300,  18.723,   0.400,  18.823
202607121306,  18.053,  18.915,9999.000,9999.000,9999.000,9999.000,9999.000,9999.000,9999.000
202607121312,  18.095,  18.925,9999.000,9999.000,9999.000,9999.000,9999.000,9999.000,9999.000
202607121318,  18.111,  18.915,9999.000,9999.000,9999.000,9999.000,9999.000,9999.000,9999.000
202607121324,  18.101,  18.896,9999.000,9999.000,9999.000,9999.000,9999.000,9999.000,9999.000
202607121330,  18.065,  18.823,9999.000,9999.000,9999.000,9999.000,9999.000,9999.000,9999.000
202607121336,  18.005,  18.745,9999.000,9999.000,9999.000,9999.000,9999.000,9999.000,9999.000
202607121342,  17.921,  18.646,9999.000,9999.000,9999.000,9999.000,9999.000,9999.000,9999.000
202607121348,  17.813,  18.515,9999.000,9999.000,9999.000,9999.000,9999.000,9999.000,9999.000
202607121354,  17.682,  18.354,9999.000,9999.000,9999.000,9999.000,9999.000,9999.000,9999.000
202607121400,  17.529,  18.174,   0.300,   0.345,  18.174,   0.300,  18.174,   0.400,  18.274
202607121406,  17.354,  17.974,9999.000,9999.000,9999.000,9999.000,9999.000,9999.000,9999.000
202607121412,  17.160,  17.774,9999.000,9999.000,9999.000,9999.000,9999.000,9999.000,9999.000
202607121418,  16.946,  17.544,9999.000,9999.000,9999.000,9999.000,9999.000,9999.000,9999.000
202607121424,  16.714,  17.315,9999.000,9999.000,9999.000,9999.000,9999.000,9999.000,9999.000
202607121430,  16.465,  17.085,9999.000,9999.000,9999.000,9999.000,9999.000,9999.000,9999.000
202607121436,  16.200,  16.826,9999.000,9999.000,9999.000,9999.000,9999.000,9999.000,9999.000
202607121442,  15.920,  16.567,9999.000,9999.000,9999.000,9999.000,9999.000,9999.000,9999.000
202607121448,  15.626,  16.295,9999.000,9999.000,9999.000,9999.000,9999.000,9999.000,9999.000
202607121454,  15.320,  16.016,9999.000,9999.000,9999.000,9999.000,9999.000,9999.000,9999.000
202607121500,  15.001,  15.694,   0.300,   0.393,  15.694,   0.300,  15.694,   0.400,  15.794
202607121506,  14.671,  15.376,9999.000,9999.000,9999.000,9999.000,9999.000,9999.000,9999.000
202607121512,  14.332,  15.025,9999.000,9999.000,9999.000,9999.000,9999.000,9999.000,9999.000
202607121518,  13.983,  14.655,9999.000,9999.000,9999.000,9999.000,9999.000,9999.000,9999.000
202607121524,  13.627,  14.297,9999.000,9999.000,9999.000,9999.000,9999.000,9999.000,9999.000
202607121530,  13.263,  13.936,9999.000,9999.000,9999.000,9999.000,9999.000,9999.000,9999.000
202607121536,  12.894,  13.566,9999.000,9999.000,9999.000,9999.000,9999.000,9999.000,9999.000
202607121542,  12.518,  13.175,9999.000,9999.000,9999.000,9999.000,9999.000,9999.000,9999.000
202607121548,  12.138,  12.785,9999.000,9999.000,9999.000,9999.000,9999.000,9999.000,9999.000
202607121554,  11.754,  12.375,9999.000,9999.000,9999.000,9999.000,9999.000,9999.000,9999.000
202607121600,  11.366,  11.955,   0.300,   0.289,  11.955,   0.300,  11.955,   0.400,  12.055
202607121606,  10.975,  11.555,9999.000,9999.000,9999.000,9999.000,9999.000,9999.000,9999.000
202607121612,  10.582,  11.158,9999.000,9999.000,9999.000,9999.000,9999.000,9999.000,9999.000
202607121618,  10.188,  10.748,9999.000,9999.000,9999.000,9999.000,9999.000,9999.000,9999.000
202607121624,   9.793,  10.358,9999.000,9999.000,9999.000,9999.000,9999.000,9999.000,9999.000
202607121630,   9.397,   9.938,9999.000,9999.000,9999.000,9999.000,9999.000,9999.000,9999.000
202607121636,   9.001,   9.538,9999.000,9999.000,9999.000,9999.000,9999.000,9999.000,9999.000
202607121642,   8.606,   9.128,9999.000,9999.000,9999.000,9999.000,9999.000,9999.000,9999.000
202607121648,   8.211,   8.718,9999.000,9999.000,9999.000,9999.000,9999.000,9999.000,9999.000
202607121654,   7.819,   8.308,9999.000,9999.000,9999.000,9999.000,9999.000,9999.000,9999.000
202607121700,   7.429,   7.917,   0.300,   0.188,   7.917,   0.300,   7.917,   0.400,   8.017
202607121706,   7.041,   7.517,9999.000,9999.000,9999.000,9999.000,9999.000,9999.000,9999.000
202607121712,   6.657,   7.137,9999.000,9999.000,9999.000,9999.000,9999.000,9999.000,9999.000
202607121718,   6.277,   6.746,9999.000,9999.000,9999.000,9999.000,9999.000,9999.000,9999.000
202607121724,   5.902,   6.346,9999.000,9999.000,9999.000,9999.000,9999.000,9999.000,9999.000
202607121730,   5.533,   5.940,9999.000,9999.000,9999.000,9999.000,9999.000,9999.000,9999.000
202607121736,   5.170,   5.539,9999.000,9999.000,9999.000,9999.000,9999.000,9999.000,9999.000
202607121742,   4.814,   5.120,9999.000,9999.000,9999.000,9999.000,9999.000,9999.000,9999.000
202607121748,   4.466,   4.739,9999.000,9999.000,9999.000,9999.000,9999.000,9999.000,9999.000
202607121754,   4.128,   4.378,9999.000,9999.000,9999.000,9999.000,9999.000,9999.000,9999.000
202607121800,   3.800,   4.037,   0.400,  -0.163,   4.037,   0.300,   3.937,   0.400,   4.037
202607121806,   3.483,   3.709,9999.000,9999.000,9999.000,9999.000,9999.000,9999.000,9999.000
202607121812,   3.178,   3.378,9999.000,9999.000,9999.000,9999.000,9999.000,9999.000,9999.000
202607121818,   2.887,   3.050,9999.000,9999.000,9999.000,9999.000,9999.000,9999.000,9999.000
202607121824,   2.610,   2.728,9999.000,9999.000,9999.000,9999.000,9999.000,9999.000,9999.000
202607121830,   2.350,   2.440,9999.000,9999.000,9999.000,9999.000,9999.000,9999.000,9999.000
202607121836,   2.106,   2.148,9999.000,9999.000,9999.000,9999.000,9999.000,9999.000,9999.000
202607121842,   1.881,   1.869,9999.000,9999.000,9999.000,9999.000,9999.000,9999.000,9999.000
202607121848,   1.676,   1.620,9999.000,9999.000,9999.000,9999.000,9999.000,9999.000,9999.000
202607121854,   1.491,   1.380,9999.000,9999.000,9999.000,9999.000,9999.000,9999.000,9999.000
202607121900,   1.328,   1.190,   0.400,  -0.538,   1.190,   0.300,   1.090,   0.400,   1.190
202607121906,   1.187,   1.029,9999.000,9999.000,9999.000,9999.000,9999.000,9999.000,9999.000
202607121912,   1.071,   0.918,9999.000,9999.000,9999.000,9999.000,9999.000,9999.000,9999.000
202607121918,   0.979,   0.810,9999.000,9999.000,9999.000,9999.000,9999.000,9999.000,9999.000
202607121924,   0.913,   0.751,9999.000,9999.000,9999.000,9999.000,9999.000,9999.000,9999.000
202607121930,   0.873,   0.718,9999.000,9999.000,9999.000,9999.000,9999.000,9999.000,9999.000
202607121936,   0.859,   0.688,9999.000,9999.000,9999.000,9999.000,9999.000,9999.000,9999.000
202607121942,   0.872,   0.718,9999.000,9999.000,9999.000,9999.000,9999.000,9999.000,9999.000
202607121948,   0.913,   0.800,9999.000,9999.000,9999.000,9999.000,9999.000,9999.000,9999.000
202607121954,   0.980,   0.908,9999.000,9999.000,9999.000,9999.000,9999.000,9999.000,9999.000
202607122000,   1.075,   1.049,   0.400,  -0.426,   1.049,   0.400,   1.049,   0.400,   1.049
202607122006,   1.197,   1.220,9999.000,9999.000,9999.000,9999.000,9999.000,9999.000,9999.000
202607122012,   1.345,   1.390,9999.000,9999.000,9999.000,9999.000,9999.000,9999.000,9999.000
202607122018,   1.519,   1.610,9999.000,9999.000,9999.000,9999.000,9999.000,9999.000,9999.000
202607122024,   1.718,   1.810,9999.000,9999.000,9999.000,9999.000,9999.000,9999.000,9999.000
202607122030,   1.942,   2.049,9999.000,9999.000,9999.000,9999.000,9999.000,9999.000,9999.000
202607122036,   2.190,   2.309,9999.000,9999.000,9999.000,9999.000,9999.000,9999.000,9999.000
202607122042,   2.460,   2.587,9999.000,9999.000,9999.000,9999.000,9999.000,9999.000,9999.000
202607122048,   2.752,   2.889,9999.000,9999.000,9999.000,9999.000,9999.000,9999.000,9999.000
202607122054,   3.064,   3.207,9999.000,9999.000,9999.000,9999.000,9999.000,9999.000,9999.000
202607122100,   3.395,   3.568,   0.400,  -0.227,   3.568,   0.400,   3.568,   0.400,   3.568
202607122106,   3.745,   3.939,9999.000,9999.000,9999.000,9999.000,9999.000,9999.000,9999.000
202607122112,   4.111,   4.309,9999.000,9999.000,9999.000,9999.000,9999.000,9999.000,9999.000
202607122118,   4.493,   4.719,9999.000,9999.000,9999.000,9999.000,9999.000,9999.000,9999.000
202607122124,   4.889,   5.120,9999.000,9999.000,9999.000,9999.000,9999.000,9999.000,9999.000
202607122130,   5.297,   5.530,9999.000,9999.000,9999.000,9999.000,9999.000,9999.000,9999.000
202607122136,   5.718,   5.959,9999.000,9999.000,9999.000,9999.000,9999.000,9999.000,9999.000
202607122142,   6.150,   6.409,9999.000,9999.000,9999.000,9999.000,9999.000,9999.000,9999.000
202607122148,   6.590,   6.868,9999.000,9999.000,9999.000,9999.000,9999.000,9999.000,9999.000
202607122154,   7.040,   7.366,9999.000,9999.000,9999.000,9999.000,9999.000,9999.000,9999.000
202607122200,   7.496,   7.868,   0.400,  -0.028,   7.868,   0.400,   7.868,   0.500,   7.968
202607122206,   7.959,   8.357,9999.000,9999.000,9999.000,9999.000,9999.000,9999.000,9999.000
202607122212,   8.428,   8.836,9999.000,9999.000,9999.000,9999.000,9999.000,9999.000,9999.000
202607122218,   8.901,   9.298,9999.000,9999.000,9999.000,9999.000,9999.000,9999.000,9999.000
202607122224,   9.378,   9.748,9999.000,9999.000,9999.000,9999.000,9999.000,9999.000,9999.000
202607122230,   9.857,  10.217,9999.000,9999.000,9999.000,9999.000,9999.000,9999.000,9999.000
202607122236,  10.338,  10.696,9999.000,9999.000,9999.000,9999.000,9999.000,9999.000,9999.000
202607122242,  10.821,  11.178,9999.000,9999.000,9999.000,9999.000,9999.000,9999.000,9999.000
202607122248,  11.304,  11.666,9999.000,9999.000,9999.000,9999.000,9999.000,9999.000,9999.000
202607122254,  11.785,  12.175,9999.000,9999.000,9999.000,9999.000,9999.000,9999.000,9999.000
202607122300,  12.266,  12.657,   0.400,  -0.009,  12.657,   0.400,  12.657,   0.500,  12.757
202607122306,  12.744,  13.156,9999.000,9999.000,9999.000,9999.000,9999.000,9999.000,9999.000
202607122312,  13.218,  13.667,9999.000,9999.000,9999.000,9999.000,9999.000,9999.000,9999.000
202607122318,  13.687,  14.166,9999.000,9999.000,9999.000,9999.000,9999.000,9999.000,9999.000
202607122324,  14.151,  14.655,9999.000,9999.000,9999.000,9999.000,9999.000,9999.000,9999.000
202607122330,  14.608,  15.137,9999.000,9999.000,9999.000,9999.000,9999.000,9999.000,9999.000
202607122336,  15.057,  15.606,9999.000,9999.000,9999.000,9999.000,9999.000,9999.000,9999.000
202607122342,  15.497,  16.085,9999.000,9999.000,9999.000,9999.000,9999.000,9999.000,9999.000
202607122348,  15.926,  16.544,9999.000,9999.000,9999.000,9999.000,9999.000,9999.000,9999.000
202607122354,  16.343,  16.996,9999.000,9999.000,9999.000,9999.000,9999.000,9999.000,9999.000
202607130000,  16.746,  17.426,   0.500,   0.180,  17.426,   0.400,  17.326,   0.500,  17.426
202607130006,  17.136,  17.836,9999.000,9999.000,9999.000,9999.000,9999.000,9999.000,9999.000
202607130012,  17.509,  18.246,9999.000,9999.000,9999.000,9999.000,9999.000,9999.000,9999.000
202607130018,  17.864,  18.584,9999.000,9999.000,9999.000,9999.000,9999.000,9999.000,9999.000
202607130024,  18.201,  18.925,9999.000,9999.000,9999.000,9999.000,9999.000,9999.000,9999.000
202607130030,  18.518,  19.263,9999.000,9999.000,9999.000,9999.000,9999.000,9999.000,9999.000
202607130036,  18.814,  19.565,9999.000,9999.000,9999.000,9999.000,9999.000,9999.000,9999.000
202607130042,  19.087,  19.883,9999.000,9999.000,9999.000,9999.000,9999.000,9999.000,9999.000
202607130048,  19.337,  20.175,9999.000,9999.000,9999.000,9999.000,9999.000,9999.000,9999.000
202607130054,  19.563,  20.444,9999.000,9999.000,9999.000,9999.000,9999.000,9999.000,9999.000
202607130100,  19.762,  20.644,   0.500,   0.382,  20.644,   0.400,  20.544,   0.500,  20.644
202607130106,  19.936,  20.795,9999.000,9999.000,9999.000,9999.000,9999.000,9999.000,9999.000
202607130112,  20.083,  20.923,9999.000,9999.000,9999.000,9999.000,9999.000,9999.000,9999.000
202607130118,  20.203,  21.054,9999.000,9999.000,9999.000,9999.000,9999.000,9999.000,9999.000
202607130124,  20.294,  21.155,9999.000,9999.000,9999.000,9999.000,9999.000,9999.000,9999.000
202607130130,  20.358,  21.205,9999.000,9999.000,9999.000,9999.000,9999.000,9999.000,9999.000
202607130136,  20.394,  21.274,9999.000,9999.000,9999.000,9999.000,9999.000,9999.000,9999.000
202607130142,  20.402,  21.283,9999.000,9999.000,9999.000,9999.000,9999.000,9999.000,9999.000
202607130148,  20.382,  21.244,9999.000,9999.000,9999.000,9999.000,9999.000,9999.000,9999.000
202607130154,  20.335,  21.165,9999.000,9999.000,9999.000,9999.000,9999.000,9999.000,9999.000
202607130200,  20.260,  21.064,   0.400,   0.404,  21.064,   0.400,  21.064,   0.500,  21.164
202607130206,  20.159,  20.946,9999.000,9999.000,9999.000,9999.000,9999.000,9999.000,9999.000
202607130212,  20.031,  20.795,9999.000,9999.000,9999.000,9999.000,9999.000,9999.000,9999.000
202607130218,  19.879,  20.614,9999.000,9999.000,9999.000,9999.000,9999.000,9999.000,9999.000
202607130224,  19.702,  20.424,9999.000,9999.000,9999.000,9999.000,9999.000,9999.000,9999.000
202607130230,  19.502,  20.214,9999.000,9999.000,9999.000,9999.000,9999.000,9999.000,9999.000
202607130236,  19.279,  19.975,9999.000,9999.000,9999.000,9999.000,9999.000,9999.000,9999.000
202607130242,  19.034,  19.745,9999.000,9999.000,9999.000,9999.000,9999.000,9999.000,9999.000
202607130248,  18.769,  19.453,9999.000,9999.000,9999.000,9999.000,9999.000,9999.000,9999.000
202607130254,  18.484,  19.165,9999.000,9999.000,9999.000,9999.000,9999.000,9999.000,9999.000
202607130300,  18.181,  18.866,   0.400,   0.285,  18.866,   0.400,  18.866,   0.400,  18.866
202607130306,  17.860,  18.545,9999.000,9999.000,9999.000,9999.000,9999.000,9999.000,9999.000
202607130312,  17.524,  18.213,9999.000,9999.000,9999.000,9999.000,9999.000,9999.000,9999.000
202607130318,  17.172,  17.866,9999.000,9999.000,9999.000,9999.000,9999.000,9999.000,9999.000
202607130324,  16.806,  17.505,9999.000,9999.000,9999.000,9999.000,9999.000,9999.000,9999.000
202607130330,  16.427,  17.105,9999.000,9999.000,9999.000,9999.000,9999.000,9999.000,9999.000
202607130336,  16.036,  16.695,9999.000,9999.000,9999.000,9999.000,9999.000,9999.000,9999.000
202607130342,  15.634,  16.285,9999.000,9999.000,9999.000,9999.000,9999.000,9999.000,9999.000
202607130348,  15.222,  15.855,9999.000,9999.000,9999.000,9999.000,9999.000,9999.000,9999.000
202607130354,  14.801,  15.415,9999.000,9999.000,9999.000,9999.000,9999.000,9999.000,9999.000
202607130400,  14.372,  14.976,   0.400,   0.204,  14.976,   0.400,  14.976,   0.400,  14.976
202607130406,  13.935,  14.527,9999.000,9999.000,9999.000,9999.000,9999.000,9999.000,9999.000
202607130412,  13.492,  14.054,9999.000,9999.000,9999.000,9999.000,9999.000,9999.000,9999.000
202607130418,  13.042,  13.585,9999.000,9999.000,9999.000,9999.000,9999.000,9999.000,9999.000
202607130424,  12.588,  13.116,9999.000,9999.000,9999.000,9999.000,9999.000,9999.000,9999.000
202607130430,  12.129,  12.627,9999.000,9999.000,9999.000,9999.000,9999.000,9999.000,9999.000
202607130436,  11.667,  12.116,9999.000,9999.000,9999.000,9999.000,9999.000,9999.000,9999.000
202607130442,  11.202,  11.617,9999.000,9999.000,9999.000,9999.000,9999.000,9999.000,9999.000
202607130448,  10.734,  11.125,9999.000,9999.000,9999.000,9999.000,9999.000,9999.000,9999.000
202607130454,  10.264,  10.656,9999.000,9999.000,9999.000,9999.000,9999.000,9999.000,9999.000
202607130500,   9.793,  10.177,   0.400,  -0.016,  10.177,   0.400,  10.177,   0.400,  10.177
202607130506,   9.322,   9.748,9999.000,9999.000,9999.000,9999.000,9999.000,9999.000,9999.000
202607130512,   8.850,   9.265,9999.000,9999.000,9999.000,9999.000,9999.000,9999.000,9999.000
202607130518,   8.379,   8.796,9999.000,9999.000,9999.000,9999.000,9999.000,9999.000,9999.000
202607130524,   7.910,   8.318,9999.000,9999.000,9999.000,9999.000,9999.000,9999.000,9999.000
202607130530,   7.442,   7.839,9999.000,9999.000,9999.000,9999.000,9999.000,9999.000,9999.000
202607130536,   6.977,   7.386,9999.000,9999.000,9999.000,9999.000,9999.000,9999.000,9999.000
202607130542,   6.515,   6.927,9999.000,9999.000,9999.000,9999.000,9999.000,9999.000,9999.000
202607130548,   6.057,   6.438,9999.000,9999.000,9999.000,9999.000,9999.000,9999.000,9999.000
202607130554,   5.604,   5.940,9999.000,9999.000,9999.000,9999.000,9999.000,9999.000,9999.000
202607130600,   5.157,   5.448,   0.400,  -0.109,   5.448,   0.300,   5.348,   0.400,   5.448
202607130606,   4.716,   4.998,9999.000,9999.000,9999.000,9999.000,9999.000,9999.000,9999.000
202607130612,   4.283,   4.529,9999.000,9999.000,9999.000,9999.000,9999.000,9999.000,9999.000
202607130618,   3.859,   4.057,9999.000,9999.000,9999.000,9999.000,9999.000,9999.000,9999.000
202607130624,   3.445,   3.598,9999.000,9999.000,9999.000,9999.000,9999.000,9999.000,9999.000
202607130630,   3.042,   3.148,9999.000,9999.000,9999.000,9999.000,9999.000,9999.000,9999.000
202607130636,   2.651,   2.719,9999.000,9999.000,9999.000,9999.000,9999.000,9999.000,9999.000
202607130642,   2.273,   2.299,9999.000,9999.000,9999.000,9999.000,9999.000,9999.000,9999.000
202607130648,   1.910,   1.899,9999.000,9999.000,9999.000,9999.000,9999.000,9999.000,9999.000
202607130654,   1.563,   1.498,9999.000,9999.000,9999.000,9999.000,9999.000,9999.000,9999.000
202607130700,   1.234,   1.128,   0.300,  -0.406,   1.128,   0.300,   1.128,   0.400,   1.228
202607130706,   0.923,   0.790,9999.000,9999.000,9999.000,9999.000,9999.000,9999.000,9999.000
202607130712,   0.632,   0.469,9999.000,9999.000,9999.000,9999.000,9999.000,9999.000,9999.000
202607130718,   0.362,   0.160,9999.000,9999.000,9999.000,9999.000,9999.000,9999.000,9999.000
202607130724,   0.115,  -0.131,9999.000,9999.000,9999.000,9999.000,9999.000,9999.000,9999.000
202607130730,  -0.108,  -0.380,9999.000,9999.000,9999.000,9999.000,9999.000,9999.000,9999.000
202607130736,  -0.307,  -0.590,9999.000,9999.000,9999.000,9999.000,9999.000,9999.000,9999.000
202607130742,  -0.480,  -0.751,9999.000,9999.000,9999.000,9999.000,9999.000,9999.000,9999.000
202607130748,  -0.627,  -0.908,9999.000,9999.000,9999.000,9999.000,9999.000,9999.000,9999.000
202607130754,  -0.746,  -1.029,9999.000,9999.000,9999.000,9999.000,9999.000,9999.000,9999.000
202607130800,  -0.837,  -1.138,   0.300,  -0.601,  -1.138,   0.300,  -1.138,   0.400,  -1.038
202607130806,  -0.900,  -1.210,9999.000,9999.000,9999.000,9999.000,9999.000,9999.000,9999.000
202607130812,  -0.934,  -1.249,9999.000,9999.000,9999.000,9999.000,9999.000,9999.000,9999.000
202607130818,  -0.940,  -1.239,9999.000,9999.000,9999.000,9999.000,9999.000,9999.000,9999.000
202607130824,  -0.916,  -1.190,9999.000,9999.000,9999.000,9999.000,9999.000,9999.000,9999.000
202607130830,  -0.863,  -1.118,9999.000,9999.000,9999.000,9999.000,9999.000,9999.000,9999.000
202607130836,  -0.781,  -0.990,9999.000,9999.000,9999.000,9999.000,9999.000,9999.000,9999.000
202607130842,  -0.671,  -0.849,9999.000,9999.000,9999.000,9999.000,9999.000,9999.000,9999.000
202607130848,  -0.534,  -0.678,9999.000,9999.000,9999.000,9999.000,9999.000,9999.000,9999.000
202607130854,  -0.369,  -0.488,9999.000,9999.000,9999.000,9999.000,9999.000,9999.000,9999.000
202607130900,  -0.178,  -0.259,   0.300,  -0.381,  -0.259,   0.300,  -0.259,   0.300,  -0.259
202607130906,   0.037,   0.019,9999.000,9999.000,9999.000,9999.000,9999.000,9999.000,9999.000
202607130912,   0.277,   0.288,9999.000,9999.000,9999.000,9999.000,9999.000,9999.000,9999.000
202607130918,   0.540,   0.590,9999.000,9999.000,9999.000,9999.000,9999.000,9999.000,9999.000
202607130924,   0.826,   0.908,9999.000,9999.000,9999.000,9999.000,9999.000,9999.000,9999.000
202607130930,   1.132,   1.249,9999.000,9999.000,9999.000,9999.000,9999.000,9999.000,9999.000
202607130936,   1.458,   1.610,9999.000,9999.000,9999.000,9999.000,9999.000,9999.000,9999.000
202607130942,   1.802,   1.990,9999.000,9999.000,9999.000,9999.000,9999.000,9999.000,9999.000
202607130948,   2.164,   2.400,9999.000,9999.000,9999.000,9999.000,9999.000,9999.000,9999.000
202607130954,   2.541,   2.807,9999.000,9999.000,9999.000,9999.000,9999.000,9999.000,9999.000
202607131000,   2.933,   3.217,   0.300,  -0.016,   3.217,   0.300,   3.217,   0.300,   3.217
202607131006,   3.339,   3.617,9999.000,9999.000,9999.000,9999.000,9999.000,9999.000,9999.000
202607131012,   3.757,   4.008,9999.000,9999.000,9999.000,9999.000,9999.000,9999.000,9999.000
202607131018,   4.186,   4.427,9999.000,9999.000,9999.000,9999.000,9999.000,9999.000,9999.000
202607131024,   4.626,   4.857,9999.000,9999.000,9999.000,9999.000,9999.000,9999.000,9999.000
202607131030,   5.074,   5.307,9999.000,9999.000,9999.000,9999.000,9999.000,9999.000,9999.000
202607131036,   5.531,   5.789,9999.000,9999.000,9999.000,9999.000,9999.000,9999.000,9999.000
202607131042,   5.995,   6.287,9999.000,9999.000,9999.000,9999.000,9999.000,9999.000,9999.000
202607131048,   6.466,   6.789,9999.000,9999.000,9999.000,9999.000,9999.000,9999.000,9999.000
202607131054,   6.942,   7.288,9999.000,9999.000,9999.000,9999.000,9999.000,9999.000,9999.000
202607131100,   7.423,   7.747,   0.300,   0.024,   7.747,   0.300,   7.747,   0.300,   7.747
202607131106,   7.907,   8.216,9999.000,9999.000,9999.000,9999.000,9999.000,9999.000,9999.000
202607131112,   8.394,   8.698,9999.000,9999.000,9999.000,9999.000,9999.000,9999.000,9999.000
202607131118,   8.883,   9.197,9999.000,9999.000,9999.000,9999.000,9999.000,9999.000,9999.000
202607131124,   9.373,   9.689,9999.000,9999.000,9999.000,9999.000,9999.000,9999.000,9999.000
202607131130,   9.863,  10.207,9999.000,9999.000,9999.000,9999.000,9999.000,9999.000,9999.000
202607131136,  10.351,  10.728,9999.000,9999.000,9999.000,9999.000,9999.000,9999.000,9999.000
202607131142,  10.838,  11.237,9999.000,9999.000,9999.000,9999.000,9999.000,9999.000,9999.000
202607131148,  11.321,  11.735,9999.000,9999.000,9999.000,9999.000,9999.000,9999.000,9999.000
202607131154,  11.799,  12.237,9999.000,9999.000,9999.000,9999.000,9999.000,9999.000,9999.000
202607131200,  12.272,  12.736,   0.300,   0.164,  12.736,   0.300,  12.736,   0.300,  12.736
202607131206,  12.738,  13.185,9999.000,9999.000,9999.000,9999.000,9999.000,9999.000,9999.000
202607131212,  13.195,  13.648,9999.000,9999.000,9999.000,9999.000,9999.000,9999.000,9999.000
202607131218,  13.642,  14.117,9999.000,9999.000,9999.000,9999.000,9999.000,9999.000,9999.000
202607131224,  14.079,  14.556,9999.000,9999.000,9999.000,9999.000,9999.000,9999.000,9999.000
202607131230,  14.502,  15.035,9999.000,9999.000,9999.000,9999.000,9999.000,9999.000,9999.000
202607131236,  14.912,  15.484,9999.000,9999.000,9999.000,9999.000,9999.000,9999.000,9999.000
202607131242,  15.306,  15.894,9999.000,9999.000,9999.000,9999.000,9999.000,9999.000,9999.000
202607131248,  15.684,  16.304,9999.000,9999.000,9999.000,9999.000,9999.000,9999.000,9999.000
202607131254,  16.043,  16.705,9999.000,9999.000,9999.000,9999.000,9999.000,9999.000,9999.000
202607131300,  16.383,  17.055,   0.300,   0.372,  17.055,   0.300,  17.055,   0.300,  17.055
202607131306,  16.702,  17.406,9999.000,9999.000,9999.000,9999.000,9999.000,9999.000,9999.000
202607131312,  16.999,  17.754,9999.000,9999.000,9999.000,9999.000,9999.000,9999.000,9999.000
202607131318,  17.273,  18.066,9999.000,9999.000,9999.000,9999.000,9999.000,9999.000,9999.000
202607131324,  17.523,  18.374,9999.000,9999.000,9999.000,9999.000,9999.000,9999.000,9999.000
202607131330,  17.749,  18.594,9999.000,9999.000,9999.000,9999.000,9999.000,9999.000,9999.000
202607131336,  17.949,  18.814,9999.000,9999.000,9999.000,9999.000,9999.000,9999.000,9999.000
202607131342,  18.122,  19.004,9999.000,9999.000,9999.000,9999.000,9999.000,9999.000,9999.000
202607131348,  18.269,  19.155,9999.000,9999.000,9999.000,9999.000,9999.000,9999.000,9999.000
202607131354,  18.390,  19.286,9999.000,9999.000,9999.000,9999.000,9999.000,9999.000,9999.000
202607131400,  18.483,  19.384,   0.300,   0.601,  19.384,   0.300,  19.384,   0.300,  19.384
202607131406,  18.549,  19.443,9999.000,9999.000,9999.000,9999.000,9999.000,9999.000,9999.000
202607131412,  18.587,  19.496,9999.000,9999.000,9999.000,9999.000,9999.000,9999.000,9999.000
202607131418,  18.599,  19.515,9999.000,9999.000,9999.000,9999.000,9999.000,9999.000,9999.000
202607131424,  18.585,  19.496,9999.000,9999.000,9999.000,9999.000,9999.000,9999.000,9999.000
202607131430,  18.544,  19.476,9999.000,9999.000,9999.000,9999.000,9999.000,9999.000,9999.000
202607131436,  18.478,  19.404,9999.000,9999.000,9999.000,9999.000,9999.000,9999.000,9999.000
202607131442,  18.387,  19.306,9999.000,9999.000,9999.000,9999.000,9999.000,9999.000,9999.000
202607131448,  18.271,  19.165,9999.000,9999.000,9999.000,9999.000,9999.000,9999.000,9999.000
202607131454,  18.133,  18.994,9999.000,9999.000,9999.000,9999.000,9999.000,9999.000,9999.000
202607131500,  17.972,  18.814,   0.300,   0.542,  18.814,   0.300,  18.814,   0.300,  18.814
202607131506,  17.790,  18.613,9999.000,9999.000,9999.000,9999.000,9999.000,9999.000,9999.000
202607131512,  17.587,  18.404,9999.000,9999.000,9999.000,9999.000,9999.000,9999.000,9999.000
202607131518,  17.364,  18.174,9999.000,9999.000,9999.000,9999.000,9999.000,9999.000,9999.000
202607131524,  17.123,  17.935,9999.000,9999.000,9999.000,9999.000,9999.000,9999.000,9999.000
202607131530,  16.865,  17.685,9999.000,9999.000,9999.000,9999.000,9999.000,9999.000,9999.000
202607131536,  16.591,  17.416,9999.000,9999.000,9999.000,9999.000,9999.000,9999.000,9999.000
202607131542,  16.301,  17.134,9999.000,9999.000,9999.000,9999.000,9999.000,9999.000,9999.000
202607131548,  15.997,  16.846,9999.000,9999.000,9999.000,9999.000,9999.000,9999.000,9999.000
202607131554,  15.679,  16.534,9999.000,9999.000,9999.000,9999.000,9999.000,9999.000,9999.000
202607131600,  15.349,  16.226,   0.300,   0.577,  16.226,   0.300,  16.226,   0.300,  16.226
202607131606,  15.008,  15.885,9999.000,9999.000,9999.000,9999.000,9999.000,9999.000,9999.000
202607131612,  14.657,  15.514,9999.000,9999.000,9999.000,9999.000,9999.000,9999.000,9999.000
202607131618,  14.296,  15.137,9999.000,9999.000,9999.000,9999.000,9999.000,9999.000,9999.000
202607131624,  13.926,  14.737,9999.000,9999.000,9999.000,9999.000,9999.000,9999.000,9999.000
202607131630,  13.549,  14.346,9999.000,9999.000,9999.000,9999.000,9999.000,9999.000,9999.000
202607131636,  13.164,  13.936,9999.000,9999.000,9999.000,9999.000,9999.000,9999.000,9999.000
202607131642,  12.773,  13.546,9999.000,9999.000,9999.000,9999.000,9999.000,9999.000,9999.000
202607131648,  12.377,  13.136,9999.000,9999.000,9999.000,9999.000,9999.000,9999.000,9999.000
202607131654,  11.975,  12.706,9999.000,9999.000,9999.000,9999.000,9999.000,9999.000,9999.000
202607131700,  11.569,  12.286,   0.300,   0.417,  12.286,   0.300,  12.286,   0.400,  12.386
202607131706,  11.159,  11.847,9999.000,9999.000,9999.000,9999.000,9999.000,9999.000,9999.000
202607131712,  10.746,  11.378,9999.000,9999.000,9999.000,9999.000,9999.000,9999.000,9999.000
202607131718,  10.331,  10.925,9999.000,9999.000,9999.000,9999.000,9999.000,9999.000,9999.000
202607131724,   9.914,  10.476,9999.000,9999.000,9999.000,9999.000,9999.000,9999.000,9999.000
202607131730,   9.495,  10.046,9999.000,9999.000,9999.000,9999.000,9999.000,9999.000,9999.000
202607131736,   9.075,   9.616,9999.000,9999.000,9999.000,9999.000,9999.000,9999.000,9999.000
202607131742,   8.655,   9.187,9999.000,9999.000,9999.000,9999.000,9999.000,9999.000,9999.000
202607131748,   8.235,   8.777,9999.000,9999.000,9999.000,9999.000,9999.000,9999.000,9999.000
202607131754,   7.816,   8.347,9999.000,9999.000,9999.000,9999.000,9999.000,9999.000,9999.000
202607131800,   7.398,   7.927,   0.400,   0.129,   7.927,   0.400,   7.927,   0.400,   7.927
202607131806,   6.983,   7.537,9999.000,9999.000,9999.000,9999.000,9999.000,9999.000,9999.000
202607131812,   6.571,   7.107,9999.000,9999.000,9999.000,9999.000,9999.000,9999.000,9999.000
202607131818,   6.162,   6.668,9999.000,9999.000,9999.000,9999.000,9999.000,9999.000,9999.000
202607131824,   5.759,   6.248,9999.000,9999.000,9999.000,9999.000,9999.000,9999.000,9999.000
202607131830,   5.360,   5.828,9999.000,9999.000,9999.000,9999.000,9999.000,9999.000,9999.000
202607131836,   4.968,   5.398,9999.000,9999.000,9999.000,9999.000,9999.000,9999.000,9999.000
202607131842,   4.584,   5.008,9999.000,9999.000,9999.000,9999.000,9999.000,9999.000,9999.000
202607131848,   4.209,   4.588,9999.000,9999.000,9999.000,9999.000,9999.000,9999.000,9999.000
202607131854,   3.843,   4.168,9999.000,9999.000,9999.000,9999.000,9999.000,9999.000,9999.000
202607131900,   3.488,   3.798,   0.400,  -0.090,   3.798,   0.400,   3.798,   0.400,   3.798
202607131906,   3.145,   3.407,9999.000,9999.000,9999.000,9999.000,9999.000,9999.000,9999.000
202607131912,   2.816,   3.017,9999.000,9999.000,9999.000,9999.000,9999.000,9999.000,9999.000
202607131918,   2.502,   2.660,9999.000,9999.000,9999.000,9999.000,9999.000,9999.000,9999.000
202607131924,   2.204,   2.328,9999.000,9999.000,9999.000,9999.000,9999.000,9999.000,9999.000
202607131930,   1.924,   2.020,9999.000,9999.000,9999.000,9999.000,9999.000,9999.000,9999.000
202607131936,   1.663,   1.708,9999.000,9999.000,9999.000,9999.000,9999.000,9999.000,9999.000
202607131942,   1.422,   1.449,9999.000,9999.000,9999.000,9999.000,9999.000,9999.000,9999.000
202607131948,   1.202,   1.190,9999.000,9999.000,9999.000,9999.000,9999.000,9999.000,9999.000
202607131954,   1.005,   0.961,9999.000,9999.000,9999.000,9999.000,9999.000,9999.000,9999.000
202607132000,   0.832,   0.770,   0.400,  -0.462,   0.770,   0.400,   0.770,   0.400,   0.770
202607132006,   0.684,   0.590,9999.000,9999.000,9999.000,9999.000,9999.000,9999.000,9999.000
202607132012,   0.562,   0.409,9999.000,9999.000,9999.000,9999.000,9999.000,9999.000,9999.000
202607132018,   0.467,   0.278,9999.000,9999.000,9999.000,9999.000,9999.000,9999.000,9999.000
202607132024,   0.399,   0.180,9999.000,9999.000,9999.000,9999.000,9999.000,9999.000,9999.000
202607132030,   0.359,   0.121,9999.000,9999.000,9999.000,9999.000,9999.000,9999.000,9999.000
202607132036,   0.347,   0.088,9999.000,9999.000,9999.000,9999.000,9999.000,9999.000,9999.000
202607132042,   0.365,   0.088,9999.000,9999.000,9999.000,9999.000,9999.000,9999.000,9999.000
202607132048,   0.411,   0.170,9999.000,9999.000,9999.000,9999.000,9999.000,9999.000,9999.000
202607132054,   0.486,   0.268,9999.000,9999.000,9999.000,9999.000,9999.000,9999.000,9999.000
202607132100,   0.589,   0.400,   0.400,  -0.589,   0.400,   0.400,   0.400,   0.500,   0.500
202607132106,   0.721,   0.570,9999.000,9999.000,9999.000,9999.000,9999.000,9999.000,9999.000
202607132112,   0.881,   0.770,9999.000,9999.000,9999.000,9999.000,9999.000,9999.000,9999.000
202607132118,   1.067,   0.990,9999.000,9999.000,9999.000,9999.000,9999.000,9999.000,9999.000
202607132124,   1.280,   1.229,9999.000,9999.000,9999.000,9999.000,9999.000,9999.000,9999.000
202607132130,   1.518,   1.498,9999.000,9999.000,9999.000,9999.000,9999.000,9999.000,9999.000
202607132136,   1.781,   1.800,9999.000,9999.000,9999.000,9999.000,9999.000,9999.000,9999.000
202607132142,   2.067,   2.128,9999.000,9999.000,9999.000,9999.000,9999.000,9999.000,9999.000
202607132148,   2.376,   2.499,9999.000,9999.000,9999.000,9999.000,9999.000,9999.000,9999.000
202607132154,   2.705,   2.860,9999.000,9999.000,9999.000,9999.000,9999.000,9999.000,9999.000
202607132200,   3.055,   3.230,   0.500,  -0.325,   3.230,   0.400,   3.130,   0.500,   3.230
202607132206,   3.423,   3.617,9999.000,9999.000,9999.000,9999.000,9999.000,9999.000,9999.000
202607132212,   3.808,   4.037,9999.000,9999.000,9999.000,9999.000,9999.000,9999.000,9999.000
202607132218,   4.210,   4.427,9999.000,9999.000,9999.000,9999.000,9999.000,9999.000,9999.000
202607132224,   4.626,   4.837,9999.000,9999.000,9999.000,9999.000,9999.000,9999.000,9999.000
202607132230,   5.056,   5.287,9999.000,9999.000,9999.000,9999.000,9999.000,9999.000,9999.000
202607132236,   5.499,   5.749,9999.000,9999.000,9999.000,9999.000,9999.000,9999.000,9999.000
202607132242,   5.953,   6.228,9999.000,9999.000,9999.000,9999.000,9999.000,9999.000,9999.000
202607132248,   6.417,   6.737,9999.000,9999.000,9999.000,9999.000,9999.000,9999.000,9999.000
202607132254,   6.890,   7.248,9999.000,9999.000,9999.000,9999.000,9999.000,9999.000,9999.000
202607132300,   7.372,   7.757,   0.500,  -0.115,   7.757,   0.500,   7.757,   0.500,   7.757
202607132306,   7.861,   8.268,9999.000,9999.000,9999.000,9999.000,9999.000,9999.000,9999.000
202607132312,   8.355,   8.777,9999.000,9999.000,9999.000,9999.000,9999.000,9999.000,9999.000
202607132318,   8.856,   9.236,9999.000,9999.000,9999.000,9999.000,9999.000,9999.000,9999.000
202607132324,   9.360,   9.748,9999.000,9999.000,9999.000,9999.000,9999.000,9999.000,9999.000
202607132330,   9.868,  10.236,9999.000,9999.000,9999.000,9999.000,9999.000,9999.000,9999.000
202607132336,  10.378,  10.738,9999.000,9999.000,9999.000,9999.000,9999.000,9999.000,9999.000
202607132342,  10.890,  11.286,9999.000,9999.000,9999.000,9999.000,9999.000,9999.000,9999.000
202607132348,  11.402,  11.817,9999.000,9999.000,9999.000,9999.000,9999.000,9999.000,9999.000
202607132354,  11.914,  12.355,9999.000,9999.000,9999.000,9999.000,9999.000,9999.000,9999.000
202607140000,  12.424,  12.887,   0.500,  -0.037,  12.887,   0.500,  12.887,   0.600,  12.987
202607140006,  12.931,  13.405,9999.000,9999.000,9999.000,9999.000,9999.000,9999.000,9999.000
202607140012,  13.434,  13.926,9999.000,9999.000,9999.000,9999.000,9999.000,9999.000,9999.000
202607140018,  13.932,  14.454,9999.000,9999.000,9999.000,9999.000,9999.000,9999.000,9999.000
202607140024,  14.424,  14.946,9999.000,9999.000,9999.000,9999.000,9999.000,9999.000,9999.000
202607140030,  14.907,  15.484,9999.000,9999.000,9999.000,9999.000,9999.000,9999.000,9999.000
202607140036,  15.382,  15.996,9999.000,9999.000,9999.000,9999.000,9999.000,9999.000,9999.000
202607140042,  15.846,  16.485,9999.000,9999.000,9999.000,9999.000,9999.000,9999.000,9999.000
202607140048,  16.297,  16.977,9999.000,9999.000,9999.000,9999.000,9999.000,9999.000,9999.000
202607140054,  16.735,  17.456,9999.000,9999.000,9999.000,9999.000,9999.000,9999.000,9999.000
202607140100,  17.159,  17.875,   0.500,   0.216,  17.875,   0.500,  17.875,   0.600,  17.975
202607140106,  17.565,  18.295,9999.000,9999.000,9999.000,9999.000,9999.000,9999.000,9999.000
202607140112,  17.954,  18.735,9999.000,9999.000,9999.000,9999.000,9999.000,9999.000,9999.000
202607140118,  18.323,  19.125,9999.000,9999.000,9999.000,9999.000,9999.000,9999.000,9999.000
202607140124,  18.671,  19.486,9999.000,9999.000,9999.000,9999.000,9999.000,9999.000,9999.000
202607140130,  18.997,  19.873,9999.000,9999.000,9999.000,9999.000,9999.000,9999.000,9999.000
202607140136,  19.300,  20.244,9999.000,9999.000,9999.000,9999.000,9999.000,9999.000,9999.000
202607140142,  19.579,  20.565,9999.000,9999.000,9999.000,9999.000,9999.000,9999.000,9999.000
202607140148,  19.832,  20.844,9999.000,9999.000,9999.000,9999.000,9999.000,9999.000,9999.000
202607140154,  20.058,  21.073,9999.000,9999.000,9999.000,9999.000,9999.000,9999.000,9999.000
202607140200,  20.257,  21.264,   0.500,   0.507,  21.264,   0.500,  21.264,   0.600,  21.364
202607140206,  20.428,  21.464,9999.000,9999.000,9999.000,9999.000,9999.000,9999.000,9999.000
202607140212,  20.571,  21.644,9999.000,9999.000,9999.000,9999.000,9999.000,9999.000,9999.000
202607140218,  20.685,  21.805,9999.000,9999.000,9999.000,9999.000,9999.000,9999.000,9999.000
202607140224,  20.770,  21.933,9999.000,9999.000,9999.000,9999.000,9999.000,9999.000,9999.000
202607140230,  20.826,  22.015,9999.000,9999.000,9999.000,9999.000,9999.000,9999.000,9999.000
202607140236,  20.853,  22.025,9999.000,9999.000,9999.000,9999.000,9999.000,9999.000,9999.000
202607140242,  20.850,  22.054,9999.000,9999.000,9999.000,9999.000,9999.000,9999.000,9999.000
202607140248,  20.819,  21.975,9999.000,9999.000,9999.000,9999.000,9999.000,9999.000,9999.000
202607140254,  20.760,  21.854,9999.000,9999.000,9999.000,9999.000,9999.000,9999.000,9999.000
202607140300,  20.673,  21.775,   0.500,   0.602,  21.775,   0.500,  21.775,   0.600,  21.875
202607140306,  20.559,  21.585,9999.000,9999.000,9999.000,9999.000,9999.000,9999.000,9999.000
202607140312,  20.418,  21.444,9999.000,9999.000,9999.000,9999.000,9999.000,9999.000,9999.000
202607140318,  20.252,  21.283,9999.000,9999.000,9999.000,9999.000,9999.000,9999.000,9999.000
202607140324,  20.061,  21.103,9999.000,9999.000,9999.000,9999.000,9999.000,9999.000,9999.000
202607140330,  19.847,  20.844,9999.000,9999.000,9999.000,9999.000,9999.000,9999.000,9999.000
202607140336,  19.610,  20.604,9999.000,9999.000,9999.000,9999.000,9999.000,9999.000,9999.000
202607140342,  19.351,  20.303,9999.000,9999.000,9999.000,9999.000,9999.000,9999.000,9999.000
202607140348,  19.072,  20.034,9999.000,9999.000,9999.000,9999.000,9999.000,9999.000,9999.000
202607140354,  18.773,  19.735,9999.000,9999.000,9999.000,9999.000,9999.000,9999.000,9999.000
202607140400,  18.455,  19.433,   0.500,   0.478,  19.433,   0.500,  19.433,   0.600,  19.533
202607140406,  18.120,  19.115,9999.000,9999.000,9999.000,9999.000,9999.000,9999.000,9999.000
202607140412,  17.769,  18.755,9999.000,9999.000,9999.000,9999.000,9999.000,9999.000,9999.000
202607140418,  17.402,  18.404,9999.000,9999.000,9999.000,9999.000,9999.000,9999.000,9999.000
202607140424,  17.021,  18.013,9999.000,9999.000,9999.000,9999.000,9999.000,9999.000,9999.000
202607140430,  16.627,  17.607,9999.000,9999.000,9999.000,9999.000,9999.000,9999.000,9999.000
202607140436,  16.221,  17.164,9999.000,9999.000,9999.000,9999.000,9999.000,9999.000,9999.000
202607140442,  15.803,  16.724,9999.000,9999.000,9999.000,9999.000,9999.000,9999.000,9999.000
202607140448,  15.375,  16.265,9999.000,9999.000,9999.000,9999.000,9999.000,9999.000,9999.000
202607140454,  14.937,  15.796,9999.000,9999.000,9999.000,9999.000,9999.000,9999.000,9999.000
202607140500,  14.491,  15.337,   0.500,   0.346,  15.337,   0.500,  15.337,   0.500,  15.337
202607140506,  14.036,  14.864,9999.000,9999.000,9999.000,9999.000,9999.000,9999.000,9999.000
202607140512,  13.575,  14.395,9999.000,9999.000,9999.000,9999.000,9999.000,9999.000,9999.000
202607140518,  13.107,  13.917,9999.000,9999.000,9999.000,9999.000,9999.000,9999.000,9999.000
202607140524,  12.633,  13.365,9999.000,9999.000,9999.000,9999.000,9999.000,9999.000,9999.000
202607140530,  12.154,  12.877,9999.000,9999.000,9999.000,9999.000,9999.000,9999.000,9999.000
202607140536,  11.670,  12.398,9999.000,9999.000,9999.000,9999.000,9999.000,9999.000,9999.000
202607140542,  11.182,  11.926,9999.000,9999.000,9999.000,9999.000,9999.000,9999.000,9999.000
202607140548,  10.692,  11.447,9999.000,9999.000,9999.000,9999.000,9999.000,9999.000,9999.000
202607140554,  10.199,  10.948,9999.000,9999.000,9999.000,9999.000,9999.000,9999.000,9999.000
202607140600,   9.703,  10.427,   0.500,   0.224,  10.427,   0.500,  10.427,   0.600,  10.527
202607140606,   9.207,   9.918,9999.000,9999.000,9999.000,9999.000,9999.000,9999.000,9999.000
202607140612,   8.709,   9.357,9999.000,9999.000,9999.000,9999.000,9999.000,9999.000,9999.000
202607140618,   8.212,   8.846,9999.000,9999.000,9999.000,9999.000,9999.000,9999.000,9999.000
202607140624,   7.715,   8.396,9999.000,9999.000,9999.000,9999.000,9999.000,9999.000,9999.000
202607140630,   7.220,   7.917,9999.000,9999.000,9999.000,9999.000,9999.000,9999.000,9999.000
202607140636,   6.727,   7.429,9999.000,9999.000,9999.000,9999.000,9999.000,9999.000,9999.000
202607140642,   6.238,   6.878,9999.000,9999.000,9999.000,9999.000,9999.000,9999.000,9999.000
202607140648,   5.752,   6.346,9999.000,9999.000,9999.000,9999.000,9999.000,9999.000,9999.000
202607140654,   5.271,   5.858,9999.000,9999.000,9999.000,9999.000,9999.000,9999.000,9999.000
202607140700,   4.797,   5.320,   0.500,   0.023,   5.320,   0.500,   5.320,   0.600,   5.420
202607140706,   4.330,   4.749,9999.000,9999.000,9999.000,9999.000,9999.000,9999.000,9999.000
202607140712,   3.871,   4.290,9999.000,9999.000,9999.000,9999.000,9999.000,9999.000,9999.000
202607140718,   3.421,   3.837,9999.000,9999.000,9999.000,9999.000,9999.000,9999.000,9999.000
202607140724,   2.983,   3.368,9999.000,9999.000,9999.000,9999.000,9999.000,9999.000,9999.000
202607140730,   2.557,   2.909,9999.000,9999.000,9999.000,9999.000,9999.000,9999.000,9999.000
202607140736,   2.145,   2.459,9999.000,9999.000,9999.000,9999.000,9999.000,9999.000,9999.000
202607140742,   1.747,   2.010,9999.000,9999.000,9999.000,9999.000,9999.000,9999.000,9999.000
202607140748,   1.366,   1.590,9999.000,9999.000,9999.000,9999.000,9999.000,9999.000,9999.000
202607140754,   1.004,   1.200,9999.000,9999.000,9999.000,9999.000,9999.000,9999.000,9999.000
202607140800,   0.660,   0.829,   0.500,  -0.331,   0.829,   0.500,   0.829,   0.500,   0.829
202607140806,   0.338,   0.488,9999.000,9999.000,9999.000,9999.000,9999.000,9999.000,9999.000
202607140812,   0.038,   0.180,9999.000,9999.000,9999.000,9999.000,9999.000,9999.000,9999.000
202607140818,  -0.238,  -0.150,9999.000,9999.000,9999.000,9999.000,9999.000,9999.000,9999.000
202607140824,  -0.490,  -0.419,9999.000,9999.000,9999.000,9999.000,9999.000,9999.000,9999.000
202607140830,  -0.716,  -0.669,9999.000,9999.000,9999.000,9999.000,9999.000,9999.000,9999.000
202607140836,  -0.914,  -0.928,9999.000,9999.000,9999.000,9999.000,9999.000,9999.000,9999.000
202607140842,  -1.085,  -1.128,9999.000,9999.000,9999.000,9999.000,9999.000,9999.000,9999.000
202607140848,  -1.227,  -1.289,9999.000,9999.000,9999.000,9999.000,9999.000,9999.000,9999.000
202607140854,  -1.339,  -1.410,9999.000,9999.000,9999.000,9999.000,9999.000,9999.000,9999.000
202607140900,  -1.421,  -1.498,   0.500,  -0.577,  -1.498,   0.500,  -1.498,   0.500,  -1.498
202607140906,  -1.473,  -1.538,9999.000,9999.000,9999.000,9999.000,9999.000,9999.000,9999.000
202607140912,  -1.494,  -1.557,9999.000,9999.000,9999.000,9999.000,9999.000,9999.000,9999.000
202607140918,  -1.484,  -1.548,9999.000,9999.000,9999.000,9999.000,9999.000,9999.000,9999.000
202607140924,  -1.444,  -1.479,9999.000,9999.000,9999.000,9999.000,9999.000,9999.000,9999.000
202607140930,  -1.373,  -1.410,9999.000,9999.000,9999.000,9999.000,9999.000,9999.000,9999.000
202607140936,  -1.273,  -1.298,9999.000,9999.000,9999.000,9999.000,9999.000,9999.000,9999.000
202607140942,  -1.143,  -1.151,9999.000,9999.000,9999.000,9999.000,9999.000,9999.000,9999.000
202607140948,  -0.984,  -0.961,9999.000,9999.000,9999.000,9999.000,9999.000,9999.000,9999.000
202607140954,  -0.798,  -0.731,9999.000,9999.000,9999.000,9999.000,9999.000,9999.000,9999.000
202607141000,  -0.585,  -0.449,   0.500,  -0.364,  -0.449,   0.500,  -0.449,   0.500,  -0.449
202607141006,  -0.345,  -0.170,9999.000,9999.000,9999.000,9999.000,9999.000,9999.000,9999.000
202607141012,  -0.081,   0.131,9999.000,9999.000,9999.000,9999.000,9999.000,9999.000,9999.000
202607141018,   0.205,   0.449,9999.000,9999.000,9999.000,9999.000,9999.000,9999.000,9999.000
202607141024,   0.515,   0.760,9999.000,9999.000,9999.000,9999.000,9999.000,9999.000,9999.000
202607141030,   0.846,   1.079,9999.000,9999.000,9999.000,9999.000,9999.000,9999.000,9999.000
202607141036,   1.197,   1.430,9999.000,9999.000,9999.000,9999.000,9999.000,9999.000,9999.000
202607141042,   1.567,   1.790,9999.000,9999.000,9999.000,9999.000,9999.000,9999.000,9999.000
202607141048,   1.954,   2.177,9999.000,9999.000,9999.000,9999.000,9999.000,9999.000,9999.000
202607141054,   2.358,   2.630,9999.000,9999.000,9999.000,9999.000,9999.000,9999.000,9999.000
202607141100,   2.777,   3.079,   0.500,  -0.198,   3.079,   0.400,   2.979,   0.500,   3.079
202607141106,   3.209,   3.529,9999.000,9999.000,9999.000,9999.000,9999.000,9999.000,9999.000
202607141112,   3.654,   3.949,9999.000,9999.000,9999.000,9999.000,9999.000,9999.000,9999.000
202607141118,   4.111,   4.359,9999.000,9999.000,9999.000,9999.000,9999.000,9999.000,9999.000
202607141124,   4.579,   4.818,9999.000,9999.000,9999.000,9999.000,9999.000,9999.000,9999.000
202607141130,   5.056,   5.307,9999.000,9999.000,9999.000,9999.000,9999.000,9999.000,9999.000
202607141136,   5.542,   5.828,9999.000,9999.000,9999.000,9999.000,9999.000,9999.000,9999.000
202607141142,   6.036,   6.359,9999.000,9999.000,9999.000,9999.000,9999.000,9999.000,9999.000
202607141148,   6.537,   6.917,9999.000,9999.000,9999.000,9999.000,9999.000,9999.000,9999.000
202607141154,   7.043,   7.399,9999.000,9999.000,9999.000,9999.000,9999.000,9999.000,9999.000
202607141200,   7.554,   7.917,   0.500,  -0.137,   7.917,   0.500,   7.917,   0.500,   7.917
202607141206,   8.069,   8.439,9999.000,9999.000,9999.000,9999.000,9999.000,9999.000,9999.000
202607141212,   8.586,   8.937,9999.000,9999.000,9999.000,9999.000,9999.000,9999.000,9999.000
202607141218,   9.105,   9.479,9999.000,9999.000,9999.000,9999.000,9999.000,9999.000,9999.000
202607141224,   9.625,   9.997,9999.000,9999.000,9999.000,9999.000,9999.000,9999.000,9999.000
202607141230,  10.145,  10.528,9999.000,9999.000,9999.000,9999.000,9999.000,9999.000,9999.000
202607141236,  10.662,  11.056,9999.000,9999.000,9999.000,9999.000,9999.000,9999.000,9999.000
202607141242,  11.177,  11.617,9999.000,9999.000,9999.000,9999.000,9999.000,9999.000,9999.000
202607141248,  11.687,  12.135,9999.000,9999.000,9999.000,9999.000,9999.000,9999.000,9999.000
202607141254,  12.192,  12.677,9999.000,9999.000,9999.000,9999.000,9999.000,9999.000,9999.000
202607141300,  12.689,  13.205,   0.500,   0.016,  13.205,   0.400,  13.105,   0.500,  13.205
202607141306,  13.178,  13.697,9999.000,9999.000,9999.000,9999.000,9999.000,9999.000,9999.000
202607141312,  13.657,  14.176,9999.000,9999.000,9999.000,9999.000,9999.000,9999.000,9999.000
202607141318,  14.125,  14.664,9999.000,9999.000,9999.000,9999.000,9999.000,9999.000,9999.000
202607141324,  14.579,  15.117,9999.000,9999.000,9999.000,9999.000,9999.000,9999.000,9999.000
202607141330,  15.019,  15.547,9999.000,9999.000,9999.000,9999.000,9999.000,9999.000,9999.000
202607141336,  15.443,  16.016,9999.000,9999.000,9999.000,9999.000,9999.000,9999.000,9999.000
202607141342,  15.849,  16.475,9999.000,9999.000,9999.000,9999.000,9999.000,9999.000,9999.000
202607141348,  16.236,  16.924,9999.000,9999.000,9999.000,9999.000,9999.000,9999.000,9999.000
202607141354,  16.602,  17.354,9999.000,9999.000,9999.000,9999.000,9999.000,9999.000,9999.000
202607141400,  16.947,  17.774,   0.500,   0.327,  17.774,   0.400,  17.674,   0.500,  17.774
202607141406,  17.269,  18.144,9999.000,9999.000,9999.000,9999.000,9999.000,9999.000,9999.000
202607141412,  17.567,  18.466,9999.000,9999.000,9999.000,9999.000,9999.000,9999.000,9999.000
202607141418,  17.840,  18.755,9999.000,9999.000,9999.000,9999.000,9999.000,9999.000,9999.000
202607141424,  18.087,  19.066,9999.000,9999.000,9999.000,9999.000,9999.000,9999.000,9999.000
202607141430,  18.307,  19.355,9999.000,9999.000,9999.000,9999.000,9999.000,9999.000,9999.000
202607141436,  18.500,  19.614,9999.000,9999.000,9999.000,9999.000,9999.000,9999.000,9999.000
202607141442,  18.666,  19.834,9999.000,9999.000,9999.000,9999.000,9999.000,9999.000,9999.000
202607141448,  18.803,  19.975,9999.000,9999.000,9999.000,9999.000,9999.000,9999.000,9999.000
202607141454,  18.912,  20.073,9999.000,9999.000,9999.000,9999.000,9999.000,9999.000,9999.000
202607141500,  18.993,  20.165,   0.500,   0.672,  20.165,   0.400,  20.065,   0.500,  20.165
202607141506,  19.046,  20.194,9999.000,9999.000,9999.000,9999.000,9999.000,9999.000,9999.000
202607141512,  19.071,  20.244,9999.000,9999.000,9999.000,9999.000,9999.000,9999.000,9999.000
202607141518,  19.069,  20.263,9999.000,9999.000,9999.000,9999.000,9999.000,9999.000,9999.000
202607141524,  19.039,  20.244,9999.000,9999.000,9999.000,9999.000,9999.000,9999.000,9999.000
202607141530,  18.983,  20.194,9999.000,9999.000,9999.000,9999.000,9999.000,9999.000,9999.000
202607141536,  18.901,  20.093,9999.000,9999.000,9999.000,9999.000,9999.000,9999.000,9999.000
202607141542,  18.794,  19.935,9999.000,9999.000,9999.000,9999.000,9999.000,9999.000,9999.000
202607141548,  18.663,  19.775,9999.000,9999.000,9999.000,9999.000,9999.000,9999.000,9999.000
202607141554,  18.509,  19.584,9999.000,9999.000,9999.000,9999.000,9999.000,9999.000,9999.000
202607141600,  18.332,  19.384,   0.500,   0.552,  19.384,   0.400,  19.284,   0.500,  19.384
202607141606,  18.134,  19.194,9999.000,9999.000,9999.000,9999.000,9999.000,9999.000,9999.000
202607141612,  17.915,  18.964,9999.000,9999.000,9999.000,9999.000,9999.000,9999.000,9999.000
202607141618,  17.677,  18.725,9999.000,9999.000,9999.000,9999.000,9999.000,9999.000,9999.000
202607141624,  17.421,  18.456,9999.000,9999.000,9999.000,9999.000,9999.000,9999.000,9999.000
202607141630,  17.147,  18.164,9999.000,9999.000,9999.000,9999.000,9999.000,9999.000,9999.000
202607141636,  16.857,  17.866,9999.000,9999.000,9999.000,9999.000,9999.000,9999.000,9999.000
202607141642,  16.552,  17.554,9999.000,9999.000,9999.000,9999.000,9999.000,9999.000,9999.000
202607141648,  16.233,  17.216,9999.000,9999.000,9999.000,9999.000,9999.000,9999.000,9999.000
202607141654,  15.900,  16.895,9999.000,9999.000,9999.000,9999.000,9999.000,9999.000,9999.000
202607141700,  15.555,  16.577,   0.500,   0.522,  16.577,   0.400,  16.477,   0.500,  16.577
202607141706,  15.198,  16.196,9999.000,9999.000,9999.000,9999.000,9999.000,9999.000,9999.000
202607141712,  14.831,  15.806,9999.000,9999.000,9999.000,9999.000,9999.000,9999.000,9999.000
202607141718,  14.454,  15.406,9999.000,9999.000,9999.000,9999.000,9999.000,9999.000,9999.000
202607141724,  14.067,  15.005,9999.000,9999.000,9999.000,9999.000,9999.000,9999.000,9999.000
202607141730,  13.673,  14.625,9999.000,9999.000,9999.000,9999.000,9999.000,9999.000,9999.000
202607141736,  13.271,  14.215,9999.000,9999.000,9999.000,9999.000,9999.000,9999.000,9999.000
202607141742,  12.862,  13.795,9999.000,9999.000,9999.000,9999.000,9999.000,9999.000,9999.000
202607141748,  12.446,  13.326,9999.000,9999.000,9999.000,9999.000,9999.000,9999.000,9999.000
202607141754,  12.025,  12.857,9999.000,9999.000,9999.000,9999.000,9999.000,9999.000,9999.000
202607141800,  11.599,  12.398,   0.500,   0.299,  12.398,   0.400,  12.298,   0.500,  12.398
202607141806,  11.168,  11.945,9999.000,9999.000,9999.000,9999.000,9999.000,9999.000,9999.000
202607141812,  10.734,  11.496,9999.000,9999.000,9999.000,9999.000,9999.000,9999.000,9999.000
202607141818,  10.296,  11.066,9999.000,9999.000,9999.000,9999.000,9999.000,9999.000,9999.000
202607141824,   9.855,  10.627,9999.000,9999.000,9999.000,9999.000,9999.000,9999.000,9999.000
202607141830,   9.412,  10.167,9999.000,9999.000,9999.000,9999.000,9999.000,9999.000,9999.000
202607141836,   8.968,   9.718,9999.000,9999.000,9999.000,9999.000,9999.000,9999.000,9999.000
202607141842,   8.523,   9.256,9999.000,9999.000,9999.000,9999.000,9999.000,9999.000,9999.000
202607141848,   8.077,   8.787,9999.000,9999.000,9999.000,9999.000,9999.000,9999.000,9999.000
202607141854,   7.632,   8.347,9999.000,9999.000,9999.000,9999.000,9999.000,9999.000,9999.000
202607141900,   7.188,   7.898,   0.500,   0.210,   7.898,   0.400,   7.798,   0.500,   7.898
202607141906,   6.747,   7.409,9999.000,9999.000,9999.000,9999.000,9999.000,9999.000,9999.000
202607141912,   6.308,   6.956,9999.000,9999.000,9999.000,9999.000,9999.000,9999.000,9999.000
202607141918,   5.873,   6.527,9999.000,9999.000,9999.000,9999.000,9999.000,9999.000,9999.000
202607141924,   5.444,   6.067,9999.000,9999.000,9999.000,9999.000,9999.000,9999.000,9999.000
202607141930,   5.020,   5.608,9999.000,9999.000,9999.000,9999.000,9999.000,9999.000,9999.000
202607141936,   4.604,   5.159,9999.000,9999.000,9999.000,9999.000,9999.000,9999.000,9999.000
202607141942,   4.196,   4.690,9999.000,9999.000,9999.000,9999.000,9999.000,9999.000,9999.000
202607141948,   3.798,   4.247,9999.000,9999.000,9999.000,9999.000,9999.000,9999.000,9999.000
202607141954,   3.411,   3.827,9999.000,9999.000,9999.000,9999.000,9999.000,9999.000,9999.000
202607142000,   3.037,   3.450,   0.500,  -0.087,   3.450,   0.400,   3.350,   0.500,   3.450
202607142006,   2.677,   3.089,9999.000,9999.000,9999.000,9999.000,9999.000,9999.000,9999.000
202607142012,   2.332,   2.728,9999.000,9999.000,9999.000,9999.000,9999.000,9999.000,9999.000
202607142018,   2.004,   2.338,9999.000,9999.000,9999.000,9999.000,9999.000,9999.000,9999.000
202607142024,   1.694,   1.958,9999.000,9999.000,9999.000,9999.000,9999.000,9999.000,9999.000
202607142030,   1.404,   1.610,9999.000,9999.000,9999.000,9999.000,9999.000,9999.000,9999.000
202607142036,   1.136,   1.298,9999.000,9999.000,9999.000,9999.000,9999.000,9999.000,9999.000
202607142042,   0.890,   1.020,9999.000,9999.000,9999.000,9999.000,9999.000,9999.000,9999.000
202607142048,   0.668,   0.751,9999.000,9999.000,9999.000,9999.000,9999.000,9999.000,9999.000
202607142054,   0.472,   0.531,9999.000,9999.000,9999.000,9999.000,9999.000,9999.000,9999.000
202607142100,   0.301,   0.341,   0.500,  -0.460,   0.341,   0.400,   0.241,   0.500,   0.341
202607142106,   0.158,   0.150,9999.000,9999.000,9999.000,9999.000,9999.000,9999.000,9999.000
202607142112,   0.044,  -0.019,9999.000,9999.000,9999.000,9999.000,9999.000,9999.000,9999.000
202607142118,  -0.041,  -0.150,9999.000,9999.000,9999.000,9999.000,9999.000,9999.000,9999.000
202607142124,  -0.098,  -0.219,9999.000,9999.000,9999.000,9999.000,9999.000,9999.000,9999.000
202607142130,  -0.125,  -0.239,9999.000,9999.000,9999.000,9999.000,9999.000,9999.000,9999.000
202607142136,  -0.121,  -0.209,9999.000,9999.000,9999.000,9999.000,9999.000,9999.000,9999.000
202607142142,  -0.087,  -0.170,9999.000,9999.000,9999.000,9999.000,9999.000,9999.000,9999.000
202607142148,  -0.023,  -0.121,9999.000,9999.000,9999.000,9999.000,9999.000,9999.000,9999.000
202607142154,   0.070,  -0.019,9999.000,9999.000,9999.000,9999.000,9999.000,9999.000,9999.000
202607142200,   0.194,   0.078,   0.500,  -0.616,   0.078,   0.400,  -0.022,   0.500,   0.078
202607142206,   0.347,   0.239,9999.000,9999.000,9999.000,9999.000,9999.000,9999.000,9999.000
202607142212,   0.528,   0.449,9999.000,9999.000,9999.000,9999.000,9999.000,9999.000,9999.000
202607142218,   0.737,   0.718,9999.000,9999.000,9999.000,9999.000,9999.000,9999.000,9999.000
202607142224,   0.972,   1.039,9999.000,9999.000,9999.000,9999.000,9999.000,9999.000,9999.000
202607142230,   1.233,   1.338,9999.000,9999.000,9999.000,9999.000,9999.000,9999.000,9999.000
202607142236,   1.519,   1.718,9999.000,9999.000,9999.000,9999.000,9999.000,9999.000,9999.000
202607142242,   1.828,   2.049,9999.000,9999.000,9999.000,9999.000,9999.000,9999.000,9999.000
202607142248,   2.160,   2.430,9999.000,9999.000,9999.000,9999.000,9999.000,9999.000,9999.000
202607142254,   2.512,   2.787,9999.000,9999.000,9999.000,9999.000,9999.000,9999.000,9999.000
202607142300,   2.885,   3.158,   0.500,  -0.227,   3.158,   0.500,   3.158,   0.600,   3.258
202607142306,   3.276,   3.598,9999.000,9999.000,9999.000,9999.000,9999.000,9999.000,9999.000
202607142312,   3.684,   3.988,9999.000,9999.000,9999.000,9999.000,9999.000,9999.000,9999.000
202607142318,   4.108,   4.398,9999.000,9999.000,9999.000,9999.000,9999.000,9999.000,9999.000
202607142324,   4.547,   4.788,9999.000,9999.000,9999.000,9999.000,9999.000,9999.000,9999.000
202607142330,   5.000,   5.238,9999.000,9999.000,9999.000,9999.000,9999.000,9999.000,9999.000
202607142336,   5.465,   5.759,9999.000,9999.000,9999.000,9999.000,9999.000,9999.000,9999.000
202607142342,   5.942,   6.277,9999.000,9999.000,9999.000,9999.000,9999.000,9999.000,9999.000
202607142348,   6.429,   6.789,9999.000,9999.000,9999.000,9999.000,9999.000,9999.000,9999.000
202607142354,   6.926,   7.366,9999.000,9999.000,9999.000,9999.000,9999.000,9999.000,9999.000
202607150000,   7.431,   7.366,   0.500,  -0.565,   7.366,   0.500,   7.366,   0.600,   7.466
202607150006,   7.943,9999.000,9999.000,9999.000,9999.000,9999.000,9999.000,9999.000,9999.000
202607150012,   8.461,9999.000,9999.000,9999.000,9999.000,9999.000,9999.000,9999.000,9999.000
202607150018,   8.985,9999.000,9999.000,9999.000,9999.000,9999.000,9999.000,9999.000,9999.000
202607150024,   9.513,9999.000,9999.000,9999.000,9999.000,9999.000,9999.000,9999.000,9999.000
202607150030,  10.045,9999.000,9999.000,9999.000,9999.000,9999.000,9999.000,9999.000,9999.000
202607150036,  10.579,9999.000,9999.000,9999.000,9999.000,9999.000,9999.000,9999.000,9999.000
202607150042,  11.113,9999.000,9999.000,9999.000,9999.000,9999.000,9999.000,9999.000,9999.000
202607150048,  11.648,9999.000,9999.000,9999.000,9999.000,9999.000,9999.000,9999.000,9999.000
202607150054,  12.182,9999.000,9999.000,9999.000,9999.000,9999.000,9999.000,9999.000,9999.000
202607150100,  12.714,9999.000,   0.500,  -0.516,  12.698,   0.500,  12.698,   0.600,  12.798
202607150106,  13.242,9999.000,9999.000,9999.000,9999.000,9999.000,9999.000,9999.000,9999.000
202607150112,  13.764,9999.000,9999.000,9999.000,9999.000,9999.000,9999.000,9999.000,9999.000
202607150118,  14.281,9999.000,9999.000,9999.000,9999.000,9999.000,9999.000,9999.000,9999.000
202607150124,  14.789,9999.000,9999.000,9999.000,9999.000,9999.000,9999.000,9999.000,9999.000
202607150130,  15.289,9999.000,9999.000,9999.000,9999.000,9999.000,9999.000,9999.000,9999.000
202607150136,  15.777,9999.000,9999.000,9999.000,9999.000,9999.000,9999.000,9999.000,9999.000
202607150142,  16.253,9999.000,9999.000,9999.000,9999.000,9999.000,9999.000,9999.000,9999.000
202607150148,  16.715,9999.000,9999.000,9999.000,9999.000,9999.000,9999.000,9999.000,9999.000
202607150154,  17.161,9999.000,9999.000,9999.000,9999.000,9999.000,9999.000,9999.000,9999.000
202607150200,  17.590,9999.000,   0.500,  -0.466,  17.624,   0.500,  17.624,   0.600,  17.724
202607150206,  18.001,9999.000,9999.000,9999.000,9999.000,9999.000,9999.000,9999.000,9999.000
202607150212,  18.391,9999.000,9999.000,9999.000,9999.000,9999.000,9999.000,9999.000,9999.000
202607150218,  18.760,9999.000,9999.000,9999.000,9999.000,9999.000,9999.000,9999.000,9999.000
202607150224,  19.106,9999.000,9999.000,9999.000,9999.000,9999.000,9999.000,9999.000,9999.000
202607150230,  19.428,9999.000,9999.000,9999.000,9999.000,9999.000,9999.000,9999.000,9999.000
202607150236,  19.724,9999.000,9999.000,9999.000,9999.000,9999.000,9999.000,9999.000,9999.000
202607150242,  19.994,9999.000,9999.000,9999.000,9999.000,9999.000,9999.000,9999.000,9999.000
202607150248,  20.236,9999.000,9999.000,9999.000,9999.000,9999.000,9999.000,9999.000,9999.000
202607150254,  20.451,9999.000,9999.000,9999.000,9999.000,9999.000,9999.000,9999.000,9999.000
202607150300,  20.636,9999.000,   0.500,  -0.417,  20.719,   0.500,  20.719,   0.600,  20.819
202607150306,  20.793,9999.000,9999.000,9999.000,9999.000,9999.000,9999.000,9999.000,9999.000
202607150312,  20.919,9999.000,9999.000,9999.000,9999.000,9999.000,9999.000,9999.000,9999.000
202607150318,  21.016,9999.000,9999.000,9999.000,9999.000,9999.000,9999.000,9999.000,9999.000
202607150324,  21.083,9999.000,9999.000,9999.000,9999.000,9999.000,9999.000,9999.000,9999.000
202607150330,  21.120,9999.000,9999.000,9999.000,9999.000,9999.000,9999.000,9999.000,9999.000
202607150336,  21.127,9999.000,9999.000,9999.000,9999.000,9999.000,9999.000,9999.000,9999.000
202607150342,  21.105,9999.000,9999.000,9999.000,9999.000,9999.000,9999.000,9999.000,9999.000
202607150348,  21.054,9999.000,9999.000,9999.000,9999.000,9999.000,9999.000,9999.000,9999.000
202607150354,  20.975,9999.000,9999.000,9999.000,9999.000,9999.000,9999.000,9999.000,9999.000
202607150400,  20.868,9999.000,   0.500,  -0.368,  21.000,   0.400,  20.900,   0.600,  21.100
202607150406,  20.735,9999.000,9999.000,9999.000,9999.000,9999.000,9999.000,9999.000,9999.000
202607150412,  20.575,9999.000,9999.000,9999.000,9999.000,9999.000,9999.000,9999.000,9999.000
202607150418,  20.390,9999.000,9999.000,9999.000,9999.000,9999.000,9999.000,9999.000,9999.000
202607150424,  20.180,9999.000,9999.000,9999.000,9999.000,9999.000,9999.000,9999.000,9999.000
202607150430,  19.948,9999.000,9999.000,9999.000,9999.000,9999.000,9999.000,9999.000,9999.000
202607150436,  19.693,9999.000,9999.000,9999.000,9999.000,9999.000,9999.000,9999.000,9999.000
202607150442,  19.417,9999.000,9999.000,9999.000,9999.000,9999.000,9999.000,9999.000,9999.000
202607150448,  19.121,9999.000,9999.000,9999.000,9999.000,9999.000,9999.000,9999.000,9999.000
202607150454,  18.805,9999.000,9999.000,9999.000,9999.000,9999.000,9999.000,9999.000,9999.000
202607150500,  18.472,9999.000,   0.500,  -0.319,  18.653,   0.400,  18.553,   0.500,  18.653
202607150506,  18.122,9999.000,9999.000,9999.000,9999.000,9999.000,9999.000,9999.000,9999.000
202607150512,  17.755,9999.000,9999.000,9999.000,9999.000,9999.000,9999.000,9999.000,9999.000
202607150518,  17.374,9999.000,9999.000,9999.000,9999.000,9999.000,9999.000,9999.000,9999.000
202607150524,  16.979,9999.000,9999.000,9999.000,9999.000,9999.000,9999.000,9999.000,9999.000
202607150530,  16.570,9999.000,9999.000,9999.000,9999.000,9999.000,9999.000,9999.000,9999.000
202607150536,  16.150,9999.000,9999.000,9999.000,9999.000,9999.000,9999.000,9999.000,9999.000
202607150542,  15.718,9999.000,9999.000,9999.000,9999.000,9999.000,9999.000,9999.000,9999.000
202607150548,  15.275,9999.000,9999.000,9999.000,9999.000,9999.000,9999.000,9999.000,9999.000
202607150554,  14.823,9999.000,9999.000,9999.000,9999.000,9999.000,9999.000,9999.000,9999.000
202607150600,  14.361,9999.000,   0.400,  -0.269,  14.492,   0.300,  14.392,   0.500,  14.592
202607150606,  13.892,9999.000,9999.000,9999.000,9999.000,9999.000,9999.000,9999.000,9999.000
202607150612,  13.414,9999.000,9999.000,9999.000,9999.000,9999.000,9999.000,9999.000,9999.000
202607150618,  12.930,9999.000,9999.000,9999.000,9999.000,9999.000,9999.000,9999.000,9999.000
202607150624,  12.440,9999.000,9999.000,9999.000,9999.000,9999.000,9999.000,9999.000,9999.000
202607150630,  11.944,9999.000,9999.000,9999.000,9999.000,9999.000,9999.000,9999.000,9999.000
202607150636,  11.443,9999.000,9999.000,9999.000,9999.000,9999.000,9999.000,9999.000,9999.000
202607150642,  10.937,9999.000,9999.000,9999.000,9999.000,9999.000,9999.000,9999.000,9999.000
202607150648,  10.428,9999.000,9999.000,9999.000,9999.000,9999.000,9999.000,9999.000,9999.000
202607150654,   9.916,9999.000,9999.000,9999.000,9999.000,9999.000,9999.000,9999.000,9999.000
202607150700,   9.401,9999.000,   0.400,  -0.220,   9.581,   0.200,   9.381,   0.400,   9.581
202607150706,   8.885,9999.000,9999.000,9999.000,9999.000,9999.000,9999.000,9999.000,9999.000
202607150712,   8.368,9999.000,9999.000,9999.000,9999.000,9999.000,9999.000,9999.000,9999.000
202607150718,   7.850,9999.000,9999.000,9999.000,9999.000,9999.000,9999.000,9999.000,9999.000
202607150724,   7.334,9999.000,9999.000,9999.000,9999.000,9999.000,9999.000,9999.000,9999.000
202607150730,   6.819,9999.000,9999.000,9999.000,9999.000,9999.000,9999.000,9999.000,9999.000
202607150736,   6.306,9999.000,9999.000,9999.000,9999.000,9999.000,9999.000,9999.000,9999.000
202607150742,   5.798,9999.000,9999.000,9999.000,9999.000,9999.000,9999.000,9999.000,9999.000
202607150748,   5.294,9999.000,9999.000,9999.000,9999.000,9999.000,9999.000,9999.000,9999.000
202607150754,   4.796,9999.000,9999.000,9999.000,9999.000,9999.000,9999.000,9999.000,9999.000
202607150800,   4.305,9999.000,   0.300,  -0.171,   4.434,   0.200,   4.334,   0.400,   4.534
202607150806,   3.822,9999.000,9999.000,9999.000,9999.000,9999.000,9999.000,9999.000,9999.000
202607150812,   3.349,9999.000,9999.000,9999.000,9999.000,9999.000,9999.000,9999.000,9999.000
202607150818,   2.888,9999.000,9999.000,9999.000,9999.000,9999.000,9999.000,9999.000,9999.000
202607150824,   2.439,9999.000,9999.000,9999.000,9999.000,9999.000,9999.000,9999.000,9999.000
202607150830,   2.005,9999.000,9999.000,9999.000,9999.000,9999.000,9999.000,9999.000,9999.000
202607150836,   1.586,9999.000,9999.000,9999.000,9999.000,9999.000,9999.000,9999.000,9999.000
202607150842,   1.185,9999.000,9999.000,9999.000,9999.000,9999.000,9999.000,9999.000,9999.000
202607150848,   0.803,9999.000,9999.000,9999.000,9999.000,9999.000,9999.000,9999.000,9999.000
202607150854,   0.441,9999.000,9999.000,9999.000,9999.000,9999.000,9999.000,9999.000,9999.000
202607150900,   0.101,9999.000,   0.200,  -0.122,   0.179,   0.100,   0.079,   0.300,   0.279
202607150906,  -0.214,9999.000,9999.000,9999.000,9999.000,9999.000,9999.000,9999.000,9999.000
202607150912,  -0.506,9999.000,9999.000,9999.000,9999.000,9999.000,9999.000,9999.000,9999.000
202607150918,  -0.772,9999.000,9999.000,9999.000,9999.000,9999.000,9999.000,9999.000,9999.000
202607150924,  -1.010,9999.000,9999.000,9999.000,9999.000,9999.000,9999.000,9999.000,9999.000
202607150930,  -1.220,9999.000,9999.000,9999.000,9999.000,9999.000,9999.000,9999.000,9999.000
202607150936,  -1.400,9999.000,9999.000,9999.000,9999.000,9999.000,9999.000,9999.000,9999.000
202607150942,  -1.551,9999.000,9999.000,9999.000,9999.000,9999.000,9999.000,9999.000,9999.000
202607150948,  -1.670,9999.000,9999.000,9999.000,9999.000,9999.000,9999.000,9999.000,9999.000
202607150954,  -1.758,9999.000,9999.000,9999.000,9999.000,9999.000,9999.000,9999.000,9999.000
202607151000,  -1.815,9999.000,   0.200,  -0.072,  -1.687,   0.100,  -1.787,   0.300,  -1.587
202607151006,  -1.839,9999.000,9999.000,9999.000,9999.000,9999.000,9999.000,9999.000,9999.000
202607151012,  -1.832,9999.000,9999.000,9999.000,9999.000,9999.000,9999.000,9999.000,9999.000
202607151018,  -1.793,9999.000,9999.000,9999.000,9999.000,9999.000,9999.000,9999.000,9999.000
202607151024,  -1.723,9999.000,9999.000,9999.000,9999.000,9999.000,9999.000,9999.000,9999.000
202607151030,  -1.621,9999.000,9999.000,9999.000,9999.000,9999.000,9999.000,9999.000,9999.000
202607151036,  -1.490,9999.000,9999.000,9999.000,9999.000,9999.000,9999.000,9999.000,9999.000
202607151042,  -1.329,9999.000,9999.000,9999.000,9999.000,9999.000,9999.000,9999.000,9999.000
202607151048,  -1.139,9999.000,9999.000,9999.000,9999.000,9999.000,9999.000,9999.000,9999.000
202607151054,  -0.922,9999.000,9999.000,9999.000,9999.000,9999.000,9999.000,9999.000,9999.000
202607151100,  -0.677,9999.000,   0.200,  -0.023,  -0.500,   0.000,  -0.700,   0.300,  -0.400
202607151106,  -0.408,9999.000,9999.000,9999.000,9999.000,9999.000,9999.000,9999.000,9999.000
202607151112,  -0.114,9999.000,9999.000,9999.000,9999.000,9999.000,9999.000,9999.000,9999.000
202607151118,   0.203,9999.000,9999.000,9999.000,9999.000,9999.000,9999.000,9999.000,9999.000
202607151124,   0.542,9999.000,9999.000,9999.000,9999.000,9999.000,9999.000,9999.000,9999.000
202607151130,   0.901,9999.000,9999.000,9999.000,9999.000,9999.000,9999.000,9999.000,9999.000
202607151136,   1.281,9999.000,9999.000,9999.000,9999.000,9999.000,9999.000,9999.000,9999.000
202607151142,   1.678,9999.000,9999.000,9999.000,9999.000,9999.000,9999.000,9999.000,9999.000
202607151148,   2.093,9999.000,9999.000,9999.000,9999.000,9999.000,9999.000,9999.000,9999.000
202607151154,   2.523,9999.000,9999.000,9999.000,9999.000,9999.000,9999.000,9999.000,9999.000
202607151200,   2.968,9999.000,   0.100,   0.026,   3.094,   0.000,   2.994,   0.300,   3.294
202607151206,   3.426,9999.000,9999.000,9999.000,9999.000,9999.000,9999.000,9999.000,9999.000
202607151212,   3.897,9999.000,9999.000,9999.000,9999.000,9999.000,9999.000,9999.000,9999.000
202607151218,   4.380,9999.000,9999.000,9999.000,9999.000,9999.000,9999.000,9999.000,9999.000
202607151224,   4.873,9999.000,9999.000,9999.000,9999.000,9999.000,9999.000,9999.000,9999.000
202607151230,   5.375,9999.000,9999.000,9999.000,9999.000,9999.000,9999.000,9999.000,9999.000
202607151236,   5.886,9999.000,9999.000,9999.000,9999.000,9999.000,9999.000,9999.000,9999.000
202607151242,   6.404,9999.000,9999.000,9999.000,9999.000,9999.000,9999.000,9999.000,9999.000
202607151248,   6.928,9999.000,9999.000,9999.000,9999.000,9999.000,9999.000,9999.000,9999.000
202607151254,   7.458,9999.000,9999.000,9999.000,9999.000,9999.000,9999.000,9999.000,9999.000
202607151300,   7.992,9999.000,   0.100,   0.026,   8.118,   0.000,   8.018,   0.300,   8.318
202607151306,   8.529,9999.000,9999.000,9999.000,9999.000,9999.000,9999.000,9999.000,9999.000
202607151312,   9.068,9999.000,9999.000,9999.000,9999.000,9999.000,9999.000,9999.000,9999.000
202607151318,   9.608,9999.000,9999.000,9999.000,9999.000,9999.000,9999.000,9999.000,9999.000
202607151324,  10.148,9999.000,9999.000,9999.000,9999.000,9999.000,9999.000,9999.000,9999.000
202607151330,  10.686,9999.000,9999.000,9999.000,9999.000,9999.000,9999.000,9999.000,9999.000
202607151336,  11.221,9999.000,9999.000,9999.000,9999.000,9999.000,9999.000,9999.000,9999.000
202607151342,  11.752,9999.000,9999.000,9999.000,9999.000,9999.000,9999.000,9999.000,9999.000
202607151348,  12.277,9999.000,9999.000,9999.000,9999.000,9999.000,9999.000,9999.000,9999.000
202607151354,  12.794,9999.000,9999.000,9999.000,9999.000,9999.000,9999.000,9999.000,9999.000
202607151400,  13.302,9999.000,   0.100,   0.026,  13.428,   0.000,  13.328,   0.300,  13.628
202607151406,  13.800,9999.000,9999.000,9999.000,9999.000,9999.000,9999.000,9999.000,9999.000
202607151412,  14.286,9999.000,9999.000,9999.000,9999.000,9999.000,9999.000,9999.000,9999.000
202607151418,  14.757,9999.000,9999.000,9999.000,9999.000,9999.000,9999.000,9999.000,9999.000
202607151424,  15.214,9999.000,9999.000,9999.000,9999.000,9999.000,9999.000,9999.000,9999.000
202607151430,  15.653,9999.000,9999.000,9999.000,9999.000,9999.000,9999.000,9999.000,9999.000
202607151436,  16.074,9999.000,9999.000,9999.000,9999.000,9999.000,9999.000,9999.000,9999.000
202607151442,  16.476,9999.000,9999.000,9999.000,9999.000,9999.000,9999.000,9999.000,9999.000
202607151448,  16.856,9999.000,9999.000,9999.000,9999.000,9999.000,9999.000,9999.000,9999.000
202607151454,  17.213,9999.000,9999.000,9999.000,9999.000,9999.000,9999.000,9999.000,9999.000
202607151500,  17.546,9999.000,   0.100,   0.026,  17.672,   0.000,  17.572,   0.300,  17.872
202607151506,  17.855,9999.000,9999.000,9999.000,9999.000,9999.000,9999.000,9999.000,9999.000
202607151512,  18.138,9999.000,9999.000,9999.000,9999.000,9999.000,9999.000,9999.000,9999.000
202607151518,  18.393,9999.000,9999.000,9999.000,9999.000,9999.000,9999.000,9999.000,9999.000
202607151524,  18.622,9999.000,9999.000,9999.000,9999.000,9999.000,9999.000,9999.000,9999.000
202607151530,  18.823,9999.000,9999.000,9999.000,9999.000,9999.000,9999.000,9999.000,9999.000
202607151536,  18.995,9999.000,9999.000,9999.000,9999.000,9999.000,9999.000,9999.000,9999.000
202607151542,  19.138,9999.000,9999.000,9999.000,9999.000,9999.000,9999.000,9999.000,9999.000
202607151548,  19.253,9999.000,9999.000,9999.000,9999.000,9999.000,9999.000,9999.000,9999.000
202607151554,  19.339,9999.000,9999.000,9999.000,9999.000,9999.000,9999.000,9999.000,9999.000
202607151600,  19.396,9999.000,   0.200,   0.026,  19.622,   0.000,  19.422,   0.300,  19.722
202607151606,  19.425,9999.000,9999.000,9999.000,9999.000,9999.000,9999.000,9999.000,9999.000
202607151612,  19.426,9999.000,9999.000,9999.000,9999.000,9999.000,9999.000,9999.000,9999.000
202607151618,  19.399,9999.000,9999.000,9999.000,9999.000,9999.000,9999.000,9999.000,9999.000
202607151624,  19.346,9999.000,9999.000,9999.000,9999.000,9999.000,9999.000,9999.000,9999.000
202607151630,  19.266,9999.000,9999.000,9999.000,9999.000,9999.000,9999.000,9999.000,9999.000
202607151636,  19.161,9999.000,9999.000,9999.000,9999.000,9999.000,9999.000,9999.000,9999.000
202607151642,  19.032,9999.000,9999.000,9999.000,9999.000,9999.000,9999.000,9999.000,9999.000
202607151648,  18.879,9999.000,9999.000,9999.000,9999.000,9999.000,9999.000,9999.000,9999.000
202607151654,  18.703,9999.000,9999.000,9999.000,9999.000,9999.000,9999.000,9999.000,9999.000
202607151700,  18.506,9999.000,   0.200,   0.026,  18.732,   0.000,  18.532,   0.400,  18.932
202607151706,  18.288,9999.000,9999.000,9999.000,9999.000,9999.000,9999.000,9999.000,9999.000
202607151712,  18.050,9999.000,9999.000,9999.000,9999.000,9999.000,9999.000,9999.000,9999.000
202607151718,  17.793,9999.000,9999.000,9999.000,9999.000,9999.000,9999.000,9999.000,9999.000
202607151724,  17.519,9999.000,9999.000,9999.000,9999.000,9999.000,9999.000,9999.000,9999.000
202607151730,  17.227,9999.000,9999.000,9999.000,9999.000,9999.000,9999.000,9999.000,9999.000
202607151736,  16.920,9999.000,9999.000,9999.000,9999.000,9999.000,9999.000,9999.000,9999.000
202607151742,  16.598,9999.000,9999.000,9999.000,9999.000,9999.000,9999.000,9999.000,9999.000
202607151748,  16.263,9999.000,9999.000,9999.000,9999.000,9999.000,9999.000,9999.000,9999.000
202607151754,  15.914,9999.000,9999.000,9999.000,9999.000,9999.000,9999.000,9999.000,9999.000
202607151800,  15.553,9999.000,   0.300,   0.026,  15.879,   0.100,  15.679,   0.400,  15.979
202607151806,  15.180,9999.000,9999.000,9999.000,9999.000,9999.000,9999.000,9999.000,9999.000
202607151812,  14.797,9999.000,9999.000,9999.000,9999.000,9999.000,9999.000,9999.000,9999.000
202607151818,  14.403,9999.000,9999.000,9999.000,9999.000,9999.000,9999.000,9999.000,9999.000
202607151824,  14.001,9999.000,9999.000,9999.000,9999.000,9999.000,9999.000,9999.000,9999.000
202607151830,  13.590,9999.000,9999.000,9999.000,9999.000,9999.000,9999.000,9999.000,9999.000
202607151836,  13.171,9999.000,9999.000,9999.000,9999.000,9999.000,9999.000,9999.000,9999.000
202607151842,  12.744,9999.000,9999.000,9999.000,9999.000,9999.000,9999.000,9999.000,9999.000
202607151848,  12.311,9999.000,9999.000,9999.000,9999.000,9999.000,9999.000,9999.000,9999.000
202607151854,  11.872,9999.000,9999.000,9999.000,9999.000,9999.000,9999.000,9999.000,9999.000
202607151900,  11.428,9999.000,   0.300,   0.026,  11.754,   0.200,  11.654,   0.500,  11.954
202607151906,  10.978,9999.000,9999.000,9999.000,9999.000,9999.000,9999.000,9999.000,9999.000
202607151912,  10.524,9999.000,9999.000,9999.000,9999.000,9999.000,9999.000,9999.000,9999.000
202607151918,  10.067,9999.000,9999.000,9999.000,9999.000,9999.000,9999.000,9999.000,9999.000
202607151924,   9.606,9999.000,9999.000,9999.000,9999.000,9999.000,9999.000,9999.000,9999.000
202607151930,   9.143,9999.000,9999.000,9999.000,9999.000,9999.000,9999.000,9999.000,9999.000
202607151936,   8.678,9999.000,9999.000,9999.000,9999.000,9999.000,9999.000,9999.000,9999.000
202607151942,   8.212,9999.000,9999.000,9999.000,9999.000,9999.000,9999.000,9999.000,9999.000
202607151948,   7.747,9999.000,9999.000,9999.000,9999.000,9999.000,9999.000,9999.000,9999.000
202607151954,   7.282,9999.000,9999.000,9999.000,9999.000,9999.000,9999.000,9999.000,9999.000
202607152000,   6.818,9999.000,   0.400,   0.026,   7.244,   0.200,   7.044,   0.600,   7.444
202607152006,   6.358,9999.000,9999.000,9999.000,9999.000,9999.000,9999.000,9999.000,9999.000
202607152012,   5.901,9999.000,9999.000,9999.000,9999.000,9999.000,9999.000,9999.000,9999.000
202607152018,   5.449,9999.000,9999.000,9999.000,9999.000,9999.000,9999.000,9999.000,9999.000
202607152024,   5.003,9999.000,9999.000,9999.000,9999.000,9999.000,9999.000,9999.000,9999.000
202607152030,   4.565,9999.000,9999.000,9999.000,9999.000,9999.000,9999.000,9999.000,9999.000
202607152036,   4.136,9999.000,9999.000,9999.000,9999.000,9999.000,9999.000,9999.000,9999.000
202607152042,   3.716,9999.000,9999.000,9999.000,9999.000,9999.000,9999.000,9999.000,9999.000
202607152048,   3.309,9999.000,9999.000,9999.000,9999.000,9999.000,9999.000,9999.000,9999.000
202607152054,   2.915,9999.000,9999.000,9999.000,9999.000,9999.000,9999.000,9999.000,9999.000
202607152100,   2.535,9999.000,   0.500,   0.026,   3.061,   0.300,   2.861,   0.600,   3.161
202607152106,   2.172,9999.000,9999.000,9999.000,9999.000,9999.000,9999.000,9999.000,9999.000
202607152112,   1.826,9999.000,9999.000,9999.000,9999.000,9999.000,9999.000,9999.000,9999.000
202607152118,   1.500,9999.000,9999.000,9999.000,9999.000,9999.000,9999.000,9999.000,9999.000
202607152124,   1.194,9999.000,9999.000,9999.000,9999.000,9999.000,9999.000,9999.000,9999.000
202607152130,   0.911,9999.000,9999.000,9999.000,9999.000,9999.000,9999.000,9999.000,9999.000
202607152136,   0.652,9999.000,9999.000,9999.000,9999.000,9999.000,9999.000,9999.000,9999.000
202607152142,   0.418,9999.000,9999.000,9999.000,9999.000,9999.000,9999.000,9999.000,9999.000
202607152148,   0.210,9999.000,9999.000,9999.000,9999.000,9999.000,9999.000,9999.000,9999.000
202607152154,   0.029,9999.000,9999.000,9999.000,9999.000,9999.000,9999.000,9999.000,9999.000
202607152200,  -0.122,9999.000,   0.500,   0.026,   0.404,   0.400,   0.304,   0.600,   0.504
202607152206,  -0.245,9999.000,9999.000,9999.000,9999.000,9999.000,9999.000,9999.000,9999.000
202607152212,  -0.338,9999.000,9999.000,9999.000,9999.000,9999.000,9999.000,9999.000,9999.000
202607152218,  -0.400,9999.000,9999.000,9999.000,9999.000,9999.000,9999.000,9999.000,9999.000
202607152224,  -0.432,9999.000,9999.000,9999.000,9999.000,9999.000,9999.000,9999.000,9999.000
202607152230,  -0.433,9999.000,9999.000,9999.000,9999.000,9999.000,9999.000,9999.000,9999.000
202607152236,  -0.403,9999.000,9999.000,9999.000,9999.000,9999.000,9999.000,9999.000,9999.000
202607152242,  -0.341,9999.000,9999.000,9999.000,9999.000,9999.000,9999.000,9999.000,9999.000
202607152248,  -0.249,9999.000,9999.000,9999.000,9999.000,9999.000,9999.000,9999.000,9999.000
202607152254,  -0.127,9999.000,9999.000,9999.000,9999.000,9999.000,9999.000,9999.000,9999.000
202607152300,   0.024,9999.000,   0.600,   0.026,   0.650,   0.500,   0.550,   0.700,   0.750
202607152306,   0.204,9999.000,9999.000,9999.000,9999.000,9999.000,9999.000,9999.000,9999.000
202607152312,   0.413,9999.000,9999.000,9999.000,9999.000,9999.000,9999.000,9999.000,9999.000
202607152318,   0.649,9999.000,9999.000,9999.000,9999.000,9999.000,9999.000,9999.000,9999.000
202607152324,   0.911,9999.000,9999.000,9999.000,9999.000,9999.000,9999.000,9999.000,9999.000
202607152330,   1.198,9999.000,9999.000,9999.000,9999.000,9999.000,9999.000,9999.000,9999.000
202607152336,   1.509,9999.000,9999.000,9999.000,9999.000,9999.000,9999.000,9999.000,9999.000
202607152342,   1.842,9999.000,9999.000,9999.000,9999.000,9999.000,9999.000,9999.000,9999.000
202607152348,   2.197,9999.000,9999.000,9999.000,9999.000,9999.000,9999.000,9999.000,9999.000
202607152354,   2.572,9999.000,9999.000,9999.000,9999.000,9999.000,9999.000,9999.000,9999.000
202607160000,   2.967,9999.000,   0.600,   0.026,   3.593,   0.500,   3.493,   0.700,   3.693
202607160006,   3.378,9999.000,9999.000,9999.000,9999.000,9999.000,9999.000,9999.000,9999.000
202607160012,   3.807,9999.000,9999.000,9999.000,9999.000,9999.000,9999.000,9999.000,9999.000
202607160018,   4.250,9999.000,9999.000,9999.000,9999.000,9999.000,9999.000,9999.000,9999.000
202607160024,   4.708,9999.000,9999.000,9999.000,9999.000,9999.000,9999.000,9999.000,9999.000
202607160030,   5.179,9999.000,9999.000,9999.000,9999.000,9999.000,9999.000,9999.000,9999.000
202607160036,   5.662,9999.000,9999.000,9999.000,9999.000,9999.000,9999.000,9999.000,9999.000
202607160042,   6.156,9999.000,9999.000,9999.000,9999.000,9999.000,9999.000,9999.000,9999.000
202607160048,   6.660,9999.000,9999.000,9999.000,9999.000,9999.000,9999.000,9999.000,9999.000
202607160054,   7.172,9999.000,9999.000,9999.000,9999.000,9999.000,9999.000,9999.000,9999.000
202607160100,   7.693,9999.000,   0.700,   0.026,   8.419,   0.500,   8.219,   0.800,   8.519
202607160106,   8.220,9999.000,9999.000,9999.000,9999.000,9999.000,9999.000,9999.000,9999.000
202607160112,   8.753,9999.000,9999.000,9999.000,9999.000,9999.000,9999.000,9999.000,9999.000
202607160118,   9.291,9999.000,9999.000,9999.000,9999.000,9999.000,9999.000,9999.000,9999.000
202607160124,   9.833,9999.000,9999.000,9999.000,9999.000,9999.000,9999.000,9999.000,9999.000
202607160130,  10.377,9999.000,9999.000,9999.000,9999.000,9999.000,9999.000,9999.000,9999.000
202607160136,  10.922,9999.000,9999.000,9999.000,9999.000,9999.000,9999.000,9999.000,9999.000
202607160142,  11.468,9999.000,9999.000,9999.000,9999.000,9999.000,9999.000,9999.000,9999.000
202607160148,  12.013,9999.000,9999.000,9999.000,9999.000,9999.000,9999.000,9999.000,9999.000
202607160154,  12.556,9999.000,9999.000,9999.000,9999.000,9999.000,9999.000,9999.000,9999.000
202607160200,  13.095,9999.000,   0.700,   0.026,  13.821,   0.500,  13.621,   0.800,  13.921
202607160206,  13.628,9999.000,9999.000,9999.000,9999.000,9999.000,9999.000,9999.000,9999.000
202607160212,  14.156,9999.000,9999.000,9999.000,9999.000,9999.000,9999.000,9999.000,9999.000
202607160218,  14.675,9999.000,9999.000,9999.000,9999.000,9999.000,9999.000,9999.000,9999.000
202607160224,  15.184,9999.000,9999.000,9999.000,9999.000,9999.000,9999.000,9999.000,9999.000
202607160230,  15.682,9999.000,9999.000,9999.000,9999.000,9999.000,9999.000,9999.000,9999.000
202607160236,  16.168,9999.000,9999.000,9999.000,9999.000,9999.000,9999.000,9999.000,9999.000
202607160242,  16.639,9999.000,9999.000,9999.000,9999.000,9999.000,9999.000,9999.000,9999.000
202607160248,  17.093,9999.000,9999.000,9999.000,9999.000,9999.000,9999.000,9999.000,9999.000
202607160254,  17.530,9999.000,9999.000,9999.000,9999.000,9999.000,9999.000,9999.000,9999.000
202607160300,  17.948,9999.000,   0.700,   0.026,  18.674,   0.500,  18.474,   0.800,  18.774
202607160306,  18.345,9999.000,9999.000,9999.000,9999.000,9999.000,9999.000,9999.000,9999.000
202607160312,  18.720,9999.000,9999.000,9999.000,9999.000,9999.000,9999.000,9999.000,9999.000
202607160318,  19.072,9999.000,9999.000,9999.000,9999.000,9999.000,9999.000,9999.000,9999.000
202607160324,  19.398,9999.000,9999.000,9999.000,9999.000,9999.000,9999.000,9999.000,9999.000
202607160330,  19.699,9999.000,9999.000,9999.000,9999.000,9999.000,9999.000,9999.000,9999.000
202607160336,  19.973,9999.000,9999.000,9999.000,9999.000,9999.000,9999.000,9999.000,9999.000
202607160342,  20.219,9999.000,9999.000,9999.000,9999.000,9999.000,9999.000,9999.000,9999.000
202607160348,  20.437,9999.000,9999.000,9999.000,9999.000,9999.000,9999.000,9999.000,9999.000
202607160354,  20.626,9999.000,9999.000,9999.000,9999.000,9999.000,9999.000,9999.000,9999.000
202607160400,  20.785,9999.000,   0.700,   0.026,  21.511,   0.500,  21.311,   0.800,  21.611
202607160406,  20.914,9999.000,9999.000,9999.000,9999.000,9999.000,9999.000,9999.000,9999.000
202607160412,  21.014,9999.000,9999.000,9999.000,9999.000,9999.000,9999.000,9999.000,9999.000
202607160418,  21.083,9999.000,9999.000,9999.000,9999.000,9999.000,9999.000,9999.000,9999.000
202607160424,  21.122,9999.000,9999.000,9999.000,9999.000,9999.000,9999.000,9999.000,9999.000
202607160430,  21.132,9999.000,9999.000,9999.000,9999.000,9999.000,9999.000,9999.000,9999.000
202607160436,  21.112,9999.000,9999.000,9999.000,9999.000,9999.000,9999.000,9999.000,9999.000
202607160442,  21.064,9999.000,9999.000,9999.000,9999.000,9999.000,9999.000,9999.000,9999.000
202607160448,  20.988,9999.000,9999.000,9999.000,9999.000,9999.000,9999.000,9999.000,9999.000
202607160454,  20.884,9999.000,9999.000,9999.000,9999.000,9999.000,9999.000,9999.000,9999.000
202607160500,  20.753,9999.000,   0.700,   0.026,  21.479,   0.500,  21.279,   0.800,  21.579
202607160506,  20.596,9999.000,9999.000,9999.000,9999.000,9999.000,9999.000,9999.000,9999.000
202607160512,  20.414,9999.000,9999.000,9999.000,9999.000,9999.000,9999.000,9999.000,9999.000
202607160518,  20.208,9999.000,9999.000,9999.000,9999.000,9999.000,9999.000,9999.000,9999.000
202607160524,  19.979,9999.000,9999.000,9999.000,9999.000,9999.000,9999.000,9999.000,9999.000
202607160530,  19.728,9999.000,9999.000,9999.000,9999.000,9999.000,9999.000,9999.000,9999.000
202607160536,  19.456,9999.000,9999.000,9999.000,9999.000,9999.000,9999.000,9999.000,9999.000
202607160542,  19.163,9999.000,9999.000,9999.000,9999.000,9999.000,9999.000,9999.000,9999.000
202607160548,  18.852,9999.000,9999.000,9999.000,9999.000,9999.000,9999.000,9999.000,9999.000
202607160554,  18.522,9999.000,9999.000,9999.000,9999.000,9999.000,9999.000,9999.000,9999.000
202607160600,  18.175,9999.000,   0.700,   0.026,  18.901,   0.600,  18.801,   0.800,  19.001
202607160606,  17.811,9999.000,9999.000,9999.000,9999.000,9999.000,9999.000,9999.000,9999.000
202607160612,  17.433,9999.000,9999.000,9999.000,9999.000,9999.000,9999.000,9999.000,9999.000
202607160618,  17.040,9999.000,9999.000,9999.000,9999.000,9999.000,9999.000,9999.000,9999.000
202607160624,  16.634,9999.000,9999.000,9999.000,9999.000,9999.000,9999.000,9999.000,9999.000
202607160630,  16.214,9999.000,9999.000,9999.000,9999.000,9999.000,9999.000,9999.000,9999.000
202607160636,  15.783,9999.000,9999.000,9999.000,9999.000,9999.000,9999.000,9999.000,9999.000
202607160642,  15.341,9999.000,9999.000,9999.000,9999.000,9999.000,9999.000,9999.000,9999.000
202607160648,  14.889,9999.000,9999.000,9999.000,9999.000,9999.000,9999.000,9999.000,9999.000
202607160654,  14.427,9999.000,9999.000,9999.000,9999.000,9999.000,9999.000,9999.000,9999.000
202607160700,  13.955,9999.000,   0.700,   0.026,  14.681,   0.600,  14.581,   0.800,  14.781
202607160706,  13.476,9999.000,9999.000,9999.000,9999.000,9999.000,9999.000,9999.000,9999.000
202607160712,  12.989,9999.000,9999.000,9999.000,9999.000,9999.000,9999.000,9999.000,9999.000
202607160718,  12.495,9999.000,9999.000,9999.000,9999.000,9999.000,9999.000,9999.000,9999.000
202607160724,  11.995,9999.000,9999.000,9999.000,9999.000,9999.000,9999.000,9999.000,9999.000
202607160730,  11.489,9999.000,9999.000,9999.000,9999.000,9999.000,9999.000,9999.000,9999.000
202607160736,  10.978,9999.000,9999.000,9999.000,9999.000,9999.000,9999.000,9999.000,9999.000
202607160742,  10.462,9999.000,9999.000,9999.000,9999.000,9999.000,9999.000,9999.000,9999.000
202607160748,   9.943,9999.000,9999.000,9999.000,9999.000,9999.000,9999.000,9999.000,9999.000
202607160754,   9.421,9999.000,9999.000,9999.000,9999.000,9999.000,9999.000,9999.000,9999.000
202607160800,   8.897,9999.000,   0.700,   0.026,   9.623,   0.600,   9.523,   0.800,   9.723
202607160806,   8.372,9999.000,9999.000,9999.000,9999.000,9999.000,9999.000,9999.000,9999.000
202607160812,   7.846,9999.000,9999.000,9999.000,9999.000,9999.000,9999.000,9999.000,9999.000
202607160818,   7.321,9999.000,9999.000,9999.000,9999.000,9999.000,9999.000,9999.000,9999.000
202607160824,   6.797,9999.000,9999.000,9999.000,9999.000,9999.000,9999.000,9999.000,9999.000
202607160830,   6.276,9999.000,9999.000,9999.000,9999.000,9999.000,9999.000,9999.000,9999.000
202607160836,   5.758,9999.000,9999.000,9999.000,9999.000,9999.000,9999.000,9999.000,9999.000
202607160842,   5.246,9999.000,9999.000,9999.000,9999.000,9999.000,9999.000,9999.000,9999.000
202607160848,   4.739,9999.000,9999.000,9999.000,9999.000,9999.000,9999.000,9999.000,9999.000
202607160854,   4.240,9999.000,9999.000,9999.000,9999.000,9999.000,9999.000,9999.000,9999.000
202607160900,   3.750,9999.000,   0.700,   0.026,   4.476,   0.600,   4.376,   0.800,   4.576
202607160906,   3.271,9999.000,9999.000,9999.000,9999.000,9999.000,9999.000,9999.000,9999.000
202607160912,   2.803,9999.000,9999.000,9999.000,9999.000,9999.000,9999.000,9999.000,9999.000
202607160918,   2.348,9999.000,9999.000,9999.000,9999.000,9999.000,9999.000,9999.000,9999.000
202607160924,   1.909,9999.000,9999.000,9999.000,9999.000,9999.000,9999.000,9999.000,9999.000
202607160930,   1.486,9999.000,9999.000,9999.000,9999.000,9999.000,9999.000,9999.000,9999.000
202607160936,   1.082,9999.000,9999.000,9999.000,9999.000,9999.000,9999.000,9999.000,9999.000
202607160942,   0.697,9999.000,9999.000,9999.000,9999.000,9999.000,9999.000,9999.000,9999.000
202607160948,   0.334,9999.000,9999.000,9999.000,9999.000,9999.000,9999.000,9999.000,9999.000
202607160954,  -0.006,9999.000,9999.000,9999.000,9999.000,9999.000,9999.000,9999.000,9999.000
202607161000,  -0.322,9999.000,   0.700,   0.026,   0.404,   0.600,   0.304,   0.800,   0.504
202607161006,  -0.613,9999.000,9999.000,9999.000,9999.000,9999.000,9999.000,9999.000,9999.000
202607161012,  -0.876,9999.000,9999.000,9999.000,9999.000,9999.000,9999.000,9999.000,9999.000
202607161018,  -1.111,9999.000,9999.000,9999.000,9999.000,9999.000,9999.000,9999.000,9999.000
202607161024,  -1.317,9999.000,9999.000,9999.000,9999.000,9999.000,9999.000,9999.000,9999.000
202607161030,  -1.493,9999.000,9999.000,9999.000,9999.000,9999.000,9999.000,9999.000,9999.000
202607161036,  -1.639,9999.000,9999.000,9999.000,9999.000,9999.000,9999.000,9999.000,9999.000
202607161042,  -1.752,9999.000,9999.000,9999.000,9999.000,9999.000,9999.000,9999.000,9999.000
202607161048,  -1.834,9999.000,9999.000,9999.000,9999.000,9999.000,9999.000,9999.000,9999.000
202607161054,  -1.884,9999.000,9999.000,9999.000,9999.000,9999.000,9999.000,9999.000,9999.000
202607161100,  -1.901,9999.000,   0.800,   0.026,  -1.075,   0.700,  -1.175,   0.800,  -1.075
202607161106,  -1.886,9999.000,9999.000,9999.000,9999.000,9999.000,9999.000,9999.000,9999.000
202607161112,  -1.840,9999.000,9999.000,9999.000,9999.000,9999.000,9999.000,9999.000,9999.000
202607161118,  -1.762,9999.000,9999.000,9999.000,9999.000,9999.000,9999.000,9999.000,9999.000
202607161124,  -1.652,9999.000,9999.000,9999.000,9999.000,9999.000,9999.000,9999.000,9999.000
202607161130,  -1.513,9999.000,9999.000,9999.000,9999.000,9999.000,9999.000,9999.000,9999.000
202607161136,  -1.344,9999.000,9999.000,9999.000,9999.000,9999.000,9999.000,9999.000,9999.000
202607161142,  -1.146,9999.000,9999.000,9999.000,9999.000,9999.000,9999.000,9999.000,9999.000
202607161148,  -0.921,9999.000,9999.000,9999.000,9999.000,9999.000,9999.000,9999.000,9999.000
202607161154,  -0.669,9999.000,9999.000,9999.000,9999.000,9999.000,9999.000,9999.000,9999.000
202607161200,  -0.391,9999.000,   0.800,   0.026,   0.435,   0.700,   0.335,   0.900,   0.535
202607161206,  -0.090,9999.000,9999.000,9999.000,9999.000,9999.000,9999.000,9999.000,9999.000
202607161212,   0.234,9999.000,9999.000,9999.000,9999.000,9999.000,9999.000,9999.000,9999.000
202607161218,   0.581,9999.000,9999.000,9999.000,9999.000,9999.000,9999.000,9999.000,9999.000
202607161224,   0.948,9999.000,9999.000,9999.000,9999.000,9999.000,9999.000,9999.000,9999.000
202607161230,   1.334,9999.000,9999.000,9999.000,9999.000,9999.000,9999.000,9999.000,9999.000
202607161236,   1.739,9999.000,9999.000,9999.000,9999.000,9999.000,9999.000,9999.000,9999.000
202607161242,   2.160,9999.000,9999.000,9999.000,9999.000,9999.000,9999.000,9999.000,9999.000
202607161248,   2.598,9999.000,9999.000,9999.000,9999.000,9999.000,9999.000,9999.000,9999.000
202607161254,   3.050,9999.000,9999.000,9999.000,9999.000,9999.000,9999.000,9999.000,9999.000
202607161300,   3.515,9999.000,   0.800,   0.026,   4.341,   0.700,   4.241,   0.900,   4.441
202607161306,   3.994,9999.000,9999.000,9999.000,9999.000,9999.000,9999.000,9999.000,9999.000
202607161312,   4.483,9999.000,9999.000,9999.000,9999.000,9999.000,9999.000,9999.000,9999.000
202607161318,   4.984,9999.000,9999.000,9999.000,9999.000,9999.000,9999.000,9999.000,9999.000
202607161324,   5.493,9999.000,9999.000,9999.000,9999.000,9999.000,9999.000,9999.000,9999.000
202607161330,   6.011,9999.000,9999.000,9999.000,9999.000,9999.000,9999.000,9999.000,9999.000
202607161336,   6.537,9999.000,9999.000,9999.000,9999.000,9999.000,9999.000,9999.000,9999.000
202607161342,   7.069,9999.000,9999.000,9999.000,9999.000,9999.000,9999.000,9999.000,9999.000
202607161348,   7.606,9999.000,9999.000,9999.000,9999.000,9999.000,9999.000,9999.000,9999.000
202607161354,   8.147,9999.000,9999.000,9999.000,9999.000,9999.000,9999.000,9999.000,9999.000
202607161400,   8.692,9999.000,   0.800,   0.026,   9.518,   0.700,   9.418,   0.900,   9.618
202607161406,   9.238,9999.000,9999.000,9999.000,9999.000,9999.000,9999.000,9999.000,9999.000
202607161412,   9.785,9999.000,9999.000,9999.000,9999.000,9999.000,9999.000,9999.000,9999.000
202607161418,  10.332,9999.000,9999.000,9999.000,9999.000,9999.000,9999.000,9999.000,9999.000
202607161424,  10.876,9999.000,9999.000,9999.000,9999.000,9999.000,9999.000,9999.000,9999.000
202607161430,  11.417,9999.000,9999.000,9999.000,9999.000,9999.000,9999.000,9999.000,9999.000
202607161436,  11.953,9999.000,9999.000,9999.000,9999.000,9999.000,9999.000,9999.000,9999.000
202607161442,  12.483,9999.000,9999.000,9999.000,9999.000,9999.000,9999.000,9999.000,9999.000
202607161448,  13.004,9999.000,9999.000,9999.000,9999.000,9999.000,9999.000,9999.000,9999.000
202607161454,  13.516,9999.000,9999.000,9999.000,9999.000,9999.000,9999.000,9999.000,9999.000
202607161500,  14.017,9999.000,   0.800,   0.026,  14.843,   0.700,  14.743,   1.000,  15.043
202607161506,  14.505,9999.000,9999.000,9999.000,9999.000,9999.000,9999.000,9999.000,9999.000
202607161512,  14.979,9999.000,9999.000,9999.000,9999.000,9999.000,9999.000,9999.000,9999.000
202607161518,  15.436,9999.000,9999.000,9999.000,9999.000,9999.000,9999.000,9999.000,9999.000
202607161524,  15.877,9999.000,9999.000,9999.000,9999.000,9999.000,9999.000,9999.000,9999.000
202607161530,  16.298,9999.000,9999.000,9999.000,9999.000,9999.000,9999.000,9999.000,9999.000
202607161536,  16.698,9999.000,9999.000,9999.000,9999.000,9999.000,9999.000,9999.000,9999.000
202607161542,  17.077,9999.000,9999.000,9999.000,9999.000,9999.000,9999.000,9999.000,9999.000
202607161548,  17.432,9999.000,9999.000,9999.000,9999.000,9999.000,9999.000,9999.000,9999.000
202607161554,  17.763,9999.000,9999.000,9999.000,9999.000,9999.000,9999.000,9999.000,9999.000
202607161600,  18.069,9999.000,   0.800,   0.026,  18.895,   0.700,  18.795,   1.000,  19.095
202607161606,  18.349,9999.000,9999.000,9999.000,9999.000,9999.000,9999.000,9999.000,9999.000
202607161612,  18.602,9999.000,9999.000,9999.000,9999.000,9999.000,9999.000,9999.000,9999.000
202607161618,  18.827,9999.000,9999.000,9999.000,9999.000,9999.000,9999.000,9999.000,9999.000
202607161624,  19.024,9999.000,9999.000,9999.000,9999.000,9999.000,9999.000,9999.000,9999.000
202607161630,  19.192,9999.000,9999.000,9999.000,9999.000,9999.000,9999.000,9999.000,9999.000
202607161636,  19.332,9999.000,9999.000,9999.000,9999.000,9999.000,9999.000,9999.000,9999.000
202607161642,  19.443,9999.000,9999.000,9999.000,9999.000,9999.000,9999.000,9999.000,9999.000
202607161648,  19.526,9999.000,9999.000,9999.000,9999.000,9999.000,9999.000,9999.000,9999.000
202607161654,  19.579,9999.000,9999.000,9999.000,9999.000,9999.000,9999.000,9999.000,9999.000
202607161700,  19.605,9999.000,   0.800,   0.026,  20.431,   0.700,  20.331,   0.900,  20.531
202607161706,  19.603,9999.000,9999.000,9999.000,9999.000,9999.000,9999.000,9999.000,9999.000
202607161712,  19.574,9999.000,9999.000,9999.000,9999.000,9999.000,9999.000,9999.000,9999.000
202607161718,  19.518,9999.000,9999.000,9999.000,9999.000,9999.000,9999.000,9999.000,9999.000
202607161724,  19.436,9999.000,9999.000,9999.000,9999.000,9999.000,9999.000,9999.000,9999.000
202607161730,  19.329,9999.000,9999.000,9999.000,9999.000,9999.000,9999.000,9999.000,9999.000
202607161736,  19.198,9999.000,9999.000,9999.000,9999.000,9999.000,9999.000,9999.000,9999.000
202607161742,  19.044,9999.000,9999.000,9999.000,9999.000,9999.000,9999.000,9999.000,9999.000
202607161748,  18.867,9999.000,9999.000,9999.000,9999.000,9999.000,9999.000,9999.000,9999.000
202607161754,  18.668,9999.000,9999.000,9999.000,9999.000,9999.000,9999.000,9999.000,9999.000
202607161800,  18.449,9999.000,   0.800,   0.026,  19.275,   0.700,  19.175,   0.900,  19.375
202607161806,  18.210,9999.000,9999.000,9999.000,9999.000,9999.000,9999.000,9999.000,9999.000
202607161812,  17.952,9999.000,9999.000,9999.000,9999.000,9999.000,9999.000,9999.000,9999.000
202607161818,  17.677,9999.000,9999.000,9999.000,9999.000,9999.000,9999.000,9999.000,9999.000
202607161824,  17.384,9999.000,9999.000,9999.000,9999.000,9999.000,9999.000,9999.000,9999.000
202607161830,  17.076,9999.000,9999.000,9999.000,9999.000,9999.000,9999.000,9999.000,9999.000
202607161836,  16.753,9999.000,9999.000,9999.000,9999.000,9999.000,9999.000,9999.000,9999.000
202607161842,  16.415,9999.000,9999.000,9999.000,9999.000,9999.000,9999.000,9999.000,9999.000
202607161848,  16.064,9999.000,9999.000,9999.000,9999.000,9999.000,9999.000,9999.000,9999.000
202607161854,  15.700,9999.000,9999.000,9999.000,9999.000,9999.000,9999.000,9999.000,9999.000
202607161900,  15.325,9999.000,   0.800,   0.026,  16.151,   0.600,  15.951,   0.900,  16.251
202607161906,  14.938,9999.000,9999.000,9999.000,9999.000,9999.000,9999.000,9999.000,9999.000
202607161912,  14.541,9999.000,9999.000,9999.000,9999.000,9999.000,9999.000,9999.000,9999.000
202607161918,  14.134,9999.000,9999.000,9999.000,9999.000,9999.000,9999.000,9999.000,9999.000
202607161924,  13.718,9999.000,9999.000,9999.000,9999.000,9999.000,9999.000,9999.000,9999.000
202607161930,  13.294,9999.000,9999.000,9999.000,9999.000,9999.000,9999.000,9999.000,9999.000
202607161936,  12.862,9999.000,9999.000,9999.000,9999.000,9999.000,9999.000,9999.000,9999.000
202607161942,  12.422,9999.000,9999.000,9999.000,9999.000,9999.000,9999.000,9999.000,9999.000
202607161948,  11.976,9999.000,9999.000,9999.000,9999.000,9999.000,9999.000,9999.000,9999.000
202607161954,  11.524,9999.000,9999.000,9999.000,9999.000,9999.000,9999.000,9999.000,9999.000
202607162000,  11.066,9999.000,   0.700,   0.026,  11.792,   0.600,  11.692,   0.900,  11.992
202607162006,  10.604,9999.000,9999.000,9999.000,9999.000,9999.000,9999.000,9999.000,9999.000
202607162012,  10.138,9999.000,9999.000,9999.000,9999.000,9999.000,9999.000,9999.000,9999.000
202607162018,   9.668,9999.000,9999.000,9999.000,9999.000,9999.000,9999.000,9999.000,9999.000
202607162024,   9.195,9999.000,9999.000,9999.000,9999.000,9999.000,9999.000,9999.000,9999.000
202607162030,   8.721,9999.000,9999.000,9999.000,9999.000,9999.000,9999.000,9999.000,9999.000
202607162036,   8.245,9999.000,9999.000,9999.000,9999.000,9999.000,9999.000,9999.000,9999.000
202607162042,   7.770,9999.000,9999.000,9999.000,9999.000,9999.000,9999.000,9999.000,9999.000
202607162048,   7.295,9999.000,9999.000,9999.000,9999.000,9999.000,9999.000,9999.000,9999.000
202607162054,   6.822,9999.000,9999.000,9999.000,9999.000,9999.000,9999.000,9999.000,9999.000
202607162100,   6.352,9999.000,   0.700,   0.026,   7.078,   0.600,   6.978,   0.900,   7.278
202607162106,   5.885,9999.000,9999.000,9999.000,9999.000,9999.000,9999.000,9999.000,9999.000
202607162112,   5.425,9999.000,9999.000,9999.000,9999.000,9999.000,9999.000,9999.000,9999.000
202607162118,   4.970,9999.000,9999.000,9999.000,9999.000,9999.000,9999.000,9999.000,9999.000
202607162124,   4.524,9999.000,9999.000,9999.000,9999.000,9999.000,9999.000,9999.000,9999.000
202607162130,   4.086,9999.000,9999.000,9999.000,9999.000,9999.000,9999.000,9999.000,9999.000
202607162136,   3.660,9999.000,9999.000,9999.000,9999.000,9999.000,9999.000,9999.000,9999.000
202607162142,   3.246,9999.000,9999.000,9999.000,9999.000,9999.000,9999.000,9999.000,9999.000
202607162148,   2.846,9999.000,9999.000,9999.000,9999.000,9999.000,9999.000,9999.000,9999.000
202607162154,   2.461,9999.000,9999.000,9999.000,9999.000,9999.000,9999.000,9999.000,9999.000
202607162200,   2.093,9999.000,   0.700,   0.026,   2.819,   0.600,   2.719,   0.800,   2.919
202607162206,   1.744,9999.000,9999.000,9999.000,9999.000,9999.000,9999.000,9999.000,9999.000
202607162212,   1.415,9999.000,9999.000,9999.000,9999.000,9999.000,9999.000,9999.000,9999.000
202607162218,   1.107,9999.000,9999.000,9999.000,9999.000,9999.000,9999.000,9999.000,9999.000
202607162224,   0.822,9999.000,9999.000,9999.000,9999.000,9999.000,9999.000,9999.000,9999.000
202607162230,   0.562,9999.000,9999.000,9999.000,9999.000,9999.000,9999.000,9999.000,9999.000
202607162236,   0.328,9999.000,9999.000,9999.000,9999.000,9999.000,9999.000,9999.000,9999.000
202607162242,   0.120,9999.000,9999.000,9999.000,9999.000,9999.000,9999.000,9999.000,9999.000
202607162248,  -0.059,9999.000,9999.000,9999.000,9999.000,9999.000,9999.000,9999.000,9999.000
202607162254,  -0.209,9999.000,9999.000,9999.000,9999.000,9999.000,9999.000,9999.000,9999.000
202607162300,  -0.331,9999.000,   0.700,   0.026,   0.395,   0.600,   0.295,   0.800,   0.495
202607162306,  -0.422,9999.000,9999.000,9999.000,9999.000,9999.000,9999.000,9999.000,9999.000
202607162312,  -0.482,9999.000,9999.000,9999.000,9999.000,9999.000,9999.000,9999.000,9999.000
202607162318,  -0.512,9999.000,9999.000,9999.000,9999.000,9999.000,9999.000,9999.000,9999.000
202607162324,  -0.510,9999.000,9999.000,9999.000,9999.000,9999.000,9999.000,9999.000,9999.000
202607162330,  -0.477,9999.000,9999.000,9999.000,9999.000,9999.000,9999.000,9999.000,9999.000
202607162336,  -0.413,9999.000,9999.000,9999.000,9999.000,9999.000,9999.000,9999.000,9999.000
202607162342,  -0.319,9999.000,9999.000,9999.000,9999.000,9999.000,9999.000,9999.000,9999.000
202607162348,  -0.195,9999.000,9999.000,9999.000,9999.000,9999.000,9999.000,9999.000,9999.000
202607162354,  -0.042,9999.000,9999.000,9999.000,9999.000,9999.000,9999.000,9999.000,9999.000
202607170000,   0.139,9999.000,   0.700,   0.026,   0.865,   0.600,   0.765,   0.800,   0.965
202607170006,   0.349,9999.000,9999.000,9999.000,9999.000,9999.000,9999.000,9999.000,9999.000
202607170012,   0.586,9999.000,9999.000,9999.000,9999.000,9999.000,9999.000,9999.000,9999.000
202607170018,   0.848,9999.000,9999.000,9999.000,9999.000,9999.000,9999.000,9999.000,9999.000
202607170024,   1.135,9999.000,9999.000,9999.000,9999.000,9999.000,9999.000,9999.000,9999.000
202607170030,   1.446,9999.000,9999.000,9999.000,9999.000,9999.000,9999.000,9999.000,9999.000
202607170036,   1.778,9999.000,9999.000,9999.000,9999.000,9999.000,9999.000,9999.000,9999.000
202607170042,   2.132,9999.000,9999.000,9999.000,9999.000,9999.000,9999.000,9999.000,9999.000
202607170048,   2.506,9999.000,9999.000,9999.000,9999.000,9999.000,9999.000,9999.000,9999.000
202607170054,   2.898,9999.000,9999.000,9999.000,9999.000,9999.000,9999.000,9999.000,9999.000
202607170100,   3.308,9999.000,   0.700,   0.026,   4.034,   0.600,   3.934,   0.800,   4.134
202607170106,   3.733,9999.000,9999.000,9999.000,9999.000,9999.000,9999.000,9999.000,9999.000
202607170112,   4.174,9999.000,9999.000,9999.000,9999.000,9999.000,9999.000,9999.000,9999.000
202607170118,   4.629,9999.000,9999.000,9999.000,9999.000,9999.000,9999.000,9999.000,9999.000
202607170124,   5.097,9999.000,9999.000,9999.000,9999.000,9999.000,9999.000,9999.000,9999.000
202607170130,   5.577,9999.000,9999.000,9999.000,9999.000,9999.000,9999.000,9999.000,9999.000
202607170136,   6.067,9999.000,9999.000,9999.000,9999.000,9999.000,9999.000,9999.000,9999.000
202607170142,   6.567,9999.000,9999.000,9999.000,9999.000,9999.000,9999.000,9999.000,9999.000
202607170148,   7.076,9999.000,9999.000,9999.000,9999.000,9999.000,9999.000,9999.000,9999.000
202607170154,   7.593,9999.000,9999.000,9999.000,9999.000,9999.000,9999.000,9999.000,9999.000
202607170200,   8.117,9999.000,   0.700,   0.026,   8.843,   0.600,   8.743,   0.800,   8.943
202607170206,   8.646,9999.000,9999.000,9999.000,9999.000,9999.000,9999.000,9999.000,9999.000
202607170212,   9.180,9999.000,9999.000,9999.000,9999.000,9999.000,9999.000,9999.000,9999.000
202607170218,   9.718,9999.000,9999.000,9999.000,9999.000,9999.000,9999.000,9999.000,9999.000
202607170224,  10.258,9999.000,9999.000,9999.000,9999.000,9999.000,9999.000,9999.000,9999.000
202607170230,  10.799,9999.000,9999.000,9999.000,9999.000,9999.000,9999.000,9999.000,9999.000
202607170236,  11.341,9999.000,9999.000,9999.000,9999.000,9999.000,9999.000,9999.000,9999.000
202607170242,  11.881,9999.000,9999.000,9999.000,9999.000,9999.000,9999.000,9999.000,9999.000
202607170248,  12.419,9999.000,9999.000,9999.000,9999.000,9999.000,9999.000,9999.000,9999.000
202607170254,  12.953,9999.000,9999.000,9999.000,9999.000,9999.000,9999.000,9999.000,9999.000
202607170300,  13.481,9999.000,   0.600,   0.026,  14.107,   0.500,  14.007,   0.800,  14.307
202607170306,  14.003,9999.000,9999.000,9999.000,9999.000,9999.000,9999.000,9999.000,9999.000
202607170312,  14.516,9999.000,9999.000,9999.000,9999.000,9999.000,9999.000,9999.000,9999.000
202607170318,  15.020,9999.000,9999.000,9999.000,9999.000,9999.000,9999.000,9999.000,9999.000
202607170324,  15.511,9999.000,9999.000,9999.000,9999.000,9999.000,9999.000,9999.000,9999.000
202607170330,  15.990,9999.000,9999.000,9999.000,9999.000,9999.000,9999.000,9999.000,9999.000
202607170336,  16.454,9999.000,9999.000,9999.000,9999.000,9999.000,9999.000,9999.000,9999.000
202607170342,  16.902,9999.000,9999.000,9999.000,9999.000,9999.000,9999.000,9999.000,9999.000
202607170348,  17.331,9999.000,9999.000,9999.000,9999.000,9999.000,9999.000,9999.000,9999.000
202607170354,  17.742,9999.000,9999.000,9999.000,9999.000,9999.000,9999.000,9999.000,9999.000
202607170400,  18.131,9999.000,   0.600,   0.026,  18.757,   0.500,  18.657,   0.700,  18.857
202607170406,  18.498,9999.000,9999.000,9999.000,9999.000,9999.000,9999.000,9999.000,9999.000
202607170412,  18.842,9999.000,9999.000,9999.000,9999.000,9999.000,9999.000,9999.000,9999.000
202607170418,  19.161,9999.000,9999.000,9999.000,9999.000,9999.000,9999.000,9999.000,9999.000
202607170424,  19.454,9999.000,9999.000,9999.000,9999.000,9999.000,9999.000,9999.000,9999.000
202607170430,  19.721,9999.000,9999.000,9999.000,9999.000,9999.000,9999.000,9999.000,9999.000
202607170436,  19.960,9999.000,9999.000,9999.000,9999.000,9999.000,9999.000,9999.000,9999.000
202607170442,  20.172,9999.000,9999.000,9999.000,9999.000,9999.000,9999.000,9999.000,9999.000
202607170448,  20.354,9999.000,9999.000,9999.000,9999.000,9999.000,9999.000,9999.000,9999.000
202607170454,  20.507,9999.000,9999.000,9999.000,9999.000,9999.000,9999.000,9999.000,9999.000
202607170500,  20.631,9999.000,   0.600,   0.026,  21.257,   0.400,  21.057,   0.700,  21.357
202607170506,  20.726,9999.000,9999.000,9999.000,9999.000,9999.000,9999.000,9999.000,9999.000
202607170512,  20.792,9999.000,9999.000,9999.000,9999.000,9999.000,9999.000,9999.000,9999.000
202607170518,  20.828,9999.000,9999.000,9999.000,9999.000,9999.000,9999.000,9999.000,9999.000
202607170524,  20.835,9999.000,9999.000,9999.000,9999.000,9999.000,9999.000,9999.000,9999.000
202607170530,  20.814,9999.000,9999.000,9999.000,9999.000,9999.000,9999.000,9999.000,9999.000
202607170536,  20.764,9999.000,9999.000,9999.000,9999.000,9999.000,9999.000,9999.000,9999.000
202607170542,  20.688,9999.000,9999.000,9999.000,9999.000,9999.000,9999.000,9999.000,9999.000
202607170548,  20.584,9999.000,9999.000,9999.000,9999.000,9999.000,9999.000,9999.000,9999.000
202607170554,  20.455,9999.000,9999.000,9999.000,9999.000,9999.000,9999.000,9999.000,9999.000
202607170600,  20.300,9999.000,   0.500,   0.026,  20.826,   0.400,  20.726,   0.600,  20.926
202607170606,  20.121,9999.000,9999.000,9999.000,9999.000,9999.000,9999.000,9999.000,9999.000
202607170612,  19.918,9999.000,9999.000,9999.000,9999.000,9999.000,9999.000,9999.000,9999.000
202607170618,  19.693,9999.000,9999.000,9999.000,9999.000,9999.000,9999.000,9999.000,9999.000
202607170624,  19.446,9999.000,9999.000,9999.000,9999.000,9999.000,9999.000,9999.000,9999.000
202607170630,  19.179,9999.000,9999.000,9999.000,9999.000,9999.000,9999.000,9999.000,9999.000
202607170636,  18.892,9999.000,9999.000,9999.000,9999.000,9999.000,9999.000,9999.000,9999.000
202607170642,  18.586,9999.000,9999.000,9999.000,9999.000,9999.000,9999.000,9999.000,9999.000
202607170648,  18.262,9999.000,9999.000,9999.000,9999.000,9999.000,9999.000,9999.000,9999.000
202607170654,  17.922,9999.000,9999.000,9999.000,9999.000,9999.000,9999.000,9999.000,9999.000
202607170700,  17.565,9999.000,   0.500,   0.026,  18.091,   0.400,  17.991,   0.600,  18.191
202607170706,  17.194,9999.000,9999.000,9999.000,9999.000,9999.000,9999.000,9999.000,9999.000
202607170712,  16.808,9999.000,9999.000,9999.000,9999.000,9999.000,9999.000,9999.000,9999.000
202607170718,  16.408,9999.000,9999.000,9999.000,9999.000,9999.000,9999.000,9999.000,9999.000
202607170724,  15.996,9999.000,9999.000,9999.000,9999.000,9999.000,9999.000,9999.000,9999.000
202607170730,  15.572,9999.000,9999.000,9999.000,9999.000,9999.000,9999.000,9999.000,9999.000
202607170736,  15.137,9999.000,9999.000,9999.000,9999.000,9999.000,9999.000,9999.000,9999.000
202607170742,  14.692,9999.000,9999.000,9999.000,9999.000,9999.000,9999.000,9999.000,9999.000
202607170748,  14.237,9999.000,9999.000,9999.000,9999.000,9999.000,9999.000,9999.000,9999.000
202607170754,  13.773,9999.000,9999.000,9999.000,9999.000,9999.000,9999.000,9999.000,9999.000
202607170800,  13.300,9999.000,   0.400,   0.026,  13.726,   0.300,  13.626,   0.600,  13.926
202607170806,  12.820,9999.000,9999.000,9999.000,9999.000,9999.000,9999.000,9999.000,9999.000
202607170812,  12.332,9999.000,9999.000,9999.000,9999.000,9999.000,9999.000,9999.000,9999.000
202607170818,  11.839,9999.000,9999.000,9999.000,9999.000,9999.000,9999.000,9999.000,9999.000
202607170824,  11.339,9999.000,9999.000,9999.000,9999.000,9999.000,9999.000,9999.000,9999.000
202607170830,  10.834,9999.000,9999.000,9999.000,9999.000,9999.000,9999.000,9999.000,9999.000
202607170836,  10.326,9999.000,9999.000,9999.000,9999.000,9999.000,9999.000,9999.000,9999.000
202607170842,   9.813,9999.000,9999.000,9999.000,9999.000,9999.000,9999.000,9999.000,9999.000
202607170848,   9.298,9999.000,9999.000,9999.000,9999.000,9999.000,9999.000,9999.000,9999.000
202607170854,   8.780,9999.000,9999.000,9999.000,9999.000,9999.000,9999.000,9999.000,9999.000
202607170900,   8.261,9999.000,   0.400,   0.026,   8.687,   0.300,   8.587,   0.600,   8.887
202607170906,   7.743,9999.000,9999.000,9999.000,9999.000,9999.000,9999.000,9999.000,9999.000
202607170912,   7.224,9999.000,9999.000,9999.000,9999.000,9999.000,9999.000,9999.000,9999.000
202607170918,   6.708,9999.000,9999.000,9999.000,9999.000,9999.000,9999.000,9999.000,9999.000
202607170924,   6.194,9999.000,9999.000,9999.000,9999.000,9999.000,9999.000,9999.000,9999.000
202607170930,   5.685,9999.000,9999.000,9999.000,9999.000,9999.000,9999.000,9999.000,9999.000
202607170936,   5.181,9999.000,9999.000,9999.000,9999.000,9999.000,9999.000,9999.000,9999.000
202607170942,   4.683,9999.000,9999.000,9999.000,9999.000,9999.000,9999.000,9999.000,9999.000
202607170948,   4.194,9999.000,9999.000,9999.000,9999.000,9999.000,9999.000,9999.000,9999.000
202607170954,   3.713,9999.000,9999.000,9999.000,9999.000,9999.000,9999.000,9999.000,9999.000
202607171000,   3.244,9999.000,   0.400,   0.026,   3.670,   0.300,   3.570,   0.600,   3.870
202607171006,   2.787,9999.000,9999.000,9999.000,9999.000,9999.000,9999.000,9999.000,9999.000
202607171012,   2.344,9999.000,9999.000,9999.000,9999.000,9999.000,9999.000,9999.000,9999.000
202607171018,   1.917,9999.000,9999.000,9999.000,9999.000,9999.000,9999.000,9999.000,9999.000
202607171024,   1.507,9999.000,9999.000,9999.000,9999.000,9999.000,9999.000,9999.000,9999.000
202607171030,   1.116,9999.000,9999.000,9999.000,9999.000,9999.000,9999.000,9999.000,9999.000
202607171036,   0.745,9999.000,9999.000,9999.000,9999.000,9999.000,9999.000,9999.000,9999.000
202607171042,   0.396,9999.000,9999.000,9999.000,9999.000,9999.000,9999.000,9999.000,9999.000
202607171048,   0.070,9999.000,9999.000,9999.000,9999.000,9999.000,9999.000,9999.000,9999.000
202607171054,  -0.230,9999.000,9999.000,9999.000,9999.000,9999.000,9999.000,9999.000,9999.000
202607171100,  -0.505,9999.000,   0.400,   0.026,  -0.079,   0.300,  -0.179,   0.600,   0.121
202607171106,  -0.753,9999.000,9999.000,9999.000,9999.000,9999.000,9999.000,9999.000,9999.000
202607171112,  -0.972,9999.000,9999.000,9999.000,9999.000,9999.000,9999.000,9999.000,9999.000
202607171118,  -1.162,9999.000,9999.000,9999.000,9999.000,9999.000,9999.000,9999.000,9999.000
202607171124,  -1.322,9999.000,9999.000,9999.000,9999.000,9999.000,9999.000,9999.000,9999.000
202607171130,  -1.451,9999.000,9999.000,9999.000,9999.000,9999.000,9999.000,9999.000,9999.000
202607171136,  -1.549,9999.000,9999.000,9999.000,9999.000,9999.000,9999.000,9999.000,9999.000
202607171142,  -1.616,9999.000,9999.000,9999.000,9999.000,9999.000,9999.000,9999.000,9999.000
202607171148,  -1.650,9999.000,9999.000,9999.000,9999.000,9999.000,9999.000,9999.000,9999.000
202607171154,  -1.653,9999.000,9999.000,9999.000,9999.000,9999.000,9999.000,9999.000,9999.000
202607171200,  -1.624,9999.000,   0.500,   0.026,  -1.098,   0.300,  -1.298,   0.700,  -0.898
202607171206,  -1.563,9999.000,9999.000,9999.000,9999.000,9999.000,9999.000,9999.000,9999.000
202607171212,  -1.472,9999.000,9999.000,9999.000,9999.000,9999.000,9999.000,9999.000,9999.000
202607171218,  -1.351,9999.000,9999.000,9999.000,9999.000,9999.000,9999.000,9999.000,9999.000
202607171224,  -1.199,9999.000,9999.000,9999.000,9999.000,9999.000,9999.000,9999.000,9999.000
202607171230,  -1.020,9999.000,9999.000,9999.000,9999.000,9999.000,9999.000,9999.000,9999.000
202607171236,  -0.812,9999.000,9999.000,9999.000,9999.000,9999.000,9999.000,9999.000,9999.000
202607171242,  -0.578,9999.000,9999.000,9999.000,9999.000,9999.000,9999.000,9999.000,9999.000
202607171248,  -0.318,9999.000,9999.000,9999.000,9999.000,9999.000,9999.000,9999.000,9999.000
202607171254,  -0.034,9999.000,9999.000,9999.000,9999.000,9999.000,9999.000,9999.000,9999.000
202607171300,   0.273,9999.000,   0.500,   0.026,   0.799,   0.300,   0.599,   0.700,   0.999
202607171306,   0.603,9999.000,9999.000,9999.000,9999.000,9999.000,9999.000,9999.000,9999.000
202607171312,   0.953,9999.000,9999.000,9999.000,9999.000,9999.000,9999.000,9999.000,9999.000
202607171318,   1.324,9999.000,9999.000,9999.000,9999.000,9999.000,9999.000,9999.000,9999.000
202607171324,   1.713,9999.000,9999.000,9999.000,9999.000,9999.000,9999.000,9999.000,9999.000
202607171330,   2.119,9999.000,9999.000,9999.000,9999.000,9999.000,9999.000,9999.000,9999.000
202607171336,   2.541,9999.000,9999.000,9999.000,9999.000,9999.000,9999.000,9999.000,9999.000
202607171342,   2.978,9999.000,9999.000,9999.000,9999.000,9999.000,9999.000,9999.000,9999.000
202607171348,   3.430,9999.000,9999.000,9999.000,9999.000,9999.000,9999.000,9999.000,9999.000
202607171354,   3.894,9999.000,9999.000,9999.000,9999.000,9999.000,9999.000,9999.000,9999.000
202607171400,   4.370,9999.000,   0.500,   0.026,   4.896,   0.400,   4.796,   0.700,   5.096
202607171406,   4.857,9999.000,9999.000,9999.000,9999.000,9999.000,9999.000,9999.000,9999.000
202607171412,   5.354,9999.000,9999.000,9999.000,9999.000,9999.000,9999.000,9999.000,9999.000
202607171418,   5.859,9999.000,9999.000,9999.000,9999.000,9999.000,9999.000,9999.000,9999.000
202607171424,   6.373,9999.000,9999.000,9999.000,9999.000,9999.000,9999.000,9999.000,9999.000
202607171430,   6.893,9999.000,9999.000,9999.000,9999.000,9999.000,9999.000,9999.000,9999.000
202607171436,   7.419,9999.000,9999.000,9999.000,9999.000,9999.000,9999.000,9999.000,9999.000
202607171442,   7.950,9999.000,9999.000,9999.000,9999.000,9999.000,9999.000,9999.000,9999.000
202607171448,   8.485,9999.000,9999.000,9999.000,9999.000,9999.000,9999.000,9999.000,9999.000
202607171454,   9.022,9999.000,9999.000,9999.000,9999.000,9999.000,9999.000,9999.000,9999.000
202607171500,   9.561,9999.000,   0.500,   0.026,  10.087,   0.400,   9.987,   0.700,  10.287
202607171506,  10.099,9999.000,9999.000,9999.000,9999.000,9999.000,9999.000,9999.000,9999.000
202607171512,  10.637,9999.000,9999.000,9999.000,9999.000,9999.000,9999.000,9999.000,9999.000
202607171518,  11.172,9999.000,9999.000,9999.000,9999.000,9999.000,9999.000,9999.000,9999.000
202607171524,  11.703,9999.000,9999.000,9999.000,9999.000,9999.000,9999.000,9999.000,9999.000
202607171530,  12.229,9999.000,9999.000,9999.000,9999.000,9999.000,9999.000,9999.000,9999.000
202607171536,  12.748,9999.000,9999.000,9999.000,9999.000,9999.000,9999.000,9999.000,9999.000
202607171542,  13.258,9999.000,9999.000,9999.000,9999.000,9999.000,9999.000,9999.000,9999.000
202607171548,  13.758,9999.000,9999.000,9999.000,9999.000,9999.000,9999.000,9999.000,9999.000
202607171554,  14.247,9999.000,9999.000,9999.000,9999.000,9999.000,9999.000,9999.000,9999.000
202607171600,  14.723,9999.000,   0.500,   0.026,  15.249,   0.400,  15.149,   0.700,  15.449
202607171606,  15.184,9999.000,9999.000,9999.000,9999.000,9999.000,9999.000,9999.000,9999.000
202607171612,  15.628,9999.000,9999.000,9999.000,9999.000,9999.000,9999.000,9999.000,9999.000
202607171618,  16.055,9999.000,9999.000,9999.000,9999.000,9999.000,9999.000,9999.000,9999.000
202607171624,  16.463,9999.000,9999.000,9999.000,9999.000,9999.000,9999.000,9999.000,9999.000
202607171630,  16.850,9999.000,9999.000,9999.000,9999.000,9999.000,9999.000,9999.000,9999.000
202607171636,  17.215,9999.000,9999.000,9999.000,9999.000,9999.000,9999.000,9999.000,9999.000
202607171642,  17.557,9999.000,9999.000,9999.000,9999.000,9999.000,9999.000,9999.000,9999.000
202607171648,  17.875,9999.000,9999.000,9999.000,9999.000,9999.000,9999.000,9999.000,9999.000
202607171654,  18.167,9999.000,9999.000,9999.000,9999.000,9999.000,9999.000,9999.000,9999.000
202607171700,  18.434,9999.000,   0.600,   0.026,  19.060,   0.400,  18.860,   0.700,  19.160
202607171706,  18.674,9999.000,9999.000,9999.000,9999.000,9999.000,9999.000,9999.000,9999.000
202607171712,  18.887,9999.000,9999.000,9999.000,9999.000,9999.000,9999.000,9999.000,9999.000
202607171718,  19.072,9999.000,9999.000,9999.000,9999.000,9999.000,9999.000,9999.000,9999.000
202607171724,  19.230,9999.000,9999.000,9999.000,9999.000,9999.000,9999.000,9999.000,9999.000
202607171730,  19.359,9999.000,9999.000,9999.000,9999.000,9999.000,9999.000,9999.000,9999.000
202607171736,  19.460,9999.000,9999.000,9999.000,9999.000,9999.000,9999.000,9999.000,9999.000
202607171742,  19.532,9999.000,9999.000,9999.000,9999.000,9999.000,9999.000,9999.000,9999.000
202607171748,  19.578,9999.000,9999.000,9999.000,9999.000,9999.000,9999.000,9999.000,9999.000
202607171754,  19.595,9999.000,9999.000,9999.000,9999.000,9999.000,9999.000,9999.000,9999.000
202607171800,  19.586,9999.000,   0.500,   0.026,  20.112,   0.400,  20.012,   0.700,  20.312
202607171806,  19.550,9999.000,9999.000,9999.000,9999.000,9999.000,9999.000,9999.000,9999.000
202607171812,  19.488,9999.000,9999.000,9999.000,9999.000,9999.000,9999.000,9999.000,9999.000
202607171818,  19.401,9999.000,9999.000,9999.000,9999.000,9999.000,9999.000,9999.000,9999.000
202607171824,  19.289,9999.000,9999.000,9999.000,9999.000,9999.000,9999.000,9999.000,9999.000
202607171830,  19.154,9999.000,9999.000,9999.000,9999.000,9999.000,9999.000,9999.000,9999.000
202607171836,  18.996,9999.000,9999.000,9999.000,9999.000,9999.000,9999.000,9999.000,9999.000
202607171842,  18.817,9999.000,9999.000,9999.000,9999.000,9999.000,9999.000,9999.000,9999.000
202607171848,  18.616,9999.000,9999.000,9999.000,9999.000,9999.000,9999.000,9999.000,9999.000
202607171854,  18.395,9999.000,9999.000,9999.000,9999.000,9999.000,9999.000,9999.000,9999.000
202607171900,  18.154,9999.000,   0.500,   0.026,  18.680,   0.400,  18.580,   0.600,  18.780
202607171906,  17.896,9999.000,9999.000,9999.000,9999.000,9999.000,9999.000,9999.000,9999.000
202607171912,  17.620,9999.000,9999.000,9999.000,9999.000,9999.000,9999.000,9999.000,9999.000
202607171918,  17.327,9999.000,9999.000,9999.000,9999.000,9999.000,9999.000,9999.000,9999.000
202607171924,  17.019,9999.000,9999.000,9999.000,9999.000,9999.000,9999.000,9999.000,9999.000
202607171930,  16.696,9999.000,9999.000,9999.000,9999.000,9999.000,9999.000,9999.000,9999.000
202607171936,  16.359,9999.000,9999.000,9999.000,9999.000,9999.000,9999.000,9999.000,9999.000
202607171942,  16.009,9999.000,9999.000,9999.000,9999.000,9999.000,9999.000,9999.000,9999.000
202607171948,  15.646,9999.000,9999.000,9999.000,9999.000,9999.000,9999.000,9999.000,9999.000
202607171954,  15.272,9999.000,9999.000,9999.000,9999.000,9999.000,9999.000,9999.000,9999.000
202607172000,  14.886,9999.000,   0.500,   0.026,  15.412,   0.400,  15.312,   0.600,  15.512
202607172006,  14.490,9999.000,9999.000,9999.000,9999.000,9999.000,9999.000,9999.000,9999.000
202607172012,  14.085,9999.000,9999.000,9999.000,9999.000,9999.000,9999.000,9999.000,9999.000
202607172018,  13.670,9999.000,9999.000,9999.000,9999.000,9999.000,9999.000,9999.000,9999.000
202607172024,  13.247,9999.000,9999.000,9999.000,9999.000,9999.000,9999.000,9999.000,9999.000
202607172030,  12.816,9999.000,9999.000,9999.000,9999.000,9999.000,9999.000,9999.000,9999.000
202607172036,  12.378,9999.000,9999.000,9999.000,9999.000,9999.000,9999.000,9999.000,9999.000
202607172042,  11.934,9999.000,9999.000,9999.000,9999.000,9999.000,9999.000,9999.000,9999.000
202607172048,  11.483,9999.000,9999.000,9999.000,9999.000,9999.000,9999.000,9999.000,9999.000
202607172054,  11.027,9999.000,9999.000,9999.000,9999.000,9999.000,9999.000,9999.000,9999.000
202607172100,  10.567,9999.000,   0.500,   0.026,  11.093,   0.400,  10.993,   0.600,  11.193
202607172106,  10.102,9999.000,9999.000,9999.000,9999.000,9999.000,9999.000,9999.000,9999.000
202607172112,   9.634,9999.000,9999.000,9999.000,9999.000,9999.000,9999.000,9999.000,9999.000
202607172118,   9.164,9999.000,9999.000,9999.000,9999.000,9999.000,9999.000,9999.000,9999.000
202607172124,   8.692,9999.000,9999.000,9999.000,9999.000,9999.000,9999.000,9999.000,9999.000
202607172130,   8.219,9999.000,9999.000,9999.000,9999.000,9999.000,9999.000,9999.000,9999.000
202607172136,   7.747,9999.000,9999.000,9999.000,9999.000,9999.000,9999.000,9999.000,9999.000
202607172142,   7.275,9999.000,9999.000,9999.000,9999.000,9999.000,9999.000,9999.000,9999.000
202607172148,   6.805,9999.000,9999.000,9999.000,9999.000,9999.000,9999.000,9999.000,9999.000
202607172154,   6.339,9999.000,9999.000,9999.000,9999.000,9999.000,9999.000,9999.000,9999.000
202607172200,   5.877,9999.000,   0.500,   0.026,   6.403,   0.400,   6.303,   0.600,   6.503
202607172206,   5.420,9999.000,9999.000,9999.000,9999.000,9999.000,9999.000,9999.000,9999.000
202607172212,   4.971,9999.000,9999.000,9999.000,9999.000,9999.000,9999.000,9999.000,9999.000
202607172218,   4.529,9999.000,9999.000,9999.000,9999.000,9999.000,9999.000,9999.000,9999.000
202607172224,   4.098,9999.000,9999.000,9999.000,9999.000,9999.000,9999.000,9999.000,9999.000
202607172230,   3.678,9999.000,9999.000,9999.000,9999.000,9999.000,9999.000,9999.000,9999.000
202607172236,   3.270,9999.000,9999.000,9999.000,9999.000,9999.000,9999.000,9999.000,9999.000
202607172242,   2.877,9999.000,9999.000,9999.000,9999.000,9999.000,9999.000,9999.000,9999.000
202607172248,   2.499,9999.000,9999.000,9999.000,9999.000,9999.000,9999.000,9999.000,9999.000
202607172254,   2.139,9999.000,9999.000,9999.000,9999.000,9999.000,9999.000,9999.000,9999.000
202607172300,   1.798,9999.000,   0.600,   0.026,   2.424,   0.500,   2.324,   0.700,   2.524
202607172306,   1.477,9999.000,9999.000,9999.000,9999.000,9999.000,9999.000,9999.000,9999.000
202607172312,   1.178,9999.000,9999.000,9999.000,9999.000,9999.000,9999.000,9999.000,9999.000
202607172318,   0.903,9999.000,9999.000,9999.000,9999.000,9999.000,9999.000,9999.000,9999.000
202607172324,   0.652,9999.000,9999.000,9999.000,9999.000,9999.000,9999.000,9999.000,9999.000
202607172330,   0.426,9999.000,9999.000,9999.000,9999.000,9999.000,9999.000,9999.000,9999.000
202607172336,   0.228,9999.000,9999.000,9999.000,9999.000,9999.000,9999.000,9999.000,9999.000
202607172342,   0.057,9999.000,9999.000,9999.000,9999.000,9999.000,9999.000,9999.000,9999.000
202607172348,  -0.084,9999.000,9999.000,9999.000,9999.000,9999.000,9999.000,9999.000,9999.000
202607172354,  -0.197,9999.000,9999.000,9999.000,9999.000,9999.000,9999.000,9999.000,9999.000
202607180000,  -0.279,9999.000,   0.600,   0.026,   0.347,   0.500,   0.247,   0.700,   0.447
202607180006,  -0.332,9999.000,9999.000,9999.000,9999.000,9999.000,9999.000,9999.000,9999.000
202607180012,  -0.354,9999.000,9999.000,9999.000,9999.000,9999.000,9999.000,9999.000,9999.000
202607180018,  -0.346,9999.000,9999.000,9999.000,9999.000,9999.000,9999.000,9999.000,9999.000
202607180024,  -0.307,9999.000,9999.000,9999.000,9999.000,9999.000,9999.000,9999.000,9999.000
202607180030,  -0.239,9999.000,9999.000,9999.000,9999.000,9999.000,9999.000,9999.000,9999.000
202607180036,  -0.140,9999.000,9999.000,9999.000,9999.000,9999.000,9999.000,9999.000,9999.000
202607180042,  -0.013,9999.000,9999.000,9999.000,9999.000,9999.000,9999.000,9999.000,9999.000
202607180048,   0.142,9999.000,9999.000,9999.000,9999.000,9999.000,9999.000,9999.000,9999.000
202607180054,   0.325,9999.000,9999.000,9999.000,9999.000,9999.000,9999.000,9999.000,9999.000
202607180100,   0.535,9999.000,   0.600,   0.026,   1.161,   0.500,   1.061,   0.700,   1.261
202607180106,   0.771,9999.000,9999.000,9999.000,9999.000,9999.000,9999.000,9999.000,9999.000
202607180112,   1.031,9999.000,9999.000,9999.000,9999.000,9999.000,9999.000,9999.000,9999.000
202607180118,   1.314,9999.000,9999.000,9999.000,9999.000,9999.000,9999.000,9999.000,9999.000
202607180124,   1.620,9999.000,9999.000,9999.000,9999.000,9999.000,9999.000,9999.000,9999.000
202607180130,   1.947,9999.000,9999.000,9999.000,9999.000,9999.000,9999.000,9999.000,9999.000
202607180136,   2.294,9999.000,9999.000,9999.000,9999.000,9999.000,9999.000,9999.000,9999.000
202607180142,   2.659,9999.000,9999.000,9999.000,9999.000,9999.000,9999.000,9999.000,9999.000
202607180148,   3.042,9999.000,9999.000,9999.000,9999.000,9999.000,9999.000,9999.000,9999.000
202607180154,   3.442,9999.000,9999.000,9999.000,9999.000,9999.000,9999.000,9999.000,9999.000
202607180200,   3.856,9999.000,   0.600,   0.026,   4.482,   0.500,   4.382,   0.700,   4.582
202607180206,   4.285,9999.000,9999.000,9999.000,9999.000,9999.000,9999.000,9999.000,9999.000
202607180212,   4.727,9999.000,9999.000,9999.000,9999.000,9999.000,9999.000,9999.000,9999.000
202607180218,   5.181,9999.000,9999.000,9999.000,9999.000,9999.000,9999.000,9999.000,9999.000
202607180224,   5.646,9999.000,9999.000,9999.000,9999.000,9999.000,9999.000,9999.000,9999.000
202607180230,   6.121,9999.000,9999.000,9999.000,9999.000,9999.000,9999.000,9999.000,9999.000
202607180236,   6.606,9999.000,9999.000,9999.000,9999.000,9999.000,9999.000,9999.000,9999.000
202607180242,   7.098,9999.000,9999.000,9999.000,9999.000,9999.000,9999.000,9999.000,9999.000
202607180248,   7.598,9999.000,9999.000,9999.000,9999.000,9999.000,9999.000,9999.000,9999.000
202607180254,   8.104,9999.000,9999.000,9999.000,9999.000,9999.000,9999.000,9999.000,9999.000
202607180300,   8.615,9999.000,   0.600,   0.026,   9.241,   0.400,   9.041,   0.700,   9.341
202607180306,   9.130,9999.000,9999.000,9999.000,9999.000,9999.000,9999.000,9999.000,9999.000
202607180312,   9.649,9999.000,9999.000,9999.000,9999.000,9999.000,9999.000,9999.000,9999.000
202607180318,  10.170,9999.000,9999.000,9999.000,9999.000,9999.000,9999.000,9999.000,9999.000
202607180324,  10.692,9999.000,9999.000,9999.000,9999.000,9999.000,9999.000,9999.000,9999.000
202607180330,  11.214,9999.000,9999.000,9999.000,9999.000,9999.000,9999.000,9999.000,9999.000
202607180336,  11.734,9999.000,9999.000,9999.000,9999.000,9999.000,9999.000,9999.000,9999.000
202607180342,  12.252,9999.000,9999.000,9999.000,9999.000,9999.000,9999.000,9999.000,9999.000
202607180348,  12.766,9999.000,9999.000,9999.000,9999.000,9999.000,9999.000,9999.000,9999.000
202607180354,  13.274,9999.000,9999.000,9999.000,9999.000,9999.000,9999.000,9999.000,9999.000
202607180400,  13.775,9999.000,   0.500,   0.026,  14.301,   0.400,  14.201,   0.700,  14.501
202607180406,  14.268,9999.000,9999.000,9999.000,9999.000,9999.000,9999.000,9999.000,9999.000
202607180412,  14.752,9999.000,9999.000,9999.000,9999.000,9999.000,9999.000,9999.000,9999.000
202607180418,  15.223,9999.000,9999.000,9999.000,9999.000,9999.000,9999.000,9999.000,9999.000
202607180424,  15.682,9999.000,9999.000,9999.000,9999.000,9999.000,9999.000,9999.000,9999.000
202607180430,  16.126,9999.000,9999.000,9999.000,9999.000,9999.000,9999.000,9999.000,9999.000
202607180436,  16.554,9999.000,9999.000,9999.000,9999.000,9999.000,9999.000,9999.000,9999.000
202607180442,  16.964,9999.000,9999.000,9999.000,9999.000,9999.000,9999.000,9999.000,9999.000
202607180448,  17.356,9999.000,9999.000,9999.000,9999.000,9999.000,9999.000,9999.000,9999.000
202607180454,  17.727,9999.000,9999.000,9999.000,9999.000,9999.000,9999.000,9999.000,9999.000
202607180500,  18.076,9999.000,   0.500,   0.026,  18.602,   0.300,  18.402,   0.600,  18.702
202607180506,  18.403,9999.000,9999.000,9999.000,9999.000,9999.000,9999.000,9999.000,9999.000
202607180512,  18.705,9999.000,9999.000,9999.000,9999.000,9999.000,9999.000,9999.000,9999.000
202607180518,  18.983,9999.000,9999.000,9999.000,9999.000,9999.000,9999.000,9999.000,9999.000
202607180524,  19.234,9999.000,9999.000,9999.000,9999.000,9999.000,9999.000,9999.000,9999.000
202607180530,  19.459,9999.000,9999.000,9999.000,9999.000,9999.000,9999.000,9999.000,9999.000
202607180536,  19.657,9999.000,9999.000,9999.000,9999.000,9999.000,9999.000,9999.000,9999.000
202607180542,  19.828,9999.000,9999.000,9999.000,9999.000,9999.000,9999.000,9999.000,9999.000
202607180548,  19.970,9999.000,9999.000,9999.000,9999.000,9999.000,9999.000,9999.000,9999.000
202607180554,  20.084,9999.000,9999.000,9999.000,9999.000,9999.000,9999.000,9999.000,9999.000
202607180600,  20.170,9999.000,   0.400,   0.026,  20.596,   0.300,  20.496,   0.600,  20.796
202607180606,  20.227,9999.000,9999.000,9999.000,9999.000,9999.000,9999.000,9999.000,9999.000
202607180612,  20.257,9999.000,9999.000,9999.000,9999.000,9999.000,9999.000,9999.000,9999.000
202607180618,  20.259,9999.000,9999.000,9999.000,9999.000,9999.000,9999.000,9999.000,9999.000
202607180624,  20.233,9999.000,9999.000,9999.000,9999.000,9999.000,9999.000,9999.000,9999.000
202607180630,  20.181,9999.000,9999.000,9999.000,9999.000,9999.000,9999.000,9999.000,9999.000
202607180636,  20.102,9999.000,9999.000,9999.000,9999.000,9999.000,9999.000,9999.000,9999.000
202607180642,  19.998,9999.000,9999.000,9999.000,9999.000,9999.000,9999.000,9999.000,9999.000
202607180648,  19.869,9999.000,9999.000,9999.000,9999.000,9999.000,9999.000,9999.000,9999.000
202607180654,  19.716,9999.000,9999.000,9999.000,9999.000,9999.000,9999.000,9999.000,9999.000
202607180700,  19.540,9999.000,   0.400,   0.026,  19.966,   0.300,  19.866,   0.500,  20.066
202607180706,  19.342,9999.000,9999.000,9999.000,9999.000,9999.000,9999.000,9999.000,9999.000
202607180712,  19.122,9999.000,9999.000,9999.000,9999.000,9999.000,9999.000,9999.000,9999.000
202607180718,  18.881,9999.000,9999.000,9999.000,9999.000,9999.000,9999.000,9999.000,9999.000
202607180724,  18.621,9999.000,9999.000,9999.000,9999.000,9999.000,9999.000,9999.000,9999.000
202607180730,  18.342,9999.000,9999.000,9999.000,9999.000,9999.000,9999.000,9999.000,9999.000
202607180736,  18.045,9999.000,9999.000,9999.000,9999.000,9999.000,9999.000,9999.000,9999.000
202607180742,  17.731,9999.000,9999.000,9999.000,9999.000,9999.000,9999.000,9999.000,9999.000
202607180748,  17.402,9999.000,9999.000,9999.000,9999.000,9999.000,9999.000,9999.000,9999.000
202607180754,  17.057,9999.000,9999.000,9999.000,9999.000,9999.000,9999.000,9999.000,9999.000
202607180800,  16.697,9999.000,   0.400,   0.026,  17.123,   0.200,  16.923,   0.500,  17.223
202607180806,  16.324,9999.000,9999.000,9999.000,9999.000,9999.000,9999.000,9999.000,9999.000
202607180812,  15.939,9999.000,9999.000,9999.000,9999.000,9999.000,9999.000,9999.000,9999.000
202607180818,  15.541,9999.000,9999.000,9999.000,9999.000,9999.000,9999.000,9999.000,9999.000
202607180824,  15.132,9999.000,9999.000,9999.000,9999.000,9999.000,9999.000,9999.000,9999.000
202607180830,  14.713,9999.000,9999.000,9999.000,9999.000,9999.000,9999.000,9999.000,9999.000
202607180836,  14.284,9999.000,9999.000,9999.000,9999.000,9999.000,9999.000,9999.000,9999.000
202607180842,  13.845,9999.000,9999.000,9999.000,9999.000,9999.000,9999.000,9999.000,9999.000
202607180848,  13.398,9999.000,9999.000,9999.000,9999.000,9999.000,9999.000,9999.000,9999.000
202607180854,  12.943,9999.000,9999.000,9999.000,9999.000,9999.000,9999.000,9999.000,9999.000
202607180900,  12.481,9999.000,   0.300,   0.026,  12.807,   0.200,  12.707,   0.500,  13.007
202607180906,  12.012,9999.000,9999.000,9999.000,9999.000,9999.000,9999.000,9999.000,9999.000
202607180912,  11.537,9999.000,9999.000,9999.000,9999.000,9999.000,9999.000,9999.000,9999.000
202607180918,  11.057,9999.000,9999.000,9999.000,9999.000,9999.000,9999.000,9999.000,9999.000
202607180924,  10.573,9999.000,9999.000,9999.000,9999.000,9999.000,9999.000,9999.000,9999.000
202607180930,  10.084,9999.000,9999.000,9999.000,9999.000,9999.000,9999.000,9999.000,9999.000
202607180936,   9.592,9999.000,9999.000,9999.000,9999.000,9999.000,9999.000,9999.000,9999.000
202607180942,   9.097,9999.000,9999.000,9999.000,9999.000,9999.000,9999.000,9999.000,9999.000
202607180948,   8.601,9999.000,9999.000,9999.000,9999.000,9999.000,9999.000,9999.000,9999.000
202607180954,   8.104,9999.000,9999.000,9999.000,9999.000,9999.000,9999.000,9999.000,9999.000
202607181000,   7.607,9999.000,   0.300,   0.026,   7.933,   0.200,   7.833,   0.400,   8.033
202607181006,   7.112,9999.000,9999.000,9999.000,9999.000,9999.000,9999.000,9999.000,9999.000
202607181012,   6.618,9999.000,9999.000,9999.000,9999.000,9999.000,9999.000,9999.000,9999.000
202607181018,   6.128,9999.000,9999.000,9999.000,9999.000,9999.000,9999.000,9999.000,9999.000
202607181024,   5.642,9999.000,9999.000,9999.000,9999.000,9999.000,9999.000,9999.000,9999.000
202607181030,   5.161,9999.000,9999.000,9999.000,9999.000,9999.000,9999.000,9999.000,9999.000
202607181036,   4.688,9999.000,9999.000,9999.000,9999.000,9999.000,9999.000,9999.000,9999.000
202607181042,   4.223,9999.000,9999.000,9999.000,9999.000,9999.000,9999.000,9999.000,9999.000
202607181048,   3.767,9999.000,9999.000,9999.000,9999.000,9999.000,9999.000,9999.000,9999.000
202607181054,   3.323,9999.000,9999.000,9999.000,9999.000,9999.000,9999.000,9999.000,9999.000
202607181100,   2.892,9999.000,   0.300,   0.026,   3.218,   0.200,   3.118,   0.400,   3.318
202607181106,   2.474,9999.000,9999.000,9999.000,9999.000,9999.000,9999.000,9999.000,9999.000
202607181112,   2.073,9999.000,9999.000,9999.000,9999.000,9999.000,9999.000,9999.000,9999.000
202607181118,   1.689,9999.000,9999.000,9999.000,9999.000,9999.000,9999.000,9999.000,9999.000
202607181124,   1.324,9999.000,9999.000,9999.000,9999.000,9999.000,9999.000,9999.000,9999.000
202607181130,   0.979,9999.000,9999.000,9999.000,9999.000,9999.000,9999.000,9999.000,9999.000
202607181136,   0.656,9999.000,9999.000,9999.000,9999.000,9999.000,9999.000,9999.000,9999.000
202607181142,   0.357,9999.000,9999.000,9999.000,9999.000,9999.000,9999.000,9999.000,9999.000
202607181148,   0.082,9999.000,9999.000,9999.000,9999.000,9999.000,9999.000,9999.000,9999.000
202607181154,  -0.166,9999.000,9999.000,9999.000,9999.000,9999.000,9999.000,9999.000,9999.000
202607181200,  -0.388,9999.000,   0.300,   0.026,  -0.062,   0.200,  -0.162,   0.500,   0.138
202607181206,  -0.583,9999.000,9999.000,9999.000,9999.000,9999.000,9999.000,9999.000,9999.000
202607181212,  -0.748,9999.000,9999.000,9999.000,9999.000,9999.000,9999.000,9999.000,9999.000
202607181218,  -0.884,9999.000,9999.000,9999.000,9999.000,9999.000,9999.000,9999.000,9999.000
202607181224,  -0.990,9999.000,9999.000,9999.000,9999.000,9999.000,9999.000,9999.000,9999.000
202607181230,  -1.065,9999.000,9999.000,9999.000,9999.000,9999.000,9999.000,9999.000,9999.000
202607181236,  -1.110,9999.000,9999.000,9999.000,9999.000,9999.000,9999.000,9999.000,9999.000
202607181242,  -1.124,9999.000,9999.000,9999.000,9999.000,9999.000,9999.000,9999.000,9999.000
202607181248,  -1.107,9999.000,9999.000,9999.000,9999.000,9999.000,9999.000,9999.000,9999.000
202607181254,  -1.060,9999.000,9999.000,9999.000,9999.000,9999.000,9999.000,9999.000,9999.000
202607181300,  -0.983,9999.000,   0.400,   0.026,  -0.557,   0.300,  -0.657,   0.500,  -0.457
202607181306,  -0.877,9999.000,9999.000,9999.000,9999.000,9999.000,9999.000,9999.000,9999.000
202607181312,  -0.742,9999.000,9999.000,9999.000,9999.000,9999.000,9999.000,9999.000,9999.000
202607181318,  -0.579,9999.000,9999.000,9999.000,9999.000,9999.000,9999.000,9999.000,9999.000
202607181324,  -0.389,9999.000,9999.000,9999.000,9999.000,9999.000,9999.000,9999.000,9999.000
202607181330,  -0.173,9999.000,9999.000,9999.000,9999.000,9999.000,9999.000,9999.000,9999.000
202607181336,   0.068,9999.000,9999.000,9999.000,9999.000,9999.000,9999.000,9999.000,9999.000
202607181342,   0.333,9999.000,9999.000,9999.000,9999.000,9999.000,9999.000,9999.000,9999.000
202607181348,   0.620,9999.000,9999.000,9999.000,9999.000,9999.000,9999.000,9999.000,9999.000
202607181354,   0.930,9999.000,9999.000,9999.000,9999.000,9999.000,9999.000,9999.000,9999.000
202607181400,   1.259,9999.000,   0.400,   0.026,   1.685,   0.300,   1.585,   0.500,   1.785
202607181406,   1.608,9999.000,9999.000,9999.000,9999.000,9999.000,9999.000,9999.000,9999.000
202607181412,   1.975,9999.000,9999.000,9999.000,9999.000,9999.000,9999.000,9999.000,9999.000
202607181418,   2.358,9999.000,9999.000,9999.000,9999.000,9999.000,9999.000,9999.000,9999.000
202607181424,   2.758,9999.000,9999.000,9999.000,9999.000,9999.000,9999.000,9999.000,9999.000
202607181430,   3.172,9999.000,9999.000,9999.000,9999.000,9999.000,9999.000,9999.000,9999.000
202607181436,   3.599,9999.000,9999.000,9999.000,9999.000,9999.000,9999.000,9999.000,9999.000
202607181442,   4.040,9999.000,9999.000,9999.000,9999.000,9999.000,9999.000,9999.000,9999.000
202607181448,   4.491,9999.000,9999.000,9999.000,9999.000,9999.000,9999.000,9999.000,9999.000
202607181454,   4.954,9999.000,9999.000,9999.000,9999.000,9999.000,9999.000,9999.000,9999.000
202607181500,   5.426,9999.000,   0.500,   0.026,   5.952,   0.400,   5.852,   0.600,   6.052
202607181506,   5.907,9999.000,9999.000,9999.000,9999.000,9999.000,9999.000,9999.000,9999.000
202607181512,   6.396,9999.000,9999.000,9999.000,9999.000,9999.000,9999.000,9999.000,9999.000
202607181518,   6.892,9999.000,9999.000,9999.000,9999.000,9999.000,9999.000,9999.000,9999.000
202607181524,   7.393,9999.000,9999.000,9999.000,9999.000,9999.000,9999.000,9999.000,9999.000
202607181530,   7.900,9999.000,9999.000,9999.000,9999.000,9999.000,9999.000,9999.000,9999.000
202607181536,   8.411,9999.000,9999.000,9999.000,9999.000,9999.000,9999.000,9999.000,9999.000
202607181542,   8.925,9999.000,9999.000,9999.000,9999.000,9999.000,9999.000,9999.000,9999.000
202607181548,   9.441,9999.000,9999.000,9999.000,9999.000,9999.000,9999.000,9999.000,9999.000
202607181554,   9.958,9999.000,9999.000,9999.000,9999.000,9999.000,9999.000,9999.000,9999.000
202607181600,  10.475,9999.000,   0.500,   0.026,  11.001,   0.400,  10.901,   0.600,  11.101
202607181606,  10.990,9999.000,9999.000,9999.000,9999.000,9999.000,9999.000,9999.000,9999.000
202607181612,  11.502,9999.000,9999.000,9999.000,9999.000,9999.000,9999.000,9999.000,9999.000
202607181618,  12.010,9999.000,9999.000,9999.000,9999.000,9999.000,9999.000,9999.000,9999.000
202607181624,  12.513,9999.000,9999.000,9999.000,9999.000,9999.000,9999.000,9999.000,9999.000
202607181630,  13.008,9999.000,9999.000,9999.000,9999.000,9999.000,9999.000,9999.000,9999.000
202607181636,  13.495,9999.000,9999.000,9999.000,9999.000,9999.000,9999.000,9999.000,9999.000
202607181642,  13.971,9999.000,9999.000,9999.000,9999.000,9999.000,9999.000,9999.000,9999.000
202607181648,  14.436,9999.000,9999.000,9999.000,9999.000,9999.000,9999.000,9999.000,9999.000
202607181654,  14.888,9999.000,9999.000,9999.000,9999.000,9999.000,9999.000,9999.000,9999.000
202607181700,  15.325,9999.000,   0.500,   0.026,  15.851,   0.400,  15.751,   0.600,  15.951
202607181706,  15.747,9999.000,9999.000,9999.000,9999.000,9999.000,9999.000,9999.000,9999.000
202607181712,  16.150,9999.000,9999.000,9999.000,9999.000,9999.000,9999.000,9999.000,9999.000
202607181718,  16.535,9999.000,9999.000,9999.000,9999.000,9999.000,9999.000,9999.000,9999.000
202607181724,  16.899,9999.000,9999.000,9999.000,9999.000,9999.000,9999.000,9999.000,9999.000
202607181730,  17.242,9999.000,9999.000,9999.000,9999.000,9999.000,9999.000,9999.000,9999.000
202607181736,  17.563,9999.000,9999.000,9999.000,9999.000,9999.000,9999.000,9999.000,9999.000
202607181742,  17.860,9999.000,9999.000,9999.000,9999.000,9999.000,9999.000,9999.000,9999.000
202607181748,  18.132,9999.000,9999.000,9999.000,9999.000,9999.000,9999.000,9999.000,9999.000
202607181754,  18.379,9999.000,9999.000,9999.000,9999.000,9999.000,9999.000,9999.000,9999.000
202607181800,  18.600,9999.000,   0.500,   0.026,  19.126,   0.400,  19.026,   0.700,  19.326
202607181806,  18.795,9999.000,9999.000,9999.000,9999.000,9999.000,9999.000,9999.000,9999.000
202607181812,  18.962,9999.000,9999.000,9999.000,9999.000,9999.000,9999.000,9999.000,9999.000
202607181818,  19.103,9999.000,9999.000,9999.000,9999.000,9999.000,9999.000,9999.000,9999.000
202607181824,  19.217,9999.000,9999.000,9999.000,9999.000,9999.000,9999.000,9999.000,9999.000
202607181830,  19.303,9999.000,9999.000,9999.000,9999.000,9999.000,9999.000,9999.000,9999.000
202607181836,  19.362,9999.000,9999.000,9999.000,9999.000,9999.000,9999.000,9999.000,9999.000
202607181842,  19.395,9999.000,9999.000,9999.000,9999.000,9999.000,9999.000,9999.000,9999.000
202607181848,  19.401,9999.000,9999.000,9999.000,9999.000,9999.000,9999.000,9999.000,9999.000
202607181854,  19.381,9999.000,9999.000,9999.000,9999.000,9999.000,9999.000,9999.000,9999.000
202607181900,  19.336,9999.000,   0.600,   0.026,  19.962,   0.500,  19.862,   0.700,  20.062
202607181906,  19.266,9999.000,9999.000,9999.000,9999.000,9999.000,9999.000,9999.000,9999.000
202607181912,  19.171,9999.000,9999.000,9999.000,9999.000,9999.000,9999.000,9999.000,9999.000
202607181918,  19.054,9999.000,9999.000,9999.000,9999.000,9999.000,9999.000,9999.000,9999.000
202607181924,  18.913,9999.000,9999.000,9999.000,9999.000,9999.000,9999.000,9999.000,9999.000
202607181930,  18.751,9999.000,9999.000,9999.000,9999.000,9999.000,9999.000,9999.000,9999.000
202607181936,  18.568,9999.000,9999.000,9999.000,9999.000,9999.000,9999.000,9999.000,9999.000
202607181942,  18.365,9999.000,9999.000,9999.000,9999.000,9999.000,9999.000,9999.000,9999.000
202607181948,  18.143,9999.000,9999.000,9999.000,9999.000,9999.000,9999.000,9999.000,9999.000
202607181954,  17.903,9999.000,9999.000,9999.000,9999.000,9999.000,9999.000,9999.000,9999.000
202607182000,  17.645,9999.000,   0.600,   0.026,  18.271,   0.500,  18.171,   0.700,  18.371
202607182006,  17.371,9999.000,9999.000,9999.000,9999.000,9999.000,9999.000,9999.000,9999.000
202607182012,  17.081,9999.000,9999.000,9999.000,9999.000,9999.000,9999.000,9999.000,9999.000
202607182018,  16.776,9999.000,9999.000,9999.000,9999.000,9999.000,9999.000,9999.000,9999.000
202607182024,  16.457,9999.000,9999.000,9999.000,9999.000,9999.000,9999.000,9999.000,9999.000
202607182030,  16.125,9999.000,9999.000,9999.000,9999.000,9999.000,9999.000,9999.000,9999.000
202607182036,  15.780,9999.000,9999.000,9999.000,9999.000,9999.000,9999.000,9999.000,9999.000
202607182042,  15.423,9999.000,9999.000,9999.000,9999.000,9999.000,9999.000,9999.000,9999.000
202607182048,  15.056,9999.000,9999.000,9999.000,9999.000,9999.000,9999.000,9999.000,9999.000
202607182054,  14.678,9999.000,9999.000,9999.000,9999.000,9999.000,9999.000,9999.000,9999.000
202607182100,  14.290,9999.000,   0.600,   0.026,  14.916,   0.500,  14.816,   0.700,  15.016
202607182106,  13.893,9999.000,9999.000,9999.000,9999.000,9999.000,9999.000,9999.000,9999.000
202607182112,  13.488,9999.000,9999.000,9999.000,9999.000,9999.000,9999.000,9999.000,9999.000
202607182118,  13.075,9999.000,9999.000,9999.000,9999.000,9999.000,9999.000,9999.000,9999.000
202607182124,  12.654,9999.000,9999.000,9999.000,9999.000,9999.000,9999.000,9999.000,9999.000
202607182130,  12.227,9999.000,9999.000,9999.000,9999.000,9999.000,9999.000,9999.000,9999.000
202607182136,  11.793,9999.000,9999.000,9999.000,9999.000,9999.000,9999.000,9999.000,9999.000
202607182142,  11.354,9999.000,9999.000,9999.000,9999.000,9999.000,9999.000,9999.000,9999.000
202607182148,  10.910,9999.000,9999.000,9999.000,9999.000,9999.000,9999.000,9999.000,9999.000
202607182154,  10.462,9999.000,9999.000,9999.000,9999.000,9999.000,9999.000,9999.000,9999.000
202607182200,  10.010,9999.000,   0.600,   0.026,  10.636,   0.500,  10.536,   0.700,  10.736
202607182206,   9.555,9999.000,9999.000,9999.000,9999.000,9999.000,9999.000,9999.000,9999.000
202607182212,   9.098,9999.000,9999.000,9999.000,9999.000,9999.000,9999.000,9999.000,9999.000
202607182218,   8.640,9999.000,9999.000,9999.000,9999.000,9999.000,9999.000,9999.000,9999.000
202607182224,   8.181,9999.000,9999.000,9999.000,9999.000,9999.000,9999.000,9999.000,9999.000
202607182230,   7.722,9999.000,9999.000,9999.000,9999.000,9999.000,9999.000,9999.000,9999.000
202607182236,   7.264,9999.000,9999.000,9999.000,9999.000,9999.000,9999.000,9999.000,9999.000
202607182242,   6.809,9999.000,9999.000,9999.000,9999.000,9999.000,9999.000,9999.000,9999.000
202607182248,   6.358,9999.000,9999.000,9999.000,9999.000,9999.000,9999.000,9999.000,9999.000
202607182254,   5.911,9999.000,9999.000,9999.000,9999.000,9999.000,9999.000,9999.000,9999.000
202607182300,   5.470,9999.000,   0.600,   0.026,   6.096,   0.500,   5.996,   0.700,   6.196
202607182306,   5.036,9999.000,9999.000,9999.000,9999.000,9999.000,9999.000,9999.000,9999.000
202607182312,   4.610,9999.000,9999.000,9999.000,9999.000,9999.000,9999.000,9999.000,9999.000
202607182318,   4.195,9999.000,9999.000,9999.000,9999.000,9999.000,9999.000,9999.000,9999.000
202607182324,   3.791,9999.000,9999.000,9999.000,9999.000,9999.000,9999.000,9999.000,9999.000
202607182330,   3.399,9999.000,9999.000,9999.000,9999.000,9999.000,9999.000,9999.000,9999.000
202607182336,   3.023,9999.000,9999.000,9999.000,9999.000,9999.000,9999.000,9999.000,9999.000
202607182342,   2.662,9999.000,9999.000,9999.000,9999.000,9999.000,9999.000,9999.000,9999.000
202607182348,   2.318,9999.000,9999.000,9999.000,9999.000,9999.000,9999.000,9999.000,9999.000
202607182354,   1.994,9999.000,9999.000,9999.000,9999.000,9999.000,9999.000,9999.000,9999.000
202607190000,   1.690,9999.000,   0.600,   0.026,   2.316,   0.500,   2.216,   0.700,   2.416
