        TIME,    TIDE,      OB,   SURGE,    BIAS,     TWL,SURGE90p,  TWL90p,SURGE10p,   TWL10p
202605180600,   1.372,   0.288,  -0.100,  -0.984,   0.288,  -0.200,   0.188,  -0.100,   0.288
202605180606,   1.322,9999.000,9999.000,9999.000,9999.000,9999.000,9999.000,9999.000,9999.000
202605180612,   1.273,   0.170,9999.000,9999.000,9999.000,9999.000,9999.000,9999.000,9999.000
202605180618,   1.225,9999.000,9999.000,9999.000,9999.000,9999.000,9999.000,9999.000,9999.000
202605180624,   1.178,   0.059,9999.000,9999.000,9999.000,9999.000,9999.000,9999.000,9999.000
202605180630,   1.131,   0.000,9999.000,9999.000,9999.000,9999.000,9999.000,9999.000,9999.000
202605180636,   1.086,  -0.059,9999.000,9999.000,9999.000,9999.000,9999.000,9999.000,9999.000
202605180642,   1.041,  -0.111,9999.000,9999.000,9999.000,9999.000,9999.000,9999.000,9999.000
202605180648,   0.996,  -0.160,9999.000,9999.000,9999.000,9999.000,9999.000,9999.000,9999.000
202605180654,   0.953,  -0.219,9999.000,9999.000,9999.000,9999.000,9999.000,9999.000,9999.000
202605180700,   0.910,  -0.259,  -0.200,  -0.969,  -0.259,  -0.200,  -0.259,  -0.100,  -0.159
202605180706,   0.867,  -0.321,9999.000,9999.000,9999.000,9999.000,9999.000,9999.000,9999.000
202605180712,   0.826,  -0.370,9999.000,9999.000,9999.000,9999.000,9999.000,9999.000,9999.000
202605180718,   0.784,  -0.419,9999.000,9999.000,9999.000,9999.000,9999.000,9999.000,9999.000
202605180724,   0.743,  -0.469,9999.000,9999.000,9999.000,9999.000,9999.000,9999.000,9999.000
202605180730,   0.702,  -0.518,9999.000,9999.000,9999.000,9999.000,9999.000,9999.000,9999.000
202605180736,   0.662,  -0.570,9999.000,9999.000,9999.000,9999.000,9999.000,9999.000,9999.000
202605180742,   0.622,  -0.619,9999.000,9999.000,9999.000,9999.000,9999.000,9999.000,9999.000
202605180748,   0.582,  -0.669,9999.000,9999.000,9999.000,9999.000,9999.000,9999.000,9999.000
202605180754,   0.543,  -0.708,9999.000,9999.000,9999.000,9999.000,9999.000,9999.000,9999.000
202605180800,   0.503,  -0.770,  -0.200,  -1.073,  -0.770,  -0.200,  -0.770,  -0.100,  -0.670
202605180806,   0.464,  -0.810,9999.000,9999.000,9999.000,9999.000,9999.000,9999.000,9999.000
202605180812,   0.425,  -0.849,9999.000,9999.000,9999.000,9999.000,9999.000,9999.000,9999.000
202605180818,   0.386,  -0.888,9999.000,9999.000,9999.000,9999.000,9999.000,9999.000,9999.000
202605180824,   0.348,  -0.928,9999.000,9999.000,9999.000,9999.000,9999.000,9999.000,9999.000
202605180830,   0.310,  -0.980,9999.000,9999.000,9999.000,9999.000,9999.000,9999.000,9999.000
202605180836,   0.273,  -1.020,9999.000,9999.000,9999.000,9999.000,9999.000,9999.000,9999.000
202605180842,   0.236,  -1.059,9999.000,9999.000,9999.000,9999.000,9999.000,9999.000,9999.000
202605180848,   0.200,  -1.098,9999.000,9999.000,9999.000,9999.000,9999.000,9999.000,9999.000
202605180854,   0.165,  -1.138,9999.000,9999.000,9999.000,9999.000,9999.000,9999.000,9999.000
202605180900,   0.131,  -1.170,  -0.200,  -1.101,  -1.170,  -0.200,  -1.170,  -0.100,  -1.070
202605180906,   0.098,  -1.210,9999.000,9999.000,9999.000,9999.000,9999.000,9999.000,9999.000
202605180912,   0.067,  -1.249,9999.000,9999.000,9999.000,9999.000,9999.000,9999.000,9999.000
202605180918,   0.037,  -1.289,9999.000,9999.000,9999.000,9999.000,9999.000,9999.000,9999.000
202605180924,   0.010,  -1.318,9999.000,9999.000,9999.000,9999.000,9999.000,9999.000,9999.000
202605180930,  -0.015,  -1.348,9999.000,9999.000,9999.000,9999.000,9999.000,9999.000,9999.000
202605180936,  -0.038,  -1.380,9999.000,9999.000,9999.000,9999.000,9999.000,9999.000,9999.000
202605180942,  -0.058,  -1.410,9999.000,9999.000,9999.000,9999.000,9999.000,9999.000,9999.000
202605180948,  -0.076,  -1.430,9999.000,9999.000,9999.000,9999.000,9999.000,9999.000,9999.000
202605180954,  -0.091,  -1.459,9999.000,9999.000,9999.000,9999.000,9999.000,9999.000,9999.000
202605181000,  -0.103,  -1.489,  -0.200,  -1.186,  -1.489,  -0.200,  -1.489,  -0.100,  -1.389
202605181006,  -0.111,  -1.498,9999.000,9999.000,9999.000,9999.000,9999.000,9999.000,9999.000
202605181012,  -0.116,  -1.528,9999.000,9999.000,9999.000,9999.000,9999.000,9999.000,9999.000
202605181018,  -0.117,  -1.538,9999.000,9999.000,9999.000,9999.000,9999.000,9999.000,9999.000
202605181024,  -0.114,  -1.557,9999.000,9999.000,9999.000,9999.000,9999.000,9999.000,9999.000
202605181030,  -0.108,  -1.571,9999.000,9999.000,9999.000,9999.000,9999.000,9999.000,9999.000
202605181036,  -0.097,  -1.571,9999.000,9999.000,9999.000,9999.000,9999.000,9999.000,9999.000
202605181042,  -0.083,  -1.571,9999.000,9999.000,9999.000,9999.000,9999.000,9999.000,9999.000
202605181048,  -0.065,  -1.580,9999.000,9999.000,9999.000,9999.000,9999.000,9999.000,9999.000
202605181054,  -0.042,  -1.557,9999.000,9999.000,9999.000,9999.000,9999.000,9999.000,9999.000
202605181100,  -0.016,  -1.528,  -0.200,  -1.312,  -1.528,  -0.200,  -1.528,  -0.200,  -1.528
202605181106,   0.014,  -1.489,9999.000,9999.000,9999.000,9999.000,9999.000,9999.000,9999.000
202605181112,   0.048,  -1.430,9999.000,9999.000,9999.000,9999.000,9999.000,9999.000,9999.000
202605181118,   0.087,  -1.361,9999.000,9999.000,9999.000,9999.000,9999.000,9999.000,9999.000
202605181124,   0.129,  -1.298,9999.000,9999.000,9999.000,9999.000,9999.000,9999.000,9999.000
202605181130,   0.175,  -1.239,9999.000,9999.000,9999.000,9999.000,9999.000,9999.000,9999.000
202605181136,   0.225,  -1.180,9999.000,9999.000,9999.000,9999.000,9999.000,9999.000,9999.000
202605181142,   0.279,  -1.128,9999.000,9999.000,9999.000,9999.000,9999.000,9999.000,9999.000
202605181148,   0.336,  -1.088,9999.000,9999.000,9999.000,9999.000,9999.000,9999.000,9999.000
202605181154,   0.396,  -1.039,9999.000,9999.000,9999.000,9999.000,9999.000,9999.000,9999.000
202605181200,   0.460,  -0.990,  -0.100,  -1.350,  -0.990,  -0.100,  -0.990,   0.000,  -0.890
202605181206,   0.526,  -0.928,9999.000,9999.000,9999.000,9999.000,9999.000,9999.000,9999.000
202605181212,   0.596,  -0.879,9999.000,9999.000,9999.000,9999.000,9999.000,9999.000,9999.000
202605181218,   0.667,  -0.839,9999.000,9999.000,9999.000,9999.000,9999.000,9999.000,9999.000
202605181224,   0.741,  -0.780,9999.000,9999.000,9999.000,9999.000,9999.000,9999.000,9999.000
202605181230,   0.817,  -0.731,9999.000,9999.000,9999.000,9999.000,9999.000,9999.000,9999.000
202605181236,   0.895,  -0.669,9999.000,9999.000,9999.000,9999.000,9999.000,9999.000,9999.000
202605181242,   0.973,  -0.610,9999.000,9999.000,9999.000,9999.000,9999.000,9999.000,9999.000
202605181248,   1.053,  -0.551,9999.000,9999.000,9999.000,9999.000,9999.000,9999.000,9999.000
202605181254,   1.133,  -0.488,9999.000,9999.000,9999.000,9999.000,9999.000,9999.000,9999.000
202605181300,   1.213,  -0.439,  -0.100,  -1.552,  -0.439,  -0.100,  -0.439,   0.000,  -0.339
202605181306,   1.293,  -0.390,9999.000,9999.000,9999.000,9999.000,9999.000,9999.000,9999.000
202605181312,   1.372,  -0.341,9999.000,9999.000,9999.000,9999.000,9999.000,9999.000,9999.000
202605181318,   1.449,  -0.268,9999.000,9999.000,9999.000,9999.000,9999.000,9999.000,9999.000
202605181324,   1.524,  -0.219,9999.000,9999.000,9999.000,9999.000,9999.000,9999.000,9999.000
202605181330,   1.598,  -0.150,9999.000,9999.000,9999.000,9999.000,9999.000,9999.000,9999.000
202605181336,   1.668,  -0.098,9999.000,9999.000,9999.000,9999.000,9999.000,9999.000,9999.000
202605181342,   1.735,  -0.059,9999.000,9999.000,9999.000,9999.000,9999.000,9999.000,9999.000
202605181348,   1.798,  -0.019,9999.000,9999.000,9999.000,9999.000,9999.000,9999.000,9999.000
202605181354,   1.857,   0.039,9999.000,9999.000,9999.000,9999.000,9999.000,9999.000,9999.000
202605181400,   1.911,   0.088,  -0.100,  -1.723,   0.088,  -0.100,   0.088,   0.000,   0.188
202605181406,   1.960,   0.141,9999.000,9999.000,9999.000,9999.000,9999.000,9999.000,9999.000
202605181412,   2.004,   0.200,9999.000,9999.000,9999.000,9999.000,9999.000,9999.000,9999.000
202605181418,   2.042,   0.249,9999.000,9999.000,9999.000,9999.000,9999.000,9999.000,9999.000
202605181424,   2.074,   0.288,9999.000,9999.000,9999.000,9999.000,9999.000,9999.000,9999.000
202605181430,   2.101,   0.331,9999.000,9999.000,9999.000,9999.000,9999.000,9999.000,9999.000
202605181436,   2.121,   0.360,9999.000,9999.000,9999.000,9999.000,9999.000,9999.000,9999.000
202605181442,   2.135,   0.390,9999.000,9999.000,9999.000,9999.000,9999.000,9999.000,9999.000
202605181448,   2.143,   0.439,9999.000,9999.000,9999.000,9999.000,9999.000,9999.000,9999.000
202605181454,   2.145,   0.459,9999.000,9999.000,9999.000,9999.000,9999.000,9999.000,9999.000
202605181500,   2.141,   0.488,  -0.100,  -1.553,   0.488,  -0.100,   0.488,   0.000,   0.588
202605181506,   2.132,   0.518,9999.000,9999.000,9999.000,9999.000,9999.000,9999.000,9999.000
202605181512,   2.117,   0.531,9999.000,9999.000,9999.000,9999.000,9999.000,9999.000,9999.000
202605181518,   2.097,   0.551,9999.000,9999.000,9999.000,9999.000,9999.000,9999.000,9999.000
202605181524,   2.072,   0.560,9999.000,9999.000,9999.000,9999.000,9999.000,9999.000,9999.000
202605181530,   2.043,   0.580,9999.000,9999.000,9999.000,9999.000,9999.000,9999.000,9999.000
202605181536,   2.009,   0.570,9999.000,9999.000,9999.000,9999.000,9999.000,9999.000,9999.000
202605181542,   1.972,   0.570,9999.000,9999.000,9999.000,9999.000,9999.000,9999.000,9999.000
202605181548,   1.932,   0.570,9999.000,9999.000,9999.000,9999.000,9999.000,9999.000,9999.000
202605181554,   1.889,   0.551,9999.000,9999.000,9999.000,9999.000,9999.000,9999.000,9999.000
202605181600,   1.844,   0.531,  -0.100,  -1.213,   0.531,  -0.100,   0.531,   0.000,   0.631
202605181606,   1.797,   0.498,9999.000,9999.000,9999.000,9999.000,9999.000,9999.000,9999.000
202605181612,   1.749,   0.449,9999.000,9999.000,9999.000,9999.000,9999.000,9999.000,9999.000
202605181618,   1.699,   0.409,9999.000,9999.000,9999.000,9999.000,9999.000,9999.000,9999.000
202605181624,   1.649,   0.360,9999.000,9999.000,9999.000,9999.000,9999.000,9999.000,9999.000
202605181630,   1.598,   0.321,9999.000,9999.000,9999.000,9999.000,9999.000,9999.000,9999.000
202605181636,   1.547,   0.268,9999.000,9999.000,9999.000,9999.000,9999.000,9999.000,9999.000
202605181642,   1.496,   0.219,9999.000,9999.000,9999.000,9999.000,9999.000,9999.000,9999.000
202605181648,   1.446,   0.170,9999.000,9999.000,9999.000,9999.000,9999.000,9999.000,9999.000
202605181654,   1.396,   0.131,9999.000,9999.000,9999.000,9999.000,9999.000,9999.000,9999.000
202605181700,   1.347,   0.078,  -0.100,  -1.169,   0.078,  -0.100,   0.078,   0.000,   0.178
202605181706,   1.299,   0.039,9999.000,9999.000,9999.000,9999.000,9999.000,9999.000,9999.000
202605181712,   1.251,   0.000,9999.000,9999.000,9999.000,9999.000,9999.000,9999.000,9999.000
202605181718,   1.205,  -0.039,9999.000,9999.000,9999.000,9999.000,9999.000,9999.000,9999.000
202605181724,   1.159,  -0.078,9999.000,9999.000,9999.000,9999.000,9999.000,9999.000,9999.000
202605181730,   1.115,  -0.121,9999.000,9999.000,9999.000,9999.000,9999.000,9999.000,9999.000
202605181736,   1.072,  -0.160,9999.000,9999.000,9999.000,9999.000,9999.000,9999.000,9999.000
202605181742,   1.030,  -0.209,9999.000,9999.000,9999.000,9999.000,9999.000,9999.000,9999.000
202605181748,   0.988,  -0.249,9999.000,9999.000,9999.000,9999.000,9999.000,9999.000,9999.000
202605181754,   0.948,  -0.298,9999.000,9999.000,9999.000,9999.000,9999.000,9999.000,9999.000
202605181800,   0.909,  -0.341,   0.000,  -1.250,  -0.341,   0.000,  -0.341,   0.000,  -0.341
202605181806,   0.871,  -0.400,9999.000,9999.000,9999.000,9999.000,9999.000,9999.000,9999.000
202605181812,   0.833,  -0.439,9999.000,9999.000,9999.000,9999.000,9999.000,9999.000,9999.000
202605181818,   0.797,  -0.478,9999.000,9999.000,9999.000,9999.000,9999.000,9999.000,9999.000
202605181824,   0.762,  -0.531,9999.000,9999.000,9999.000,9999.000,9999.000,9999.000,9999.000
202605181830,   0.727,  -0.570,9999.000,9999.000,9999.000,9999.000,9999.000,9999.000,9999.000
202605181836,   0.693,  -0.619,9999.000,9999.000,9999.000,9999.000,9999.000,9999.000,9999.000
202605181842,   0.660,  -0.678,9999.000,9999.000,9999.000,9999.000,9999.000,9999.000,9999.000
202605181848,   0.627,  -0.718,9999.000,9999.000,9999.000,9999.000,9999.000,9999.000,9999.000
202605181854,   0.596,  -0.751,9999.000,9999.000,9999.000,9999.000,9999.000,9999.000,9999.000
202605181900,   0.565,  -0.810,   0.000,  -1.375,  -0.810,   0.000,  -0.810,   0.000,  -0.810
202605181906,   0.535,  -0.859,9999.000,9999.000,9999.000,9999.000,9999.000,9999.000,9999.000
202605181912,   0.506,  -0.898,9999.000,9999.000,9999.000,9999.000,9999.000,9999.000,9999.000
202605181918,   0.477,  -0.961,9999.000,9999.000,9999.000,9999.000,9999.000,9999.000,9999.000
202605181924,   0.449,  -1.010,9999.000,9999.000,9999.000,9999.000,9999.000,9999.000,9999.000
202605181930,   0.421,  -1.049,9999.000,9999.000,9999.000,9999.000,9999.000,9999.000,9999.000
202605181936,   0.395,  -1.088,9999.000,9999.000,9999.000,9999.000,9999.000,9999.000,9999.000
202605181942,   0.368,  -1.128,9999.000,9999.000,9999.000,9999.000,9999.000,9999.000,9999.000
202605181948,   0.343,  -1.180,9999.000,9999.000,9999.000,9999.000,9999.000,9999.000,9999.000
202605181954,   0.317,  -1.220,9999.000,9999.000,9999.000,9999.000,9999.000,9999.000,9999.000
202605182000,   0.293,  -1.269,   0.000,  -1.562,  -1.269,   0.000,  -1.269,   0.000,  -1.269
202605182006,   0.268,  -1.298,9999.000,9999.000,9999.000,9999.000,9999.000,9999.000,9999.000
202605182012,   0.245,  -1.348,9999.000,9999.000,9999.000,9999.000,9999.000,9999.000,9999.000
202605182018,   0.221,  -1.380,9999.000,9999.000,9999.000,9999.000,9999.000,9999.000,9999.000
202605182024,   0.198,  -1.439,9999.000,9999.000,9999.000,9999.000,9999.000,9999.000,9999.000
202605182030,   0.176,  -1.479,9999.000,9999.000,9999.000,9999.000,9999.000,9999.000,9999.000
202605182036,   0.154,  -1.518,9999.000,9999.000,9999.000,9999.000,9999.000,9999.000,9999.000
202605182042,   0.133,  -1.548,9999.000,9999.000,9999.000,9999.000,9999.000,9999.000,9999.000
202605182048,   0.112,  -1.571,9999.000,9999.000,9999.000,9999.000,9999.000,9999.000,9999.000
202605182054,   0.092,  -1.610,9999.000,9999.000,9999.000,9999.000,9999.000,9999.000,9999.000
202605182100,   0.073,  -1.639,   0.000,  -1.712,  -1.639,  -0.100,  -1.739,   0.000,  -1.639
202605182106,   0.055,  -1.679,9999.000,9999.000,9999.000,9999.000,9999.000,9999.000,9999.000
202605182112,   0.038,  -1.699,9999.000,9999.000,9999.000,9999.000,9999.000,9999.000,9999.000
202605182118,   0.022,  -1.718,9999.000,9999.000,9999.000,9999.000,9999.000,9999.000,9999.000
202605182124,   0.008,  -1.758,9999.000,9999.000,9999.000,9999.000,9999.000,9999.000,9999.000
202605182130,  -0.004,  -1.781,9999.000,9999.000,9999.000,9999.000,9999.000,9999.000,9999.000
202605182136,  -0.015,  -1.800,9999.000,9999.000,9999.000,9999.000,9999.000,9999.000,9999.000
202605182142,  -0.024,  -1.840,9999.000,9999.000,9999.000,9999.000,9999.000,9999.000,9999.000
202605182148,  -0.030,  -1.859,9999.000,9999.000,9999.000,9999.000,9999.000,9999.000,9999.000
202605182154,  -0.034,  -1.879,9999.000,9999.000,9999.000,9999.000,9999.000,9999.000,9999.000
202605182200,  -0.036,  -1.889,  -0.100,  -1.753,  -1.889,  -0.100,  -1.889,   0.000,  -1.789
202605182206,  -0.034,  -1.908,9999.000,9999.000,9999.000,9999.000,9999.000,9999.000,9999.000
202605182212,  -0.029,  -1.918,9999.000,9999.000,9999.000,9999.000,9999.000,9999.000,9999.000
202605182218,  -0.022,  -1.918,9999.000,9999.000,9999.000,9999.000,9999.000,9999.000,9999.000
202605182224,  -0.010,  -1.918,9999.000,9999.000,9999.000,9999.000,9999.000,9999.000,9999.000
202605182230,   0.004,  -1.928,9999.000,9999.000,9999.000,9999.000,9999.000,9999.000,9999.000
202605182236,   0.022,  -1.899,9999.000,9999.000,9999.000,9999.000,9999.000,9999.000,9999.000
202605182242,   0.045,  -1.849,9999.000,9999.000,9999.000,9999.000,9999.000,9999.000,9999.000
202605182248,   0.071,  -1.790,9999.000,9999.000,9999.000,9999.000,9999.000,9999.000,9999.000
202605182254,   0.101,  -1.728,9999.000,9999.000,9999.000,9999.000,9999.000,9999.000,9999.000
202605182300,   0.135,  -1.659,  -0.100,  -1.694,  -1.659,  -0.200,  -1.759,  -0.100,  -1.659
202605182306,   0.174,  -1.590,9999.000,9999.000,9999.000,9999.000,9999.000,9999.000,9999.000
202605182312,   0.216,  -1.528,9999.000,9999.000,9999.000,9999.000,9999.000,9999.000,9999.000
202605182318,   0.263,  -1.469,9999.000,9999.000,9999.000,9999.000,9999.000,9999.000,9999.000
202605182324,   0.313,  -1.400,9999.000,9999.000,9999.000,9999.000,9999.000,9999.000,9999.000
202605182330,   0.367,  -1.348,9999.000,9999.000,9999.000,9999.000,9999.000,9999.000,9999.000
202605182336,   0.426,  -1.298,9999.000,9999.000,9999.000,9999.000,9999.000,9999.000,9999.000
202605182342,   0.488,  -1.249,9999.000,9999.000,9999.000,9999.000,9999.000,9999.000,9999.000
202605182348,   0.554,  -1.190,9999.000,9999.000,9999.000,9999.000,9999.000,9999.000,9999.000
202605182354,   0.623,  -1.118,9999.000,9999.000,9999.000,9999.000,9999.000,9999.000,9999.000
202605190000,   0.696,  -1.059,  -0.100,  -1.655,  -1.059,  -0.100,  -1.059,   0.000,  -0.959
202605190006,   0.772,9999.000,9999.000,9999.000,9999.000,9999.000,9999.000,9999.000,9999.000
202605190012,   0.852,  -0.928,9999.000,9999.000,9999.000,9999.000,9999.000,9999.000,9999.000
202605190018,   0.934,  -0.869,9999.000,9999.000,9999.000,9999.000,9999.000,9999.000,9999.000
202605190024,   1.019,  -0.800,9999.000,9999.000,9999.000,9999.000,9999.000,9999.000,9999.000
202605190030,   1.106,  -0.731,9999.000,9999.000,9999.000,9999.000,9999.000,9999.000,9999.000
202605190036,   1.196,  -0.649,9999.000,9999.000,9999.000,9999.000,9999.000,9999.000,9999.000
202605190042,   1.288,  -0.590,9999.000,9999.000,9999.000,9999.000,9999.000,9999.000,9999.000
202605190048,   1.381,9999.000,9999.000,9999.000,9999.000,9999.000,9999.000,9999.000,9999.000
202605190054,   1.476,  -0.449,9999.000,9999.000,9999.000,9999.000,9999.000,9999.000,9999.000
202605190100,   1.572,  -0.380,  -0.100,  -1.852,  -0.380,  -0.100,  -0.380,  -0.100,  -0.380
202605190106,   1.668,  -0.321,9999.000,9999.000,9999.000,9999.000,9999.000,9999.000,9999.000
202605190112,   1.765,  -0.239,9999.000,9999.000,9999.000,9999.000,9999.000,9999.000,9999.000
202605190118,   1.861,  -0.170,9999.000,9999.000,9999.000,9999.000,9999.000,9999.000,9999.000
202605190124,   1.956,  -0.098,9999.000,9999.000,9999.000,9999.000,9999.000,9999.000,9999.000
202605190130,   2.051,  -0.019,9999.000,9999.000,9999.000,9999.000,9999.000,9999.000,9999.000
202605190136,   2.144,   0.039,9999.000,9999.000,9999.000,9999.000,9999.000,9999.000,9999.000
202605190142,   2.234,   0.121,9999.000,9999.000,9999.000,9999.000,9999.000,9999.000,9999.000
202605190148,   2.322,   0.200,9999.000,9999.000,9999.000,9999.000,9999.000,9999.000,9999.000
202605190154,   2.407,   0.268,9999.000,9999.000,9999.000,9999.000,9999.000,9999.000,9999.000
202605190200,   2.488,   0.350,  -0.100,  -2.038,   0.350,  -0.200,   0.250,  -0.100,   0.350
202605190206,   2.565,   0.429,9999.000,9999.000,9999.000,9999.000,9999.000,9999.000,9999.000
202605190212,   2.638,   0.498,9999.000,9999.000,9999.000,9999.000,9999.000,9999.000,9999.000
202605190218,   2.705,   0.570,9999.000,9999.000,9999.000,9999.000,9999.000,9999.000,9999.000
202605190224,   2.767,   0.639,9999.000,9999.000,9999.000,9999.000,9999.000,9999.000,9999.000
202605190230,   2.823,   0.708,9999.000,9999.000,9999.000,9999.000,9999.000,9999.000,9999.000
202605190236,   2.873,   0.760,9999.000,9999.000,9999.000,9999.000,9999.000,9999.000,9999.000
202605190242,   2.917,   0.829,9999.000,9999.000,9999.000,9999.000,9999.000,9999.000,9999.000
202605190248,   2.954,   0.879,9999.000,9999.000,9999.000,9999.000,9999.000,9999.000,9999.000
202605190254,   2.984,   0.941,9999.000,9999.000,9999.000,9999.000,9999.000,9999.000,9999.000
202605190300,   3.007,   0.990,  -0.200,  -1.817,   0.990,  -0.200,   0.990,  -0.100,   1.090
202605190306,   3.024,   1.029,9999.000,9999.000,9999.000,9999.000,9999.000,9999.000,9999.000
202605190312,   3.033,   1.079,9999.000,9999.000,9999.000,9999.000,9999.000,9999.000,9999.000
202605190318,   3.036,   1.118,9999.000,9999.000,9999.000,9999.000,9999.000,9999.000,9999.000
202605190324,   3.032,   1.161,9999.000,9999.000,9999.000,9999.000,9999.000,9999.000,9999.000
202605190330,   3.021,   1.200,9999.000,9999.000,9999.000,9999.000,9999.000,9999.000,9999.000
202605190336,   3.005,   1.229,9999.000,9999.000,9999.000,9999.000,9999.000,9999.000,9999.000
202605190342,   2.982,   1.259,9999.000,9999.000,9999.000,9999.000,9999.000,9999.000,9999.000
202605190348,   2.954,   1.279,9999.000,9999.000,9999.000,9999.000,9999.000,9999.000,9999.000
202605190354,   2.921,   1.308,9999.000,9999.000,9999.000,9999.000,9999.000,9999.000,9999.000
202605190400,   2.884,   1.318,  -0.200,  -1.366,   1.318,  -0.300,   1.218,  -0.100,   1.418
202605190406,   2.842,   1.328,9999.000,9999.000,9999.000,9999.000,9999.000,9999.000,9999.000
202605190412,   2.796,   1.338,9999.000,9999.000,9999.000,9999.000,9999.000,9999.000,9999.000
202605190418,   2.747,   1.338,9999.000,9999.000,9999.000,9999.000,9999.000,9999.000,9999.000
202605190424,   2.695,   1.318,9999.000,9999.000,9999.000,9999.000,9999.000,9999.000,9999.000
202605190430,   2.641,   1.308,9999.000,9999.000,9999.000,9999.000,9999.000,9999.000,9999.000
202605190436,   2.584,   1.289,9999.000,9999.000,9999.000,9999.000,9999.000,9999.000,9999.000
202605190442,   2.526,   1.259,9999.000,9999.000,9999.000,9999.000,9999.000,9999.000,9999.000
202605190448,   2.468,9999.000,9999.000,9999.000,9999.000,9999.000,9999.000,9999.000,9999.000
202605190454,   2.408,   1.170,9999.000,9999.000,9999.000,9999.000,9999.000,9999.000,9999.000
202605190500,   2.348,   1.118,  -0.200,  -1.030,   1.118,  -0.300,   1.018,  -0.100,   1.218
202605190506,   2.287,9999.000,9999.000,9999.000,9999.000,9999.000,9999.000,9999.000,9999.000
202605190512,   2.227,   0.980,9999.000,9999.000,9999.000,9999.000,9999.000,9999.000,9999.000
202605190518,   2.167,   0.918,9999.000,9999.000,9999.000,9999.000,9999.000,9999.000,9999.000
202605190524,   2.108,   0.849,9999.000,9999.000,9999.000,9999.000,9999.000,9999.000,9999.000
202605190530,   2.049,   0.800,9999.000,9999.000,9999.000,9999.000,9999.000,9999.000,9999.000
202605190536,   1.991,   0.741,9999.000,9999.000,9999.000,9999.000,9999.000,9999.000,9999.000
202605190542,   1.933,   0.688,9999.000,9999.000,9999.000,9999.000,9999.000,9999.000,9999.000
202605190548,   1.877,   0.649,9999.000,9999.000,9999.000,9999.000,9999.000,9999.000,9999.000
202605190554,   1.822,   0.600,9999.000,9999.000,9999.000,9999.000,9999.000,9999.000,9999.000
202605190600,   1.768,   0.551,  -0.200,  -1.017,   0.551,  -0.300,   0.451,  -0.200,   0.551
202605190606,   1.714,   0.498,9999.000,9999.000,9999.000,9999.000,9999.000,9999.000,9999.000
202605190612,   1.662,   0.449,9999.000,9999.000,9999.000,9999.000,9999.000,9999.000,9999.000
202605190618,   1.610,   0.400,9999.000,9999.000,9999.000,9999.000,9999.000,9999.000,9999.000
202605190624,   1.560,   0.341,9999.000,9999.000,9999.000,9999.000,9999.000,9999.000,9999.000
202605190630,   1.510,   0.288,9999.000,9999.000,9999.000,9999.000,9999.000,9999.000,9999.000
202605190636,   1.462,   0.239,9999.000,9999.000,9999.000,9999.000,9999.000,9999.000,9999.000
202605190642,   1.414,   0.190,9999.000,9999.000,9999.000,9999.000,9999.000,9999.000,9999.000
202605190648,   1.367,   0.131,9999.000,9999.000,9999.000,9999.000,9999.000,9999.000,9999.000
202605190654,   1.321,   0.078,9999.000,9999.000,9999.000,9999.000,9999.000,9999.000,9999.000
202605190700,   1.276,   0.019,  -0.200,  -1.057,   0.019,  -0.300,  -0.081,  -0.200,   0.019
202605190706,   1.231,  -0.019,9999.000,9999.000,9999.000,9999.000,9999.000,9999.000,9999.000
202605190712,   1.188,  -0.078,9999.000,9999.000,9999.000,9999.000,9999.000,9999.000,9999.000
202605190718,   1.144,  -0.131,9999.000,9999.000,9999.000,9999.000,9999.000,9999.000,9999.000
202605190724,   1.102,  -0.190,9999.000,9999.000,9999.000,9999.000,9999.000,9999.000,9999.000
202605190730,   1.060,  -0.239,9999.000,9999.000,9999.000,9999.000,9999.000,9999.000,9999.000
202605190736,   1.019,  -0.288,9999.000,9999.000,9999.000,9999.000,9999.000,9999.000,9999.000
202605190742,   0.979,  -0.341,9999.000,9999.000,9999.000,9999.000,9999.000,9999.000,9999.000
202605190748,   0.939,  -0.400,9999.000,9999.000,9999.000,9999.000,9999.000,9999.000,9999.000
202605190754,   0.899,  -0.439,9999.000,9999.000,9999.000,9999.000,9999.000,9999.000,9999.000
202605190800,   0.860,  -0.488,  -0.200,  -1.148,  -0.488,  -0.300,  -0.588,  -0.200,  -0.488
202605190806,   0.822,  -0.541,9999.000,9999.000,9999.000,9999.000,9999.000,9999.000,9999.000
202605190812,   0.783,  -0.590,9999.000,9999.000,9999.000,9999.000,9999.000,9999.000,9999.000
202605190818,   0.745,  -0.639,9999.000,9999.000,9999.000,9999.000,9999.000,9999.000,9999.000
202605190824,   0.708,  -0.688,9999.000,9999.000,9999.000,9999.000,9999.000,9999.000,9999.000
202605190830,   0.670,  -0.741,9999.000,9999.000,9999.000,9999.000,9999.000,9999.000,9999.000
202605190836,   0.633,  -0.780,9999.000,9999.000,9999.000,9999.000,9999.000,9999.000,9999.000
202605190842,   0.595,  -0.829,9999.000,9999.000,9999.000,9999.000,9999.000,9999.000,9999.000
202605190848,   0.558,  -0.869,9999.000,9999.000,9999.000,9999.000,9999.000,9999.000,9999.000
202605190854,   0.521,  -0.918,9999.000,9999.000,9999.000,9999.000,9999.000,9999.000,9999.000
202605190900,   0.485,  -0.961,  -0.200,  -1.246,  -0.961,  -0.300,  -1.061,  -0.200,  -0.961
202605190906,   0.448,  -1.000,9999.000,9999.000,9999.000,9999.000,9999.000,9999.000,9999.000
202605190912,   0.412,  -1.039,9999.000,9999.000,9999.000,9999.000,9999.000,9999.000,9999.000
202605190918,   0.376,  -1.088,9999.000,9999.000,9999.000,9999.000,9999.000,9999.000,9999.000
202605190924,   0.340,  -1.118,9999.000,9999.000,9999.000,9999.000,9999.000,9999.000,9999.000
202605190930,   0.305,  -1.161,9999.000,9999.000,9999.000,9999.000,9999.000,9999.000,9999.000
202605190936,   0.270,  -1.200,9999.000,9999.000,9999.000,9999.000,9999.000,9999.000,9999.000
202605190942,   0.236,  -1.229,9999.000,9999.000,9999.000,9999.000,9999.000,9999.000,9999.000
202605190948,   0.203,  -1.269,9999.000,9999.000,9999.000,9999.000,9999.000,9999.000,9999.000
202605190954,   0.171,  -1.308,9999.000,9999.000,9999.000,9999.000,9999.000,9999.000,9999.000
202605191000,   0.141,  -1.338,  -0.200,  -1.279,  -1.338,  -0.300,  -1.438,  -0.200,  -1.338
202605191006,   0.112,  -1.371,9999.000,9999.000,9999.000,9999.000,9999.000,9999.000,9999.000
202605191012,   0.084,  -1.410,9999.000,9999.000,9999.000,9999.000,9999.000,9999.000,9999.000
202605191018,   0.059,  -1.430,9999.000,9999.000,9999.000,9999.000,9999.000,9999.000,9999.000
202605191024,   0.036,  -1.459,9999.000,9999.000,9999.000,9999.000,9999.000,9999.000,9999.000
202605191030,   0.015,  -1.498,9999.000,9999.000,9999.000,9999.000,9999.000,9999.000,9999.000
202605191036,  -0.003,  -1.518,9999.000,9999.000,9999.000,9999.000,9999.000,9999.000,9999.000
202605191042,  -0.019,  -1.538,9999.000,9999.000,9999.000,9999.000,9999.000,9999.000,9999.000
202605191048,  -0.032,  -1.557,9999.000,9999.000,9999.000,9999.000,9999.000,9999.000,9999.000
202605191054,  -0.041,  -1.580,9999.000,9999.000,9999.000,9999.000,9999.000,9999.000,9999.000
202605191100,  -0.048,  -1.600,  -0.200,  -1.352,  -1.600,  -0.300,  -1.700,  -0.200,  -1.600
202605191106,  -0.051,  -1.610,9999.000,9999.000,9999.000,9999.000,9999.000,9999.000,9999.000
202605191112,  -0.051,  -1.630,9999.000,9999.000,9999.000,9999.000,9999.000,9999.000,9999.000
202605191118,  -0.047,  -1.639,9999.000,9999.000,9999.000,9999.000,9999.000,9999.000,9999.000
202605191124,  -0.040,  -1.639,9999.000,9999.000,9999.000,9999.000,9999.000,9999.000,9999.000
202605191130,  -0.029,  -1.639,9999.000,9999.000,9999.000,9999.000,9999.000,9999.000,9999.000
202605191136,  -0.014,  -1.620,9999.000,9999.000,9999.000,9999.000,9999.000,9999.000,9999.000
202605191142,   0.004,  -1.600,9999.000,9999.000,9999.000,9999.000,9999.000,9999.000,9999.000
202605191148,   0.026,  -1.557,9999.000,9999.000,9999.000,9999.000,9999.000,9999.000,9999.000
202605191154,   0.053,  -1.498,9999.000,9999.000,9999.000,9999.000,9999.000,9999.000,9999.000
202605191200,   0.083,  -1.430,  -0.100,  -1.413,  -1.430,  -0.200,  -1.530,  -0.100,  -1.430
202605191206,   0.117,  -1.361,9999.000,9999.000,9999.000,9999.000,9999.000,9999.000,9999.000
202605191212,   0.154,  -1.308,9999.000,9999.000,9999.000,9999.000,9999.000,9999.000,9999.000
202605191218,   0.195,  -1.249,9999.000,9999.000,9999.000,9999.000,9999.000,9999.000,9999.000
202605191224,   0.240,  -1.220,9999.000,9999.000,9999.000,9999.000,9999.000,9999.000,9999.000
202605191230,   0.288,  -1.170,9999.000,9999.000,9999.000,9999.000,9999.000,9999.000,9999.000
202605191236,   0.340,  -1.118,9999.000,9999.000,9999.000,9999.000,9999.000,9999.000,9999.000
202605191242,   0.395,  -1.079,9999.000,9999.000,9999.000,9999.000,9999.000,9999.000,9999.000
202605191248,   0.452,  -1.020,9999.000,9999.000,9999.000,9999.000,9999.000,9999.000,9999.000
202605191254,   0.513,  -0.990,9999.000,9999.000,9999.000,9999.000,9999.000,9999.000,9999.000
202605191300,   0.577,  -0.918,  -0.100,  -1.395,  -0.918,  -0.200,  -1.018,  -0.100,  -0.918
202605191306,   0.643,  -0.879,9999.000,9999.000,9999.000,9999.000,9999.000,9999.000,9999.000
202605191312,   0.711,  -0.839,9999.000,9999.000,9999.000,9999.000,9999.000,9999.000,9999.000
202605191318,   0.781,  -0.770,9999.000,9999.000,9999.000,9999.000,9999.000,9999.000,9999.000
202605191324,   0.853,  -0.708,9999.000,9999.000,9999.000,9999.000,9999.000,9999.000,9999.000
202605191330,   0.926,  -0.659,9999.000,9999.000,9999.000,9999.000,9999.000,9999.000,9999.000
202605191336,   1.000,  -0.600,9999.000,9999.000,9999.000,9999.000,9999.000,9999.000,9999.000
202605191342,   1.075,  -0.518,9999.000,9999.000,9999.000,9999.000,9999.000,9999.000,9999.000
202605191348,   1.150,  -0.478,9999.000,9999.000,9999.000,9999.000,9999.000,9999.000,9999.000
202605191354,   1.225,  -0.429,9999.000,9999.000,9999.000,9999.000,9999.000,9999.000,9999.000
202605191400,   1.299,  -0.360,  -0.100,  -1.559,  -0.360,  -0.200,  -0.460,  -0.100,  -0.360
202605191406,   1.372,  -0.321,9999.000,9999.000,9999.000,9999.000,9999.000,9999.000,9999.000
202605191412,   1.444,  -0.259,9999.000,9999.000,9999.000,9999.000,9999.000,9999.000,9999.000
202605191418,   1.514,  -0.200,9999.000,9999.000,9999.000,9999.000,9999.000,9999.000,9999.000
202605191424,   1.581,  -0.141,9999.000,9999.000,9999.000,9999.000,9999.000,9999.000,9999.000
202605191430,   1.645,  -0.088,9999.000,9999.000,9999.000,9999.000,9999.000,9999.000,9999.000
202605191436,   1.706,  -0.039,9999.000,9999.000,9999.000,9999.000,9999.000,9999.000,9999.000
202605191442,   1.763,   0.019,9999.000,9999.000,9999.000,9999.000,9999.000,9999.000,9999.000
202605191448,   1.816,   0.068,9999.000,9999.000,9999.000,9999.000,9999.000,9999.000,9999.000
202605191454,   1.864,   0.121,9999.000,9999.000,9999.000,9999.000,9999.000,9999.000,9999.000
202605191500,   1.908,   0.180,  -0.100,  -1.628,   0.180,  -0.200,   0.080,  -0.100,   0.180
202605191506,   1.946,   0.219,9999.000,9999.000,9999.000,9999.000,9999.000,9999.000,9999.000
202605191512,   1.979,   0.268,9999.000,9999.000,9999.000,9999.000,9999.000,9999.000,9999.000
202605191518,   2.006,   0.308,9999.000,9999.000,9999.000,9999.000,9999.000,9999.000,9999.000
202605191524,   2.028,   0.341,9999.000,9999.000,9999.000,9999.000,9999.000,9999.000,9999.000
202605191530,   2.043,   0.380,9999.000,9999.000,9999.000,9999.000,9999.000,9999.000,9999.000
202605191536,   2.053,   0.419,9999.000,9999.000,9999.000,9999.000,9999.000,9999.000,9999.000
202605191542,   2.057,   0.449,9999.000,9999.000,9999.000,9999.000,9999.000,9999.000,9999.000
202605191548,   2.056,   0.478,9999.000,9999.000,9999.000,9999.000,9999.000,9999.000,9999.000
202605191554,   2.049,   0.508,9999.000,9999.000,9999.000,9999.000,9999.000,9999.000,9999.000
202605191600,   2.037,   0.531,  -0.100,  -1.406,   0.531,  -0.200,   0.431,  -0.100,   0.531
202605191606,   2.020,   0.560,9999.000,9999.000,9999.000,9999.000,9999.000,9999.000,9999.000
202605191612,   1.999,   0.580,9999.000,9999.000,9999.000,9999.000,9999.000,9999.000,9999.000
202605191618,   1.973,   0.590,9999.000,9999.000,9999.000,9999.000,9999.000,9999.000,9999.000
202605191624,   1.944,   0.600,9999.000,9999.000,9999.000,9999.000,9999.000,9999.000,9999.000
202605191630,   1.910,   0.610,9999.000,9999.000,9999.000,9999.000,9999.000,9999.000,9999.000
202605191636,   1.874,   0.590,9999.000,9999.000,9999.000,9999.000,9999.000,9999.000,9999.000
202605191642,   1.835,   0.570,9999.000,9999.000,9999.000,9999.000,9999.000,9999.000,9999.000
202605191648,   1.794,   0.560,9999.000,9999.000,9999.000,9999.000,9999.000,9999.000,9999.000
202605191654,   1.751,   0.531,9999.000,9999.000,9999.000,9999.000,9999.000,9999.000,9999.000
202605191700,   1.707,   0.508,  -0.200,  -0.999,   0.508,  -0.200,   0.508,  -0.100,   0.608
202605191706,   1.662,   0.478,9999.000,9999.000,9999.000,9999.000,9999.000,9999.000,9999.000
202605191712,   1.615,   0.429,9999.000,9999.000,9999.000,9999.000,9999.000,9999.000,9999.000
202605191718,   1.569,   0.380,9999.000,9999.000,9999.000,9999.000,9999.000,9999.000,9999.000
202605191724,   1.522,   0.341,9999.000,9999.000,9999.000,9999.000,9999.000,9999.000,9999.000
202605191730,   1.475,   0.288,9999.000,9999.000,9999.000,9999.000,9999.000,9999.000,9999.000
202605191736,   1.429,   0.239,9999.000,9999.000,9999.000,9999.000,9999.000,9999.000,9999.000
202605191742,   1.383,   0.200,9999.000,9999.000,9999.000,9999.000,9999.000,9999.000,9999.000
202605191748,   1.338,   0.160,9999.000,9999.000,9999.000,9999.000,9999.000,9999.000,9999.000
202605191754,   1.294,   0.111,9999.000,9999.000,9999.000,9999.000,9999.000,9999.000,9999.000
202605191800,   1.251,   0.068,  -0.100,  -1.083,   0.068,  -0.100,   0.068,   0.000,   0.168
202605191806,   1.208,   0.039,9999.000,9999.000,9999.000,9999.000,9999.000,9999.000,9999.000
202605191812,   1.167,   0.000,9999.000,9999.000,9999.000,9999.000,9999.000,9999.000,9999.000
202605191818,   1.126,  -0.059,9999.000,9999.000,9999.000,9999.000,9999.000,9999.000,9999.000
202605191824,   1.087,  -0.088,9999.000,9999.000,9999.000,9999.000,9999.000,9999.000,9999.000
202605191830,   1.048,  -0.121,9999.000,9999.000,9999.000,9999.000,9999.000,9999.000,9999.000
202605191836,   1.011,  -0.170,9999.000,9999.000,9999.000,9999.000,9999.000,9999.000,9999.000
202605191842,   0.974,  -0.219,9999.000,9999.000,9999.000,9999.000,9999.000,9999.000,9999.000
202605191848,   0.938,  -0.239,9999.000,9999.000,9999.000,9999.000,9999.000,9999.000,9999.000
202605191854,   0.904,  -0.288,9999.000,9999.000,9999.000,9999.000,9999.000,9999.000,9999.000
202605191900,   0.869,  -0.341,  -0.100,  -1.110,  -0.341,  -0.100,  -0.341,   0.000,  -0.241
202605191906,   0.836,  -0.380,9999.000,9999.000,9999.000,9999.000,9999.000,9999.000,9999.000
202605191912,   0.804,  -0.429,9999.000,9999.000,9999.000,9999.000,9999.000,9999.000,9999.000
202605191918,   0.772,  -0.478,9999.000,9999.000,9999.000,9999.000,9999.000,9999.000,9999.000
202605191924,   0.741,  -0.518,9999.000,9999.000,9999.000,9999.000,9999.000,9999.000,9999.000
202605191930,   0.710,  -0.570,9999.000,9999.000,9999.000,9999.000,9999.000,9999.000,9999.000
202605191936,   0.680,  -0.600,9999.000,9999.000,9999.000,9999.000,9999.000,9999.000,9999.000
202605191942,   0.651,  -0.649,9999.000,9999.000,9999.000,9999.000,9999.000,9999.000,9999.000
202605191948,   0.623,  -0.698,9999.000,9999.000,9999.000,9999.000,9999.000,9999.000,9999.000
202605191954,   0.595,  -0.741,9999.000,9999.000,9999.000,9999.000,9999.000,9999.000,9999.000
202605192000,   0.568,  -0.770,  -0.100,  -1.238,  -0.770,  -0.100,  -0.770,   0.000,  -0.670
202605192006,   0.541,  -0.819,9999.000,9999.000,9999.000,9999.000,9999.000,9999.000,9999.000
202605192012,   0.515,  -0.879,9999.000,9999.000,9999.000,9999.000,9999.000,9999.000,9999.000
202605192018,   0.489,  -0.908,9999.000,9999.000,9999.000,9999.000,9999.000,9999.000,9999.000
202605192024,   0.464,  -0.961,9999.000,9999.000,9999.000,9999.000,9999.000,9999.000,9999.000
202605192030,   0.440,  -1.010,9999.000,9999.000,9999.000,9999.000,9999.000,9999.000,9999.000
202605192036,   0.416,  -1.059,9999.000,9999.000,9999.000,9999.000,9999.000,9999.000,9999.000
202605192042,   0.393,  -1.079,9999.000,9999.000,9999.000,9999.000,9999.000,9999.000,9999.000
202605192048,   0.370,  -1.118,9999.000,9999.000,9999.000,9999.000,9999.000,9999.000,9999.000
202605192054,   0.347,  -1.161,9999.000,9999.000,9999.000,9999.000,9999.000,9999.000,9999.000
202605192100,   0.325,  -1.200,  -0.100,  -1.425,  -1.200,  -0.200,  -1.300,  -0.100,  -1.200
202605192106,   0.303,  -1.239,9999.000,9999.000,9999.000,9999.000,9999.000,9999.000,9999.000
202605192112,   0.282,  -1.269,9999.000,9999.000,9999.000,9999.000,9999.000,9999.000,9999.000
202605192118,   0.261,  -1.308,9999.000,9999.000,9999.000,9999.000,9999.000,9999.000,9999.000
202605192124,   0.240,  -1.338,9999.000,9999.000,9999.000,9999.000,9999.000,9999.000,9999.000
202605192130,   0.220,  -1.380,9999.000,9999.000,9999.000,9999.000,9999.000,9999.000,9999.000
202605192136,   0.201,  -1.420,9999.000,9999.000,9999.000,9999.000,9999.000,9999.000,9999.000
202605192142,   0.182,  -1.449,9999.000,9999.000,9999.000,9999.000,9999.000,9999.000,9999.000
202605192148,   0.164,  -1.479,9999.000,9999.000,9999.000,9999.000,9999.000,9999.000,9999.000
202605192154,   0.147,  -1.518,9999.000,9999.000,9999.000,9999.000,9999.000,9999.000,9999.000
202605192200,   0.131,  -1.557,  -0.100,  -1.588,  -1.557,  -0.200,  -1.657,  -0.100,  -1.557
202605192206,   0.116,  -1.590,9999.000,9999.000,9999.000,9999.000,9999.000,9999.000,9999.000
202605192212,   0.102,  -1.620,9999.000,9999.000,9999.000,9999.000,9999.000,9999.000,9999.000
202605192218,   0.089,  -1.649,9999.000,9999.000,9999.000,9999.000,9999.000,9999.000,9999.000
202605192224,   0.079,  -1.679,9999.000,9999.000,9999.000,9999.000,9999.000,9999.000,9999.000
202605192230,   0.070,  -1.699,9999.000,9999.000,9999.000,9999.000,9999.000,9999.000,9999.000
202605192236,   0.063,  -1.708,9999.000,9999.000,9999.000,9999.000,9999.000,9999.000,9999.000
202605192242,   0.058,  -1.728,9999.000,9999.000,9999.000,9999.000,9999.000,9999.000,9999.000
202605192248,   0.056,  -1.758,9999.000,9999.000,9999.000,9999.000,9999.000,9999.000,9999.000
202605192254,   0.056,  -1.790,9999.000,9999.000,9999.000,9999.000,9999.000,9999.000,9999.000
202605192300,   0.059,  -1.800,  -0.200,  -1.659,  -1.800,  -0.200,  -1.800,  -0.100,  -1.700
202605192306,   0.065,  -1.800,9999.000,9999.000,9999.000,9999.000,9999.000,9999.000,9999.000
202605192312,   0.074,  -1.810,9999.000,9999.000,9999.000,9999.000,9999.000,9999.000,9999.000
202605192318,   0.086,  -1.800,9999.000,9999.000,9999.000,9999.000,9999.000,9999.000,9999.000
202605192324,   0.101,  -1.767,9999.000,9999.000,9999.000,9999.000,9999.000,9999.000,9999.000
202605192330,   0.120,  -1.738,9999.000,9999.000,9999.000,9999.000,9999.000,9999.000,9999.000
202605192336,   0.143,  -1.689,9999.000,9999.000,9999.000,9999.000,9999.000,9999.000,9999.000
202605192342,   0.169,  -1.630,9999.000,9999.000,9999.000,9999.000,9999.000,9999.000,9999.000
202605192348,   0.198,  -1.571,9999.000,9999.000,9999.000,9999.000,9999.000,9999.000,9999.000
202605192354,   0.232,  -1.518,9999.000,9999.000,9999.000,9999.000,9999.000,9999.000,9999.000
202605200000,   0.269,  -1.469,  -0.200,  -1.538,  -1.469,  -0.200,  -1.469,  -0.100,  -1.369
202605200006,   0.310,  -1.420,9999.000,9999.000,9999.000,9999.000,9999.000,9999.000,9999.000
202605200012,   0.354,  -1.380,9999.000,9999.000,9999.000,9999.000,9999.000,9999.000,9999.000
202605200018,   0.402,  -1.328,9999.000,9999.000,9999.000,9999.000,9999.000,9999.000,9999.000
202605200024,   0.454,  -1.279,9999.000,9999.000,9999.000,9999.000,9999.000,9999.000,9999.000
202605200030,   0.509,  -1.229,9999.000,9999.000,9999.000,9999.000,9999.000,9999.000,9999.000
202605200036,   0.567,  -1.170,9999.000,9999.000,9999.000,9999.000,9999.000,9999.000,9999.000
202605200042,   0.629,  -1.118,9999.000,9999.000,9999.000,9999.000,9999.000,9999.000,9999.000
202605200048,   0.694,  -1.069,9999.000,9999.000,9999.000,9999.000,9999.000,9999.000,9999.000
202605200054,   0.762,  -1.020,9999.000,9999.000,9999.000,9999.000,9999.000,9999.000,9999.000
202605200100,   0.833,  -0.970,  -0.200,  -1.603,  -0.970,  -0.300,  -1.070,  -0.100,  -0.870
202605200106,   0.906,  -0.918,9999.000,9999.000,9999.000,9999.000,9999.000,9999.000,9999.000
202605200112,   0.982,  -0.859,9999.000,9999.000,9999.000,9999.000,9999.000,9999.000,9999.000
202605200118,   1.061,  -0.800,9999.000,9999.000,9999.000,9999.000,9999.000,9999.000,9999.000
202605200124,   1.142,  -0.751,9999.000,9999.000,9999.000,9999.000,9999.000,9999.000,9999.000
202605200130,   1.224,  -0.698,9999.000,9999.000,9999.000,9999.000,9999.000,9999.000,9999.000
202605200136,   1.308,  -0.639,9999.000,9999.000,9999.000,9999.000,9999.000,9999.000,9999.000
202605200142,   1.394,  -0.580,9999.000,9999.000,9999.000,9999.000,9999.000,9999.000,9999.000
202605200148,   1.481,  -0.518,9999.000,9999.000,9999.000,9999.000,9999.000,9999.000,9999.000
202605200154,   1.568,  -0.459,9999.000,9999.000,9999.000,9999.000,9999.000,9999.000,9999.000
202605200200,   1.656,  -0.390,  -0.200,  -1.846,  -0.390,  -0.300,  -0.490,  -0.200,  -0.390
202605200206,   1.744,  -0.321,9999.000,9999.000,9999.000,9999.000,9999.000,9999.000,9999.000
202605200212,   1.832,  -0.259,9999.000,9999.000,9999.000,9999.000,9999.000,9999.000,9999.000
202605200218,   1.918,  -0.190,9999.000,9999.000,9999.000,9999.000,9999.000,9999.000,9999.000
202605200224,   2.004,  -0.121,9999.000,9999.000,9999.000,9999.000,9999.000,9999.000,9999.000
202605200230,   2.087,  -0.059,9999.000,9999.000,9999.000,9999.000,9999.000,9999.000,9999.000
202605200236,   2.169,   0.000,9999.000,9999.000,9999.000,9999.000,9999.000,9999.000,9999.000
202605200242,   2.248,   0.059,9999.000,9999.000,9999.000,9999.000,9999.000,9999.000,9999.000
202605200248,   2.323,   0.141,9999.000,9999.000,9999.000,9999.000,9999.000,9999.000,9999.000
202605200254,   2.395,   0.200,9999.000,9999.000,9999.000,9999.000,9999.000,9999.000,9999.000
202605200300,   2.463,   0.259,  -0.300,  -1.904,   0.259,  -0.400,   0.159,  -0.200,   0.359
202605200306,   2.527,   0.321,9999.000,9999.000,9999.000,9999.000,9999.000,9999.000,9999.000
202605200312,   2.586,   0.390,9999.000,9999.000,9999.000,9999.000,9999.000,9999.000,9999.000
202605200318,   2.639,   0.449,9999.000,9999.000,9999.000,9999.000,9999.000,9999.000,9999.000
202605200324,   2.687,   0.508,9999.000,9999.000,9999.000,9999.000,9999.000,9999.000,9999.000
202605200330,   2.730,   0.570,9999.000,9999.000,9999.000,9999.000,9999.000,9999.000,9999.000
202605200336,   2.766,   0.619,9999.000,9999.000,9999.000,9999.000,9999.000,9999.000,9999.000
202605200342,   2.796,   0.678,9999.000,9999.000,9999.000,9999.000,9999.000,9999.000,9999.000
202605200348,   2.820,   0.731,9999.000,9999.000,9999.000,9999.000,9999.000,9999.000,9999.000
202605200354,   2.837,   0.770,9999.000,9999.000,9999.000,9999.000,9999.000,9999.000,9999.000
202605200400,   2.848,   0.819,  -0.300,  -1.729,   0.819,  -0.400,   0.719,  -0.200,   0.919
202605200406,   2.853,   0.859,9999.000,9999.000,9999.000,9999.000,9999.000,9999.000,9999.000
202605200412,   2.851,   0.898,9999.000,9999.000,9999.000,9999.000,9999.000,9999.000,9999.000
202605200418,   2.844,   0.941,9999.000,9999.000,9999.000,9999.000,9999.000,9999.000,9999.000
202605200424,   2.831,   0.970,9999.000,9999.000,9999.000,9999.000,9999.000,9999.000,9999.000
202605200430,   2.812,   1.000,9999.000,9999.000,9999.000,9999.000,9999.000,9999.000,9999.000
202605200436,   2.788,   1.020,9999.000,9999.000,9999.000,9999.000,9999.000,9999.000,9999.000
202605200442,   2.759,   1.049,9999.000,9999.000,9999.000,9999.000,9999.000,9999.000,9999.000
202605200448,   2.727,   1.069,9999.000,9999.000,9999.000,9999.000,9999.000,9999.000,9999.000
202605200454,   2.690,   1.079,9999.000,9999.000,9999.000,9999.000,9999.000,9999.000,9999.000
202605200500,   2.649,   1.079,  -0.300,  -1.270,   1.079,  -0.500,   0.879,  -0.200,   1.179
202605200506,   2.606,   1.079,9999.000,9999.000,9999.000,9999.000,9999.000,9999.000,9999.000
202605200512,   2.559,   1.069,9999.000,9999.000,9999.000,9999.000,9999.000,9999.000,9999.000
202605200518,   2.511,   1.059,9999.000,9999.000,9999.000,9999.000,9999.000,9999.000,9999.000
202605200524,   2.460,   1.029,9999.000,9999.000,9999.000,9999.000,9999.000,9999.000,9999.000
202605200530,   2.409,   1.000,9999.000,9999.000,9999.000,9999.000,9999.000,9999.000,9999.000
202605200536,   2.356,   0.970,9999.000,9999.000,9999.000,9999.000,9999.000,9999.000,9999.000
202605200542,   2.302,   0.928,9999.000,9999.000,9999.000,9999.000,9999.000,9999.000,9999.000
202605200548,   2.248,   0.888,9999.000,9999.000,9999.000,9999.000,9999.000,9999.000,9999.000
202605200554,   2.194,   0.839,9999.000,9999.000,9999.000,9999.000,9999.000,9999.000,9999.000
202605200600,   2.140,   0.780,  -0.300,  -1.060,   0.780,  -0.400,   0.680,  -0.200,   0.880
202605200606,   2.086,   0.718,9999.000,9999.000,9999.000,9999.000,9999.000,9999.000,9999.000
202605200612,   2.033,   0.659,9999.000,9999.000,9999.000,9999.000,9999.000,9999.000,9999.000
202605200618,   1.980,   0.610,9999.000,9999.000,9999.000,9999.000,9999.000,9999.000,9999.000
202605200624,   1.928,   0.560,9999.000,9999.000,9999.000,9999.000,9999.000,9999.000,9999.000
202605200630,   1.877,   0.508,9999.000,9999.000,9999.000,9999.000,9999.000,9999.000,9999.000
202605200636,   1.827,   0.478,9999.000,9999.000,9999.000,9999.000,9999.000,9999.000,9999.000
202605200642,   1.777,   0.429,9999.000,9999.000,9999.000,9999.000,9999.000,9999.000,9999.000
202605200648,   1.728,   0.380,9999.000,9999.000,9999.000,9999.000,9999.000,9999.000,9999.000
202605200654,   1.681,   0.341,9999.000,9999.000,9999.000,9999.000,9999.000,9999.000,9999.000
202605200700,   1.634,   0.288,  -0.300,  -1.046,   0.288,  -0.400,   0.188,  -0.300,   0.288
202605200706,   1.587,   0.239,9999.000,9999.000,9999.000,9999.000,9999.000,9999.000,9999.000
202605200712,   1.542,   0.190,9999.000,9999.000,9999.000,9999.000,9999.000,9999.000,9999.000
202605200718,   1.497,   0.141,9999.000,9999.000,9999.000,9999.000,9999.000,9999.000,9999.000
202605200724,   1.453,   0.088,9999.000,9999.000,9999.000,9999.000,9999.000,9999.000,9999.000
202605200730,   1.410,   0.039,9999.000,9999.000,9999.000,9999.000,9999.000,9999.000,9999.000
202605200736,   1.367,  -0.009,9999.000,9999.000,9999.000,9999.000,9999.000,9999.000,9999.000
202605200742,   1.326,  -0.059,9999.000,9999.000,9999.000,9999.000,9999.000,9999.000,9999.000
202605200748,   1.284,  -0.111,9999.000,9999.000,9999.000,9999.000,9999.000,9999.000,9999.000
202605200754,   1.243,  -0.160,9999.000,9999.000,9999.000,9999.000,9999.000,9999.000,9999.000
202605200800,   1.203,  -0.209,  -0.300,  -1.112,  -0.209,  -0.400,  -0.309,  -0.300,  -0.209
202605200806,   1.163,  -0.259,9999.000,9999.000,9999.000,9999.000,9999.000,9999.000,9999.000
202605200812,   1.124,  -0.321,9999.000,9999.000,9999.000,9999.000,9999.000,9999.000,9999.000
202605200818,   1.085,  -0.360,9999.000,9999.000,9999.000,9999.000,9999.000,9999.000,9999.000
202605200824,   1.047,  -0.409,9999.000,9999.000,9999.000,9999.000,9999.000,9999.000,9999.000
202605200830,   1.009,  -0.469,9999.000,9999.000,9999.000,9999.000,9999.000,9999.000,9999.000
202605200836,   0.972,  -0.518,9999.000,9999.000,9999.000,9999.000,9999.000,9999.000,9999.000
202605200842,   0.935,  -0.560,9999.000,9999.000,9999.000,9999.000,9999.000,9999.000,9999.000
202605200848,   0.899,  -0.610,9999.000,9999.000,9999.000,9999.000,9999.000,9999.000,9999.000
202605200854,   0.862,  -0.649,9999.000,9999.000,9999.000,9999.000,9999.000,9999.000,9999.000
202605200900,   0.826,  -0.698,  -0.300,  -1.224,  -0.698,  -0.400,  -0.798,  -0.300,  -0.698
202605200906,   0.791,  -0.751,9999.000,9999.000,9999.000,9999.000,9999.000,9999.000,9999.000
202605200912,   0.755,  -0.790,9999.000,9999.000,9999.000,9999.000,9999.000,9999.000,9999.000
202605200918,   0.720,  -0.829,9999.000,9999.000,9999.000,9999.000,9999.000,9999.000,9999.000
202605200924,   0.685,  -0.879,9999.000,9999.000,9999.000,9999.000,9999.000,9999.000,9999.000
202605200930,   0.649,  -0.918,9999.000,9999.000,9999.000,9999.000,9999.000,9999.000,9999.000
202605200936,   0.614,  -0.970,9999.000,9999.000,9999.000,9999.000,9999.000,9999.000,9999.000
202605200942,   0.580,  -1.000,9999.000,9999.000,9999.000,9999.000,9999.000,9999.000,9999.000
202605200948,   0.545,  -1.049,9999.000,9999.000,9999.000,9999.000,9999.000,9999.000,9999.000
202605200954,   0.510,  -1.088,9999.000,9999.000,9999.000,9999.000,9999.000,9999.000,9999.000
202605201000,   0.476,  -1.128,  -0.300,  -1.304,  -1.128,  -0.400,  -1.228,  -0.300,  -1.128
202605201006,   0.442,  -1.180,9999.000,9999.000,9999.000,9999.000,9999.000,9999.000,9999.000
202605201012,   0.408,  -1.220,9999.000,9999.000,9999.000,9999.000,9999.000,9999.000,9999.000
202605201018,   0.374,  -1.249,9999.000,9999.000,9999.000,9999.000,9999.000,9999.000,9999.000
202605201024,   0.341,  -1.279,9999.000,9999.000,9999.000,9999.000,9999.000,9999.000,9999.000
202605201030,   0.309,  -1.328,9999.000,9999.000,9999.000,9999.000,9999.000,9999.000,9999.000
202605201036,   0.277,  -1.361,9999.000,9999.000,9999.000,9999.000,9999.000,9999.000,9999.000
202605201042,   0.247,  -1.400,9999.000,9999.000,9999.000,9999.000,9999.000,9999.000,9999.000
202605201048,   0.217,  -1.430,9999.000,9999.000,9999.000,9999.000,9999.000,9999.000,9999.000
202605201054,   0.189,  -1.469,9999.000,9999.000,9999.000,9999.000,9999.000,9999.000,9999.000
202605201100,   0.162,  -1.498,  -0.300,  -1.360,  -1.498,  -0.400,  -1.598,  -0.300,  -1.498
202605201106,   0.137,  -1.528,9999.000,9999.000,9999.000,9999.000,9999.000,9999.000,9999.000
202605201112,   0.114,  -1.557,9999.000,9999.000,9999.000,9999.000,9999.000,9999.000,9999.000
202605201118,   0.093,  -1.590,9999.000,9999.000,9999.000,9999.000,9999.000,9999.000,9999.000
202605201124,   0.074,  -1.620,9999.000,9999.000,9999.000,9999.000,9999.000,9999.000,9999.000
202605201130,   0.058,  -1.639,9999.000,9999.000,9999.000,9999.000,9999.000,9999.000,9999.000
202605201136,   0.044,  -1.669,9999.000,9999.000,9999.000,9999.000,9999.000,9999.000,9999.000
202605201142,   0.033,  -1.699,9999.000,9999.000,9999.000,9999.000,9999.000,9999.000,9999.000
202605201148,   0.024,  -1.708,9999.000,9999.000,9999.000,9999.000,9999.000,9999.000,9999.000
202605201154,   0.019,  -1.728,9999.000,9999.000,9999.000,9999.000,9999.000,9999.000,9999.000
202605201200,   0.017,  -1.738,  -0.300,  -1.455,  -1.738,  -0.400,  -1.838,  -0.300,  -1.738
202605201206,   0.018,  -1.767,9999.000,9999.000,9999.000,9999.000,9999.000,9999.000,9999.000
202605201212,   0.023,  -1.781,9999.000,9999.000,9999.000,9999.000,9999.000,9999.000,9999.000
202605201218,   0.031,  -1.790,9999.000,9999.000,9999.000,9999.000,9999.000,9999.000,9999.000
202605201224,   0.042,  -1.790,9999.000,9999.000,9999.000,9999.000,9999.000,9999.000,9999.000
202605201230,   0.057,  -1.790,9999.000,9999.000,9999.000,9999.000,9999.000,9999.000,9999.000
202605201236,   0.075,  -1.781,9999.000,9999.000,9999.000,9999.000,9999.000,9999.000,9999.000
202605201242,   0.096,  -1.767,9999.000,9999.000,9999.000,9999.000,9999.000,9999.000,9999.000
202605201248,   0.121,  -1.738,9999.000,9999.000,9999.000,9999.000,9999.000,9999.000,9999.000
202605201254,   0.150,  -1.679,9999.000,9999.000,9999.000,9999.000,9999.000,9999.000,9999.000
202605201300,   0.182,  -1.630,  -0.300,  -1.512,  -1.630,  -0.400,  -1.730,  -0.300,  -1.630
202605201306,   0.217,  -1.580,9999.000,9999.000,9999.000,9999.000,9999.000,9999.000,9999.000
202605201312,   0.256,  -1.518,9999.000,9999.000,9999.000,9999.000,9999.000,9999.000,9999.000
202605201318,   0.297,  -1.459,9999.000,9999.000,9999.000,9999.000,9999.000,9999.000,9999.000
202605201324,   0.342,  -1.410,9999.000,9999.000,9999.000,9999.000,9999.000,9999.000,9999.000
202605201330,   0.390,  -1.371,9999.000,9999.000,9999.000,9999.000,9999.000,9999.000,9999.000
202605201336,   0.441,  -1.318,9999.000,9999.000,9999.000,9999.000,9999.000,9999.000,9999.000
202605201342,   0.495,  -1.269,9999.000,9999.000,9999.000,9999.000,9999.000,9999.000,9999.000
202605201348,   0.551,  -1.220,9999.000,9999.000,9999.000,9999.000,9999.000,9999.000,9999.000
202605201354,   0.610,  -1.170,9999.000,9999.000,9999.000,9999.000,9999.000,9999.000,9999.000
202605201400,   0.671,  -1.118,  -0.400,  -1.389,  -1.118,  -0.400,  -1.118,  -0.300,  -1.018
202605201406,   0.734,  -1.049,9999.000,9999.000,9999.000,9999.000,9999.000,9999.000,9999.000
202605201412,   0.799,  -1.000,9999.000,9999.000,9999.000,9999.000,9999.000,9999.000,9999.000
202605201418,   0.866,  -0.961,9999.000,9999.000,9999.000,9999.000,9999.000,9999.000,9999.000
202605201424,   0.933,  -0.908,9999.000,9999.000,9999.000,9999.000,9999.000,9999.000,9999.000
202605201430,   1.002,  -0.839,9999.000,9999.000,9999.000,9999.000,9999.000,9999.000,9999.000
202605201436,   1.071,  -0.790,9999.000,9999.000,9999.000,9999.000,9999.000,9999.000,9999.000
202605201442,   1.140,  -0.731,9999.000,9999.000,9999.000,9999.000,9999.000,9999.000,9999.000
202605201448,   1.209,  -0.678,9999.000,9999.000,9999.000,9999.000,9999.000,9999.000,9999.000
202605201454,   1.277,  -0.629,9999.000,9999.000,9999.000,9999.000,9999.000,9999.000,9999.000
202605201500,   1.345,  -0.570,  -0.300,  -1.615,  -0.570,  -0.400,  -0.670,  -0.300,  -0.570
202605201506,   1.410,  -0.518,9999.000,9999.000,9999.000,9999.000,9999.000,9999.000,9999.000
202605201512,   1.474,  -0.478,9999.000,9999.000,9999.000,9999.000,9999.000,9999.000,9999.000
202605201518,   1.536,  -0.419,9999.000,9999.000,9999.000,9999.000,9999.000,9999.000,9999.000
202605201524,   1.594,  -0.360,9999.000,9999.000,9999.000,9999.000,9999.000,9999.000,9999.000
202605201530,   1.650,  -0.321,9999.000,9999.000,9999.000,9999.000,9999.000,9999.000,9999.000
202605201536,   1.702,  -0.268,9999.000,9999.000,9999.000,9999.000,9999.000,9999.000,9999.000
202605201542,   1.750,  -0.209,9999.000,9999.000,9999.000,9999.000,9999.000,9999.000,9999.000
202605201548,   1.793,  -0.150,9999.000,9999.000,9999.000,9999.000,9999.000,9999.000,9999.000
202605201554,   1.832,  -0.098,9999.000,9999.000,9999.000,9999.000,9999.000,9999.000,9999.000
202605201600,   1.866,  -0.039,  -0.300,  -1.605,  -0.039,  -0.400,  -0.139,  -0.300,  -0.039
202605201606,   1.896,   0.009,9999.000,9999.000,9999.000,9999.000,9999.000,9999.000,9999.000
202605201612,   1.920,   0.059,9999.000,9999.000,9999.000,9999.000,9999.000,9999.000,9999.000
202605201618,   1.938,   0.098,9999.000,9999.000,9999.000,9999.000,9999.000,9999.000,9999.000
202605201624,   1.952,   0.150,9999.000,9999.000,9999.000,9999.000,9999.000,9999.000,9999.000
202605201630,   1.960,   0.170,9999.000,9999.000,9999.000,9999.000,9999.000,9999.000,9999.000
202605201636,   1.963,   0.200,9999.000,9999.000,9999.000,9999.000,9999.000,9999.000,9999.000
202605201642,   1.961,   0.219,9999.000,9999.000,9999.000,9999.000,9999.000,9999.000,9999.000
202605201648,   1.955,   0.239,9999.000,9999.000,9999.000,9999.000,9999.000,9999.000,9999.000
202605201654,   1.943,   0.249,9999.000,9999.000,9999.000,9999.000,9999.000,9999.000,9999.000
202605201700,   1.928,   0.268,  -0.300,  -1.360,   0.268,  -0.400,   0.168,  -0.300,   0.268
202605201706,   1.908,   0.298,9999.000,9999.000,9999.000,9999.000,9999.000,9999.000,9999.000
202605201712,   1.885,   0.321,9999.000,9999.000,9999.000,9999.000,9999.000,9999.000,9999.000
202605201718,   1.858,   0.321,9999.000,9999.000,9999.000,9999.000,9999.000,9999.000,9999.000
202605201724,   1.828,   0.350,9999.000,9999.000,9999.000,9999.000,9999.000,9999.000,9999.000
202605201730,   1.796,   0.341,9999.000,9999.000,9999.000,9999.000,9999.000,9999.000,9999.000
202605201736,   1.762,9999.000,9999.000,9999.000,9999.000,9999.000,9999.000,9999.000,9999.000
202605201742,   1.726,9999.000,9999.000,9999.000,9999.000,9999.000,9999.000,9999.000,9999.000
202605201748,   1.688,9999.000,9999.000,9999.000,9999.000,9999.000,9999.000,9999.000,9999.000
202605201754,   1.649,   0.288,9999.000,9999.000,9999.000,9999.000,9999.000,9999.000,9999.000
202605201800,   1.610,   0.259,  -0.300,  -1.051,   0.259,  -0.400,   0.159,  -0.200,   0.359
202605201806,   1.570,   0.219,9999.000,9999.000,9999.000,9999.000,9999.000,9999.000,9999.000
202605201812,   1.530,   0.180,9999.000,9999.000,9999.000,9999.000,9999.000,9999.000,9999.000
202605201818,   1.490,   0.131,9999.000,9999.000,9999.000,9999.000,9999.000,9999.000,9999.000
202605201824,   1.450,   0.068,9999.000,9999.000,9999.000,9999.000,9999.000,9999.000,9999.000
202605201830,   1.410,   0.029,9999.000,9999.000,9999.000,9999.000,9999.000,9999.000,9999.000
202605201836,   1.371,  -0.009,9999.000,9999.000,9999.000,9999.000,9999.000,9999.000,9999.000
202605201842,   1.333,  -0.059,9999.000,9999.000,9999.000,9999.000,9999.000,9999.000,9999.000
202605201848,   1.295,  -0.098,9999.000,9999.000,9999.000,9999.000,9999.000,9999.000,9999.000
202605201854,   1.258,  -0.121,9999.000,9999.000,9999.000,9999.000,9999.000,9999.000,9999.000
202605201900,   1.221,  -0.160,  -0.300,  -1.081,  -0.160,  -0.300,  -0.160,  -0.200,  -0.060
202605201906,   1.186,  -0.200,9999.000,9999.000,9999.000,9999.000,9999.000,9999.000,9999.000
202605201912,   1.151,  -0.239,9999.000,9999.000,9999.000,9999.000,9999.000,9999.000,9999.000
202605201918,   1.117,  -0.278,9999.000,9999.000,9999.000,9999.000,9999.000,9999.000,9999.000
202605201924,   1.083,  -0.321,9999.000,9999.000,9999.000,9999.000,9999.000,9999.000,9999.000
202605201930,   1.051,  -0.341,9999.000,9999.000,9999.000,9999.000,9999.000,9999.000,9999.000
202605201936,   1.019,  -0.370,9999.000,9999.000,9999.000,9999.000,9999.000,9999.000,9999.000
202605201942,   0.987,  -0.419,9999.000,9999.000,9999.000,9999.000,9999.000,9999.000,9999.000
202605201948,   0.956,  -0.478,9999.000,9999.000,9999.000,9999.000,9999.000,9999.000,9999.000
202605201954,   0.925,  -0.518,9999.000,9999.000,9999.000,9999.000,9999.000,9999.000,9999.000
202605202000,   0.895,  -0.560,  -0.300,  -1.155,  -0.560,  -0.300,  -0.560,  -0.200,  -0.460
202605202006,   0.866,  -0.590,9999.000,9999.000,9999.000,9999.000,9999.000,9999.000,9999.000
202605202012,   0.837,  -0.639,9999.000,9999.000,9999.000,9999.000,9999.000,9999.000,9999.000
202605202018,   0.808,  -0.688,9999.000,9999.000,9999.000,9999.000,9999.000,9999.000,9999.000
202605202024,   0.780,  -0.708,9999.000,9999.000,9999.000,9999.000,9999.000,9999.000,9999.000
202605202030,   0.752,  -0.770,9999.000,9999.000,9999.000,9999.000,9999.000,9999.000,9999.000
202605202036,   0.725,  -0.810,9999.000,9999.000,9999.000,9999.000,9999.000,9999.000,9999.000
202605202042,   0.698,  -0.849,9999.000,9999.000,9999.000,9999.000,9999.000,9999.000,9999.000
202605202048,   0.672,  -0.879,9999.000,9999.000,9999.000,9999.000,9999.000,9999.000,9999.000
202605202054,   0.646,  -0.918,9999.000,9999.000,9999.000,9999.000,9999.000,9999.000,9999.000
202605202100,   0.620,  -0.980,  -0.300,  -1.300,  -0.980,  -0.300,  -0.980,  -0.200,  -0.880
202605202106,   0.595,  -1.020,9999.000,9999.000,9999.000,9999.000,9999.000,9999.000,9999.000
202605202112,   0.571,  -1.049,9999.000,9999.000,9999.000,9999.000,9999.000,9999.000,9999.000
202605202118,   0.547,  -1.088,9999.000,9999.000,9999.000,9999.000,9999.000,9999.000,9999.000
202605202124,   0.523,  -1.138,9999.000,9999.000,9999.000,9999.000,9999.000,9999.000,9999.000
202605202130,   0.500,  -1.180,9999.000,9999.000,9999.000,9999.000,9999.000,9999.000,9999.000
202605202136,   0.477,  -1.210,9999.000,9999.000,9999.000,9999.000,9999.000,9999.000,9999.000
202605202142,   0.455,  -1.259,9999.000,9999.000,9999.000,9999.000,9999.000,9999.000,9999.000
202605202148,   0.433,  -1.298,9999.000,9999.000,9999.000,9999.000,9999.000,9999.000,9999.000
202605202154,   0.411,  -1.328,9999.000,9999.000,9999.000,9999.000,9999.000,9999.000,9999.000
202605202200,   0.390,  -1.371,  -0.300,  -1.461,  -1.371,  -0.300,  -1.371,  -0.200,  -1.271
202605202206,   0.369,  -1.400,9999.000,9999.000,9999.000,9999.000,9999.000,9999.000,9999.000
202605202212,   0.349,  -1.439,9999.000,9999.000,9999.000,9999.000,9999.000,9999.000,9999.000
202605202218,   0.329,  -1.469,9999.000,9999.000,9999.000,9999.000,9999.000,9999.000,9999.000
202605202224,   0.310,  -1.498,9999.000,9999.000,9999.000,9999.000,9999.000,9999.000,9999.000
202605202230,   0.291,  -1.538,9999.000,9999.000,9999.000,9999.000,9999.000,9999.000,9999.000
202605202236,   0.273,  -1.571,9999.000,9999.000,9999.000,9999.000,9999.000,9999.000,9999.000
202605202242,   0.255,  -1.610,9999.000,9999.000,9999.000,9999.000,9999.000,9999.000,9999.000
202605202248,   0.239,  -1.649,9999.000,9999.000,9999.000,9999.000,9999.000,9999.000,9999.000
202605202254,   0.223,  -1.669,9999.000,9999.000,9999.000,9999.000,9999.000,9999.000,9999.000
202605202300,   0.209,  -1.699,  -0.300,  -1.608,  -1.699,  -0.400,  -1.799,  -0.200,  -1.599
202605202306,   0.196,  -1.738,9999.000,9999.000,9999.000,9999.000,9999.000,9999.000,9999.000
202605202312,   0.184,  -1.767,9999.000,9999.000,9999.000,9999.000,9999.000,9999.000,9999.000
202605202318,   0.174,  -1.790,9999.000,9999.000,9999.000,9999.000,9999.000,9999.000,9999.000
202605202324,   0.166,  -1.800,9999.000,9999.000,9999.000,9999.000,9999.000,9999.000,9999.000
202605202330,   0.159,  -1.820,9999.000,9999.000,9999.000,9999.000,9999.000,9999.000,9999.000
202605202336,   0.155,  -1.849,9999.000,9999.000,9999.000,9999.000,9999.000,9999.000,9999.000
202605202342,   0.153,  -1.859,9999.000,9999.000,9999.000,9999.000,9999.000,9999.000,9999.000
202605202348,   0.153,  -1.879,9999.000,9999.000,9999.000,9999.000,9999.000,9999.000,9999.000
202605202354,   0.156,  -1.879,9999.000,9999.000,9999.000,9999.000,9999.000,9999.000,9999.000
202605210000,   0.161,  -1.899,  -0.300,  -1.760,  -1.899,  -0.500,  -2.099,  -0.300,  -1.899
202605210006,   0.170,  -1.899,9999.000,9999.000,9999.000,9999.000,9999.000,9999.000,9999.000
202605210012,   0.181,  -1.889,9999.000,9999.000,9999.000,9999.000,9999.000,9999.000,9999.000
202605210018,   0.195,  -1.879,9999.000,9999.000,9999.000,9999.000,9999.000,9999.000,9999.000
202605210024,   0.213,  -1.859,9999.000,9999.000,9999.000,9999.000,9999.000,9999.000,9999.000
202605210030,   0.233,  -1.820,9999.000,9999.000,9999.000,9999.000,9999.000,9999.000,9999.000
202605210036,   0.257,  -1.781,9999.000,9999.000,9999.000,9999.000,9999.000,9999.000,9999.000
202605210042,   0.284,  -1.728,9999.000,9999.000,9999.000,9999.000,9999.000,9999.000,9999.000
202605210048,   0.314,  -1.679,9999.000,9999.000,9999.000,9999.000,9999.000,9999.000,9999.000
202605210054,   0.347,9999.000,9999.000,9999.000,9999.000,9999.000,9999.000,9999.000,9999.000
202605210100,   0.384,  -1.590,  -0.300,  -1.674,  -1.590,  -0.500,  -1.790,  -0.300,  -1.590
202605210106,   0.423,  -1.548,9999.000,9999.000,9999.000,9999.000,9999.000,9999.000,9999.000
202605210112,   0.466,  -1.498,9999.000,9999.000,9999.000,9999.000,9999.000,9999.000,9999.000
202605210118,   0.512,  -1.459,9999.000,9999.000,9999.000,9999.000,9999.000,9999.000,9999.000
202605210124,   0.561,  -1.420,9999.000,9999.000,9999.000,9999.000,9999.000,9999.000,9999.000
202605210130,   0.613,  -1.371,9999.000,9999.000,9999.000,9999.000,9999.000,9999.000,9999.000
202605210136,   0.668,  -1.318,9999.000,9999.000,9999.000,9999.000,9999.000,9999.000,9999.000
202605210142,   0.726,  -1.279,9999.000,9999.000,9999.000,9999.000,9999.000,9999.000,9999.000
202605210148,   0.786,  -1.220,9999.000,9999.000,9999.000,9999.000,9999.000,9999.000,9999.000
202605210154,   0.849,  -1.180,9999.000,9999.000,9999.000,9999.000,9999.000,9999.000,9999.000
202605210200,   0.914,  -1.128,  -0.400,  -1.642,  -1.128,  -0.500,  -1.228,  -0.300,  -1.028
202605210206,   0.981,  -1.079,9999.000,9999.000,9999.000,9999.000,9999.000,9999.000,9999.000
202605210212,   1.051,  -1.020,9999.000,9999.000,9999.000,9999.000,9999.000,9999.000,9999.000
202605210218,   1.122,  -0.970,9999.000,9999.000,9999.000,9999.000,9999.000,9999.000,9999.000
202605210224,   1.195,  -0.908,9999.000,9999.000,9999.000,9999.000,9999.000,9999.000,9999.000
202605210230,   1.270,  -0.859,9999.000,9999.000,9999.000,9999.000,9999.000,9999.000,9999.000
202605210236,   1.345,  -0.810,9999.000,9999.000,9999.000,9999.000,9999.000,9999.000,9999.000
202605210242,   1.422,  -0.751,9999.000,9999.000,9999.000,9999.000,9999.000,9999.000,9999.000
202605210248,   1.500,  -0.698,9999.000,9999.000,9999.000,9999.000,9999.000,9999.000,9999.000
202605210254,   1.577,  -0.639,9999.000,9999.000,9999.000,9999.000,9999.000,9999.000,9999.000
202605210300,   1.655,  -0.580,  -0.400,  -1.835,  -0.580,  -0.500,  -0.680,  -0.300,  -0.480
202605210306,   1.732,  -0.531,9999.000,9999.000,9999.000,9999.000,9999.000,9999.000,9999.000
202605210312,   1.809,  -0.469,9999.000,9999.000,9999.000,9999.000,9999.000,9999.000,9999.000
202605210318,   1.884,  -0.400,9999.000,9999.000,9999.000,9999.000,9999.000,9999.000,9999.000
202605210324,   1.958,  -0.341,9999.000,9999.000,9999.000,9999.000,9999.000,9999.000,9999.000
202605210330,   2.030,  -0.268,9999.000,9999.000,9999.000,9999.000,9999.000,9999.000,9999.000
202605210336,   2.099,  -0.200,9999.000,9999.000,9999.000,9999.000,9999.000,9999.000,9999.000
202605210342,   2.166,  -0.141,9999.000,9999.000,9999.000,9999.000,9999.000,9999.000,9999.000
202605210348,   2.229,  -0.078,9999.000,9999.000,9999.000,9999.000,9999.000,9999.000,9999.000
202605210354,   2.289,   0.000,9999.000,9999.000,9999.000,9999.000,9999.000,9999.000,9999.000
202605210400,   2.344,   0.059,  -0.400,  -1.885,   0.059,  -0.600,  -0.141,  -0.300,   0.159
202605210406,   2.396,   0.121,9999.000,9999.000,9999.000,9999.000,9999.000,9999.000,9999.000
202605210412,   2.442,   0.180,9999.000,9999.000,9999.000,9999.000,9999.000,9999.000,9999.000
202605210418,   2.484,   0.239,9999.000,9999.000,9999.000,9999.000,9999.000,9999.000,9999.000
202605210424,   2.520,   0.278,9999.000,9999.000,9999.000,9999.000,9999.000,9999.000,9999.000
202605210430,   2.551,   0.341,9999.000,9999.000,9999.000,9999.000,9999.000,9999.000,9999.000
202605210436,   2.576,   0.390,9999.000,9999.000,9999.000,9999.000,9999.000,9999.000,9999.000
202605210442,   2.596,   0.449,9999.000,9999.000,9999.000,9999.000,9999.000,9999.000,9999.000
202605210448,   2.610,   0.498,9999.000,9999.000,9999.000,9999.000,9999.000,9999.000,9999.000
202605210454,   2.618,   0.551,9999.000,9999.000,9999.000,9999.000,9999.000,9999.000,9999.000
202605210500,   2.621,   0.600,  -0.400,  -1.621,   0.600,  -0.600,   0.400,  -0.300,   0.700
202605210506,   2.619,   0.639,9999.000,9999.000,9999.000,9999.000,9999.000,9999.000,9999.000
202605210512,   2.611,   0.678,9999.000,9999.000,9999.000,9999.000,9999.000,9999.000,9999.000
202605210518,   2.598,   0.718,9999.000,9999.000,9999.000,9999.000,9999.000,9999.000,9999.000
202605210524,   2.581,   0.751,9999.000,9999.000,9999.000,9999.000,9999.000,9999.000,9999.000
202605210530,   2.559,   0.780,9999.000,9999.000,9999.000,9999.000,9999.000,9999.000,9999.000
202605210536,   2.534,   0.810,9999.000,9999.000,9999.000,9999.000,9999.000,9999.000,9999.000
202605210542,   2.504,   0.829,9999.000,9999.000,9999.000,9999.000,9999.000,9999.000,9999.000
202605210548,   2.472,   0.839,9999.000,9999.000,9999.000,9999.000,9999.000,9999.000,9999.000
202605210554,   2.436,   0.839,9999.000,9999.000,9999.000,9999.000,9999.000,9999.000,9999.000
202605210600,   2.398,   0.839,  -0.400,  -1.159,   0.839,  -0.600,   0.639,  -0.300,   0.939
202605210606,   2.358,   0.829,9999.000,9999.000,9999.000,9999.000,9999.000,9999.000,9999.000
202605210612,   2.316,   0.829,9999.000,9999.000,9999.000,9999.000,9999.000,9999.000,9999.000
202605210618,   2.273,   0.819,9999.000,9999.000,9999.000,9999.000,9999.000,9999.000,9999.000
202605210624,   2.229,   0.800,9999.000,9999.000,9999.000,9999.000,9999.000,9999.000,9999.000
202605210630,   2.184,   0.770,9999.000,9999.000,9999.000,9999.000,9999.000,9999.000,9999.000
202605210636,   2.138,   0.751,9999.000,9999.000,9999.000,9999.000,9999.000,9999.000,9999.000
202605210642,   2.092,   0.718,9999.000,9999.000,9999.000,9999.000,9999.000,9999.000,9999.000
202605210648,   2.047,   0.678,9999.000,9999.000,9999.000,9999.000,9999.000,9999.000,9999.000
202605210654,   2.001,   0.639,9999.000,9999.000,9999.000,9999.000,9999.000,9999.000,9999.000
202605210700,   1.956,   0.600,  -0.400,  -0.956,   0.600,  -0.600,   0.400,  -0.200,   0.800
202605210706,   1.911,   0.560,9999.000,9999.000,9999.000,9999.000,9999.000,9999.000,9999.000
202605210712,   1.867,   0.518,9999.000,9999.000,9999.000,9999.000,9999.000,9999.000,9999.000
202605210718,   1.823,   0.478,9999.000,9999.000,9999.000,9999.000,9999.000,9999.000,9999.000
202605210724,   1.779,   0.449,9999.000,9999.000,9999.000,9999.000,9999.000,9999.000,9999.000
202605210730,   1.737,   0.409,9999.000,9999.000,9999.000,9999.000,9999.000,9999.000,9999.000
202605210736,   1.695,   0.370,9999.000,9999.000,9999.000,9999.000,9999.000,9999.000,9999.000
202605210742,   1.653,   0.331,9999.000,9999.000,9999.000,9999.000,9999.000,9999.000,9999.000
202605210748,   1.612,   0.278,9999.000,9999.000,9999.000,9999.000,9999.000,9999.000,9999.000
202605210754,   1.572,   0.229,9999.000,9999.000,9999.000,9999.000,9999.000,9999.000,9999.000
202605210800,   1.532,   0.180,  -0.300,  -1.052,   0.180,  -0.500,  -0.020,  -0.200,   0.280
202605210806,   1.492,   0.131,9999.000,9999.000,9999.000,9999.000,9999.000,9999.000,9999.000
202605210812,   1.453,   0.078,9999.000,9999.000,9999.000,9999.000,9999.000,9999.000,9999.000
202605210818,   1.414,   0.039,9999.000,9999.000,9999.000,9999.000,9999.000,9999.000,9999.000
202605210824,   1.375,   0.000,9999.000,9999.000,9999.000,9999.000,9999.000,9999.000,9999.000
202605210830,   1.337,  -0.039,9999.000,9999.000,9999.000,9999.000,9999.000,9999.000,9999.000
202605210836,   1.299,  -0.078,9999.000,9999.000,9999.000,9999.000,9999.000,9999.000,9999.000
202605210842,   1.262,  -0.131,9999.000,9999.000,9999.000,9999.000,9999.000,9999.000,9999.000
202605210848,   1.224,  -0.180,9999.000,9999.000,9999.000,9999.000,9999.000,9999.000,9999.000
202605210854,   1.187,  -0.219,9999.000,9999.000,9999.000,9999.000,9999.000,9999.000,9999.000
202605210900,   1.150,  -0.268,  -0.300,  -1.118,  -0.268,  -0.400,  -0.368,  -0.200,  -0.168
202605210906,   1.114,  -0.321,9999.000,9999.000,9999.000,9999.000,9999.000,9999.000,9999.000
202605210912,   1.078,  -0.360,9999.000,9999.000,9999.000,9999.000,9999.000,9999.000,9999.000
202605210918,   1.042,  -0.409,9999.000,9999.000,9999.000,9999.000,9999.000,9999.000,9999.000
202605210924,   1.006,  -0.459,9999.000,9999.000,9999.000,9999.000,9999.000,9999.000,9999.000
202605210930,   0.971,  -0.498,9999.000,9999.000,9999.000,9999.000,9999.000,9999.000,9999.000
202605210936,   0.935,  -0.541,9999.000,9999.000,9999.000,9999.000,9999.000,9999.000,9999.000
202605210942,   0.901,  -0.590,9999.000,9999.000,9999.000,9999.000,9999.000,9999.000,9999.000
202605210948,   0.866,  -0.629,9999.000,9999.000,9999.000,9999.000,9999.000,9999.000,9999.000
202605210954,   0.831,  -0.678,9999.000,9999.000,9999.000,9999.000,9999.000,9999.000,9999.000
202605211000,   0.797,  -0.718,  -0.200,  -1.315,  -0.718,  -0.400,  -0.918,  -0.200,  -0.718
202605211006,   0.763,  -0.760,9999.000,9999.000,9999.000,9999.000,9999.000,9999.000,9999.000
202605211012,   0.729,  -0.800,9999.000,9999.000,9999.000,9999.000,9999.000,9999.000,9999.000
202605211018,   0.696,  -0.839,9999.000,9999.000,9999.000,9999.000,9999.000,9999.000,9999.000
202605211024,   0.662,  -0.869,9999.000,9999.000,9999.000,9999.000,9999.000,9999.000,9999.000
202605211030,   0.628,  -0.908,9999.000,9999.000,9999.000,9999.000,9999.000,9999.000,9999.000
202605211036,   0.595,  -0.951,9999.000,9999.000,9999.000,9999.000,9999.000,9999.000,9999.000
202605211042,   0.562,  -0.990,9999.000,9999.000,9999.000,9999.000,9999.000,9999.000,9999.000
202605211048,   0.529,  -1.029,9999.000,9999.000,9999.000,9999.000,9999.000,9999.000,9999.000
202605211054,   0.496,  -1.069,9999.000,9999.000,9999.000,9999.000,9999.000,9999.000,9999.000
202605211100,   0.464,  -1.098,  -0.200,  -1.362,  -1.098,  -0.300,  -1.198,  -0.100,  -0.998
202605211106,   0.432,  -1.138,9999.000,9999.000,9999.000,9999.000,9999.000,9999.000,9999.000
202605211112,   0.400,  -1.170,9999.000,9999.000,9999.000,9999.000,9999.000,9999.000,9999.000
202605211118,   0.369,  -1.210,9999.000,9999.000,9999.000,9999.000,9999.000,9999.000,9999.000
202605211124,   0.339,  -1.249,9999.000,9999.000,9999.000,9999.000,9999.000,9999.000,9999.000
202605211130,   0.310,  -1.279,9999.000,9999.000,9999.000,9999.000,9999.000,9999.000,9999.000
202605211136,   0.281,  -1.318,9999.000,9999.000,9999.000,9999.000,9999.000,9999.000,9999.000
202605211142,   0.254,  -1.361,9999.000,9999.000,9999.000,9999.000,9999.000,9999.000,9999.000
202605211148,   0.228,  -1.390,9999.000,9999.000,9999.000,9999.000,9999.000,9999.000,9999.000
202605211154,   0.204,9999.000,9999.000,9999.000,9999.000,9999.000,9999.000,9999.000,9999.000
202605211200,   0.181,9999.000,  -0.100,9999.000,   0.081,  -0.200,  -0.019,  -0.100,   0.081
202605211206,   0.160,9999.000,9999.000,9999.000,9999.000,9999.000,9999.000,9999.000,9999.000
202605211212,   0.141,9999.000,9999.000,9999.000,9999.000,9999.000,9999.000,9999.000,9999.000
202605211218,   0.124,9999.000,9999.000,9999.000,9999.000,9999.000,9999.000,9999.000,9999.000
202605211224,   0.110,9999.000,9999.000,9999.000,9999.000,9999.000,9999.000,9999.000,9999.000
202605211230,   0.098,  -1.571,9999.000,9999.000,9999.000,9999.000,9999.000,9999.000,9999.000
202605211236,   0.088,9999.000,9999.000,9999.000,9999.000,9999.000,9999.000,9999.000,9999.000
202605211242,   0.081,9999.000,9999.000,9999.000,9999.000,9999.000,9999.000,9999.000,9999.000
202605211248,   0.077,  -1.600,9999.000,9999.000,9999.000,9999.000,9999.000,9999.000,9999.000
202605211254,   0.076,9999.000,9999.000,9999.000,9999.000,9999.000,9999.000,9999.000,9999.000
202605211300,   0.077,  -1.610,  -0.100,  -1.587,  -1.610,  -0.200,  -1.710,  -0.100,  -1.610
202605211306,   0.082,  -1.610,9999.000,9999.000,9999.000,9999.000,9999.000,9999.000,9999.000
202605211312,   0.090,  -1.600,9999.000,9999.000,9999.000,9999.000,9999.000,9999.000,9999.000
202605211318,   0.100,  -1.590,9999.000,9999.000,9999.000,9999.000,9999.000,9999.000,9999.000
202605211324,   0.114,  -1.580,9999.000,9999.000,9999.000,9999.000,9999.000,9999.000,9999.000
202605211330,   0.131,  -1.538,9999.000,9999.000,9999.000,9999.000,9999.000,9999.000,9999.000
202605211336,   0.151,  -1.489,9999.000,9999.000,9999.000,9999.000,9999.000,9999.000,9999.000
202605211342,   0.174,  -1.430,9999.000,9999.000,9999.000,9999.000,9999.000,9999.000,9999.000
202605211348,   0.200,  -1.371,9999.000,9999.000,9999.000,9999.000,9999.000,9999.000,9999.000
202605211354,   0.229,  -1.318,9999.000,9999.000,9999.000,9999.000,9999.000,9999.000,9999.000
202605211400,   0.262,  -1.269,  -0.100,  -1.431,  -1.269,  -0.100,  -1.269,   0.000,  -1.169
202605211406,   0.297,  -1.220,9999.000,9999.000,9999.000,9999.000,9999.000,9999.000,9999.000
202605211412,   0.335,  -1.170,9999.000,9999.000,9999.000,9999.000,9999.000,9999.000,9999.000
202605211418,   0.376,  -1.128,9999.000,9999.000,9999.000,9999.000,9999.000,9999.000,9999.000
202605211424,   0.420,  -1.088,9999.000,9999.000,9999.000,9999.000,9999.000,9999.000,9999.000
202605211430,   0.466,  -1.039,9999.000,9999.000,9999.000,9999.000,9999.000,9999.000,9999.000
202605211436,   0.515,  -1.000,9999.000,9999.000,9999.000,9999.000,9999.000,9999.000,9999.000
202605211442,   0.566,  -0.941,9999.000,9999.000,9999.000,9999.000,9999.000,9999.000,9999.000
202605211448,   0.620,  -0.888,9999.000,9999.000,9999.000,9999.000,9999.000,9999.000,9999.000
202605211454,   0.676,  -0.829,9999.000,9999.000,9999.000,9999.000,9999.000,9999.000,9999.000
202605211500,   0.734,  -0.780,  -0.100,  -1.414,  -0.780,  -0.100,  -0.780,   0.000,  -0.680
202605211506,   0.793,  -0.731,9999.000,9999.000,9999.000,9999.000,9999.000,9999.000,9999.000
202605211512,   0.854,  -0.678,9999.000,9999.000,9999.000,9999.000,9999.000,9999.000,9999.000
202605211518,   0.917,  -0.610,9999.000,9999.000,9999.000,9999.000,9999.000,9999.000,9999.000
202605211524,   0.980,  -0.570,9999.000,9999.000,9999.000,9999.000,9999.000,9999.000,9999.000
202605211530,   1.043,  -0.508,9999.000,9999.000,9999.000,9999.000,9999.000,9999.000,9999.000
202605211536,   1.107,  -0.459,9999.000,9999.000,9999.000,9999.000,9999.000,9999.000,9999.000
202605211542,   1.171,  -0.390,9999.000,9999.000,9999.000,9999.000,9999.000,9999.000,9999.000
202605211548,   1.235,  -0.341,9999.000,9999.000,9999.000,9999.000,9999.000,9999.000,9999.000
202605211554,   1.297,  -0.268,9999.000,9999.000,9999.000,9999.000,9999.000,9999.000,9999.000
202605211600,   1.358,  -0.219,   0.000,  -1.577,  -0.219,  -0.100,  -0.319,   0.000,  -0.219
202605211606,   1.418,  -0.160,9999.000,9999.000,9999.000,9999.000,9999.000,9999.000,9999.000
202605211612,   1.475,  -0.098,9999.000,9999.000,9999.000,9999.000,9999.000,9999.000,9999.000
202605211618,   1.530,  -0.039,9999.000,9999.000,9999.000,9999.000,9999.000,9999.000,9999.000
202605211624,   1.582,   0.009,9999.000,9999.000,9999.000,9999.000,9999.000,9999.000,9999.000
202605211630,   1.630,   0.068,9999.000,9999.000,9999.000,9999.000,9999.000,9999.000,9999.000
202605211636,   1.676,   0.121,9999.000,9999.000,9999.000,9999.000,9999.000,9999.000,9999.000
202605211642,   1.717,   0.180,9999.000,9999.000,9999.000,9999.000,9999.000,9999.000,9999.000
202605211648,   1.754,   0.229,9999.000,9999.000,9999.000,9999.000,9999.000,9999.000,9999.000
202605211654,   1.787,   0.278,9999.000,9999.000,9999.000,9999.000,9999.000,9999.000,9999.000
202605211700,   1.815,   0.321,   0.000,  -1.494,   0.321,   0.000,   0.321,   0.000,   0.321
202605211706,   1.839,   0.370,9999.000,9999.000,9999.000,9999.000,9999.000,9999.000,9999.000
202605211712,   1.858,   0.419,9999.000,9999.000,9999.000,9999.000,9999.000,9999.000,9999.000
202605211718,   1.872,   0.459,9999.000,9999.000,9999.000,9999.000,9999.000,9999.000,9999.000
202605211724,   1.882,   0.478,9999.000,9999.000,9999.000,9999.000,9999.000,9999.000,9999.000
202605211730,   1.887,   0.518,9999.000,9999.000,9999.000,9999.000,9999.000,9999.000,9999.000
202605211736,   1.888,   0.560,9999.000,9999.000,9999.000,9999.000,9999.000,9999.000,9999.000
202605211742,   1.884,   0.590,9999.000,9999.000,9999.000,9999.000,9999.000,9999.000,9999.000
202605211748,   1.877,   0.610,9999.000,9999.000,9999.000,9999.000,9999.000,9999.000,9999.000
202605211754,   1.865,   0.629,9999.000,9999.000,9999.000,9999.000,9999.000,9999.000,9999.000
202605211800,   1.851,   0.649,   0.000,  -1.202,   0.649,   0.000,   0.649,   0.000,   0.649
202605211806,   1.833,   0.669,9999.000,9999.000,9999.000,9999.000,9999.000,9999.000,9999.000
202605211812,   1.812,   0.678,9999.000,9999.000,9999.000,9999.000,9999.000,9999.000,9999.000
202605211818,   1.789,   0.688,9999.000,9999.000,9999.000,9999.000,9999.000,9999.000,9999.000
202605211824,   1.763,   0.698,9999.000,9999.000,9999.000,9999.000,9999.000,9999.000,9999.000
202605211830,   1.736,   0.698,9999.000,9999.000,9999.000,9999.000,9999.000,9999.000,9999.000
202605211836,   1.707,   0.698,9999.000,9999.000,9999.000,9999.000,9999.000,9999.000,9999.000
202605211842,   1.677,   0.688,9999.000,9999.000,9999.000,9999.000,9999.000,9999.000,9999.000
202605211848,   1.646,   0.678,9999.000,9999.000,9999.000,9999.000,9999.000,9999.000,9999.000
202605211854,   1.614,   0.669,9999.000,9999.000,9999.000,9999.000,9999.000,9999.000,9999.000
202605211900,   1.582,   0.649,   0.100,  -1.033,   0.649,   0.000,   0.549,   0.100,   0.649
202605211906,   1.550,   0.619,9999.000,9999.000,9999.000,9999.000,9999.000,9999.000,9999.000
202605211912,   1.518,   0.590,9999.000,9999.000,9999.000,9999.000,9999.000,9999.000,9999.000
202605211918,   1.485,   0.551,9999.000,9999.000,9999.000,9999.000,9999.000,9999.000,9999.000
202605211924,   1.453,   0.518,9999.000,9999.000,9999.000,9999.000,9999.000,9999.000,9999.000
202605211930,   1.421,   0.478,9999.000,9999.000,9999.000,9999.000,9999.000,9999.000,9999.000
202605211936,   1.390,   0.449,9999.000,9999.000,9999.000,9999.000,9999.000,9999.000,9999.000
202605211942,   1.359,   0.439,9999.000,9999.000,9999.000,9999.000,9999.000,9999.000,9999.000
202605211948,   1.328,   0.449,9999.000,9999.000,9999.000,9999.000,9999.000,9999.000,9999.000
202605211954,   1.298,   0.429,9999.000,9999.000,9999.000,9999.000,9999.000,9999.000,9999.000
202605212000,   1.267,   0.409,   0.100,  -0.958,   0.409,   0.100,   0.409,   0.200,   0.509
202605212006,   1.238,   0.370,9999.000,9999.000,9999.000,9999.000,9999.000,9999.000,9999.000
202605212012,   1.208,   0.341,9999.000,9999.000,9999.000,9999.000,9999.000,9999.000,9999.000
202605212018,   1.179,   0.288,9999.000,9999.000,9999.000,9999.000,9999.000,9999.000,9999.000
202605212024,   1.150,   0.239,9999.000,9999.000,9999.000,9999.000,9999.000,9999.000,9999.000
202605212030,   1.121,   0.200,9999.000,9999.000,9999.000,9999.000,9999.000,9999.000,9999.000
202605212036,   1.092,   0.160,9999.000,9999.000,9999.000,9999.000,9999.000,9999.000,9999.000
202605212042,   1.064,   0.111,9999.000,9999.000,9999.000,9999.000,9999.000,9999.000,9999.000
202605212048,   1.035,   0.068,9999.000,9999.000,9999.000,9999.000,9999.000,9999.000,9999.000
202605212054,   1.007,   0.029,9999.000,9999.000,9999.000,9999.000,9999.000,9999.000,9999.000
202605212100,   0.978,  -0.009,   0.200,  -1.187,  -0.009,   0.200,  -0.009,   0.300,   0.091
202605212106,   0.950,  -0.039,9999.000,9999.000,9999.000,9999.000,9999.000,9999.000,9999.000
202605212112,   0.922,  -0.068,9999.000,9999.000,9999.000,9999.000,9999.000,9999.000,9999.000
202605212118,   0.894,  -0.098,9999.000,9999.000,9999.000,9999.000,9999.000,9999.000,9999.000
202605212124,   0.867,  -0.141,9999.000,9999.000,9999.000,9999.000,9999.000,9999.000,9999.000
202605212130,   0.839,  -0.180,9999.000,9999.000,9999.000,9999.000,9999.000,9999.000,9999.000
202605212136,   0.812,  -0.209,9999.000,9999.000,9999.000,9999.000,9999.000,9999.000,9999.000
202605212142,   0.785,  -0.229,9999.000,9999.000,9999.000,9999.000,9999.000,9999.000,9999.000
202605212148,   0.758,  -0.268,9999.000,9999.000,9999.000,9999.000,9999.000,9999.000,9999.000
202605212154,   0.732,  -0.298,9999.000,9999.000,9999.000,9999.000,9999.000,9999.000,9999.000
202605212200,   0.706,  -0.331,   0.400,  -1.437,  -0.331,   0.300,  -0.431,   0.500,  -0.231
202605212206,   0.680,  -0.360,9999.000,9999.000,9999.000,9999.000,9999.000,9999.000,9999.000
202605212212,   0.655,  -0.400,9999.000,9999.000,9999.000,9999.000,9999.000,9999.000,9999.000
202605212218,   0.630,  -0.429,9999.000,9999.000,9999.000,9999.000,9999.000,9999.000,9999.000
202605212224,   0.606,  -0.459,9999.000,9999.000,9999.000,9999.000,9999.000,9999.000,9999.000
202605212230,   0.582,  -0.498,9999.000,9999.000,9999.000,9999.000,9999.000,9999.000,9999.000
202605212236,   0.559,  -0.541,9999.000,9999.000,9999.000,9999.000,9999.000,9999.000,9999.000
202605212242,   0.535,  -0.570,9999.000,9999.000,9999.000,9999.000,9999.000,9999.000,9999.000
202605212248,   0.513,  -0.590,9999.000,9999.000,9999.000,9999.000,9999.000,9999.000,9999.000
202605212254,   0.491,  -0.610,9999.000,9999.000,9999.000,9999.000,9999.000,9999.000,9999.000
202605212300,   0.469,  -0.629,   0.500,  -1.598,  -0.629,   0.400,  -0.729,   0.700,  -0.429
202605212306,   0.448,  -0.649,9999.000,9999.000,9999.000,9999.000,9999.000,9999.000,9999.000
202605212312,   0.427,  -0.678,9999.000,9999.000,9999.000,9999.000,9999.000,9999.000,9999.000
202605212318,   0.407,  -0.708,9999.000,9999.000,9999.000,9999.000,9999.000,9999.000,9999.000
202605212324,   0.387,  -0.731,9999.000,9999.000,9999.000,9999.000,9999.000,9999.000,9999.000
202605212330,   0.369,  -0.760,9999.000,9999.000,9999.000,9999.000,9999.000,9999.000,9999.000
202605212336,   0.351,  -0.780,9999.000,9999.000,9999.000,9999.000,9999.000,9999.000,9999.000
202605212342,   0.334,  -0.800,9999.000,9999.000,9999.000,9999.000,9999.000,9999.000,9999.000
202605212348,   0.318,  -0.800,9999.000,9999.000,9999.000,9999.000,9999.000,9999.000,9999.000
202605212354,   0.303,  -0.810,9999.000,9999.000,9999.000,9999.000,9999.000,9999.000,9999.000
202605220000,   0.289,  -0.819,   0.500,  -1.608,  -0.819,   0.400,  -0.919,   0.600,  -0.719
202605220006,   0.277,  -0.819,9999.000,9999.000,9999.000,9999.000,9999.000,9999.000,9999.000
202605220012,   0.266,  -0.819,9999.000,9999.000,9999.000,9999.000,9999.000,9999.000,9999.000
202605220018,   0.257,  -0.829,9999.000,9999.000,9999.000,9999.000,9999.000,9999.000,9999.000
202605220024,   0.249,  -0.819,9999.000,9999.000,9999.000,9999.000,9999.000,9999.000,9999.000
202605220030,   0.244,  -0.800,9999.000,9999.000,9999.000,9999.000,9999.000,9999.000,9999.000
202605220036,   0.240,  -0.770,9999.000,9999.000,9999.000,9999.000,9999.000,9999.000,9999.000
202605220042,   0.239,  -0.741,9999.000,9999.000,9999.000,9999.000,9999.000,9999.000,9999.000
202605220048,   0.240,  -0.688,9999.000,9999.000,9999.000,9999.000,9999.000,9999.000,9999.000
202605220054,   0.244,  -0.659,9999.000,9999.000,9999.000,9999.000,9999.000,9999.000,9999.000
202605220100,   0.250,  -0.610,   0.600,  -1.460,  -0.610,   0.500,  -0.710,   0.700,  -0.510
202605220106,   0.258,  -0.570,9999.000,9999.000,9999.000,9999.000,9999.000,9999.000,9999.000
202605220112,   0.270,  -0.541,9999.000,9999.000,9999.000,9999.000,9999.000,9999.000,9999.000
202605220118,   0.284,  -0.498,9999.000,9999.000,9999.000,9999.000,9999.000,9999.000,9999.000
202605220124,   0.300,  -0.469,9999.000,9999.000,9999.000,9999.000,9999.000,9999.000,9999.000
202605220130,   0.320,  -0.429,9999.000,9999.000,9999.000,9999.000,9999.000,9999.000,9999.000
202605220136,   0.342,  -0.400,9999.000,9999.000,9999.000,9999.000,9999.000,9999.000,9999.000
202605220142,   0.367,  -0.370,9999.000,9999.000,9999.000,9999.000,9999.000,9999.000,9999.000
202605220148,   0.394,  -0.331,9999.000,9999.000,9999.000,9999.000,9999.000,9999.000,9999.000
202605220154,   0.425,  -0.288,9999.000,9999.000,9999.000,9999.000,9999.000,9999.000,9999.000
202605220200,   0.458,  -0.249,   0.700,  -1.407,  -0.249,   0.500,  -0.449,   0.800,  -0.149
202605220206,   0.494,  -0.209,9999.000,9999.000,9999.000,9999.000,9999.000,9999.000,9999.000
202605220212,   0.532,  -0.150,9999.000,9999.000,9999.000,9999.000,9999.000,9999.000,9999.000
202605220218,   0.573,  -0.098,9999.000,9999.000,9999.000,9999.000,9999.000,9999.000,9999.000
202605220224,   0.617,  -0.059,9999.000,9999.000,9999.000,9999.000,9999.000,9999.000,9999.000
202605220230,   0.663,   0.000,9999.000,9999.000,9999.000,9999.000,9999.000,9999.000,9999.000
202605220236,   0.712,   0.049,9999.000,9999.000,9999.000,9999.000,9999.000,9999.000,9999.000
202605220242,   0.762,   0.111,9999.000,9999.000,9999.000,9999.000,9999.000,9999.000,9999.000
202605220248,   0.816,   0.160,9999.000,9999.000,9999.000,9999.000,9999.000,9999.000,9999.000
202605220254,   0.871,   0.219,9999.000,9999.000,9999.000,9999.000,9999.000,9999.000,9999.000
202605220300,   0.928,   0.278,   0.700,  -1.350,   0.278,   0.600,   0.178,   0.900,   0.478
202605220306,   0.987,   0.341,9999.000,9999.000,9999.000,9999.000,9999.000,9999.000,9999.000
202605220312,   1.048,   0.409,9999.000,9999.000,9999.000,9999.000,9999.000,9999.000,9999.000
202605220318,   1.111,   0.459,9999.000,9999.000,9999.000,9999.000,9999.000,9999.000,9999.000
202605220324,   1.175,   0.518,9999.000,9999.000,9999.000,9999.000,9999.000,9999.000,9999.000
202605220330,   1.241,   0.570,9999.000,9999.000,9999.000,9999.000,9999.000,9999.000,9999.000
202605220336,   1.307,   0.629,9999.000,9999.000,9999.000,9999.000,9999.000,9999.000,9999.000
202605220342,   1.374,   0.688,9999.000,9999.000,9999.000,9999.000,9999.000,9999.000,9999.000
202605220348,   1.442,   0.751,9999.000,9999.000,9999.000,9999.000,9999.000,9999.000,9999.000
202605220354,   1.509,   0.810,9999.000,9999.000,9999.000,9999.000,9999.000,9999.000,9999.000
202605220400,   1.577,   0.869,   0.800,  -1.508,   0.869,   0.600,   0.669,   0.900,   0.969
202605220406,   1.644,   0.928,9999.000,9999.000,9999.000,9999.000,9999.000,9999.000,9999.000
202605220412,   1.710,   0.990,9999.000,9999.000,9999.000,9999.000,9999.000,9999.000,9999.000
202605220418,   1.775,   1.049,9999.000,9999.000,9999.000,9999.000,9999.000,9999.000,9999.000
202605220424,   1.839,   1.108,9999.000,9999.000,9999.000,9999.000,9999.000,9999.000,9999.000
202605220430,   1.900,   1.170,9999.000,9999.000,9999.000,9999.000,9999.000,9999.000,9999.000
202605220436,   1.959,   1.220,9999.000,9999.000,9999.000,9999.000,9999.000,9999.000,9999.000
202605220442,   2.015,   1.279,9999.000,9999.000,9999.000,9999.000,9999.000,9999.000,9999.000
202605220448,   2.068,   1.338,9999.000,9999.000,9999.000,9999.000,9999.000,9999.000,9999.000
202605220454,   2.118,   1.400,9999.000,9999.000,9999.000,9999.000,9999.000,9999.000,9999.000
202605220500,   2.164,   1.439,   0.800,  -1.525,   1.439,   0.600,   1.239,   0.900,   1.539
202605220506,   2.206,   1.489,9999.000,9999.000,9999.000,9999.000,9999.000,9999.000,9999.000
202605220512,   2.243,   1.538,9999.000,9999.000,9999.000,9999.000,9999.000,9999.000,9999.000
202605220518,   2.276,   1.590,9999.000,9999.000,9999.000,9999.000,9999.000,9999.000,9999.000
202605220524,   2.305,   1.630,9999.000,9999.000,9999.000,9999.000,9999.000,9999.000,9999.000
202605220530,   2.328,   1.679,9999.000,9999.000,9999.000,9999.000,9999.000,9999.000,9999.000
202605220536,   2.347,   1.728,9999.000,9999.000,9999.000,9999.000,9999.000,9999.000,9999.000
202605220542,   2.361,   1.767,9999.000,9999.000,9999.000,9999.000,9999.000,9999.000,9999.000
202605220548,   2.370,   1.800,9999.000,9999.000,9999.000,9999.000,9999.000,9999.000,9999.000
202605220554,   2.374,   1.830,9999.000,9999.000,9999.000,9999.000,9999.000,9999.000,9999.000
202605220600,   2.373,   1.859,   0.900,  -1.414,   1.859,   0.700,   1.659,   1.000,   1.959
202605220606,   2.369,   1.879,9999.000,9999.000,9999.000,9999.000,9999.000,9999.000,9999.000
202605220612,   2.360,   1.908,9999.000,9999.000,9999.000,9999.000,9999.000,9999.000,9999.000
202605220618,   2.347,   1.938,9999.000,9999.000,9999.000,9999.000,9999.000,9999.000,9999.000
202605220624,   2.330,   1.958,9999.000,9999.000,9999.000,9999.000,9999.000,9999.000,9999.000
202605220630,   2.310,   1.981,9999.000,9999.000,9999.000,9999.000,9999.000,9999.000,9999.000
202605220636,   2.287,   1.990,9999.000,9999.000,9999.000,9999.000,9999.000,9999.000,9999.000
202605220642,   2.262,   1.990,9999.000,9999.000,9999.000,9999.000,9999.000,9999.000,9999.000
202605220648,   2.234,   2.000,9999.000,9999.000,9999.000,9999.000,9999.000,9999.000,9999.000
202605220654,   2.204,   1.990,9999.000,9999.000,9999.000,9999.000,9999.000,9999.000,9999.000
202605220700,   2.172,   1.967,   0.900,  -1.105,   1.967,   0.700,   1.767,   1.000,   2.067
202605220706,   2.139,   1.948,9999.000,9999.000,9999.000,9999.000,9999.000,9999.000,9999.000
202605220712,   2.104,   1.918,9999.000,9999.000,9999.000,9999.000,9999.000,9999.000,9999.000
202605220718,   2.069,   1.899,9999.000,9999.000,9999.000,9999.000,9999.000,9999.000,9999.000
202605220724,   2.034,   1.869,9999.000,9999.000,9999.000,9999.000,9999.000,9999.000,9999.000
202605220730,   1.997,   1.840,9999.000,9999.000,9999.000,9999.000,9999.000,9999.000,9999.000
202605220736,   1.961,   1.800,9999.000,9999.000,9999.000,9999.000,9999.000,9999.000,9999.000
202605220742,   1.924,   1.738,9999.000,9999.000,9999.000,9999.000,9999.000,9999.000,9999.000
202605220748,   1.888,   1.699,9999.000,9999.000,9999.000,9999.000,9999.000,9999.000,9999.000
202605220754,   1.852,   1.659,9999.000,9999.000,9999.000,9999.000,9999.000,9999.000,9999.000
202605220800,   1.815,   1.600,   0.900,  -1.115,   1.600,   0.700,   1.400,   1.000,   1.700
202605220806,   1.779,   1.548,9999.000,9999.000,9999.000,9999.000,9999.000,9999.000,9999.000
202605220812,   1.743,   1.518,9999.000,9999.000,9999.000,9999.000,9999.000,9999.000,9999.000
202605220818,   1.708,   1.469,9999.000,9999.000,9999.000,9999.000,9999.000,9999.000,9999.000
202605220824,   1.672,   1.430,9999.000,9999.000,9999.000,9999.000,9999.000,9999.000,9999.000
202605220830,   1.637,   1.400,9999.000,9999.000,9999.000,9999.000,9999.000,9999.000,9999.000
202605220836,   1.601,   1.371,9999.000,9999.000,9999.000,9999.000,9999.000,9999.000,9999.000
202605220842,   1.566,   1.318,9999.000,9999.000,9999.000,9999.000,9999.000,9999.000,9999.000
202605220848,   1.531,   1.279,9999.000,9999.000,9999.000,9999.000,9999.000,9999.000,9999.000
202605220854,   1.496,   1.229,9999.000,9999.000,9999.000,9999.000,9999.000,9999.000,9999.000
202605220900,   1.460,   1.190,   0.900,  -1.170,   1.190,   0.800,   1.090,   1.100,   1.390
202605220906,   1.425,   1.138,9999.000,9999.000,9999.000,9999.000,9999.000,9999.000,9999.000
202605220912,   1.390,   1.108,9999.000,9999.000,9999.000,9999.000,9999.000,9999.000,9999.000
202605220918,   1.354,   1.059,9999.000,9999.000,9999.000,9999.000,9999.000,9999.000,9999.000
202605220924,   1.319,   1.020,9999.000,9999.000,9999.000,9999.000,9999.000,9999.000,9999.000
202605220930,   1.283,   0.970,9999.000,9999.000,9999.000,9999.000,9999.000,9999.000,9999.000
202605220936,   1.248,   0.928,9999.000,9999.000,9999.000,9999.000,9999.000,9999.000,9999.000
202605220942,   1.212,   0.879,9999.000,9999.000,9999.000,9999.000,9999.000,9999.000,9999.000
202605220948,   1.176,   0.839,9999.000,9999.000,9999.000,9999.000,9999.000,9999.000,9999.000
202605220954,   1.141,   0.790,9999.000,9999.000,9999.000,9999.000,9999.000,9999.000,9999.000
202605221000,   1.105,   0.751,   1.000,  -1.354,   0.751,   0.800,   0.551,   1.100,   0.851
202605221006,   1.070,   0.698,9999.000,9999.000,9999.000,9999.000,9999.000,9999.000,9999.000
202605221012,   1.034,   0.659,9999.000,9999.000,9999.000,9999.000,9999.000,9999.000,9999.000
202605221018,   0.999,   0.610,9999.000,9999.000,9999.000,9999.000,9999.000,9999.000,9999.000
202605221024,   0.964,   0.570,9999.000,9999.000,9999.000,9999.000,9999.000,9999.000,9999.000
202605221030,   0.929,   0.531,9999.000,9999.000,9999.000,9999.000,9999.000,9999.000,9999.000
202605221036,   0.895,   0.478,9999.000,9999.000,9999.000,9999.000,9999.000,9999.000,9999.000
202605221042,   0.860,   0.429,9999.000,9999.000,9999.000,9999.000,9999.000,9999.000,9999.000
202605221048,   0.826,   0.380,9999.000,9999.000,9999.000,9999.000,9999.000,9999.000,9999.000
202605221054,   0.792,   0.331,9999.000,9999.000,9999.000,9999.000,9999.000,9999.000,9999.000
202605221100,   0.759,   0.268,   1.000,  -1.491,   0.268,   0.900,   0.168,   1.100,   0.368
202605221106,   0.725,   0.229,9999.000,9999.000,9999.000,9999.000,9999.000,9999.000,9999.000
202605221112,   0.692,   0.190,9999.000,9999.000,9999.000,9999.000,9999.000,9999.000,9999.000
202605221118,   0.659,   0.141,9999.000,9999.000,9999.000,9999.000,9999.000,9999.000,9999.000
202605221124,   0.626,   0.111,9999.000,9999.000,9999.000,9999.000,9999.000,9999.000,9999.000
202605221130,   0.594,   0.059,9999.000,9999.000,9999.000,9999.000,9999.000,9999.000,9999.000
202605221136,   0.562,   0.029,9999.000,9999.000,9999.000,9999.000,9999.000,9999.000,9999.000
202605221142,   0.530,  -0.009,9999.000,9999.000,9999.000,9999.000,9999.000,9999.000,9999.000
202605221148,   0.499,  -0.049,9999.000,9999.000,9999.000,9999.000,9999.000,9999.000,9999.000
202605221154,   0.468,  -0.088,9999.000,9999.000,9999.000,9999.000,9999.000,9999.000,9999.000
202605221200,   0.437,  -0.121,   1.000,  -1.558,  -0.121,   0.900,  -0.221,   1.000,  -0.121
202605221206,   0.407,  -0.160,9999.000,9999.000,9999.000,9999.000,9999.000,9999.000,9999.000
202605221212,   0.378,  -0.190,9999.000,9999.000,9999.000,9999.000,9999.000,9999.000,9999.000
202605221218,   0.350,  -0.229,9999.000,9999.000,9999.000,9999.000,9999.000,9999.000,9999.000
202605221224,   0.323,  -0.259,9999.000,9999.000,9999.000,9999.000,9999.000,9999.000,9999.000
202605221230,   0.296,  -0.288,9999.000,9999.000,9999.000,9999.000,9999.000,9999.000,9999.000
202605221236,   0.271,  -0.321,9999.000,9999.000,9999.000,9999.000,9999.000,9999.000,9999.000
202605221242,   0.247,  -0.341,9999.000,9999.000,9999.000,9999.000,9999.000,9999.000,9999.000
202605221248,   0.225,  -0.360,9999.000,9999.000,9999.000,9999.000,9999.000,9999.000,9999.000
202605221254,   0.205,  -0.380,9999.000,9999.000,9999.000,9999.000,9999.000,9999.000,9999.000
202605221300,   0.186,  -0.409,   1.000,  -1.595,  -0.409,   0.900,  -0.509,   1.100,  -0.309
202605221306,   0.169,  -0.429,9999.000,9999.000,9999.000,9999.000,9999.000,9999.000,9999.000
202605221312,   0.154,  -0.439,9999.000,9999.000,9999.000,9999.000,9999.000,9999.000,9999.000
202605221318,   0.141,  -0.449,9999.000,9999.000,9999.000,9999.000,9999.000,9999.000,9999.000
202605221324,   0.130,  -0.459,9999.000,9999.000,9999.000,9999.000,9999.000,9999.000,9999.000
202605221330,   0.122,  -0.469,9999.000,9999.000,9999.000,9999.000,9999.000,9999.000,9999.000
202605221336,   0.116,  -0.459,9999.000,9999.000,9999.000,9999.000,9999.000,9999.000,9999.000
202605221342,   0.113,  -0.449,9999.000,9999.000,9999.000,9999.000,9999.000,9999.000,9999.000
202605221348,   0.112,  -0.429,9999.000,9999.000,9999.000,9999.000,9999.000,9999.000,9999.000
202605221354,   0.114,  -0.409,9999.000,9999.000,9999.000,9999.000,9999.000,9999.000,9999.000
202605221400,   0.119,  -0.380,   1.000,  -1.499,  -0.380,   0.900,  -0.480,   1.100,  -0.280
202605221406,   0.126,  -0.350,9999.000,9999.000,9999.000,9999.000,9999.000,9999.000,9999.000
202605221412,   0.136,  -0.321,9999.000,9999.000,9999.000,9999.000,9999.000,9999.000,9999.000
202605221418,   0.149,  -0.268,9999.000,9999.000,9999.000,9999.000,9999.000,9999.000,9999.000
202605221424,   0.164,  -0.229,9999.000,9999.000,9999.000,9999.000,9999.000,9999.000,9999.000
202605221430,   0.183,  -0.200,9999.000,9999.000,9999.000,9999.000,9999.000,9999.000,9999.000
202605221436,   0.204,  -0.160,9999.000,9999.000,9999.000,9999.000,9999.000,9999.000,9999.000
202605221442,   0.227,  -0.121,9999.000,9999.000,9999.000,9999.000,9999.000,9999.000,9999.000
202605221448,   0.254,  -0.078,9999.000,9999.000,9999.000,9999.000,9999.000,9999.000,9999.000
202605221454,   0.283,  -0.029,9999.000,9999.000,9999.000,9999.000,9999.000,9999.000,9999.000
202605221500,   0.315,   0.009,   1.000,  -1.306,   0.009,   0.900,  -0.091,   1.100,   0.109
202605221506,   0.350,   0.049,9999.000,9999.000,9999.000,9999.000,9999.000,9999.000,9999.000
202605221512,   0.387,   0.088,9999.000,9999.000,9999.000,9999.000,9999.000,9999.000,9999.000
202605221518,   0.427,   0.131,9999.000,9999.000,9999.000,9999.000,9999.000,9999.000,9999.000
202605221524,   0.470,   0.160,9999.000,9999.000,9999.000,9999.000,9999.000,9999.000,9999.000
202605221530,   0.514,   0.209,9999.000,9999.000,9999.000,9999.000,9999.000,9999.000,9999.000
202605221536,   0.562,   0.259,9999.000,9999.000,9999.000,9999.000,9999.000,9999.000,9999.000
202605221542,   0.611,   0.308,9999.000,9999.000,9999.000,9999.000,9999.000,9999.000,9999.000
202605221548,   0.663,   0.350,9999.000,9999.000,9999.000,9999.000,9999.000,9999.000,9999.000
202605221554,   0.717,   0.400,9999.000,9999.000,9999.000,9999.000,9999.000,9999.000,9999.000
202605221600,   0.772,   0.449,   1.000,  -1.323,   0.449,   0.900,   0.349,   1.100,   0.549
202605221606,   0.829,   0.508,9999.000,9999.000,9999.000,9999.000,9999.000,9999.000,9999.000
202605221612,   0.887,   0.560,9999.000,9999.000,9999.000,9999.000,9999.000,9999.000,9999.000
202605221618,   0.947,   0.610,9999.000,9999.000,9999.000,9999.000,9999.000,9999.000,9999.000
202605221624,   1.007,   0.649,9999.000,9999.000,9999.000,9999.000,9999.000,9999.000,9999.000
202605221630,   1.067,   0.698,9999.000,9999.000,9999.000,9999.000,9999.000,9999.000,9999.000
202605221636,   1.128,   0.770,9999.000,9999.000,9999.000,9999.000,9999.000,9999.000,9999.000
202605221642,   1.188,   0.819,9999.000,9999.000,9999.000,9999.000,9999.000,9999.000,9999.000
202605221648,   1.248,   0.879,9999.000,9999.000,9999.000,9999.000,9999.000,9999.000,9999.000
202605221654,   1.307,   0.928,9999.000,9999.000,9999.000,9999.000,9999.000,9999.000,9999.000
202605221700,   1.365,   0.980,   1.000,  -1.385,   0.980,   0.900,   0.880,   1.100,   1.080
202605221706,   1.420,   1.020,9999.000,9999.000,9999.000,9999.000,9999.000,9999.000,9999.000
202605221712,   1.474,   1.059,9999.000,9999.000,9999.000,9999.000,9999.000,9999.000,9999.000
202605221718,   1.525,   1.118,9999.000,9999.000,9999.000,9999.000,9999.000,9999.000,9999.000
202605221724,   1.573,   1.161,9999.000,9999.000,9999.000,9999.000,9999.000,9999.000,9999.000
202605221730,   1.618,   1.200,9999.000,9999.000,9999.000,9999.000,9999.000,9999.000,9999.000
202605221736,   1.660,   1.249,9999.000,9999.000,9999.000,9999.000,9999.000,9999.000,9999.000
202605221742,   1.698,   1.289,9999.000,9999.000,9999.000,9999.000,9999.000,9999.000,9999.000
202605221748,   1.733,   1.338,9999.000,9999.000,9999.000,9999.000,9999.000,9999.000,9999.000
202605221754,   1.763,   1.371,9999.000,9999.000,9999.000,9999.000,9999.000,9999.000,9999.000
202605221800,   1.789,   1.420,   1.000,  -1.369,   1.420,   0.900,   1.320,   1.100,   1.520
202605221806,   1.812,   1.459,9999.000,9999.000,9999.000,9999.000,9999.000,9999.000,9999.000
202605221812,   1.830,   1.489,9999.000,9999.000,9999.000,9999.000,9999.000,9999.000,9999.000
202605221818,   1.843,   1.518,9999.000,9999.000,9999.000,9999.000,9999.000,9999.000,9999.000
202605221824,   1.853,   1.548,9999.000,9999.000,9999.000,9999.000,9999.000,9999.000,9999.000
202605221830,   1.859,   1.590,9999.000,9999.000,9999.000,9999.000,9999.000,9999.000,9999.000
202605221836,   1.861,   1.630,9999.000,9999.000,9999.000,9999.000,9999.000,9999.000,9999.000
202605221842,   1.860,   1.659,9999.000,9999.000,9999.000,9999.000,9999.000,9999.000,9999.000
202605221848,   1.855,   1.689,9999.000,9999.000,9999.000,9999.000,9999.000,9999.000,9999.000
202605221854,   1.847,   1.718,9999.000,9999.000,9999.000,9999.000,9999.000,9999.000,9999.000
202605221900,   1.837,   1.738,   1.100,  -1.199,   1.738,   0.900,   1.538,   1.200,   1.838
202605221906,   1.824,   1.758,9999.000,9999.000,9999.000,9999.000,9999.000,9999.000,9999.000
202605221912,   1.808,   1.767,9999.000,9999.000,9999.000,9999.000,9999.000,9999.000,9999.000
202605221918,   1.791,   1.767,9999.000,9999.000,9999.000,9999.000,9999.000,9999.000,9999.000
202605221924,   1.772,   1.767,9999.000,9999.000,9999.000,9999.000,9999.000,9999.000,9999.000
202605221930,   1.751,   1.758,9999.000,9999.000,9999.000,9999.000,9999.000,9999.000,9999.000
202605221936,   1.729,   1.738,9999.000,9999.000,9999.000,9999.000,9999.000,9999.000,9999.000
202605221942,   1.707,   1.728,9999.000,9999.000,9999.000,9999.000,9999.000,9999.000,9999.000
202605221948,   1.683,   1.699,9999.000,9999.000,9999.000,9999.000,9999.000,9999.000,9999.000
202605221954,   1.659,   1.679,9999.000,9999.000,9999.000,9999.000,9999.000,9999.000,9999.000
202605222000,   1.635,   1.659,   1.100,  -1.076,   1.659,   1.000,   1.559,   1.200,   1.759
202605222006,   1.610,   1.630,9999.000,9999.000,9999.000,9999.000,9999.000,9999.000,9999.000
202605222012,   1.584,   1.580,9999.000,9999.000,9999.000,9999.000,9999.000,9999.000,9999.000
202605222018,   1.559,   1.528,9999.000,9999.000,9999.000,9999.000,9999.000,9999.000,9999.000
202605222024,   1.534,   1.498,9999.000,9999.000,9999.000,9999.000,9999.000,9999.000,9999.000
202605222030,   1.508,   1.459,9999.000,9999.000,9999.000,9999.000,9999.000,9999.000,9999.000
202605222036,   1.482,   1.420,9999.000,9999.000,9999.000,9999.000,9999.000,9999.000,9999.000
202605222042,   1.456,   1.348,9999.000,9999.000,9999.000,9999.000,9999.000,9999.000,9999.000
202605222048,   1.430,   1.318,9999.000,9999.000,9999.000,9999.000,9999.000,9999.000,9999.000
202605222054,   1.404,   1.279,9999.000,9999.000,9999.000,9999.000,9999.000,9999.000,9999.000
202605222100,   1.377,   1.239,   1.200,  -1.338,   1.239,   1.000,   1.039,   1.300,   1.339
202605222106,   1.350,   1.200,9999.000,9999.000,9999.000,9999.000,9999.000,9999.000,9999.000
202605222112,   1.323,   1.161,9999.000,9999.000,9999.000,9999.000,9999.000,9999.000,9999.000
202605222118,   1.296,   1.138,9999.000,9999.000,9999.000,9999.000,9999.000,9999.000,9999.000
202605222124,   1.268,   1.098,9999.000,9999.000,9999.000,9999.000,9999.000,9999.000,9999.000
202605222130,   1.240,   1.069,9999.000,9999.000,9999.000,9999.000,9999.000,9999.000,9999.000
202605222136,   1.211,   1.029,9999.000,9999.000,9999.000,9999.000,9999.000,9999.000,9999.000
202605222142,   1.182,   0.980,9999.000,9999.000,9999.000,9999.000,9999.000,9999.000,9999.000
202605222148,   1.153,   0.928,9999.000,9999.000,9999.000,9999.000,9999.000,9999.000,9999.000
202605222154,   1.124,   0.888,9999.000,9999.000,9999.000,9999.000,9999.000,9999.000,9999.000
202605222200,   1.094,   0.849,   1.200,  -1.445,   0.849,   1.100,   0.749,   1.400,   1.049
202605222206,   1.065,   0.810,9999.000,9999.000,9999.000,9999.000,9999.000,9999.000,9999.000
202605222212,   1.035,   0.770,9999.000,9999.000,9999.000,9999.000,9999.000,9999.000,9999.000
202605222218,   1.005,   0.731,9999.000,9999.000,9999.000,9999.000,9999.000,9999.000,9999.000
202605222224,   0.975,   0.688,9999.000,9999.000,9999.000,9999.000,9999.000,9999.000,9999.000
202605222230,   0.945,   0.639,9999.000,9999.000,9999.000,9999.000,9999.000,9999.000,9999.000
202605222236,   0.915,   0.600,9999.000,9999.000,9999.000,9999.000,9999.000,9999.000,9999.000
202605222242,   0.886,   0.560,9999.000,9999.000,9999.000,9999.000,9999.000,9999.000,9999.000
202605222248,   0.857,   0.518,9999.000,9999.000,9999.000,9999.000,9999.000,9999.000,9999.000
202605222254,   0.828,   0.488,9999.000,9999.000,9999.000,9999.000,9999.000,9999.000,9999.000
202605222300,   0.800,   0.449,   1.300,  -1.651,   0.449,   1.100,   0.249,   1.400,   0.549
202605222306,   0.772,   0.409,9999.000,9999.000,9999.000,9999.000,9999.000,9999.000,9999.000
202605222312,   0.744,   0.370,9999.000,9999.000,9999.000,9999.000,9999.000,9999.000,9999.000
202605222318,   0.717,   0.321,9999.000,9999.000,9999.000,9999.000,9999.000,9999.000,9999.000
202605222324,   0.690,   0.288,9999.000,9999.000,9999.000,9999.000,9999.000,9999.000,9999.000
202605222330,   0.664,   0.249,9999.000,9999.000,9999.000,9999.000,9999.000,9999.000,9999.000
202605222336,   0.638,   0.209,9999.000,9999.000,9999.000,9999.000,9999.000,9999.000,9999.000
202605222342,   0.613,   0.180,9999.000,9999.000,9999.000,9999.000,9999.000,9999.000,9999.000
202605222348,   0.589,   0.141,9999.000,9999.000,9999.000,9999.000,9999.000,9999.000,9999.000
202605222354,   0.565,   0.098,9999.000,9999.000,9999.000,9999.000,9999.000,9999.000,9999.000
202605230000,   0.541,   0.068,   1.200,  -1.673,   0.068,   1.000,  -0.132,   1.300,   0.168
202605230006,   0.519,   0.039,9999.000,9999.000,9999.000,9999.000,9999.000,9999.000,9999.000
202605230012,   0.497,   0.000,9999.000,9999.000,9999.000,9999.000,9999.000,9999.000,9999.000
202605230018,   0.475,  -0.029,9999.000,9999.000,9999.000,9999.000,9999.000,9999.000,9999.000
202605230024,   0.455,  -0.059,9999.000,9999.000,9999.000,9999.000,9999.000,9999.000,9999.000
202605230030,   0.435,  -0.088,9999.000,9999.000,9999.000,9999.000,9999.000,9999.000,9999.000
202605230036,   0.416,  -0.121,9999.000,9999.000,9999.000,9999.000,9999.000,9999.000,9999.000
202605230042,   0.398,  -0.141,9999.000,9999.000,9999.000,9999.000,9999.000,9999.000,9999.000
202605230048,   0.382,  -0.160,9999.000,9999.000,9999.000,9999.000,9999.000,9999.000,9999.000
202605230054,   0.366,  -0.180,9999.000,9999.000,9999.000,9999.000,9999.000,9999.000,9999.000
202605230100,   0.352,  -0.200,   1.200,  -1.752,  -0.200,   1.100,  -0.300,   1.400,  -0.000
202605230106,   0.340,  -0.209,9999.000,9999.000,9999.000,9999.000,9999.000,9999.000,9999.000
202605230112,   0.329,  -0.219,9999.000,9999.000,9999.000,9999.000,9999.000,9999.000,9999.000
202605230118,   0.319,  -0.229,9999.000,9999.000,9999.000,9999.000,9999.000,9999.000,9999.000
202605230124,   0.312,  -0.239,9999.000,9999.000,9999.000,9999.000,9999.000,9999.000,9999.000
202605230130,   0.306,  -0.229,9999.000,9999.000,9999.000,9999.000,9999.000,9999.000,9999.000
202605230136,   0.302,  -0.219,9999.000,9999.000,9999.000,9999.000,9999.000,9999.000,9999.000
202605230142,   0.300,  -0.219,9999.000,9999.000,9999.000,9999.000,9999.000,9999.000,9999.000
202605230148,   0.301,  -0.200,9999.000,9999.000,9999.000,9999.000,9999.000,9999.000,9999.000
202605230154,   0.303,  -0.170,9999.000,9999.000,9999.000,9999.000,9999.000,9999.000,9999.000
202605230200,   0.308,  -0.141,   1.200,  -1.649,  -0.141,   1.100,  -0.241,   1.400,   0.059
202605230206,   0.315,  -0.111,9999.000,9999.000,9999.000,9999.000,9999.000,9999.000,9999.000
202605230212,   0.324,  -0.078,9999.000,9999.000,9999.000,9999.000,9999.000,9999.000,9999.000
202605230218,   0.335,  -0.039,9999.000,9999.000,9999.000,9999.000,9999.000,9999.000,9999.000
202605230224,   0.349,   0.000,9999.000,9999.000,9999.000,9999.000,9999.000,9999.000,9999.000
202605230230,   0.366,   0.049,9999.000,9999.000,9999.000,9999.000,9999.000,9999.000,9999.000
202605230236,   0.384,   0.088,9999.000,9999.000,9999.000,9999.000,9999.000,9999.000,9999.000
202605230242,   0.405,   0.121,9999.000,9999.000,9999.000,9999.000,9999.000,9999.000,9999.000
202605230248,   0.429,   0.160,9999.000,9999.000,9999.000,9999.000,9999.000,9999.000,9999.000
202605230254,   0.454,   0.209,9999.000,9999.000,9999.000,9999.000,9999.000,9999.000,9999.000
202605230300,   0.482,   0.249,   1.200,  -1.433,   0.249,   1.100,   0.149,   1.400,   0.449
202605230306,   0.512,   0.278,9999.000,9999.000,9999.000,9999.000,9999.000,9999.000,9999.000
202605230312,   0.545,   0.321,9999.000,9999.000,9999.000,9999.000,9999.000,9999.000,9999.000
202605230318,   0.579,   0.360,9999.000,9999.000,9999.000,9999.000,9999.000,9999.000,9999.000
202605230324,   0.616,   0.409,9999.000,9999.000,9999.000,9999.000,9999.000,9999.000,9999.000
202605230330,   0.656,   0.449,9999.000,9999.000,9999.000,9999.000,9999.000,9999.000,9999.000
202605230336,   0.697,   0.488,9999.000,9999.000,9999.000,9999.000,9999.000,9999.000,9999.000
202605230342,   0.740,   0.541,9999.000,9999.000,9999.000,9999.000,9999.000,9999.000,9999.000
202605230348,   0.786,   0.590,9999.000,9999.000,9999.000,9999.000,9999.000,9999.000,9999.000
202605230354,   0.833,   0.629,9999.000,9999.000,9999.000,9999.000,9999.000,9999.000,9999.000
202605230400,   0.883,   0.678,   1.200,  -1.405,   0.678,   1.100,   0.578,   1.300,   0.778
202605230406,   0.934,   0.741,9999.000,9999.000,9999.000,9999.000,9999.000,9999.000,9999.000
202605230412,   0.987,   0.780,9999.000,9999.000,9999.000,9999.000,9999.000,9999.000,9999.000
202605230418,   1.042,   0.829,9999.000,9999.000,9999.000,9999.000,9999.000,9999.000,9999.000
202605230424,   1.098,   0.879,9999.000,9999.000,9999.000,9999.000,9999.000,9999.000,9999.000
202605230430,   1.155,   0.941,9999.000,9999.000,9999.000,9999.000,9999.000,9999.000,9999.000
202605230436,   1.213,   0.990,9999.000,9999.000,9999.000,9999.000,9999.000,9999.000,9999.000
202605230442,   1.272,   1.039,9999.000,9999.000,9999.000,9999.000,9999.000,9999.000,9999.000
202605230448,   1.331,   1.098,9999.000,9999.000,9999.000,9999.000,9999.000,9999.000,9999.000
202605230454,   1.391,   1.138,9999.000,9999.000,9999.000,9999.000,9999.000,9999.000,9999.000
202605230500,   1.450,   1.200,   1.200,  -1.450,   1.200,   1.100,   1.100,   1.300,   1.300
202605230506,   1.510,   1.249,9999.000,9999.000,9999.000,9999.000,9999.000,9999.000,9999.000
202605230512,   1.568,   1.298,9999.000,9999.000,9999.000,9999.000,9999.000,9999.000,9999.000
202605230518,   1.625,   1.361,9999.000,9999.000,9999.000,9999.000,9999.000,9999.000,9999.000
202605230524,   1.681,   1.420,9999.000,9999.000,9999.000,9999.000,9999.000,9999.000,9999.000
202605230530,   1.735,   1.469,9999.000,9999.000,9999.000,9999.000,9999.000,9999.000,9999.000
202605230536,   1.787,   1.518,9999.000,9999.000,9999.000,9999.000,9999.000,9999.000,9999.000
202605230542,   1.836,   1.571,9999.000,9999.000,9999.000,9999.000,9999.000,9999.000,9999.000
202605230548,   1.883,   1.620,9999.000,9999.000,9999.000,9999.000,9999.000,9999.000,9999.000
202605230554,   1.926,   1.659,9999.000,9999.000,9999.000,9999.000,9999.000,9999.000,9999.000
202605230600,   1.966,   1.708,   1.200,  -1.458,   1.708,   1.000,   1.508,   1.300,   1.808
202605230606,   2.002,   1.748,9999.000,9999.000,9999.000,9999.000,9999.000,9999.000,9999.000
202605230612,   2.035,   1.790,9999.000,9999.000,9999.000,9999.000,9999.000,9999.000,9999.000
202605230618,   2.063,   1.830,9999.000,9999.000,9999.000,9999.000,9999.000,9999.000,9999.000
202605230624,   2.088,   1.859,9999.000,9999.000,9999.000,9999.000,9999.000,9999.000,9999.000
202605230630,   2.108,   1.889,9999.000,9999.000,9999.000,9999.000,9999.000,9999.000,9999.000
202605230636,   2.124,   1.918,9999.000,9999.000,9999.000,9999.000,9999.000,9999.000,9999.000
202605230642,   2.136,   1.948,9999.000,9999.000,9999.000,9999.000,9999.000,9999.000,9999.000
202605230648,   2.144,   1.967,9999.000,9999.000,9999.000,9999.000,9999.000,9999.000,9999.000
202605230654,   2.149,   1.990,9999.000,9999.000,9999.000,9999.000,9999.000,9999.000,9999.000
202605230700,   2.149,   2.010,   1.100,  -1.239,   2.010,   1.000,   1.910,   1.300,   2.210
202605230706,   2.146,   2.020,9999.000,9999.000,9999.000,9999.000,9999.000,9999.000,9999.000
202605230712,   2.139,   2.040,9999.000,9999.000,9999.000,9999.000,9999.000,9999.000,9999.000
202605230718,   2.130,   2.049,9999.000,9999.000,9999.000,9999.000,9999.000,9999.000,9999.000
202605230724,   2.117,   2.059,9999.000,9999.000,9999.000,9999.000,9999.000,9999.000,9999.000
202605230730,   2.102,   2.059,9999.000,9999.000,9999.000,9999.000,9999.000,9999.000,9999.000
202605230736,   2.084,   2.059,9999.000,9999.000,9999.000,9999.000,9999.000,9999.000,9999.000
202605230742,   2.065,   2.059,9999.000,9999.000,9999.000,9999.000,9999.000,9999.000,9999.000
202605230748,   2.044,   2.059,9999.000,9999.000,9999.000,9999.000,9999.000,9999.000,9999.000
202605230754,   2.021,   2.040,9999.000,9999.000,9999.000,9999.000,9999.000,9999.000,9999.000
202605230800,   1.997,   2.030,   1.100,  -1.067,   2.030,   1.000,   1.930,   1.200,   2.130
202605230806,   1.972,   2.010,9999.000,9999.000,9999.000,9999.000,9999.000,9999.000,9999.000
202605230812,   1.946,   1.990,9999.000,9999.000,9999.000,9999.000,9999.000,9999.000,9999.000
202605230818,   1.919,   1.967,9999.000,9999.000,9999.000,9999.000,9999.000,9999.000,9999.000
202605230824,   1.892,   1.938,9999.000,9999.000,9999.000,9999.000,9999.000,9999.000,9999.000
202605230830,   1.864,   1.908,9999.000,9999.000,9999.000,9999.000,9999.000,9999.000,9999.000
202605230836,   1.836,   1.869,9999.000,9999.000,9999.000,9999.000,9999.000,9999.000,9999.000
202605230842,   1.807,   1.820,9999.000,9999.000,9999.000,9999.000,9999.000,9999.000,9999.000
202605230848,   1.778,   1.781,9999.000,9999.000,9999.000,9999.000,9999.000,9999.000,9999.000
202605230854,   1.749,   1.748,9999.000,9999.000,9999.000,9999.000,9999.000,9999.000,9999.000
202605230900,   1.720,   1.708,   1.100,  -1.112,   1.708,   1.000,   1.608,   1.200,   1.808
202605230906,   1.691,   1.679,9999.000,9999.000,9999.000,9999.000,9999.000,9999.000,9999.000
202605230912,   1.661,   1.639,9999.000,9999.000,9999.000,9999.000,9999.000,9999.000,9999.000
202605230918,   1.630,   1.610,9999.000,9999.000,9999.000,9999.000,9999.000,9999.000,9999.000
202605230924,   1.600,   1.571,9999.000,9999.000,9999.000,9999.000,9999.000,9999.000,9999.000
202605230930,   1.569,   1.528,9999.000,9999.000,9999.000,9999.000,9999.000,9999.000,9999.000
202605230936,   1.537,   1.489,9999.000,9999.000,9999.000,9999.000,9999.000,9999.000,9999.000
202605230942,   1.505,   1.439,9999.000,9999.000,9999.000,9999.000,9999.000,9999.000,9999.000
202605230948,   1.473,   1.400,9999.000,9999.000,9999.000,9999.000,9999.000,9999.000,9999.000
202605230954,   1.440,   1.361,9999.000,9999.000,9999.000,9999.000,9999.000,9999.000,9999.000
202605231000,   1.406,   1.308,   1.100,  -1.198,   1.308,   1.000,   1.208,   1.200,   1.408
202605231006,   1.372,   1.269,9999.000,9999.000,9999.000,9999.000,9999.000,9999.000,9999.000
202605231012,   1.337,   1.229,9999.000,9999.000,9999.000,9999.000,9999.000,9999.000,9999.000
202605231018,   1.302,   1.190,9999.000,9999.000,9999.000,9999.000,9999.000,9999.000,9999.000
202605231024,   1.267,   1.151,9999.000,9999.000,9999.000,9999.000,9999.000,9999.000,9999.000
202605231030,   1.231,   1.098,9999.000,9999.000,9999.000,9999.000,9999.000,9999.000,9999.000
202605231036,   1.195,   1.059,9999.000,9999.000,9999.000,9999.000,9999.000,9999.000,9999.000
202605231042,   1.159,   1.020,9999.000,9999.000,9999.000,9999.000,9999.000,9999.000,9999.000
202605231048,   1.123,   0.980,9999.000,9999.000,9999.000,9999.000,9999.000,9999.000,9999.000
202605231054,   1.087,   0.918,9999.000,9999.000,9999.000,9999.000,9999.000,9999.000,9999.000
202605231100,   1.050,   0.869,   1.100,  -1.281,   0.869,   1.000,   0.769,   1.200,   0.969
202605231106,   1.014,   0.829,9999.000,9999.000,9999.000,9999.000,9999.000,9999.000,9999.000
202605231112,   0.978,   0.790,9999.000,9999.000,9999.000,9999.000,9999.000,9999.000,9999.000
202605231118,   0.942,   0.741,9999.000,9999.000,9999.000,9999.000,9999.000,9999.000,9999.000
202605231124,   0.906,   0.688,9999.000,9999.000,9999.000,9999.000,9999.000,9999.000,9999.000
202605231130,   0.871,   0.649,9999.000,9999.000,9999.000,9999.000,9999.000,9999.000,9999.000
202605231136,   0.836,   0.600,9999.000,9999.000,9999.000,9999.000,9999.000,9999.000,9999.000
202605231142,   0.801,   0.560,9999.000,9999.000,9999.000,9999.000,9999.000,9999.000,9999.000
202605231148,   0.767,   0.518,9999.000,9999.000,9999.000,9999.000,9999.000,9999.000,9999.000
202605231154,   0.732,9999.000,9999.000,9999.000,9999.000,9999.000,9999.000,9999.000,9999.000
202605231200,   0.699,9999.000,   1.100,  -1.289,   0.510,   1.000,   0.410,   1.200,   0.610
202605231206,   0.665,9999.000,9999.000,9999.000,9999.000,9999.000,9999.000,9999.000,9999.000
202605231212,   0.633,9999.000,9999.000,9999.000,9999.000,9999.000,9999.000,9999.000,9999.000
202605231218,   0.600,9999.000,9999.000,9999.000,9999.000,9999.000,9999.000,9999.000,9999.000
202605231224,   0.568,9999.000,9999.000,9999.000,9999.000,9999.000,9999.000,9999.000,9999.000
202605231230,   0.537,9999.000,9999.000,9999.000,9999.000,9999.000,9999.000,9999.000,9999.000
202605231236,   0.506,9999.000,9999.000,9999.000,9999.000,9999.000,9999.000,9999.000,9999.000
202605231242,   0.475,9999.000,9999.000,9999.000,9999.000,9999.000,9999.000,9999.000,9999.000
202605231248,   0.446,9999.000,9999.000,9999.000,9999.000,9999.000,9999.000,9999.000,9999.000
202605231254,   0.417,9999.000,9999.000,9999.000,9999.000,9999.000,9999.000,9999.000,9999.000
202605231300,   0.388,9999.000,   1.100,  -1.297,   0.191,   0.900,  -0.009,   1.200,   0.291
202605231306,   0.361,9999.000,9999.000,9999.000,9999.000,9999.000,9999.000,9999.000,9999.000
202605231312,   0.335,9999.000,9999.000,9999.000,9999.000,9999.000,9999.000,9999.000,9999.000
202605231318,   0.309,9999.000,9999.000,9999.000,9999.000,9999.000,9999.000,9999.000,9999.000
202605231324,   0.285,9999.000,9999.000,9999.000,9999.000,9999.000,9999.000,9999.000,9999.000
202605231330,   0.262,9999.000,9999.000,9999.000,9999.000,9999.000,9999.000,9999.000,9999.000
202605231336,   0.241,9999.000,9999.000,9999.000,9999.000,9999.000,9999.000,9999.000,9999.000
202605231342,   0.221,9999.000,9999.000,9999.000,9999.000,9999.000,9999.000,9999.000,9999.000
202605231348,   0.202,9999.000,9999.000,9999.000,9999.000,9999.000,9999.000,9999.000,9999.000
202605231354,   0.186,9999.000,9999.000,9999.000,9999.000,9999.000,9999.000,9999.000,9999.000
202605231400,   0.171,9999.000,   1.000,  -1.305,  -0.134,   0.900,  -0.234,   1.200,   0.066
202605231406,   0.158,9999.000,9999.000,9999.000,9999.000,9999.000,9999.000,9999.000,9999.000
202605231412,   0.147,9999.000,9999.000,9999.000,9999.000,9999.000,9999.000,9999.000,9999.000
202605231418,   0.138,9999.000,9999.000,9999.000,9999.000,9999.000,9999.000,9999.000,9999.000
202605231424,   0.131,9999.000,9999.000,9999.000,9999.000,9999.000,9999.000,9999.000,9999.000
202605231430,   0.127,9999.000,9999.000,9999.000,9999.000,9999.000,9999.000,9999.000,9999.000
202605231436,   0.125,9999.000,9999.000,9999.000,9999.000,9999.000,9999.000,9999.000,9999.000
202605231442,   0.125,9999.000,9999.000,9999.000,9999.000,9999.000,9999.000,9999.000,9999.000
202605231448,   0.127,9999.000,9999.000,9999.000,9999.000,9999.000,9999.000,9999.000,9999.000
202605231454,   0.132,9999.000,9999.000,9999.000,9999.000,9999.000,9999.000,9999.000,9999.000
202605231500,   0.139,9999.000,   1.000,  -1.314,  -0.175,   0.900,  -0.275,   1.200,   0.025
202605231506,   0.149,9999.000,9999.000,9999.000,9999.000,9999.000,9999.000,9999.000,9999.000
202605231512,   0.161,9999.000,9999.000,9999.000,9999.000,9999.000,9999.000,9999.000,9999.000
202605231518,   0.176,9999.000,9999.000,9999.000,9999.000,9999.000,9999.000,9999.000,9999.000
202605231524,   0.193,9999.000,9999.000,9999.000,9999.000,9999.000,9999.000,9999.000,9999.000
202605231530,   0.213,9999.000,9999.000,9999.000,9999.000,9999.000,9999.000,9999.000,9999.000
202605231536,   0.235,9999.000,9999.000,9999.000,9999.000,9999.000,9999.000,9999.000,9999.000
202605231542,   0.260,9999.000,9999.000,9999.000,9999.000,9999.000,9999.000,9999.000,9999.000
202605231548,   0.287,9999.000,9999.000,9999.000,9999.000,9999.000,9999.000,9999.000,9999.000
202605231554,   0.317,9999.000,9999.000,9999.000,9999.000,9999.000,9999.000,9999.000,9999.000
202605231600,   0.350,9999.000,   1.000,  -1.322,   0.028,   0.800,  -0.172,   1.100,   0.128
202605231606,   0.385,9999.000,9999.000,9999.000,9999.000,9999.000,9999.000,9999.000,9999.000
202605231612,   0.422,9999.000,9999.000,9999.000,9999.000,9999.000,9999.000,9999.000,9999.000
202605231618,   0.463,9999.000,9999.000,9999.000,9999.000,9999.000,9999.000,9999.000,9999.000
202605231624,   0.505,9999.000,9999.000,9999.000,9999.000,9999.000,9999.000,9999.000,9999.000
202605231630,   0.550,9999.000,9999.000,9999.000,9999.000,9999.000,9999.000,9999.000,9999.000
202605231636,   0.597,9999.000,9999.000,9999.000,9999.000,9999.000,9999.000,9999.000,9999.000
202605231642,   0.647,9999.000,9999.000,9999.000,9999.000,9999.000,9999.000,9999.000,9999.000
202605231648,   0.699,9999.000,9999.000,9999.000,9999.000,9999.000,9999.000,9999.000,9999.000
202605231654,   0.752,9999.000,9999.000,9999.000,9999.000,9999.000,9999.000,9999.000,9999.000
202605231700,   0.807,9999.000,   1.000,  -1.330,   0.477,   0.800,   0.277,   1.100,   0.577
202605231706,   0.864,9999.000,9999.000,9999.000,9999.000,9999.000,9999.000,9999.000,9999.000
202605231712,   0.922,9999.000,9999.000,9999.000,9999.000,9999.000,9999.000,9999.000,9999.000
202605231718,   0.981,9999.000,9999.000,9999.000,9999.000,9999.000,9999.000,9999.000,9999.000
202605231724,   1.041,9999.000,9999.000,9999.000,9999.000,9999.000,9999.000,9999.000,9999.000
202605231730,   1.101,9999.000,9999.000,9999.000,9999.000,9999.000,9999.000,9999.000,9999.000
202605231736,   1.161,9999.000,9999.000,9999.000,9999.000,9999.000,9999.000,9999.000,9999.000
202605231742,   1.221,9999.000,9999.000,9999.000,9999.000,9999.000,9999.000,9999.000,9999.000
202605231748,   1.280,9999.000,9999.000,9999.000,9999.000,9999.000,9999.000,9999.000,9999.000
202605231754,   1.338,9999.000,9999.000,9999.000,9999.000,9999.000,9999.000,9999.000,9999.000
202605231800,   1.395,9999.000,   0.900,  -1.338,   0.957,   0.800,   0.857,   1.100,   1.157
202605231806,   1.450,9999.000,9999.000,9999.000,9999.000,9999.000,9999.000,9999.000,9999.000
202605231812,   1.503,9999.000,9999.000,9999.000,9999.000,9999.000,9999.000,9999.000,9999.000
202605231818,   1.554,9999.000,9999.000,9999.000,9999.000,9999.000,9999.000,9999.000,9999.000
202605231824,   1.601,9999.000,9999.000,9999.000,9999.000,9999.000,9999.000,9999.000,9999.000
202605231830,   1.646,9999.000,9999.000,9999.000,9999.000,9999.000,9999.000,9999.000,9999.000
202605231836,   1.688,9999.000,9999.000,9999.000,9999.000,9999.000,9999.000,9999.000,9999.000
202605231842,   1.726,9999.000,9999.000,9999.000,9999.000,9999.000,9999.000,9999.000,9999.000
202605231848,   1.760,9999.000,9999.000,9999.000,9999.000,9999.000,9999.000,9999.000,9999.000
202605231854,   1.791,9999.000,9999.000,9999.000,9999.000,9999.000,9999.000,9999.000,9999.000
202605231900,   1.818,9999.000,   0.900,  -1.346,   1.372,   0.800,   1.272,   1.100,   1.572
202605231906,   1.842,9999.000,9999.000,9999.000,9999.000,9999.000,9999.000,9999.000,9999.000
202605231912,   1.861,9999.000,9999.000,9999.000,9999.000,9999.000,9999.000,9999.000,9999.000
202605231918,   1.877,9999.000,9999.000,9999.000,9999.000,9999.000,9999.000,9999.000,9999.000
202605231924,   1.890,9999.000,9999.000,9999.000,9999.000,9999.000,9999.000,9999.000,9999.000
202605231930,   1.898,9999.000,9999.000,9999.000,9999.000,9999.000,9999.000,9999.000,9999.000
202605231936,   1.904,9999.000,9999.000,9999.000,9999.000,9999.000,9999.000,9999.000,9999.000
202605231942,   1.906,9999.000,9999.000,9999.000,9999.000,9999.000,9999.000,9999.000,9999.000
202605231948,   1.906,9999.000,9999.000,9999.000,9999.000,9999.000,9999.000,9999.000,9999.000
202605231954,   1.903,9999.000,9999.000,9999.000,9999.000,9999.000,9999.000,9999.000,9999.000
202605232000,   1.898,9999.000,   0.900,  -1.354,   1.444,   0.800,   1.344,   1.000,   1.544
202605232006,   1.890,9999.000,9999.000,9999.000,9999.000,9999.000,9999.000,9999.000,9999.000
202605232012,   1.880,9999.000,9999.000,9999.000,9999.000,9999.000,9999.000,9999.000,9999.000
202605232018,   1.869,9999.000,9999.000,9999.000,9999.000,9999.000,9999.000,9999.000,9999.000
202605232024,   1.856,9999.000,9999.000,9999.000,9999.000,9999.000,9999.000,9999.000,9999.000
202605232030,   1.841,9999.000,9999.000,9999.000,9999.000,9999.000,9999.000,9999.000,9999.000
202605232036,   1.826,9999.000,9999.000,9999.000,9999.000,9999.000,9999.000,9999.000,9999.000
202605232042,   1.809,9999.000,9999.000,9999.000,9999.000,9999.000,9999.000,9999.000,9999.000
202605232048,   1.791,9999.000,9999.000,9999.000,9999.000,9999.000,9999.000,9999.000,9999.000
202605232054,   1.773,9999.000,9999.000,9999.000,9999.000,9999.000,9999.000,9999.000,9999.000
202605232100,   1.754,9999.000,   0.900,  -1.363,   1.291,   0.700,   1.091,   1.000,   1.391
202605232106,   1.734,9999.000,9999.000,9999.000,9999.000,9999.000,9999.000,9999.000,9999.000
202605232112,   1.713,9999.000,9999.000,9999.000,9999.000,9999.000,9999.000,9999.000,9999.000
202605232118,   1.691,9999.000,9999.000,9999.000,9999.000,9999.000,9999.000,9999.000,9999.000
202605232124,   1.669,9999.000,9999.000,9999.000,9999.000,9999.000,9999.000,9999.000,9999.000
202605232130,   1.647,9999.000,9999.000,9999.000,9999.000,9999.000,9999.000,9999.000,9999.000
202605232136,   1.623,9999.000,9999.000,9999.000,9999.000,9999.000,9999.000,9999.000,9999.000
202605232142,   1.599,9999.000,9999.000,9999.000,9999.000,9999.000,9999.000,9999.000,9999.000
202605232148,   1.574,9999.000,9999.000,9999.000,9999.000,9999.000,9999.000,9999.000,9999.000
202605232154,   1.548,9999.000,9999.000,9999.000,9999.000,9999.000,9999.000,9999.000,9999.000
202605232200,   1.521,9999.000,   0.900,  -1.371,   1.050,   0.700,   0.850,   1.100,   1.250
202605232206,   1.493,9999.000,9999.000,9999.000,9999.000,9999.000,9999.000,9999.000,9999.000
202605232212,   1.465,9999.000,9999.000,9999.000,9999.000,9999.000,9999.000,9999.000,9999.000
202605232218,   1.435,9999.000,9999.000,9999.000,9999.000,9999.000,9999.000,9999.000,9999.000
202605232224,   1.405,9999.000,9999.000,9999.000,9999.000,9999.000,9999.000,9999.000,9999.000
202605232230,   1.374,9999.000,9999.000,9999.000,9999.000,9999.000,9999.000,9999.000,9999.000
202605232236,   1.343,9999.000,9999.000,9999.000,9999.000,9999.000,9999.000,9999.000,9999.000
202605232242,   1.311,9999.000,9999.000,9999.000,9999.000,9999.000,9999.000,9999.000,9999.000
202605232248,   1.278,9999.000,9999.000,9999.000,9999.000,9999.000,9999.000,9999.000,9999.000
202605232254,   1.245,9999.000,9999.000,9999.000,9999.000,9999.000,9999.000,9999.000,9999.000
202605232300,   1.211,9999.000,   0.900,  -1.379,   0.732,   0.700,   0.532,   1.100,   0.932
202605232306,   1.177,9999.000,9999.000,9999.000,9999.000,9999.000,9999.000,9999.000,9999.000
202605232312,   1.143,9999.000,9999.000,9999.000,9999.000,9999.000,9999.000,9999.000,9999.000
202605232318,   1.109,9999.000,9999.000,9999.000,9999.000,9999.000,9999.000,9999.000,9999.000
202605232324,   1.075,9999.000,9999.000,9999.000,9999.000,9999.000,9999.000,9999.000,9999.000
202605232330,   1.041,9999.000,9999.000,9999.000,9999.000,9999.000,9999.000,9999.000,9999.000
202605232336,   1.007,9999.000,9999.000,9999.000,9999.000,9999.000,9999.000,9999.000,9999.000
202605232342,   0.974,9999.000,9999.000,9999.000,9999.000,9999.000,9999.000,9999.000,9999.000
202605232348,   0.941,9999.000,9999.000,9999.000,9999.000,9999.000,9999.000,9999.000,9999.000
202605232354,   0.908,9999.000,9999.000,9999.000,9999.000,9999.000,9999.000,9999.000,9999.000
202605240000,   0.876,9999.000,   0.900,  -1.379,   0.397,   0.700,   0.197,   1.100,   0.597
202605240006,   0.845,9999.000,9999.000,9999.000,9999.000,9999.000,9999.000,9999.000,9999.000
202605240012,   0.814,9999.000,9999.000,9999.000,9999.000,9999.000,9999.000,9999.000,9999.000
202605240018,   0.783,9999.000,9999.000,9999.000,9999.000,9999.000,9999.000,9999.000,9999.000
202605240024,   0.753,9999.000,9999.000,9999.000,9999.000,9999.000,9999.000,9999.000,9999.000
202605240030,   0.724,9999.000,9999.000,9999.000,9999.000,9999.000,9999.000,9999.000,9999.000
202605240036,   0.696,9999.000,9999.000,9999.000,9999.000,9999.000,9999.000,9999.000,9999.000
202605240042,   0.668,9999.000,9999.000,9999.000,9999.000,9999.000,9999.000,9999.000,9999.000
202605240048,   0.641,9999.000,9999.000,9999.000,9999.000,9999.000,9999.000,9999.000,9999.000
202605240054,   0.615,9999.000,9999.000,9999.000,9999.000,9999.000,9999.000,9999.000,9999.000
202605240100,   0.589,9999.000,   0.800,  -1.379,   0.010,   0.700,  -0.090,   1.100,   0.310
202605240106,   0.565,9999.000,9999.000,9999.000,9999.000,9999.000,9999.000,9999.000,9999.000
202605240112,   0.541,9999.000,9999.000,9999.000,9999.000,9999.000,9999.000,9999.000,9999.000
202605240118,   0.518,9999.000,9999.000,9999.000,9999.000,9999.000,9999.000,9999.000,9999.000
202605240124,   0.496,9999.000,9999.000,9999.000,9999.000,9999.000,9999.000,9999.000,9999.000
202605240130,   0.475,9999.000,9999.000,9999.000,9999.000,9999.000,9999.000,9999.000,9999.000
202605240136,   0.455,9999.000,9999.000,9999.000,9999.000,9999.000,9999.000,9999.000,9999.000
202605240142,   0.436,9999.000,9999.000,9999.000,9999.000,9999.000,9999.000,9999.000,9999.000
202605240148,   0.418,9999.000,9999.000,9999.000,9999.000,9999.000,9999.000,9999.000,9999.000
202605240154,   0.402,9999.000,9999.000,9999.000,9999.000,9999.000,9999.000,9999.000,9999.000
202605240200,   0.387,9999.000,   0.800,  -1.379,  -0.192,   0.700,  -0.292,   1.000,   0.008
202605240206,   0.373,9999.000,9999.000,9999.000,9999.000,9999.000,9999.000,9999.000,9999.000
202605240212,   0.361,9999.000,9999.000,9999.000,9999.000,9999.000,9999.000,9999.000,9999.000
202605240218,   0.351,9999.000,9999.000,9999.000,9999.000,9999.000,9999.000,9999.000,9999.000
202605240224,   0.342,9999.000,9999.000,9999.000,9999.000,9999.000,9999.000,9999.000,9999.000
202605240230,   0.335,9999.000,9999.000,9999.000,9999.000,9999.000,9999.000,9999.000,9999.000
202605240236,   0.330,9999.000,9999.000,9999.000,9999.000,9999.000,9999.000,9999.000,9999.000
202605240242,   0.326,9999.000,9999.000,9999.000,9999.000,9999.000,9999.000,9999.000,9999.000
202605240248,   0.325,9999.000,9999.000,9999.000,9999.000,9999.000,9999.000,9999.000,9999.000
202605240254,   0.325,9999.000,9999.000,9999.000,9999.000,9999.000,9999.000,9999.000,9999.000
202605240300,   0.327,9999.000,   0.800,  -1.379,  -0.252,   0.700,  -0.352,   1.000,  -0.052
202605240306,   0.332,9999.000,9999.000,9999.000,9999.000,9999.000,9999.000,9999.000,9999.000
202605240312,   0.338,9999.000,9999.000,9999.000,9999.000,9999.000,9999.000,9999.000,9999.000
202605240318,   0.346,9999.000,9999.000,9999.000,9999.000,9999.000,9999.000,9999.000,9999.000
202605240324,   0.356,9999.000,9999.000,9999.000,9999.000,9999.000,9999.000,9999.000,9999.000
202605240330,   0.369,9999.000,9999.000,9999.000,9999.000,9999.000,9999.000,9999.000,9999.000
202605240336,   0.383,9999.000,9999.000,9999.000,9999.000,9999.000,9999.000,9999.000,9999.000
202605240342,   0.399,9999.000,9999.000,9999.000,9999.000,9999.000,9999.000,9999.000,9999.000
202605240348,   0.418,9999.000,9999.000,9999.000,9999.000,9999.000,9999.000,9999.000,9999.000
202605240354,   0.438,9999.000,9999.000,9999.000,9999.000,9999.000,9999.000,9999.000,9999.000
202605240400,   0.461,9999.000,   0.800,  -1.379,  -0.118,   0.700,  -0.218,   1.000,   0.082
202605240406,   0.485,9999.000,9999.000,9999.000,9999.000,9999.000,9999.000,9999.000,9999.000
202605240412,   0.512,9999.000,9999.000,9999.000,9999.000,9999.000,9999.000,9999.000,9999.000
202605240418,   0.541,9999.000,9999.000,9999.000,9999.000,9999.000,9999.000,9999.000,9999.000
202605240424,   0.572,9999.000,9999.000,9999.000,9999.000,9999.000,9999.000,9999.000,9999.000
202605240430,   0.605,9999.000,9999.000,9999.000,9999.000,9999.000,9999.000,9999.000,9999.000
202605240436,   0.640,9999.000,9999.000,9999.000,9999.000,9999.000,9999.000,9999.000,9999.000
202605240442,   0.677,9999.000,9999.000,9999.000,9999.000,9999.000,9999.000,9999.000,9999.000
202605240448,   0.717,9999.000,9999.000,9999.000,9999.000,9999.000,9999.000,9999.000,9999.000
202605240454,   0.758,9999.000,9999.000,9999.000,9999.000,9999.000,9999.000,9999.000,9999.000
202605240500,   0.801,9999.000,   0.800,  -1.379,   0.222,   0.600,   0.022,   1.000,   0.422
202605240506,   0.847,9999.000,9999.000,9999.000,9999.000,9999.000,9999.000,9999.000,9999.000
202605240512,   0.894,9999.000,9999.000,9999.000,9999.000,9999.000,9999.000,9999.000,9999.000
202605240518,   0.943,9999.000,9999.000,9999.000,9999.000,9999.000,9999.000,9999.000,9999.000
202605240524,   0.993,9999.000,9999.000,9999.000,9999.000,9999.000,9999.000,9999.000,9999.000
202605240530,   1.045,9999.000,9999.000,9999.000,9999.000,9999.000,9999.000,9999.000,9999.000
202605240536,   1.098,9999.000,9999.000,9999.000,9999.000,9999.000,9999.000,9999.000,9999.000
202605240542,   1.151,9999.000,9999.000,9999.000,9999.000,9999.000,9999.000,9999.000,9999.000
202605240548,   1.206,9999.000,9999.000,9999.000,9999.000,9999.000,9999.000,9999.000,9999.000
202605240554,   1.261,9999.000,9999.000,9999.000,9999.000,9999.000,9999.000,9999.000,9999.000
202605240600,   1.315,9999.000,   0.800,  -1.379,   0.736,   0.600,   0.536,   1.000,   0.936
202605240606,   1.370,9999.000,9999.000,9999.000,9999.000,9999.000,9999.000,9999.000,9999.000
202605240612,   1.424,9999.000,9999.000,9999.000,9999.000,9999.000,9999.000,9999.000,9999.000
202605240618,   1.477,9999.000,9999.000,9999.000,9999.000,9999.000,9999.000,9999.000,9999.000
202605240624,   1.528,9999.000,9999.000,9999.000,9999.000,9999.000,9999.000,9999.000,9999.000
202605240630,   1.578,9999.000,9999.000,9999.000,9999.000,9999.000,9999.000,9999.000,9999.000
202605240636,   1.626,9999.000,9999.000,9999.000,9999.000,9999.000,9999.000,9999.000,9999.000
202605240642,   1.672,9999.000,9999.000,9999.000,9999.000,9999.000,9999.000,9999.000,9999.000
202605240648,   1.715,9999.000,9999.000,9999.000,9999.000,9999.000,9999.000,9999.000,9999.000
202605240654,   1.756,9999.000,9999.000,9999.000,9999.000,9999.000,9999.000,9999.000,9999.000
202605240700,   1.793,9999.000,   0.700,  -1.379,   1.114,   0.600,   1.014,   0.900,   1.314
202605240706,   1.827,9999.000,9999.000,9999.000,9999.000,9999.000,9999.000,9999.000,9999.000
202605240712,   1.858,9999.000,9999.000,9999.000,9999.000,9999.000,9999.000,9999.000,9999.000
202605240718,   1.885,9999.000,9999.000,9999.000,9999.000,9999.000,9999.000,9999.000,9999.000
202605240724,   1.909,9999.000,9999.000,9999.000,9999.000,9999.000,9999.000,9999.000,9999.000
202605240730,   1.929,9999.000,9999.000,9999.000,9999.000,9999.000,9999.000,9999.000,9999.000
202605240736,   1.946,9999.000,9999.000,9999.000,9999.000,9999.000,9999.000,9999.000,9999.000
202605240742,   1.959,9999.000,9999.000,9999.000,9999.000,9999.000,9999.000,9999.000,9999.000
202605240748,   1.968,9999.000,9999.000,9999.000,9999.000,9999.000,9999.000,9999.000,9999.000
202605240754,   1.975,9999.000,9999.000,9999.000,9999.000,9999.000,9999.000,9999.000,9999.000
202605240800,   1.978,9999.000,   0.700,  -1.379,   1.299,   0.600,   1.199,   0.900,   1.499
202605240806,   1.978,9999.000,9999.000,9999.000,9999.000,9999.000,9999.000,9999.000,9999.000
202605240812,   1.975,9999.000,9999.000,9999.000,9999.000,9999.000,9999.000,9999.000,9999.000
202605240818,   1.970,9999.000,9999.000,9999.000,9999.000,9999.000,9999.000,9999.000,9999.000
202605240824,   1.962,9999.000,9999.000,9999.000,9999.000,9999.000,9999.000,9999.000,9999.000
202605240830,   1.953,9999.000,9999.000,9999.000,9999.000,9999.000,9999.000,9999.000,9999.000
202605240836,   1.941,9999.000,9999.000,9999.000,9999.000,9999.000,9999.000,9999.000,9999.000
202605240842,   1.927,9999.000,9999.000,9999.000,9999.000,9999.000,9999.000,9999.000,9999.000
202605240848,   1.912,9999.000,9999.000,9999.000,9999.000,9999.000,9999.000,9999.000,9999.000
202605240854,   1.896,9999.000,9999.000,9999.000,9999.000,9999.000,9999.000,9999.000,9999.000
202605240900,   1.879,9999.000,   0.700,  -1.379,   1.200,   0.500,   1.000,   0.900,   1.400
202605240906,   1.860,9999.000,9999.000,9999.000,9999.000,9999.000,9999.000,9999.000,9999.000
202605240912,   1.841,9999.000,9999.000,9999.000,9999.000,9999.000,9999.000,9999.000,9999.000
202605240918,   1.820,9999.000,9999.000,9999.000,9999.000,9999.000,9999.000,9999.000,9999.000
202605240924,   1.799,9999.000,9999.000,9999.000,9999.000,9999.000,9999.000,9999.000,9999.000
202605240930,   1.777,9999.000,9999.000,9999.000,9999.000,9999.000,9999.000,9999.000,9999.000
202605240936,   1.754,9999.000,9999.000,9999.000,9999.000,9999.000,9999.000,9999.000,9999.000
202605240942,   1.731,9999.000,9999.000,9999.000,9999.000,9999.000,9999.000,9999.000,9999.000
202605240948,   1.707,9999.000,9999.000,9999.000,9999.000,9999.000,9999.000,9999.000,9999.000
202605240954,   1.682,9999.000,9999.000,9999.000,9999.000,9999.000,9999.000,9999.000,9999.000
202605241000,   1.656,9999.000,   0.700,  -1.379,   0.977,   0.500,   0.777,   0.800,   1.077
202605241006,   1.629,9999.000,9999.000,9999.000,9999.000,9999.000,9999.000,9999.000,9999.000
202605241012,   1.601,9999.000,9999.000,9999.000,9999.000,9999.000,9999.000,9999.000,9999.000
202605241018,   1.573,9999.000,9999.000,9999.000,9999.000,9999.000,9999.000,9999.000,9999.000
202605241024,   1.544,9999.000,9999.000,9999.000,9999.000,9999.000,9999.000,9999.000,9999.000
202605241030,   1.513,9999.000,9999.000,9999.000,9999.000,9999.000,9999.000,9999.000,9999.000
202605241036,   1.482,9999.000,9999.000,9999.000,9999.000,9999.000,9999.000,9999.000,9999.000
202605241042,   1.450,9999.000,9999.000,9999.000,9999.000,9999.000,9999.000,9999.000,9999.000
202605241048,   1.416,9999.000,9999.000,9999.000,9999.000,9999.000,9999.000,9999.000,9999.000
202605241054,   1.382,9999.000,9999.000,9999.000,9999.000,9999.000,9999.000,9999.000,9999.000
202605241100,   1.347,9999.000,   0.700,  -1.379,   0.668,   0.500,   0.468,   0.800,   0.768
202605241106,   1.312,9999.000,9999.000,9999.000,9999.000,9999.000,9999.000,9999.000,9999.000
202605241112,   1.275,9999.000,9999.000,9999.000,9999.000,9999.000,9999.000,9999.000,9999.000
202605241118,   1.238,9999.000,9999.000,9999.000,9999.000,9999.000,9999.000,9999.000,9999.000
202605241124,   1.201,9999.000,9999.000,9999.000,9999.000,9999.000,9999.000,9999.000,9999.000
202605241130,   1.163,9999.000,9999.000,9999.000,9999.000,9999.000,9999.000,9999.000,9999.000
202605241136,   1.125,9999.000,9999.000,9999.000,9999.000,9999.000,9999.000,9999.000,9999.000
202605241142,   1.087,9999.000,9999.000,9999.000,9999.000,9999.000,9999.000,9999.000,9999.000
202605241148,   1.048,9999.000,9999.000,9999.000,9999.000,9999.000,9999.000,9999.000,9999.000
202605241154,   1.010,9999.000,9999.000,9999.000,9999.000,9999.000,9999.000,9999.000,9999.000
202605241200,   0.972,9999.000,   0.600,  -1.379,   0.193,   0.500,   0.093,   0.800,   0.393
202605241206,   0.934,9999.000,9999.000,9999.000,9999.000,9999.000,9999.000,9999.000,9999.000
202605241212,   0.896,9999.000,9999.000,9999.000,9999.000,9999.000,9999.000,9999.000,9999.000
202605241218,   0.859,9999.000,9999.000,9999.000,9999.000,9999.000,9999.000,9999.000,9999.000
202605241224,   0.822,9999.000,9999.000,9999.000,9999.000,9999.000,9999.000,9999.000,9999.000
202605241230,   0.785,9999.000,9999.000,9999.000,9999.000,9999.000,9999.000,9999.000,9999.000
202605241236,   0.749,9999.000,9999.000,9999.000,9999.000,9999.000,9999.000,9999.000,9999.000
202605241242,   0.714,9999.000,9999.000,9999.000,9999.000,9999.000,9999.000,9999.000,9999.000
202605241248,   0.679,9999.000,9999.000,9999.000,9999.000,9999.000,9999.000,9999.000,9999.000
202605241254,   0.645,9999.000,9999.000,9999.000,9999.000,9999.000,9999.000,9999.000,9999.000
202605241300,   0.612,9999.000,   0.600,  -1.379,  -0.167,   0.400,  -0.367,   0.800,   0.033
202605241306,   0.579,9999.000,9999.000,9999.000,9999.000,9999.000,9999.000,9999.000,9999.000
202605241312,   0.547,9999.000,9999.000,9999.000,9999.000,9999.000,9999.000,9999.000,9999.000
202605241318,   0.515,9999.000,9999.000,9999.000,9999.000,9999.000,9999.000,9999.000,9999.000
202605241324,   0.485,9999.000,9999.000,9999.000,9999.000,9999.000,9999.000,9999.000,9999.000
202605241330,   0.455,9999.000,9999.000,9999.000,9999.000,9999.000,9999.000,9999.000,9999.000
202605241336,   0.425,9999.000,9999.000,9999.000,9999.000,9999.000,9999.000,9999.000,9999.000
202605241342,   0.397,9999.000,9999.000,9999.000,9999.000,9999.000,9999.000,9999.000,9999.000
202605241348,   0.370,9999.000,9999.000,9999.000,9999.000,9999.000,9999.000,9999.000,9999.000
202605241354,   0.343,9999.000,9999.000,9999.000,9999.000,9999.000,9999.000,9999.000,9999.000
202605241400,   0.318,9999.000,   0.600,  -1.379,  -0.461,   0.400,  -0.661,   0.700,  -0.361
202605241406,   0.294,9999.000,9999.000,9999.000,9999.000,9999.000,9999.000,9999.000,9999.000
202605241412,   0.271,9999.000,9999.000,9999.000,9999.000,9999.000,9999.000,9999.000,9999.000
202605241418,   0.249,9999.000,9999.000,9999.000,9999.000,9999.000,9999.000,9999.000,9999.000
202605241424,   0.229,9999.000,9999.000,9999.000,9999.000,9999.000,9999.000,9999.000,9999.000
202605241430,   0.210,9999.000,9999.000,9999.000,9999.000,9999.000,9999.000,9999.000,9999.000
202605241436,   0.192,9999.000,9999.000,9999.000,9999.000,9999.000,9999.000,9999.000,9999.000
202605241442,   0.177,9999.000,9999.000,9999.000,9999.000,9999.000,9999.000,9999.000,9999.000
202605241448,   0.162,9999.000,9999.000,9999.000,9999.000,9999.000,9999.000,9999.000,9999.000
202605241454,   0.150,9999.000,9999.000,9999.000,9999.000,9999.000,9999.000,9999.000,9999.000
202605241500,   0.140,9999.000,   0.600,  -1.379,  -0.639,   0.400,  -0.839,   0.700,  -0.539
202605241506,   0.131,9999.000,9999.000,9999.000,9999.000,9999.000,9999.000,9999.000,9999.000
202605241512,   0.125,9999.000,9999.000,9999.000,9999.000,9999.000,9999.000,9999.000,9999.000
202605241518,   0.120,9999.000,9999.000,9999.000,9999.000,9999.000,9999.000,9999.000,9999.000
202605241524,   0.118,9999.000,9999.000,9999.000,9999.000,9999.000,9999.000,9999.000,9999.000
202605241530,   0.117,9999.000,9999.000,9999.000,9999.000,9999.000,9999.000,9999.000,9999.000
202605241536,   0.119,9999.000,9999.000,9999.000,9999.000,9999.000,9999.000,9999.000,9999.000
202605241542,   0.123,9999.000,9999.000,9999.000,9999.000,9999.000,9999.000,9999.000,9999.000
202605241548,   0.129,9999.000,9999.000,9999.000,9999.000,9999.000,9999.000,9999.000,9999.000
202605241554,   0.138,9999.000,9999.000,9999.000,9999.000,9999.000,9999.000,9999.000,9999.000
202605241600,   0.148,9999.000,   0.500,  -1.379,  -0.731,   0.400,  -0.831,   0.700,  -0.531
202605241606,   0.161,9999.000,9999.000,9999.000,9999.000,9999.000,9999.000,9999.000,9999.000
202605241612,   0.176,9999.000,9999.000,9999.000,9999.000,9999.000,9999.000,9999.000,9999.000
202605241618,   0.194,9999.000,9999.000,9999.000,9999.000,9999.000,9999.000,9999.000,9999.000
202605241624,   0.214,9999.000,9999.000,9999.000,9999.000,9999.000,9999.000,9999.000,9999.000
202605241630,   0.236,9999.000,9999.000,9999.000,9999.000,9999.000,9999.000,9999.000,9999.000
202605241636,   0.261,9999.000,9999.000,9999.000,9999.000,9999.000,9999.000,9999.000,9999.000
202605241642,   0.289,9999.000,9999.000,9999.000,9999.000,9999.000,9999.000,9999.000,9999.000
202605241648,   0.318,9999.000,9999.000,9999.000,9999.000,9999.000,9999.000,9999.000,9999.000
202605241654,   0.351,9999.000,9999.000,9999.000,9999.000,9999.000,9999.000,9999.000,9999.000
202605241700,   0.386,9999.000,   0.500,  -1.379,  -0.493,   0.400,  -0.593,   0.700,  -0.293
202605241706,   0.423,9999.000,9999.000,9999.000,9999.000,9999.000,9999.000,9999.000,9999.000
202605241712,   0.463,9999.000,9999.000,9999.000,9999.000,9999.000,9999.000,9999.000,9999.000
202605241718,   0.506,9999.000,9999.000,9999.000,9999.000,9999.000,9999.000,9999.000,9999.000
202605241724,   0.551,9999.000,9999.000,9999.000,9999.000,9999.000,9999.000,9999.000,9999.000
202605241730,   0.599,9999.000,9999.000,9999.000,9999.000,9999.000,9999.000,9999.000,9999.000
202605241736,   0.649,9999.000,9999.000,9999.000,9999.000,9999.000,9999.000,9999.000,9999.000
202605241742,   0.701,9999.000,9999.000,9999.000,9999.000,9999.000,9999.000,9999.000,9999.000
202605241748,   0.755,9999.000,9999.000,9999.000,9999.000,9999.000,9999.000,9999.000,9999.000
202605241754,   0.811,9999.000,9999.000,9999.000,9999.000,9999.000,9999.000,9999.000,9999.000
202605241800,   0.869,9999.000,   0.500,  -1.379,  -0.010,   0.300,  -0.210,   0.700,   0.190
202605241806,   0.929,9999.000,9999.000,9999.000,9999.000,9999.000,9999.000,9999.000,9999.000
202605241812,   0.989,9999.000,9999.000,9999.000,9999.000,9999.000,9999.000,9999.000,9999.000
202605241818,   1.051,9999.000,9999.000,9999.000,9999.000,9999.000,9999.000,9999.000,9999.000
202605241824,   1.113,9999.000,9999.000,9999.000,9999.000,9999.000,9999.000,9999.000,9999.000
202605241830,   1.175,9999.000,9999.000,9999.000,9999.000,9999.000,9999.000,9999.000,9999.000
202605241836,   1.237,9999.000,9999.000,9999.000,9999.000,9999.000,9999.000,9999.000,9999.000
202605241842,   1.299,9999.000,9999.000,9999.000,9999.000,9999.000,9999.000,9999.000,9999.000
202605241848,   1.360,9999.000,9999.000,9999.000,9999.000,9999.000,9999.000,9999.000,9999.000
202605241854,   1.420,9999.000,9999.000,9999.000,9999.000,9999.000,9999.000,9999.000,9999.000
202605241900,   1.478,9999.000,   0.500,  -1.379,   0.599,   0.300,   0.399,   0.600,   0.699
202605241906,   1.535,9999.000,9999.000,9999.000,9999.000,9999.000,9999.000,9999.000,9999.000
202605241912,   1.589,9999.000,9999.000,9999.000,9999.000,9999.000,9999.000,9999.000,9999.000
202605241918,   1.641,9999.000,9999.000,9999.000,9999.000,9999.000,9999.000,9999.000,9999.000
202605241924,   1.690,9999.000,9999.000,9999.000,9999.000,9999.000,9999.000,9999.000,9999.000
202605241930,   1.736,9999.000,9999.000,9999.000,9999.000,9999.000,9999.000,9999.000,9999.000
202605241936,   1.778,9999.000,9999.000,9999.000,9999.000,9999.000,9999.000,9999.000,9999.000
202605241942,   1.818,9999.000,9999.000,9999.000,9999.000,9999.000,9999.000,9999.000,9999.000
202605241948,   1.854,9999.000,9999.000,9999.000,9999.000,9999.000,9999.000,9999.000,9999.000
202605241954,   1.886,9999.000,9999.000,9999.000,9999.000,9999.000,9999.000,9999.000,9999.000
202605242000,   1.915,9999.000,   0.500,  -1.379,   1.036,   0.300,   0.836,   0.600,   1.136
202605242006,   1.940,9999.000,9999.000,9999.000,9999.000,9999.000,9999.000,9999.000,9999.000
202605242012,   1.962,9999.000,9999.000,9999.000,9999.000,9999.000,9999.000,9999.000,9999.000
202605242018,   1.980,9999.000,9999.000,9999.000,9999.000,9999.000,9999.000,9999.000,9999.000
202605242024,   1.995,9999.000,9999.000,9999.000,9999.000,9999.000,9999.000,9999.000,9999.000
202605242030,   2.006,9999.000,9999.000,9999.000,9999.000,9999.000,9999.000,9999.000,9999.000
202605242036,   2.015,9999.000,9999.000,9999.000,9999.000,9999.000,9999.000,9999.000,9999.000
202605242042,   2.021,9999.000,9999.000,9999.000,9999.000,9999.000,9999.000,9999.000,9999.000
202605242048,   2.024,9999.000,9999.000,9999.000,9999.000,9999.000,9999.000,9999.000,9999.000
202605242054,   2.024,9999.000,9999.000,9999.000,9999.000,9999.000,9999.000,9999.000,9999.000
202605242100,   2.022,9999.000,   0.500,  -1.379,   1.143,   0.300,   0.943,   0.600,   1.243
202605242106,   2.018,9999.000,9999.000,9999.000,9999.000,9999.000,9999.000,9999.000,9999.000
202605242112,   2.012,9999.000,9999.000,9999.000,9999.000,9999.000,9999.000,9999.000,9999.000
202605242118,   2.004,9999.000,9999.000,9999.000,9999.000,9999.000,9999.000,9999.000,9999.000
202605242124,   1.995,9999.000,9999.000,9999.000,9999.000,9999.000,9999.000,9999.000,9999.000
202605242130,   1.983,9999.000,9999.000,9999.000,9999.000,9999.000,9999.000,9999.000,9999.000
202605242136,   1.971,9999.000,9999.000,9999.000,9999.000,9999.000,9999.000,9999.000,9999.000
202605242142,   1.957,9999.000,9999.000,9999.000,9999.000,9999.000,9999.000,9999.000,9999.000
202605242148,   1.942,9999.000,9999.000,9999.000,9999.000,9999.000,9999.000,9999.000,9999.000
202605242154,   1.925,9999.000,9999.000,9999.000,9999.000,9999.000,9999.000,9999.000,9999.000
202605242200,   1.907,9999.000,   0.500,  -1.379,   1.028,   0.300,   0.828,   0.600,   1.128
202605242206,   1.888,9999.000,9999.000,9999.000,9999.000,9999.000,9999.000,9999.000,9999.000
202605242212,   1.868,9999.000,9999.000,9999.000,9999.000,9999.000,9999.000,9999.000,9999.000
202605242218,   1.846,9999.000,9999.000,9999.000,9999.000,9999.000,9999.000,9999.000,9999.000
202605242224,   1.823,9999.000,9999.000,9999.000,9999.000,9999.000,9999.000,9999.000,9999.000
202605242230,   1.799,9999.000,9999.000,9999.000,9999.000,9999.000,9999.000,9999.000,9999.000
202605242236,   1.774,9999.000,9999.000,9999.000,9999.000,9999.000,9999.000,9999.000,9999.000
202605242242,   1.747,9999.000,9999.000,9999.000,9999.000,9999.000,9999.000,9999.000,9999.000
202605242248,   1.719,9999.000,9999.000,9999.000,9999.000,9999.000,9999.000,9999.000,9999.000
202605242254,   1.690,9999.000,9999.000,9999.000,9999.000,9999.000,9999.000,9999.000,9999.000
202605242300,   1.659,9999.000,   0.400,  -1.379,   0.680,   0.300,   0.580,   0.600,   0.880
202605242306,   1.627,9999.000,9999.000,9999.000,9999.000,9999.000,9999.000,9999.000,9999.000
202605242312,   1.594,9999.000,9999.000,9999.000,9999.000,9999.000,9999.000,9999.000,9999.000
202605242318,   1.560,9999.000,9999.000,9999.000,9999.000,9999.000,9999.000,9999.000,9999.000
202605242324,   1.525,9999.000,9999.000,9999.000,9999.000,9999.000,9999.000,9999.000,9999.000
202605242330,   1.488,9999.000,9999.000,9999.000,9999.000,9999.000,9999.000,9999.000,9999.000
202605242336,   1.451,9999.000,9999.000,9999.000,9999.000,9999.000,9999.000,9999.000,9999.000
202605242342,   1.414,9999.000,9999.000,9999.000,9999.000,9999.000,9999.000,9999.000,9999.000
202605242348,   1.375,9999.000,9999.000,9999.000,9999.000,9999.000,9999.000,9999.000,9999.000
202605242354,   1.336,9999.000,9999.000,9999.000,9999.000,9999.000,9999.000,9999.000,9999.000
202605250000,   1.297,9999.000,   0.400,  -1.379,   0.318,   0.300,   0.218,   0.600,   0.518
202605250006,   1.258,9999.000,9999.000,9999.000,9999.000,9999.000,9999.000,9999.000,9999.000
202605250012,   1.219,9999.000,9999.000,9999.000,9999.000,9999.000,9999.000,9999.000,9999.000
202605250018,   1.179,9999.000,9999.000,9999.000,9999.000,9999.000,9999.000,9999.000,9999.000
202605250024,   1.140,9999.000,9999.000,9999.000,9999.000,9999.000,9999.000,9999.000,9999.000
202605250030,   1.101,9999.000,9999.000,9999.000,9999.000,9999.000,9999.000,9999.000,9999.000
202605250036,   1.063,9999.000,9999.000,9999.000,9999.000,9999.000,9999.000,9999.000,9999.000
202605250042,   1.025,9999.000,9999.000,9999.000,9999.000,9999.000,9999.000,9999.000,9999.000
202605250048,   0.988,9999.000,9999.000,9999.000,9999.000,9999.000,9999.000,9999.000,9999.000
202605250054,   0.952,9999.000,9999.000,9999.000,9999.000,9999.000,9999.000,9999.000,9999.000
202605250100,   0.916,9999.000,   0.400,  -1.379,  -0.063,   0.300,  -0.163,   0.600,   0.137
202605250106,   0.881,9999.000,9999.000,9999.000,9999.000,9999.000,9999.000,9999.000,9999.000
202605250112,   0.846,9999.000,9999.000,9999.000,9999.000,9999.000,9999.000,9999.000,9999.000
202605250118,   0.813,9999.000,9999.000,9999.000,9999.000,9999.000,9999.000,9999.000,9999.000
202605250124,   0.780,9999.000,9999.000,9999.000,9999.000,9999.000,9999.000,9999.000,9999.000
202605250130,   0.748,9999.000,9999.000,9999.000,9999.000,9999.000,9999.000,9999.000,9999.000
202605250136,   0.717,9999.000,9999.000,9999.000,9999.000,9999.000,9999.000,9999.000,9999.000
202605250142,   0.687,9999.000,9999.000,9999.000,9999.000,9999.000,9999.000,9999.000,9999.000
202605250148,   0.658,9999.000,9999.000,9999.000,9999.000,9999.000,9999.000,9999.000,9999.000
202605250154,   0.630,9999.000,9999.000,9999.000,9999.000,9999.000,9999.000,9999.000,9999.000
202605250200,   0.602,9999.000,   0.400,  -1.379,  -0.377,   0.300,  -0.477,   0.600,  -0.177
202605250206,   0.576,9999.000,9999.000,9999.000,9999.000,9999.000,9999.000,9999.000,9999.000
202605250212,   0.550,9999.000,9999.000,9999.000,9999.000,9999.000,9999.000,9999.000,9999.000
202605250218,   0.526,9999.000,9999.000,9999.000,9999.000,9999.000,9999.000,9999.000,9999.000
202605250224,   0.503,9999.000,9999.000,9999.000,9999.000,9999.000,9999.000,9999.000,9999.000
202605250230,   0.480,9999.000,9999.000,9999.000,9999.000,9999.000,9999.000,9999.000,9999.000
202605250236,   0.459,9999.000,9999.000,9999.000,9999.000,9999.000,9999.000,9999.000,9999.000
202605250242,   0.439,9999.000,9999.000,9999.000,9999.000,9999.000,9999.000,9999.000,9999.000
202605250248,   0.421,9999.000,9999.000,9999.000,9999.000,9999.000,9999.000,9999.000,9999.000
202605250254,   0.403,9999.000,9999.000,9999.000,9999.000,9999.000,9999.000,9999.000,9999.000
202605250300,   0.387,9999.000,   0.400,  -1.379,  -0.592,   0.200,  -0.792,   0.500,  -0.492
202605250306,   0.373,9999.000,9999.000,9999.000,9999.000,9999.000,9999.000,9999.000,9999.000
202605250312,   0.360,9999.000,9999.000,9999.000,9999.000,9999.000,9999.000,9999.000,9999.000
202605250318,   0.348,9999.000,9999.000,9999.000,9999.000,9999.000,9999.000,9999.000,9999.000
202605250324,   0.338,9999.000,9999.000,9999.000,9999.000,9999.000,9999.000,9999.000,9999.000
202605250330,   0.330,9999.000,9999.000,9999.000,9999.000,9999.000,9999.000,9999.000,9999.000
202605250336,   0.323,9999.000,9999.000,9999.000,9999.000,9999.000,9999.000,9999.000,9999.000
202605250342,   0.318,9999.000,9999.000,9999.000,9999.000,9999.000,9999.000,9999.000,9999.000
202605250348,   0.314,9999.000,9999.000,9999.000,9999.000,9999.000,9999.000,9999.000,9999.000
202605250354,   0.313,9999.000,9999.000,9999.000,9999.000,9999.000,9999.000,9999.000,9999.000
202605250400,   0.313,9999.000,   0.300,  -1.379,  -0.766,   0.200,  -0.866,   0.500,  -0.566
202605250406,   0.314,9999.000,9999.000,9999.000,9999.000,9999.000,9999.000,9999.000,9999.000
202605250412,   0.318,9999.000,9999.000,9999.000,9999.000,9999.000,9999.000,9999.000,9999.000
202605250418,   0.323,9999.000,9999.000,9999.000,9999.000,9999.000,9999.000,9999.000,9999.000
202605250424,   0.330,9999.000,9999.000,9999.000,9999.000,9999.000,9999.000,9999.000,9999.000
202605250430,   0.339,9999.000,9999.000,9999.000,9999.000,9999.000,9999.000,9999.000,9999.000
202605250436,   0.350,9999.000,9999.000,9999.000,9999.000,9999.000,9999.000,9999.000,9999.000
202605250442,   0.363,9999.000,9999.000,9999.000,9999.000,9999.000,9999.000,9999.000,9999.000
202605250448,   0.377,9999.000,9999.000,9999.000,9999.000,9999.000,9999.000,9999.000,9999.000
202605250454,   0.394,9999.000,9999.000,9999.000,9999.000,9999.000,9999.000,9999.000,9999.000
202605250500,   0.413,9999.000,   0.300,  -1.379,  -0.666,   0.200,  -0.766,   0.500,  -0.466
202605250506,   0.433,9999.000,9999.000,9999.000,9999.000,9999.000,9999.000,9999.000,9999.000
202605250512,   0.456,9999.000,9999.000,9999.000,9999.000,9999.000,9999.000,9999.000,9999.000
202605250518,   0.481,9999.000,9999.000,9999.000,9999.000,9999.000,9999.000,9999.000,9999.000
202605250524,   0.508,9999.000,9999.000,9999.000,9999.000,9999.000,9999.000,9999.000,9999.000
202605250530,   0.538,9999.000,9999.000,9999.000,9999.000,9999.000,9999.000,9999.000,9999.000
202605250536,   0.569,9999.000,9999.000,9999.000,9999.000,9999.000,9999.000,9999.000,9999.000
202605250542,   0.603,9999.000,9999.000,9999.000,9999.000,9999.000,9999.000,9999.000,9999.000
202605250548,   0.639,9999.000,9999.000,9999.000,9999.000,9999.000,9999.000,9999.000,9999.000
202605250554,   0.678,9999.000,9999.000,9999.000,9999.000,9999.000,9999.000,9999.000,9999.000
202605250600,   0.718,9999.000,   0.300,  -1.379,  -0.361,   0.200,  -0.461,   0.500,  -0.161
202605250606,   0.761,9999.000,9999.000,9999.000,9999.000,9999.000,9999.000,9999.000,9999.000
202605250612,   0.806,9999.000,9999.000,9999.000,9999.000,9999.000,9999.000,9999.000,9999.000
202605250618,   0.852,9999.000,9999.000,9999.000,9999.000,9999.000,9999.000,9999.000,9999.000
202605250624,   0.900,9999.000,9999.000,9999.000,9999.000,9999.000,9999.000,9999.000,9999.000
202605250630,   0.950,9999.000,9999.000,9999.000,9999.000,9999.000,9999.000,9999.000,9999.000
202605250636,   1.001,9999.000,9999.000,9999.000,9999.000,9999.000,9999.000,9999.000,9999.000
202605250642,   1.053,9999.000,9999.000,9999.000,9999.000,9999.000,9999.000,9999.000,9999.000
202605250648,   1.106,9999.000,9999.000,9999.000,9999.000,9999.000,9999.000,9999.000,9999.000
202605250654,   1.159,9999.000,9999.000,9999.000,9999.000,9999.000,9999.000,9999.000,9999.000
202605250700,   1.212,9999.000,   0.200,  -1.379,   0.033,   0.100,  -0.067,   0.400,   0.233
202605250706,   1.265,9999.000,9999.000,9999.000,9999.000,9999.000,9999.000,9999.000,9999.000
202605250712,   1.317,9999.000,9999.000,9999.000,9999.000,9999.000,9999.000,9999.000,9999.000
202605250718,   1.368,9999.000,9999.000,9999.000,9999.000,9999.000,9999.000,9999.000,9999.000
202605250724,   1.419,9999.000,9999.000,9999.000,9999.000,9999.000,9999.000,9999.000,9999.000
202605250730,   1.467,9999.000,9999.000,9999.000,9999.000,9999.000,9999.000,9999.000,9999.000
202605250736,   1.514,9999.000,9999.000,9999.000,9999.000,9999.000,9999.000,9999.000,9999.000
202605250742,   1.558,9999.000,9999.000,9999.000,9999.000,9999.000,9999.000,9999.000,9999.000
202605250748,   1.601,9999.000,9999.000,9999.000,9999.000,9999.000,9999.000,9999.000,9999.000
202605250754,   1.640,9999.000,9999.000,9999.000,9999.000,9999.000,9999.000,9999.000,9999.000
202605250800,   1.677,9999.000,   0.200,  -1.379,   0.498,   0.100,   0.398,   0.400,   0.698
202605250806,   1.710,9999.000,9999.000,9999.000,9999.000,9999.000,9999.000,9999.000,9999.000
202605250812,   1.741,9999.000,9999.000,9999.000,9999.000,9999.000,9999.000,9999.000,9999.000
202605250818,   1.768,9999.000,9999.000,9999.000,9999.000,9999.000,9999.000,9999.000,9999.000
202605250824,   1.792,9999.000,9999.000,9999.000,9999.000,9999.000,9999.000,9999.000,9999.000
202605250830,   1.812,9999.000,9999.000,9999.000,9999.000,9999.000,9999.000,9999.000,9999.000
202605250836,   1.830,9999.000,9999.000,9999.000,9999.000,9999.000,9999.000,9999.000,9999.000
202605250842,   1.844,9999.000,9999.000,9999.000,9999.000,9999.000,9999.000,9999.000,9999.000
202605250848,   1.855,9999.000,9999.000,9999.000,9999.000,9999.000,9999.000,9999.000,9999.000
202605250854,   1.863,9999.000,9999.000,9999.000,9999.000,9999.000,9999.000,9999.000,9999.000
202605250900,   1.869,9999.000,   0.200,  -1.379,   0.690,   0.100,   0.590,   0.400,   0.890
202605250906,   1.872,9999.000,9999.000,9999.000,9999.000,9999.000,9999.000,9999.000,9999.000
202605250912,   1.872,9999.000,9999.000,9999.000,9999.000,9999.000,9999.000,9999.000,9999.000
202605250918,   1.870,9999.000,9999.000,9999.000,9999.000,9999.000,9999.000,9999.000,9999.000
202605250924,   1.866,9999.000,9999.000,9999.000,9999.000,9999.000,9999.000,9999.000,9999.000
202605250930,   1.859,9999.000,9999.000,9999.000,9999.000,9999.000,9999.000,9999.000,9999.000
202605250936,   1.851,9999.000,9999.000,9999.000,9999.000,9999.000,9999.000,9999.000,9999.000
202605250942,   1.842,9999.000,9999.000,9999.000,9999.000,9999.000,9999.000,9999.000,9999.000
202605250948,   1.830,9999.000,9999.000,9999.000,9999.000,9999.000,9999.000,9999.000,9999.000
202605250954,   1.818,9999.000,9999.000,9999.000,9999.000,9999.000,9999.000,9999.000,9999.000
202605251000,   1.804,9999.000,   0.200,  -1.379,   0.625,   0.100,   0.525,   0.400,   0.825
202605251006,   1.789,9999.000,9999.000,9999.000,9999.000,9999.000,9999.000,9999.000,9999.000
202605251012,   1.772,9999.000,9999.000,9999.000,9999.000,9999.000,9999.000,9999.000,9999.000
202605251018,   1.754,9999.000,9999.000,9999.000,9999.000,9999.000,9999.000,9999.000,9999.000
202605251024,   1.736,9999.000,9999.000,9999.000,9999.000,9999.000,9999.000,9999.000,9999.000
202605251030,   1.716,9999.000,9999.000,9999.000,9999.000,9999.000,9999.000,9999.000,9999.000
202605251036,   1.694,9999.000,9999.000,9999.000,9999.000,9999.000,9999.000,9999.000,9999.000
202605251042,   1.672,9999.000,9999.000,9999.000,9999.000,9999.000,9999.000,9999.000,9999.000
202605251048,   1.648,9999.000,9999.000,9999.000,9999.000,9999.000,9999.000,9999.000,9999.000
202605251054,   1.623,9999.000,9999.000,9999.000,9999.000,9999.000,9999.000,9999.000,9999.000
202605251100,   1.597,9999.000,   0.200,  -1.379,   0.418,   0.100,   0.318,   0.400,   0.618
202605251106,   1.570,9999.000,9999.000,9999.000,9999.000,9999.000,9999.000,9999.000,9999.000
202605251112,   1.541,9999.000,9999.000,9999.000,9999.000,9999.000,9999.000,9999.000,9999.000
202605251118,   1.511,9999.000,9999.000,9999.000,9999.000,9999.000,9999.000,9999.000,9999.000
202605251124,   1.479,9999.000,9999.000,9999.000,9999.000,9999.000,9999.000,9999.000,9999.000
202605251130,   1.446,9999.000,9999.000,9999.000,9999.000,9999.000,9999.000,9999.000,9999.000
202605251136,   1.412,9999.000,9999.000,9999.000,9999.000,9999.000,9999.000,9999.000,9999.000
202605251142,   1.377,9999.000,9999.000,9999.000,9999.000,9999.000,9999.000,9999.000,9999.000
202605251148,   1.341,9999.000,9999.000,9999.000,9999.000,9999.000,9999.000,9999.000,9999.000
202605251154,   1.303,9999.000,9999.000,9999.000,9999.000,9999.000,9999.000,9999.000,9999.000
202605251200,   1.265,9999.000,   0.200,  -1.379,   0.086,   0.000,  -0.114,   0.400,   0.286
202605251206,   1.226,9999.000,9999.000,9999.000,9999.000,9999.000,9999.000,9999.000,9999.000
202605251212,   1.187,9999.000,9999.000,9999.000,9999.000,9999.000,9999.000,9999.000,9999.000
202605251218,   1.146,9999.000,9999.000,9999.000,9999.000,9999.000,9999.000,9999.000,9999.000
202605251224,   1.106,9999.000,9999.000,9999.000,9999.000,9999.000,9999.000,9999.000,9999.000
202605251230,   1.065,9999.000,9999.000,9999.000,9999.000,9999.000,9999.000,9999.000,9999.000
202605251236,   1.024,9999.000,9999.000,9999.000,9999.000,9999.000,9999.000,9999.000,9999.000
202605251242,   0.983,9999.000,9999.000,9999.000,9999.000,9999.000,9999.000,9999.000,9999.000
202605251248,   0.943,9999.000,9999.000,9999.000,9999.000,9999.000,9999.000,9999.000,9999.000
202605251254,   0.902,9999.000,9999.000,9999.000,9999.000,9999.000,9999.000,9999.000,9999.000
202605251300,   0.862,9999.000,   0.200,  -1.379,  -0.317,   0.000,  -0.517,   0.400,  -0.117
202605251306,   0.823,9999.000,9999.000,9999.000,9999.000,9999.000,9999.000,9999.000,9999.000
202605251312,   0.784,9999.000,9999.000,9999.000,9999.000,9999.000,9999.000,9999.000,9999.000
202605251318,   0.746,9999.000,9999.000,9999.000,9999.000,9999.000,9999.000,9999.000,9999.000
202605251324,   0.708,9999.000,9999.000,9999.000,9999.000,9999.000,9999.000,9999.000,9999.000
202605251330,   0.671,9999.000,9999.000,9999.000,9999.000,9999.000,9999.000,9999.000,9999.000
202605251336,   0.636,9999.000,9999.000,9999.000,9999.000,9999.000,9999.000,9999.000,9999.000
202605251342,   0.600,9999.000,9999.000,9999.000,9999.000,9999.000,9999.000,9999.000,9999.000
202605251348,   0.566,9999.000,9999.000,9999.000,9999.000,9999.000,9999.000,9999.000,9999.000
202605251354,   0.533,9999.000,9999.000,9999.000,9999.000,9999.000,9999.000,9999.000,9999.000
202605251400,   0.501,9999.000,   0.200,  -1.379,  -0.678,   0.000,  -0.878,   0.400,  -0.478
202605251406,   0.469,9999.000,9999.000,9999.000,9999.000,9999.000,9999.000,9999.000,9999.000
202605251412,   0.439,9999.000,9999.000,9999.000,9999.000,9999.000,9999.000,9999.000,9999.000
202605251418,   0.409,9999.000,9999.000,9999.000,9999.000,9999.000,9999.000,9999.000,9999.000
202605251424,   0.381,9999.000,9999.000,9999.000,9999.000,9999.000,9999.000,9999.000,9999.000
202605251430,   0.354,9999.000,9999.000,9999.000,9999.000,9999.000,9999.000,9999.000,9999.000
202605251436,   0.327,9999.000,9999.000,9999.000,9999.000,9999.000,9999.000,9999.000,9999.000
202605251442,   0.302,9999.000,9999.000,9999.000,9999.000,9999.000,9999.000,9999.000,9999.000
202605251448,   0.278,9999.000,9999.000,9999.000,9999.000,9999.000,9999.000,9999.000,9999.000
202605251454,   0.256,9999.000,9999.000,9999.000,9999.000,9999.000,9999.000,9999.000,9999.000
202605251500,   0.234,9999.000,   0.200,  -1.379,  -0.945,   0.000,  -1.145,   0.400,  -0.745
202605251506,   0.214,9999.000,9999.000,9999.000,9999.000,9999.000,9999.000,9999.000,9999.000
202605251512,   0.195,9999.000,9999.000,9999.000,9999.000,9999.000,9999.000,9999.000,9999.000
202605251518,   0.178,9999.000,9999.000,9999.000,9999.000,9999.000,9999.000,9999.000,9999.000
202605251524,   0.163,9999.000,9999.000,9999.000,9999.000,9999.000,9999.000,9999.000,9999.000
202605251530,   0.149,9999.000,9999.000,9999.000,9999.000,9999.000,9999.000,9999.000,9999.000
202605251536,   0.136,9999.000,9999.000,9999.000,9999.000,9999.000,9999.000,9999.000,9999.000
202605251542,   0.126,9999.000,9999.000,9999.000,9999.000,9999.000,9999.000,9999.000,9999.000
202605251548,   0.117,9999.000,9999.000,9999.000,9999.000,9999.000,9999.000,9999.000,9999.000
202605251554,   0.110,9999.000,9999.000,9999.000,9999.000,9999.000,9999.000,9999.000,9999.000
202605251600,   0.105,9999.000,   0.100,  -1.379,  -1.174,   0.000,  -1.274,   0.300,  -0.974
202605251606,   0.101,9999.000,9999.000,9999.000,9999.000,9999.000,9999.000,9999.000,9999.000
202605251612,   0.100,9999.000,9999.000,9999.000,9999.000,9999.000,9999.000,9999.000,9999.000
202605251618,   0.101,9999.000,9999.000,9999.000,9999.000,9999.000,9999.000,9999.000,9999.000
202605251624,   0.104,9999.000,9999.000,9999.000,9999.000,9999.000,9999.000,9999.000,9999.000
202605251630,   0.109,9999.000,9999.000,9999.000,9999.000,9999.000,9999.000,9999.000,9999.000
202605251636,   0.115,9999.000,9999.000,9999.000,9999.000,9999.000,9999.000,9999.000,9999.000
202605251642,   0.124,9999.000,9999.000,9999.000,9999.000,9999.000,9999.000,9999.000,9999.000
202605251648,   0.135,9999.000,9999.000,9999.000,9999.000,9999.000,9999.000,9999.000,9999.000
202605251654,   0.149,9999.000,9999.000,9999.000,9999.000,9999.000,9999.000,9999.000,9999.000
202605251700,   0.164,9999.000,   0.100,  -1.379,  -1.115,   0.000,  -1.215,   0.300,  -0.915
202605251706,   0.182,9999.000,9999.000,9999.000,9999.000,9999.000,9999.000,9999.000,9999.000
202605251712,   0.202,9999.000,9999.000,9999.000,9999.000,9999.000,9999.000,9999.000,9999.000
202605251718,   0.224,9999.000,9999.000,9999.000,9999.000,9999.000,9999.000,9999.000,9999.000
202605251724,   0.249,9999.000,9999.000,9999.000,9999.000,9999.000,9999.000,9999.000,9999.000
202605251730,   0.276,9999.000,9999.000,9999.000,9999.000,9999.000,9999.000,9999.000,9999.000
202605251736,   0.306,9999.000,9999.000,9999.000,9999.000,9999.000,9999.000,9999.000,9999.000
202605251742,   0.338,9999.000,9999.000,9999.000,9999.000,9999.000,9999.000,9999.000,9999.000
202605251748,   0.373,9999.000,9999.000,9999.000,9999.000,9999.000,9999.000,9999.000,9999.000
202605251754,   0.410,9999.000,9999.000,9999.000,9999.000,9999.000,9999.000,9999.000,9999.000
202605251800,   0.450,9999.000,   0.100,  -1.379,  -0.829,   0.000,  -0.929,   0.300,  -0.629
202605251806,   0.493,9999.000,9999.000,9999.000,9999.000,9999.000,9999.000,9999.000,9999.000
202605251812,   0.538,9999.000,9999.000,9999.000,9999.000,9999.000,9999.000,9999.000,9999.000
202605251818,   0.586,9999.000,9999.000,9999.000,9999.000,9999.000,9999.000,9999.000,9999.000
202605251824,   0.636,9999.000,9999.000,9999.000,9999.000,9999.000,9999.000,9999.000,9999.000
202605251830,   0.689,9999.000,9999.000,9999.000,9999.000,9999.000,9999.000,9999.000,9999.000
202605251836,   0.744,9999.000,9999.000,9999.000,9999.000,9999.000,9999.000,9999.000,9999.000
202605251842,   0.802,9999.000,9999.000,9999.000,9999.000,9999.000,9999.000,9999.000,9999.000
202605251848,   0.861,9999.000,9999.000,9999.000,9999.000,9999.000,9999.000,9999.000,9999.000
202605251854,   0.922,9999.000,9999.000,9999.000,9999.000,9999.000,9999.000,9999.000,9999.000
202605251900,   0.985,9999.000,   0.100,  -1.379,  -0.294,   0.000,  -0.394,   0.400,   0.006
202605251906,   1.049,9999.000,9999.000,9999.000,9999.000,9999.000,9999.000,9999.000,9999.000
202605251912,   1.114,9999.000,9999.000,9999.000,9999.000,9999.000,9999.000,9999.000,9999.000
202605251918,   1.179,9999.000,9999.000,9999.000,9999.000,9999.000,9999.000,9999.000,9999.000
202605251924,   1.245,9999.000,9999.000,9999.000,9999.000,9999.000,9999.000,9999.000,9999.000
202605251930,   1.311,9999.000,9999.000,9999.000,9999.000,9999.000,9999.000,9999.000,9999.000
202605251936,   1.377,9999.000,9999.000,9999.000,9999.000,9999.000,9999.000,9999.000,9999.000
202605251942,   1.441,9999.000,9999.000,9999.000,9999.000,9999.000,9999.000,9999.000,9999.000
202605251948,   1.505,9999.000,9999.000,9999.000,9999.000,9999.000,9999.000,9999.000,9999.000
202605251954,   1.567,9999.000,9999.000,9999.000,9999.000,9999.000,9999.000,9999.000,9999.000
202605252000,   1.627,9999.000,   0.100,  -1.379,   0.348,   0.000,   0.248,   0.300,   0.548
202605252006,   1.685,9999.000,9999.000,9999.000,9999.000,9999.000,9999.000,9999.000,9999.000
202605252012,   1.741,9999.000,9999.000,9999.000,9999.000,9999.000,9999.000,9999.000,9999.000
202605252018,   1.794,9999.000,9999.000,9999.000,9999.000,9999.000,9999.000,9999.000,9999.000
202605252024,   1.843,9999.000,9999.000,9999.000,9999.000,9999.000,9999.000,9999.000,9999.000
202605252030,   1.890,9999.000,9999.000,9999.000,9999.000,9999.000,9999.000,9999.000,9999.000
202605252036,   1.933,9999.000,9999.000,9999.000,9999.000,9999.000,9999.000,9999.000,9999.000
202605252042,   1.973,9999.000,9999.000,9999.000,9999.000,9999.000,9999.000,9999.000,9999.000
202605252048,   2.009,9999.000,9999.000,9999.000,9999.000,9999.000,9999.000,9999.000,9999.000
202605252054,   2.041,9999.000,9999.000,9999.000,9999.000,9999.000,9999.000,9999.000,9999.000
202605252100,   2.070,9999.000,   0.100,  -1.379,   0.791,   0.000,   0.691,   0.400,   1.091
202605252106,   2.096,9999.000,9999.000,9999.000,9999.000,9999.000,9999.000,9999.000,9999.000
202605252112,   2.117,9999.000,9999.000,9999.000,9999.000,9999.000,9999.000,9999.000,9999.000
202605252118,   2.136,9999.000,9999.000,9999.000,9999.000,9999.000,9999.000,9999.000,9999.000
202605252124,   2.151,9999.000,9999.000,9999.000,9999.000,9999.000,9999.000,9999.000,9999.000
202605252130,   2.162,9999.000,9999.000,9999.000,9999.000,9999.000,9999.000,9999.000,9999.000
202605252136,   2.171,9999.000,9999.000,9999.000,9999.000,9999.000,9999.000,9999.000,9999.000
202605252142,   2.177,9999.000,9999.000,9999.000,9999.000,9999.000,9999.000,9999.000,9999.000
202605252148,   2.180,9999.000,9999.000,9999.000,9999.000,9999.000,9999.000,9999.000,9999.000
202605252154,   2.181,9999.000,9999.000,9999.000,9999.000,9999.000,9999.000,9999.000,9999.000
202605252200,   2.179,9999.000,   0.100,  -1.379,   0.900,   0.000,   0.800,   0.300,   1.100
202605252206,   2.175,9999.000,9999.000,9999.000,9999.000,9999.000,9999.000,9999.000,9999.000
202605252212,   2.169,9999.000,9999.000,9999.000,9999.000,9999.000,9999.000,9999.000,9999.000
202605252218,   2.160,9999.000,9999.000,9999.000,9999.000,9999.000,9999.000,9999.000,9999.000
202605252224,   2.150,9999.000,9999.000,9999.000,9999.000,9999.000,9999.000,9999.000,9999.000
202605252230,   2.138,9999.000,9999.000,9999.000,9999.000,9999.000,9999.000,9999.000,9999.000
202605252236,   2.124,9999.000,9999.000,9999.000,9999.000,9999.000,9999.000,9999.000,9999.000
202605252242,   2.109,9999.000,9999.000,9999.000,9999.000,9999.000,9999.000,9999.000,9999.000
202605252248,   2.091,9999.000,9999.000,9999.000,9999.000,9999.000,9999.000,9999.000,9999.000
202605252254,   2.072,9999.000,9999.000,9999.000,9999.000,9999.000,9999.000,9999.000,9999.000
202605252300,   2.052,9999.000,   0.100,  -1.379,   0.773,   0.000,   0.673,   0.400,   1.073
202605252306,   2.030,9999.000,9999.000,9999.000,9999.000,9999.000,9999.000,9999.000,9999.000
202605252312,   2.006,9999.000,9999.000,9999.000,9999.000,9999.000,9999.000,9999.000,9999.000
202605252318,   1.980,9999.000,9999.000,9999.000,9999.000,9999.000,9999.000,9999.000,9999.000
202605252324,   1.952,9999.000,9999.000,9999.000,9999.000,9999.000,9999.000,9999.000,9999.000
202605252330,   1.923,9999.000,9999.000,9999.000,9999.000,9999.000,9999.000,9999.000,9999.000
202605252336,   1.893,9999.000,9999.000,9999.000,9999.000,9999.000,9999.000,9999.000,9999.000
202605252342,   1.860,9999.000,9999.000,9999.000,9999.000,9999.000,9999.000,9999.000,9999.000
202605252348,   1.826,9999.000,9999.000,9999.000,9999.000,9999.000,9999.000,9999.000,9999.000
202605252354,   1.791,9999.000,9999.000,9999.000,9999.000,9999.000,9999.000,9999.000,9999.000
202605260000,   1.754,9999.000,   0.100,  -1.379,   0.475,   0.000,   0.375,   0.400,   0.775
202605260006,   1.715,9999.000,9999.000,9999.000,9999.000,9999.000,9999.000,9999.000,9999.000
202605260012,   1.676,9999.000,9999.000,9999.000,9999.000,9999.000,9999.000,9999.000,9999.000
202605260018,   1.635,9999.000,9999.000,9999.000,9999.000,9999.000,9999.000,9999.000,9999.000
202605260024,   1.593,9999.000,9999.000,9999.000,9999.000,9999.000,9999.000,9999.000,9999.000
202605260030,   1.550,9999.000,9999.000,9999.000,9999.000,9999.000,9999.000,9999.000,9999.000
202605260036,   1.507,9999.000,9999.000,9999.000,9999.000,9999.000,9999.000,9999.000,9999.000
202605260042,   1.463,9999.000,9999.000,9999.000,9999.000,9999.000,9999.000,9999.000,9999.000
202605260048,   1.419,9999.000,9999.000,9999.000,9999.000,9999.000,9999.000,9999.000,9999.000
202605260054,   1.374,9999.000,9999.000,9999.000,9999.000,9999.000,9999.000,9999.000,9999.000
202605260100,   1.329,9999.000,   0.100,  -1.379,   0.050,   0.000,  -0.050,   0.400,   0.350
202605260106,   1.285,9999.000,9999.000,9999.000,9999.000,9999.000,9999.000,9999.000,9999.000
202605260112,   1.241,9999.000,9999.000,9999.000,9999.000,9999.000,9999.000,9999.000,9999.000
202605260118,   1.197,9999.000,9999.000,9999.000,9999.000,9999.000,9999.000,9999.000,9999.000
202605260124,   1.153,9999.000,9999.000,9999.000,9999.000,9999.000,9999.000,9999.000,9999.000
202605260130,   1.110,9999.000,9999.000,9999.000,9999.000,9999.000,9999.000,9999.000,9999.000
202605260136,   1.068,9999.000,9999.000,9999.000,9999.000,9999.000,9999.000,9999.000,9999.000
202605260142,   1.027,9999.000,9999.000,9999.000,9999.000,9999.000,9999.000,9999.000,9999.000
202605260148,   0.986,9999.000,9999.000,9999.000,9999.000,9999.000,9999.000,9999.000,9999.000
202605260154,   0.947,9999.000,9999.000,9999.000,9999.000,9999.000,9999.000,9999.000,9999.000
202605260200,   0.908,9999.000,   0.100,  -1.379,  -0.371,   0.000,  -0.471,   0.400,  -0.071
202605260206,   0.871,9999.000,9999.000,9999.000,9999.000,9999.000,9999.000,9999.000,9999.000
202605260212,   0.834,9999.000,9999.000,9999.000,9999.000,9999.000,9999.000,9999.000,9999.000
202605260218,   0.798,9999.000,9999.000,9999.000,9999.000,9999.000,9999.000,9999.000,9999.000
202605260224,   0.764,9999.000,9999.000,9999.000,9999.000,9999.000,9999.000,9999.000,9999.000
202605260230,   0.730,9999.000,9999.000,9999.000,9999.000,9999.000,9999.000,9999.000,9999.000
202605260236,   0.698,9999.000,9999.000,9999.000,9999.000,9999.000,9999.000,9999.000,9999.000
202605260242,   0.666,9999.000,9999.000,9999.000,9999.000,9999.000,9999.000,9999.000,9999.000
202605260248,   0.636,9999.000,9999.000,9999.000,9999.000,9999.000,9999.000,9999.000,9999.000
202605260254,   0.607,9999.000,9999.000,9999.000,9999.000,9999.000,9999.000,9999.000,9999.000
202605260300,   0.578,9999.000,   0.100,  -1.379,  -0.701,   0.000,  -0.801,   0.300,  -0.501
202605260306,   0.551,9999.000,9999.000,9999.000,9999.000,9999.000,9999.000,9999.000,9999.000
202605260312,   0.525,9999.000,9999.000,9999.000,9999.000,9999.000,9999.000,9999.000,9999.000
202605260318,   0.500,9999.000,9999.000,9999.000,9999.000,9999.000,9999.000,9999.000,9999.000
202605260324,   0.476,9999.000,9999.000,9999.000,9999.000,9999.000,9999.000,9999.000,9999.000
202605260330,   0.453,9999.000,9999.000,9999.000,9999.000,9999.000,9999.000,9999.000,9999.000
202605260336,   0.432,9999.000,9999.000,9999.000,9999.000,9999.000,9999.000,9999.000,9999.000
202605260342,   0.412,9999.000,9999.000,9999.000,9999.000,9999.000,9999.000,9999.000,9999.000
202605260348,   0.393,9999.000,9999.000,9999.000,9999.000,9999.000,9999.000,9999.000,9999.000
202605260354,   0.375,9999.000,9999.000,9999.000,9999.000,9999.000,9999.000,9999.000,9999.000
202605260400,   0.359,9999.000,   0.100,  -1.379,  -0.920,   0.000,  -1.020,   0.300,  -0.720
202605260406,   0.344,9999.000,9999.000,9999.000,9999.000,9999.000,9999.000,9999.000,9999.000
202605260412,   0.331,9999.000,9999.000,9999.000,9999.000,9999.000,9999.000,9999.000,9999.000
202605260418,   0.319,9999.000,9999.000,9999.000,9999.000,9999.000,9999.000,9999.000,9999.000
202605260424,   0.308,9999.000,9999.000,9999.000,9999.000,9999.000,9999.000,9999.000,9999.000
202605260430,   0.299,9999.000,9999.000,9999.000,9999.000,9999.000,9999.000,9999.000,9999.000
202605260436,   0.292,9999.000,9999.000,9999.000,9999.000,9999.000,9999.000,9999.000,9999.000
202605260442,   0.286,9999.000,9999.000,9999.000,9999.000,9999.000,9999.000,9999.000,9999.000
202605260448,   0.282,9999.000,9999.000,9999.000,9999.000,9999.000,9999.000,9999.000,9999.000
202605260454,   0.279,9999.000,9999.000,9999.000,9999.000,9999.000,9999.000,9999.000,9999.000
202605260500,   0.278,9999.000,   0.100,  -1.379,  -1.001,   0.000,  -1.101,   0.300,  -0.801
202605260506,   0.279,9999.000,9999.000,9999.000,9999.000,9999.000,9999.000,9999.000,9999.000
202605260512,   0.281,9999.000,9999.000,9999.000,9999.000,9999.000,9999.000,9999.000,9999.000
202605260518,   0.285,9999.000,9999.000,9999.000,9999.000,9999.000,9999.000,9999.000,9999.000
202605260524,   0.291,9999.000,9999.000,9999.000,9999.000,9999.000,9999.000,9999.000,9999.000
202605260530,   0.299,9999.000,9999.000,9999.000,9999.000,9999.000,9999.000,9999.000,9999.000
202605260536,   0.308,9999.000,9999.000,9999.000,9999.000,9999.000,9999.000,9999.000,9999.000
202605260542,   0.319,9999.000,9999.000,9999.000,9999.000,9999.000,9999.000,9999.000,9999.000
202605260548,   0.333,9999.000,9999.000,9999.000,9999.000,9999.000,9999.000,9999.000,9999.000
202605260554,   0.348,9999.000,9999.000,9999.000,9999.000,9999.000,9999.000,9999.000,9999.000
202605260600,   0.366,9999.000,   0.100,  -1.379,  -0.913,   0.000,  -1.013,   0.300,  -0.713
202605260606,   0.385,9999.000,9999.000,9999.000,9999.000,9999.000,9999.000,9999.000,9999.000
202605260612,   0.407,9999.000,9999.000,9999.000,9999.000,9999.000,9999.000,9999.000,9999.000
202605260618,   0.432,9999.000,9999.000,9999.000,9999.000,9999.000,9999.000,9999.000,9999.000
202605260624,   0.459,9999.000,9999.000,9999.000,9999.000,9999.000,9999.000,9999.000,9999.000
202605260630,   0.488,9999.000,9999.000,9999.000,9999.000,9999.000,9999.000,9999.000,9999.000
202605260636,   0.519,9999.000,9999.000,9999.000,9999.000,9999.000,9999.000,9999.000,9999.000
202605260642,   0.553,9999.000,9999.000,9999.000,9999.000,9999.000,9999.000,9999.000,9999.000
202605260648,   0.590,9999.000,9999.000,9999.000,9999.000,9999.000,9999.000,9999.000,9999.000
202605260654,   0.629,9999.000,9999.000,9999.000,9999.000,9999.000,9999.000,9999.000,9999.000
202605260700,   0.670,9999.000,   0.100,  -1.379,  -0.609,   0.000,  -0.709,   0.300,  -0.409
202605260706,   0.713,9999.000,9999.000,9999.000,9999.000,9999.000,9999.000,9999.000,9999.000
202605260712,   0.759,9999.000,9999.000,9999.000,9999.000,9999.000,9999.000,9999.000,9999.000
202605260718,   0.806,9999.000,9999.000,9999.000,9999.000,9999.000,9999.000,9999.000,9999.000
202605260724,   0.855,9999.000,9999.000,9999.000,9999.000,9999.000,9999.000,9999.000,9999.000
202605260730,   0.905,9999.000,9999.000,9999.000,9999.000,9999.000,9999.000,9999.000,9999.000
202605260736,   0.957,9999.000,9999.000,9999.000,9999.000,9999.000,9999.000,9999.000,9999.000
202605260742,   1.009,9999.000,9999.000,9999.000,9999.000,9999.000,9999.000,9999.000,9999.000
202605260748,   1.063,9999.000,9999.000,9999.000,9999.000,9999.000,9999.000,9999.000,9999.000
202605260754,   1.116,9999.000,9999.000,9999.000,9999.000,9999.000,9999.000,9999.000,9999.000
202605260800,   1.169,9999.000,   0.100,  -1.379,  -0.110,  -0.100,  -0.310,   0.300,   0.090
202605260806,   1.222,9999.000,9999.000,9999.000,9999.000,9999.000,9999.000,9999.000,9999.000
202605260812,   1.274,9999.000,9999.000,9999.000,9999.000,9999.000,9999.000,9999.000,9999.000
202605260818,   1.325,9999.000,9999.000,9999.000,9999.000,9999.000,9999.000,9999.000,9999.000
202605260824,   1.375,9999.000,9999.000,9999.000,9999.000,9999.000,9999.000,9999.000,9999.000
202605260830,   1.423,9999.000,9999.000,9999.000,9999.000,9999.000,9999.000,9999.000,9999.000
202605260836,   1.469,9999.000,9999.000,9999.000,9999.000,9999.000,9999.000,9999.000,9999.000
202605260842,   1.512,9999.000,9999.000,9999.000,9999.000,9999.000,9999.000,9999.000,9999.000
202605260848,   1.553,9999.000,9999.000,9999.000,9999.000,9999.000,9999.000,9999.000,9999.000
202605260854,   1.591,9999.000,9999.000,9999.000,9999.000,9999.000,9999.000,9999.000,9999.000
202605260900,   1.627,9999.000,   0.100,  -1.379,   0.348,  -0.100,   0.148,   0.300,   0.548
202605260906,   1.659,9999.000,9999.000,9999.000,9999.000,9999.000,9999.000,9999.000,9999.000
202605260912,   1.688,9999.000,9999.000,9999.000,9999.000,9999.000,9999.000,9999.000,9999.000
202605260918,   1.714,9999.000,9999.000,9999.000,9999.000,9999.000,9999.000,9999.000,9999.000
202605260924,   1.737,9999.000,9999.000,9999.000,9999.000,9999.000,9999.000,9999.000,9999.000
202605260930,   1.757,9999.000,9999.000,9999.000,9999.000,9999.000,9999.000,9999.000,9999.000
202605260936,   1.773,9999.000,9999.000,9999.000,9999.000,9999.000,9999.000,9999.000,9999.000
202605260942,   1.787,9999.000,9999.000,9999.000,9999.000,9999.000,9999.000,9999.000,9999.000
202605260948,   1.797,9999.000,9999.000,9999.000,9999.000,9999.000,9999.000,9999.000,9999.000
202605260954,   1.805,9999.000,9999.000,9999.000,9999.000,9999.000,9999.000,9999.000,9999.000
202605261000,   1.810,9999.000,   0.100,  -1.379,   0.531,  -0.100,   0.331,   0.300,   0.731
202605261006,   1.813,9999.000,9999.000,9999.000,9999.000,9999.000,9999.000,9999.000,9999.000
202605261012,   1.813,9999.000,9999.000,9999.000,9999.000,9999.000,9999.000,9999.000,9999.000
202605261018,   1.811,9999.000,9999.000,9999.000,9999.000,9999.000,9999.000,9999.000,9999.000
202605261024,   1.807,9999.000,9999.000,9999.000,9999.000,9999.000,9999.000,9999.000,9999.000
202605261030,   1.801,9999.000,9999.000,9999.000,9999.000,9999.000,9999.000,9999.000,9999.000
202605261036,   1.794,9999.000,9999.000,9999.000,9999.000,9999.000,9999.000,9999.000,9999.000
202605261042,   1.784,9999.000,9999.000,9999.000,9999.000,9999.000,9999.000,9999.000,9999.000
202605261048,   1.773,9999.000,9999.000,9999.000,9999.000,9999.000,9999.000,9999.000,9999.000
202605261054,   1.760,9999.000,9999.000,9999.000,9999.000,9999.000,9999.000,9999.000,9999.000
202605261100,   1.746,9999.000,   0.100,  -1.379,   0.467,  -0.100,   0.267,   0.300,   0.667
202605261106,   1.730,9999.000,9999.000,9999.000,9999.000,9999.000,9999.000,9999.000,9999.000
202605261112,   1.713,9999.000,9999.000,9999.000,9999.000,9999.000,9999.000,9999.000,9999.000
202605261118,   1.694,9999.000,9999.000,9999.000,9999.000,9999.000,9999.000,9999.000,9999.000
202605261124,   1.674,9999.000,9999.000,9999.000,9999.000,9999.000,9999.000,9999.000,9999.000
202605261130,   1.652,9999.000,9999.000,9999.000,9999.000,9999.000,9999.000,9999.000,9999.000
202605261136,   1.628,9999.000,9999.000,9999.000,9999.000,9999.000,9999.000,9999.000,9999.000
202605261142,   1.604,9999.000,9999.000,9999.000,9999.000,9999.000,9999.000,9999.000,9999.000
202605261148,   1.577,9999.000,9999.000,9999.000,9999.000,9999.000,9999.000,9999.000,9999.000
202605261154,   1.549,9999.000,9999.000,9999.000,9999.000,9999.000,9999.000,9999.000,9999.000
202605261200,   1.520,9999.000,   0.100,  -1.379,   0.241,   0.000,   0.141,   0.300,   0.441
202605261206,   1.488,9999.000,9999.000,9999.000,9999.000,9999.000,9999.000,9999.000,9999.000
202605261212,   1.456,9999.000,9999.000,9999.000,9999.000,9999.000,9999.000,9999.000,9999.000
202605261218,   1.422,9999.000,9999.000,9999.000,9999.000,9999.000,9999.000,9999.000,9999.000
202605261224,   1.386,9999.000,9999.000,9999.000,9999.000,9999.000,9999.000,9999.000,9999.000
202605261230,   1.349,9999.000,9999.000,9999.000,9999.000,9999.000,9999.000,9999.000,9999.000
202605261236,   1.311,9999.000,9999.000,9999.000,9999.000,9999.000,9999.000,9999.000,9999.000
202605261242,   1.272,9999.000,9999.000,9999.000,9999.000,9999.000,9999.000,9999.000,9999.000
202605261248,   1.231,9999.000,9999.000,9999.000,9999.000,9999.000,9999.000,9999.000,9999.000
202605261254,   1.190,9999.000,9999.000,9999.000,9999.000,9999.000,9999.000,9999.000,9999.000
202605261300,   1.148,9999.000,   0.100,  -1.379,  -0.131,   0.000,  -0.231,   0.300,   0.069
202605261306,   1.106,9999.000,9999.000,9999.000,9999.000,9999.000,9999.000,9999.000,9999.000
202605261312,   1.063,9999.000,9999.000,9999.000,9999.000,9999.000,9999.000,9999.000,9999.000
202605261318,   1.020,9999.000,9999.000,9999.000,9999.000,9999.000,9999.000,9999.000,9999.000
202605261324,   0.977,9999.000,9999.000,9999.000,9999.000,9999.000,9999.000,9999.000,9999.000
202605261330,   0.934,9999.000,9999.000,9999.000,9999.000,9999.000,9999.000,9999.000,9999.000
202605261336,   0.891,9999.000,9999.000,9999.000,9999.000,9999.000,9999.000,9999.000,9999.000
202605261342,   0.849,9999.000,9999.000,9999.000,9999.000,9999.000,9999.000,9999.000,9999.000
202605261348,   0.807,9999.000,9999.000,9999.000,9999.000,9999.000,9999.000,9999.000,9999.000
202605261354,   0.766,9999.000,9999.000,9999.000,9999.000,9999.000,9999.000,9999.000,9999.000
202605261400,   0.725,9999.000,   0.100,  -1.379,  -0.554,  -0.100,  -0.754,   0.300,  -0.354
202605261406,   0.686,9999.000,9999.000,9999.000,9999.000,9999.000,9999.000,9999.000,9999.000
202605261412,   0.647,9999.000,9999.000,9999.000,9999.000,9999.000,9999.000,9999.000,9999.000
202605261418,   0.609,9999.000,9999.000,9999.000,9999.000,9999.000,9999.000,9999.000,9999.000
202605261424,   0.573,9999.000,9999.000,9999.000,9999.000,9999.000,9999.000,9999.000,9999.000
202605261430,   0.537,9999.000,9999.000,9999.000,9999.000,9999.000,9999.000,9999.000,9999.000
202605261436,   0.503,9999.000,9999.000,9999.000,9999.000,9999.000,9999.000,9999.000,9999.000
202605261442,   0.469,9999.000,9999.000,9999.000,9999.000,9999.000,9999.000,9999.000,9999.000
202605261448,   0.437,9999.000,9999.000,9999.000,9999.000,9999.000,9999.000,9999.000,9999.000
202605261454,   0.406,9999.000,9999.000,9999.000,9999.000,9999.000,9999.000,9999.000,9999.000
202605261500,   0.377,9999.000,   0.100,  -1.379,  -0.902,   0.000,  -1.002,   0.300,  -0.702
202605261506,   0.348,9999.000,9999.000,9999.000,9999.000,9999.000,9999.000,9999.000,9999.000
202605261512,   0.321,9999.000,9999.000,9999.000,9999.000,9999.000,9999.000,9999.000,9999.000
202605261518,   0.295,9999.000,9999.000,9999.000,9999.000,9999.000,9999.000,9999.000,9999.000
202605261524,   0.271,9999.000,9999.000,9999.000,9999.000,9999.000,9999.000,9999.000,9999.000
202605261530,   0.247,9999.000,9999.000,9999.000,9999.000,9999.000,9999.000,9999.000,9999.000
202605261536,   0.225,9999.000,9999.000,9999.000,9999.000,9999.000,9999.000,9999.000,9999.000
202605261542,   0.205,9999.000,9999.000,9999.000,9999.000,9999.000,9999.000,9999.000,9999.000
202605261548,   0.186,9999.000,9999.000,9999.000,9999.000,9999.000,9999.000,9999.000,9999.000
202605261554,   0.168,9999.000,9999.000,9999.000,9999.000,9999.000,9999.000,9999.000,9999.000
202605261600,   0.152,9999.000,   0.100,  -1.379,  -1.127,   0.000,  -1.227,   0.300,  -0.927
202605261606,   0.137,9999.000,9999.000,9999.000,9999.000,9999.000,9999.000,9999.000,9999.000
202605261612,   0.124,9999.000,9999.000,9999.000,9999.000,9999.000,9999.000,9999.000,9999.000
202605261618,   0.113,9999.000,9999.000,9999.000,9999.000,9999.000,9999.000,9999.000,9999.000
202605261624,   0.103,9999.000,9999.000,9999.000,9999.000,9999.000,9999.000,9999.000,9999.000
202605261630,   0.095,9999.000,9999.000,9999.000,9999.000,9999.000,9999.000,9999.000,9999.000
202605261636,   0.089,9999.000,9999.000,9999.000,9999.000,9999.000,9999.000,9999.000,9999.000
202605261642,   0.085,9999.000,9999.000,9999.000,9999.000,9999.000,9999.000,9999.000,9999.000
202605261648,   0.083,9999.000,9999.000,9999.000,9999.000,9999.000,9999.000,9999.000,9999.000
202605261654,   0.082,9999.000,9999.000,9999.000,9999.000,9999.000,9999.000,9999.000,9999.000
202605261700,   0.084,9999.000,   0.100,  -1.379,  -1.195,   0.000,  -1.295,   0.400,  -0.895
202605261706,   0.087,9999.000,9999.000,9999.000,9999.000,9999.000,9999.000,9999.000,9999.000
202605261712,   0.093,9999.000,9999.000,9999.000,9999.000,9999.000,9999.000,9999.000,9999.000
202605261718,   0.100,9999.000,9999.000,9999.000,9999.000,9999.000,9999.000,9999.000,9999.000
202605261724,   0.110,9999.000,9999.000,9999.000,9999.000,9999.000,9999.000,9999.000,9999.000
202605261730,   0.121,9999.000,9999.000,9999.000,9999.000,9999.000,9999.000,9999.000,9999.000
202605261736,   0.135,9999.000,9999.000,9999.000,9999.000,9999.000,9999.000,9999.000,9999.000
202605261742,   0.151,9999.000,9999.000,9999.000,9999.000,9999.000,9999.000,9999.000,9999.000
202605261748,   0.169,9999.000,9999.000,9999.000,9999.000,9999.000,9999.000,9999.000,9999.000
202605261754,   0.189,9999.000,9999.000,9999.000,9999.000,9999.000,9999.000,9999.000,9999.000
202605261800,   0.211,9999.000,   0.200,  -1.379,  -0.968,   0.000,  -1.168,   0.400,  -0.768
202605261806,   0.236,9999.000,9999.000,9999.000,9999.000,9999.000,9999.000,9999.000,9999.000
202605261812,   0.263,9999.000,9999.000,9999.000,9999.000,9999.000,9999.000,9999.000,9999.000
202605261818,   0.292,9999.000,9999.000,9999.000,9999.000,9999.000,9999.000,9999.000,9999.000
202605261824,   0.324,9999.000,9999.000,9999.000,9999.000,9999.000,9999.000,9999.000,9999.000
202605261830,   0.358,9999.000,9999.000,9999.000,9999.000,9999.000,9999.000,9999.000,9999.000
202605261836,   0.395,9999.000,9999.000,9999.000,9999.000,9999.000,9999.000,9999.000,9999.000
202605261842,   0.434,9999.000,9999.000,9999.000,9999.000,9999.000,9999.000,9999.000,9999.000
202605261848,   0.476,9999.000,9999.000,9999.000,9999.000,9999.000,9999.000,9999.000,9999.000
202605261854,   0.521,9999.000,9999.000,9999.000,9999.000,9999.000,9999.000,9999.000,9999.000
202605261900,   0.568,9999.000,   0.200,  -1.379,  -0.611,   0.000,  -0.811,   0.300,  -0.511
202605261906,   0.618,9999.000,9999.000,9999.000,9999.000,9999.000,9999.000,9999.000,9999.000
202605261912,   0.671,9999.000,9999.000,9999.000,9999.000,9999.000,9999.000,9999.000,9999.000
202605261918,   0.726,9999.000,9999.000,9999.000,9999.000,9999.000,9999.000,9999.000,9999.000
202605261924,   0.784,9999.000,9999.000,9999.000,9999.000,9999.000,9999.000,9999.000,9999.000
202605261930,   0.843,9999.000,9999.000,9999.000,9999.000,9999.000,9999.000,9999.000,9999.000
202605261936,   0.905,9999.000,9999.000,9999.000,9999.000,9999.000,9999.000,9999.000,9999.000
202605261942,   0.969,9999.000,9999.000,9999.000,9999.000,9999.000,9999.000,9999.000,9999.000
202605261948,   1.035,9999.000,9999.000,9999.000,9999.000,9999.000,9999.000,9999.000,9999.000
202605261954,   1.102,9999.000,9999.000,9999.000,9999.000,9999.000,9999.000,9999.000,9999.000
202605262000,   1.170,9999.000,   0.200,  -1.379,  -0.009,   0.000,  -0.209,   0.400,   0.191
202605262006,   1.239,9999.000,9999.000,9999.000,9999.000,9999.000,9999.000,9999.000,9999.000
202605262012,   1.308,9999.000,9999.000,9999.000,9999.000,9999.000,9999.000,9999.000,9999.000
202605262018,   1.378,9999.000,9999.000,9999.000,9999.000,9999.000,9999.000,9999.000,9999.000
202605262024,   1.447,9999.000,9999.000,9999.000,9999.000,9999.000,9999.000,9999.000,9999.000
202605262030,   1.516,9999.000,9999.000,9999.000,9999.000,9999.000,9999.000,9999.000,9999.000
202605262036,   1.583,9999.000,9999.000,9999.000,9999.000,9999.000,9999.000,9999.000,9999.000
202605262042,   1.650,9999.000,9999.000,9999.000,9999.000,9999.000,9999.000,9999.000,9999.000
202605262048,   1.714,9999.000,9999.000,9999.000,9999.000,9999.000,9999.000,9999.000,9999.000
202605262054,   1.777,9999.000,9999.000,9999.000,9999.000,9999.000,9999.000,9999.000,9999.000
202605262100,   1.837,9999.000,   0.200,  -1.379,   0.658,   0.000,   0.458,   0.400,   0.858
202605262106,   1.894,9999.000,9999.000,9999.000,9999.000,9999.000,9999.000,9999.000,9999.000
202605262112,   1.948,9999.000,9999.000,9999.000,9999.000,9999.000,9999.000,9999.000,9999.000
202605262118,   2.000,9999.000,9999.000,9999.000,9999.000,9999.000,9999.000,9999.000,9999.000
202605262124,   2.047,9999.000,9999.000,9999.000,9999.000,9999.000,9999.000,9999.000,9999.000
202605262130,   2.091,9999.000,9999.000,9999.000,9999.000,9999.000,9999.000,9999.000,9999.000
202605262136,   2.132,9999.000,9999.000,9999.000,9999.000,9999.000,9999.000,9999.000,9999.000
202605262142,   2.168,9999.000,9999.000,9999.000,9999.000,9999.000,9999.000,9999.000,9999.000
202605262148,   2.201,9999.000,9999.000,9999.000,9999.000,9999.000,9999.000,9999.000,9999.000
202605262154,   2.230,9999.000,9999.000,9999.000,9999.000,9999.000,9999.000,9999.000,9999.000
202605262200,   2.255,9999.000,   0.200,  -1.379,   1.076,   0.100,   0.976,   0.400,   1.276
202605262206,   2.277,9999.000,9999.000,9999.000,9999.000,9999.000,9999.000,9999.000,9999.000
202605262212,   2.295,9999.000,9999.000,9999.000,9999.000,9999.000,9999.000,9999.000,9999.000
202605262218,   2.309,9999.000,9999.000,9999.000,9999.000,9999.000,9999.000,9999.000,9999.000
202605262224,   2.320,9999.000,9999.000,9999.000,9999.000,9999.000,9999.000,9999.000,9999.000
202605262230,   2.328,9999.000,9999.000,9999.000,9999.000,9999.000,9999.000,9999.000,9999.000
202605262236,   2.333,9999.000,9999.000,9999.000,9999.000,9999.000,9999.000,9999.000,9999.000
202605262242,   2.334,9999.000,9999.000,9999.000,9999.000,9999.000,9999.000,9999.000,9999.000
202605262248,   2.333,9999.000,9999.000,9999.000,9999.000,9999.000,9999.000,9999.000,9999.000
202605262254,   2.330,9999.000,9999.000,9999.000,9999.000,9999.000,9999.000,9999.000,9999.000
202605262300,   2.324,9999.000,   0.200,  -1.379,   1.145,   0.100,   1.045,   0.400,   1.345
202605262306,   2.315,9999.000,9999.000,9999.000,9999.000,9999.000,9999.000,9999.000,9999.000
202605262312,   2.305,9999.000,9999.000,9999.000,9999.000,9999.000,9999.000,9999.000,9999.000
202605262318,   2.292,9999.000,9999.000,9999.000,9999.000,9999.000,9999.000,9999.000,9999.000
202605262324,   2.277,9999.000,9999.000,9999.000,9999.000,9999.000,9999.000,9999.000,9999.000
202605262330,   2.260,9999.000,9999.000,9999.000,9999.000,9999.000,9999.000,9999.000,9999.000
202605262336,   2.241,9999.000,9999.000,9999.000,9999.000,9999.000,9999.000,9999.000,9999.000
202605262342,   2.219,9999.000,9999.000,9999.000,9999.000,9999.000,9999.000,9999.000,9999.000
202605262348,   2.197,9999.000,9999.000,9999.000,9999.000,9999.000,9999.000,9999.000,9999.000
202605262354,   2.172,9999.000,9999.000,9999.000,9999.000,9999.000,9999.000,9999.000,9999.000
202605270000,   2.145,9999.000,   0.300,  -1.379,   1.066,   0.100,   0.866,   0.400,   1.166
202605270006,   2.116,9999.000,9999.000,9999.000,9999.000,9999.000,9999.000,9999.000,9999.000
202605270012,   2.085,9999.000,9999.000,9999.000,9999.000,9999.000,9999.000,9999.000,9999.000
202605270018,   2.053,9999.000,9999.000,9999.000,9999.000,9999.000,9999.000,9999.000,9999.000
202605270024,   2.019,9999.000,9999.000,9999.000,9999.000,9999.000,9999.000,9999.000,9999.000
202605270030,   1.983,9999.000,9999.000,9999.000,9999.000,9999.000,9999.000,9999.000,9999.000
202605270036,   1.945,9999.000,9999.000,9999.000,9999.000,9999.000,9999.000,9999.000,9999.000
202605270042,   1.905,9999.000,9999.000,9999.000,9999.000,9999.000,9999.000,9999.000,9999.000
202605270048,   1.864,9999.000,9999.000,9999.000,9999.000,9999.000,9999.000,9999.000,9999.000
202605270054,   1.821,9999.000,9999.000,9999.000,9999.000,9999.000,9999.000,9999.000,9999.000
202605270100,   1.777,9999.000,   0.300,  -1.379,   0.698,   0.200,   0.598,   0.500,   0.898
202605270106,   1.732,9999.000,9999.000,9999.000,9999.000,9999.000,9999.000,9999.000,9999.000
202605270112,   1.686,9999.000,9999.000,9999.000,9999.000,9999.000,9999.000,9999.000,9999.000
202605270118,   1.639,9999.000,9999.000,9999.000,9999.000,9999.000,9999.000,9999.000,9999.000
202605270124,   1.591,9999.000,9999.000,9999.000,9999.000,9999.000,9999.000,9999.000,9999.000
202605270130,   1.542,9999.000,9999.000,9999.000,9999.000,9999.000,9999.000,9999.000,9999.000
202605270136,   1.494,9999.000,9999.000,9999.000,9999.000,9999.000,9999.000,9999.000,9999.000
202605270142,   1.444,9999.000,9999.000,9999.000,9999.000,9999.000,9999.000,9999.000,9999.000
202605270148,   1.395,9999.000,9999.000,9999.000,9999.000,9999.000,9999.000,9999.000,9999.000
202605270154,   1.346,9999.000,9999.000,9999.000,9999.000,9999.000,9999.000,9999.000,9999.000
202605270200,   1.298,9999.000,   0.300,  -1.379,   0.219,   0.200,   0.119,   0.400,   0.319
202605270206,   1.250,9999.000,9999.000,9999.000,9999.000,9999.000,9999.000,9999.000,9999.000
202605270212,   1.202,9999.000,9999.000,9999.000,9999.000,9999.000,9999.000,9999.000,9999.000
202605270218,   1.155,9999.000,9999.000,9999.000,9999.000,9999.000,9999.000,9999.000,9999.000
202605270224,   1.109,9999.000,9999.000,9999.000,9999.000,9999.000,9999.000,9999.000,9999.000
202605270230,   1.064,9999.000,9999.000,9999.000,9999.000,9999.000,9999.000,9999.000,9999.000
202605270236,   1.020,9999.000,9999.000,9999.000,9999.000,9999.000,9999.000,9999.000,9999.000
202605270242,   0.977,9999.000,9999.000,9999.000,9999.000,9999.000,9999.000,9999.000,9999.000
202605270248,   0.935,9999.000,9999.000,9999.000,9999.000,9999.000,9999.000,9999.000,9999.000
202605270254,   0.894,9999.000,9999.000,9999.000,9999.000,9999.000,9999.000,9999.000,9999.000
202605270300,   0.855,9999.000,   0.300,  -1.379,  -0.224,   0.100,  -0.424,   0.400,  -0.124
202605270306,   0.816,9999.000,9999.000,9999.000,9999.000,9999.000,9999.000,9999.000,9999.000
202605270312,   0.779,9999.000,9999.000,9999.000,9999.000,9999.000,9999.000,9999.000,9999.000
202605270318,   0.743,9999.000,9999.000,9999.000,9999.000,9999.000,9999.000,9999.000,9999.000
202605270324,   0.708,9999.000,9999.000,9999.000,9999.000,9999.000,9999.000,9999.000,9999.000
202605270330,   0.675,9999.000,9999.000,9999.000,9999.000,9999.000,9999.000,9999.000,9999.000
202605270336,   0.642,9999.000,9999.000,9999.000,9999.000,9999.000,9999.000,9999.000,9999.000
202605270342,   0.611,9999.000,9999.000,9999.000,9999.000,9999.000,9999.000,9999.000,9999.000
202605270348,   0.580,9999.000,9999.000,9999.000,9999.000,9999.000,9999.000,9999.000,9999.000
202605270354,   0.551,9999.000,9999.000,9999.000,9999.000,9999.000,9999.000,9999.000,9999.000
202605270400,   0.524,9999.000,   0.300,  -1.379,  -0.555,   0.100,  -0.755,   0.400,  -0.455
202605270406,   0.497,9999.000,9999.000,9999.000,9999.000,9999.000,9999.000,9999.000,9999.000
202605270412,   0.471,9999.000,9999.000,9999.000,9999.000,9999.000,9999.000,9999.000,9999.000
202605270418,   0.447,9999.000,9999.000,9999.000,9999.000,9999.000,9999.000,9999.000,9999.000
202605270424,   0.424,9999.000,9999.000,9999.000,9999.000,9999.000,9999.000,9999.000,9999.000
202605270430,   0.402,9999.000,9999.000,9999.000,9999.000,9999.000,9999.000,9999.000,9999.000
202605270436,   0.382,9999.000,9999.000,9999.000,9999.000,9999.000,9999.000,9999.000,9999.000
202605270442,   0.363,9999.000,9999.000,9999.000,9999.000,9999.000,9999.000,9999.000,9999.000
202605270448,   0.345,9999.000,9999.000,9999.000,9999.000,9999.000,9999.000,9999.000,9999.000
202605270454,   0.328,9999.000,9999.000,9999.000,9999.000,9999.000,9999.000,9999.000,9999.000
202605270500,   0.313,9999.000,   0.300,  -1.379,  -0.766,   0.100,  -0.966,   0.400,  -0.666
202605270506,   0.300,9999.000,9999.000,9999.000,9999.000,9999.000,9999.000,9999.000,9999.000
202605270512,   0.288,9999.000,9999.000,9999.000,9999.000,9999.000,9999.000,9999.000,9999.000
202605270518,   0.277,9999.000,9999.000,9999.000,9999.000,9999.000,9999.000,9999.000,9999.000
202605270524,   0.268,9999.000,9999.000,9999.000,9999.000,9999.000,9999.000,9999.000,9999.000
202605270530,   0.260,9999.000,9999.000,9999.000,9999.000,9999.000,9999.000,9999.000,9999.000
202605270536,   0.254,9999.000,9999.000,9999.000,9999.000,9999.000,9999.000,9999.000,9999.000
202605270542,   0.250,9999.000,9999.000,9999.000,9999.000,9999.000,9999.000,9999.000,9999.000
202605270548,   0.247,9999.000,9999.000,9999.000,9999.000,9999.000,9999.000,9999.000,9999.000
202605270554,   0.245,9999.000,9999.000,9999.000,9999.000,9999.000,9999.000,9999.000,9999.000
202605270600,   0.246,9999.000,   0.300,  -1.379,  -0.833,   0.100,  -1.033,   0.400,  -0.733
202605270606,   0.248,9999.000,9999.000,9999.000,9999.000,9999.000,9999.000,9999.000,9999.000
202605270612,   0.251,9999.000,9999.000,9999.000,9999.000,9999.000,9999.000,9999.000,9999.000
202605270618,   0.257,9999.000,9999.000,9999.000,9999.000,9999.000,9999.000,9999.000,9999.000
202605270624,   0.264,9999.000,9999.000,9999.000,9999.000,9999.000,9999.000,9999.000,9999.000
202605270630,   0.273,9999.000,9999.000,9999.000,9999.000,9999.000,9999.000,9999.000,9999.000
202605270636,   0.284,9999.000,9999.000,9999.000,9999.000,9999.000,9999.000,9999.000,9999.000
202605270642,   0.298,9999.000,9999.000,9999.000,9999.000,9999.000,9999.000,9999.000,9999.000
202605270648,   0.313,9999.000,9999.000,9999.000,9999.000,9999.000,9999.000,9999.000,9999.000
202605270654,   0.330,9999.000,9999.000,9999.000,9999.000,9999.000,9999.000,9999.000,9999.000
202605270700,   0.350,9999.000,   0.300,  -1.379,  -0.729,   0.100,  -0.929,   0.400,  -0.629
202605270706,   0.372,9999.000,9999.000,9999.000,9999.000,9999.000,9999.000,9999.000,9999.000
202605270712,   0.397,9999.000,9999.000,9999.000,9999.000,9999.000,9999.000,9999.000,9999.000
202605270718,   0.424,9999.000,9999.000,9999.000,9999.000,9999.000,9999.000,9999.000,9999.000
202605270724,   0.454,9999.000,9999.000,9999.000,9999.000,9999.000,9999.000,9999.000,9999.000
202605270730,   0.486,9999.000,9999.000,9999.000,9999.000,9999.000,9999.000,9999.000,9999.000
202605270736,   0.521,9999.000,9999.000,9999.000,9999.000,9999.000,9999.000,9999.000,9999.000
202605270742,   0.558,9999.000,9999.000,9999.000,9999.000,9999.000,9999.000,9999.000,9999.000
202605270748,   0.597,9999.000,9999.000,9999.000,9999.000,9999.000,9999.000,9999.000,9999.000
202605270754,   0.639,9999.000,9999.000,9999.000,9999.000,9999.000,9999.000,9999.000,9999.000
202605270800,   0.684,9999.000,   0.300,  -1.379,  -0.395,   0.100,  -0.595,   0.400,  -0.295
202605270806,   0.730,9999.000,9999.000,9999.000,9999.000,9999.000,9999.000,9999.000,9999.000
202605270812,   0.778,9999.000,9999.000,9999.000,9999.000,9999.000,9999.000,9999.000,9999.000
202605270818,   0.828,9999.000,9999.000,9999.000,9999.000,9999.000,9999.000,9999.000,9999.000
202605270824,   0.879,9999.000,9999.000,9999.000,9999.000,9999.000,9999.000,9999.000,9999.000
202605270830,   0.932,9999.000,9999.000,9999.000,9999.000,9999.000,9999.000,9999.000,9999.000
202605270836,   0.985,9999.000,9999.000,9999.000,9999.000,9999.000,9999.000,9999.000,9999.000
202605270842,   1.039,9999.000,9999.000,9999.000,9999.000,9999.000,9999.000,9999.000,9999.000
202605270848,   1.092,9999.000,9999.000,9999.000,9999.000,9999.000,9999.000,9999.000,9999.000
202605270854,   1.146,9999.000,9999.000,9999.000,9999.000,9999.000,9999.000,9999.000,9999.000
202605270900,   1.199,9999.000,   0.300,  -1.379,   0.120,   0.100,  -0.080,   0.400,   0.220
202605270906,   1.252,9999.000,9999.000,9999.000,9999.000,9999.000,9999.000,9999.000,9999.000
202605270912,   1.303,9999.000,9999.000,9999.000,9999.000,9999.000,9999.000,9999.000,9999.000
202605270918,   1.352,9999.000,9999.000,9999.000,9999.000,9999.000,9999.000,9999.000,9999.000
202605270924,   1.400,9999.000,9999.000,9999.000,9999.000,9999.000,9999.000,9999.000,9999.000
202605270930,   1.446,9999.000,9999.000,9999.000,9999.000,9999.000,9999.000,9999.000,9999.000
202605270936,   1.489,9999.000,9999.000,9999.000,9999.000,9999.000,9999.000,9999.000,9999.000
202605270942,   1.529,9999.000,9999.000,9999.000,9999.000,9999.000,9999.000,9999.000,9999.000
202605270948,   1.567,9999.000,9999.000,9999.000,9999.000,9999.000,9999.000,9999.000,9999.000
202605270954,   1.601,9999.000,9999.000,9999.000,9999.000,9999.000,9999.000,9999.000,9999.000
202605271000,   1.633,9999.000,   0.300,  -1.379,   0.554,   0.100,   0.354,   0.400,   0.654
202605271006,   1.661,9999.000,9999.000,9999.000,9999.000,9999.000,9999.000,9999.000,9999.000
202605271012,   1.686,9999.000,9999.000,9999.000,9999.000,9999.000,9999.000,9999.000,9999.000
202605271018,   1.708,9999.000,9999.000,9999.000,9999.000,9999.000,9999.000,9999.000,9999.000
202605271024,   1.726,9999.000,9999.000,9999.000,9999.000,9999.000,9999.000,9999.000,9999.000
202605271030,   1.742,9999.000,9999.000,9999.000,9999.000,9999.000,9999.000,9999.000,9999.000
202605271036,   1.754,9999.000,9999.000,9999.000,9999.000,9999.000,9999.000,9999.000,9999.000
202605271042,   1.764,9999.000,9999.000,9999.000,9999.000,9999.000,9999.000,9999.000,9999.000
202605271048,   1.770,9999.000,9999.000,9999.000,9999.000,9999.000,9999.000,9999.000,9999.000
202605271054,   1.774,9999.000,9999.000,9999.000,9999.000,9999.000,9999.000,9999.000,9999.000
202605271100,   1.776,9999.000,   0.300,  -1.379,   0.697,   0.100,   0.497,   0.400,   0.797
202605271106,   1.775,9999.000,9999.000,9999.000,9999.000,9999.000,9999.000,9999.000,9999.000
202605271112,   1.771,9999.000,9999.000,9999.000,9999.000,9999.000,9999.000,9999.000,9999.000
202605271118,   1.766,9999.000,9999.000,9999.000,9999.000,9999.000,9999.000,9999.000,9999.000
202605271124,   1.758,9999.000,9999.000,9999.000,9999.000,9999.000,9999.000,9999.000,9999.000
202605271130,   1.749,9999.000,9999.000,9999.000,9999.000,9999.000,9999.000,9999.000,9999.000
202605271136,   1.737,9999.000,9999.000,9999.000,9999.000,9999.000,9999.000,9999.000,9999.000
202605271142,   1.724,9999.000,9999.000,9999.000,9999.000,9999.000,9999.000,9999.000,9999.000
202605271148,   1.709,9999.000,9999.000,9999.000,9999.000,9999.000,9999.000,9999.000,9999.000
202605271154,   1.693,9999.000,9999.000,9999.000,9999.000,9999.000,9999.000,9999.000,9999.000
202605271200,   1.675,9999.000,   0.300,  -1.379,   0.596,   0.100,   0.396,   0.400,   0.696
