        TIME,    TIDE,      OB,   SURGE,    BIAS,     TWL,SURGE90p,  TWL90p,SURGE10p,   TWL10p
202603221800,   0.658,   0.059,  -0.900,   0.301,   0.059,  -1.000,  -0.041,  -0.800,   0.159
202603221806,   0.509,  -0.239,9999.000,9999.000,9999.000,9999.000,9999.000,9999.000,9999.000
202603221812,   0.367,  -0.288,9999.000,9999.000,9999.000,9999.000,9999.000,9999.000,9999.000
202603221818,   0.231,  -0.390,9999.000,9999.000,9999.000,9999.000,9999.000,9999.000,9999.000
202603221824,   0.103,  -0.429,9999.000,9999.000,9999.000,9999.000,9999.000,9999.000,9999.000
202603221830,  -0.016,  -0.600,9999.000,9999.000,9999.000,9999.000,9999.000,9999.000,9999.000
202603221836,  -0.128,  -0.688,9999.000,9999.000,9999.000,9999.000,9999.000,9999.000,9999.000
202603221842,  -0.232,  -0.770,9999.000,9999.000,9999.000,9999.000,9999.000,9999.000,9999.000
202603221848,  -0.327,  -0.879,9999.000,9999.000,9999.000,9999.000,9999.000,9999.000,9999.000
202603221854,  -0.413,  -0.908,9999.000,9999.000,9999.000,9999.000,9999.000,9999.000,9999.000
202603221900,  -0.490,  -0.970,  -0.900,   0.420,  -0.970,  -1.000,  -1.070,  -0.800,  -0.870
202603221906,  -0.557,  -1.029,9999.000,9999.000,9999.000,9999.000,9999.000,9999.000,9999.000
202603221912,  -0.615,  -1.069,9999.000,9999.000,9999.000,9999.000,9999.000,9999.000,9999.000
202603221918,  -0.664,  -1.088,9999.000,9999.000,9999.000,9999.000,9999.000,9999.000,9999.000
202603221924,  -0.703,  -1.108,9999.000,9999.000,9999.000,9999.000,9999.000,9999.000,9999.000
202603221930,  -0.733,  -1.170,9999.000,9999.000,9999.000,9999.000,9999.000,9999.000,9999.000
202603221936,  -0.754,  -1.190,9999.000,9999.000,9999.000,9999.000,9999.000,9999.000,9999.000
202603221942,  -0.766,  -1.170,9999.000,9999.000,9999.000,9999.000,9999.000,9999.000,9999.000
202603221948,  -0.768,  -1.279,9999.000,9999.000,9999.000,9999.000,9999.000,9999.000,9999.000
202603221954,  -0.762,  -1.161,9999.000,9999.000,9999.000,9999.000,9999.000,9999.000,9999.000
202603222000,  -0.747,  -1.229,  -0.900,   0.418,  -1.229,  -1.000,  -1.329,  -0.800,  -1.129
202603222006,  -0.724,  -1.161,9999.000,9999.000,9999.000,9999.000,9999.000,9999.000,9999.000
202603222012,  -0.693,  -1.190,9999.000,9999.000,9999.000,9999.000,9999.000,9999.000,9999.000
202603222018,  -0.654,  -1.239,9999.000,9999.000,9999.000,9999.000,9999.000,9999.000,9999.000
202603222024,  -0.607,  -1.000,9999.000,9999.000,9999.000,9999.000,9999.000,9999.000,9999.000
202603222030,  -0.554,  -1.108,9999.000,9999.000,9999.000,9999.000,9999.000,9999.000,9999.000
202603222036,  -0.493,  -1.059,9999.000,9999.000,9999.000,9999.000,9999.000,9999.000,9999.000
202603222042,  -0.426,  -0.961,9999.000,9999.000,9999.000,9999.000,9999.000,9999.000,9999.000
202603222048,  -0.353,  -0.961,9999.000,9999.000,9999.000,9999.000,9999.000,9999.000,9999.000
202603222054,  -0.274,  -0.888,9999.000,9999.000,9999.000,9999.000,9999.000,9999.000,9999.000
202603222100,  -0.189,  -0.879,  -0.800,   0.110,  -0.879,  -1.000,  -1.079,  -0.700,  -0.779
202603222106,  -0.098,  -0.741,9999.000,9999.000,9999.000,9999.000,9999.000,9999.000,9999.000
202603222112,  -0.003,  -0.731,9999.000,9999.000,9999.000,9999.000,9999.000,9999.000,9999.000
202603222118,   0.096,  -0.590,9999.000,9999.000,9999.000,9999.000,9999.000,9999.000,9999.000
202603222124,   0.201,  -0.590,9999.000,9999.000,9999.000,9999.000,9999.000,9999.000,9999.000
202603222130,   0.311,  -0.449,9999.000,9999.000,9999.000,9999.000,9999.000,9999.000,9999.000
202603222136,   0.425,  -0.321,9999.000,9999.000,9999.000,9999.000,9999.000,9999.000,9999.000
202603222142,   0.542,  -0.209,9999.000,9999.000,9999.000,9999.000,9999.000,9999.000,9999.000
202603222148,   0.664,  -0.059,9999.000,9999.000,9999.000,9999.000,9999.000,9999.000,9999.000
202603222154,   0.789,   0.039,9999.000,9999.000,9999.000,9999.000,9999.000,9999.000,9999.000
202603222200,   0.918,   0.160,  -0.800,   0.042,   0.160,  -0.900,   0.060,  -0.700,   0.260
202603222206,   1.050,   0.360,9999.000,9999.000,9999.000,9999.000,9999.000,9999.000,9999.000
202603222212,   1.185,   0.488,9999.000,9999.000,9999.000,9999.000,9999.000,9999.000,9999.000
202603222218,   1.323,   0.731,9999.000,9999.000,9999.000,9999.000,9999.000,9999.000,9999.000
202603222224,   1.464,   0.810,9999.000,9999.000,9999.000,9999.000,9999.000,9999.000,9999.000
202603222230,   1.607,   0.970,9999.000,9999.000,9999.000,9999.000,9999.000,9999.000,9999.000
202603222236,   1.752,   1.190,9999.000,9999.000,9999.000,9999.000,9999.000,9999.000,9999.000
202603222242,   1.899,   1.361,9999.000,9999.000,9999.000,9999.000,9999.000,9999.000,9999.000
202603222248,   2.047,   1.538,9999.000,9999.000,9999.000,9999.000,9999.000,9999.000,9999.000
202603222254,   2.197,   1.699,9999.000,9999.000,9999.000,9999.000,9999.000,9999.000,9999.000
202603222300,   2.348,   1.810,  -0.800,   0.262,   1.810,  -0.900,   1.710,  -0.800,   1.810
202603222306,   2.500,   2.040,9999.000,9999.000,9999.000,9999.000,9999.000,9999.000,9999.000
202603222312,   2.651,   2.168,9999.000,9999.000,9999.000,9999.000,9999.000,9999.000,9999.000
202603222318,   2.803,   2.377,9999.000,9999.000,9999.000,9999.000,9999.000,9999.000,9999.000
202603222324,   2.954,   2.519,9999.000,9999.000,9999.000,9999.000,9999.000,9999.000,9999.000
202603222330,   3.105,   2.640,9999.000,9999.000,9999.000,9999.000,9999.000,9999.000,9999.000
202603222336,   3.254,   2.797,9999.000,9999.000,9999.000,9999.000,9999.000,9999.000,9999.000
202603222342,   3.401,   2.988,9999.000,9999.000,9999.000,9999.000,9999.000,9999.000,9999.000
202603222348,   3.546,   3.188,9999.000,9999.000,9999.000,9999.000,9999.000,9999.000,9999.000
202603222354,   3.689,   4.070,9999.000,9999.000,9999.000,9999.000,9999.000,9999.000,9999.000
202603230000,   3.828,   4.070,  -0.700,   0.942,   4.070,  -0.800,   3.970,  -0.600,   4.170
202603230006,   3.964,   3.670,9999.000,9999.000,9999.000,9999.000,9999.000,9999.000,9999.000
202603230012,   4.096,   3.788,9999.000,9999.000,9999.000,9999.000,9999.000,9999.000,9999.000
202603230018,   4.224,   3.899,9999.000,9999.000,9999.000,9999.000,9999.000,9999.000,9999.000
202603230024,   4.348,   4.037,9999.000,9999.000,9999.000,9999.000,9999.000,9999.000,9999.000
202603230030,   4.466,   4.070,9999.000,9999.000,9999.000,9999.000,9999.000,9999.000,9999.000
202603230036,   4.579,   4.218,9999.000,9999.000,9999.000,9999.000,9999.000,9999.000,9999.000
202603230042,   4.687,   4.237,9999.000,9999.000,9999.000,9999.000,9999.000,9999.000,9999.000
202603230048,   4.788,   4.339,9999.000,9999.000,9999.000,9999.000,9999.000,9999.000,9999.000
202603230054,   4.883,   4.427,9999.000,9999.000,9999.000,9999.000,9999.000,9999.000,9999.000
202603230100,   4.972,   4.519,  -0.700,   0.247,   4.519,  -0.800,   4.419,  -0.600,   4.619
202603230106,   5.054,   4.618,9999.000,9999.000,9999.000,9999.000,9999.000,9999.000,9999.000
202603230112,   5.130,   4.667,9999.000,9999.000,9999.000,9999.000,9999.000,9999.000,9999.000
202603230118,   5.198,   4.710,9999.000,9999.000,9999.000,9999.000,9999.000,9999.000,9999.000
202603230124,   5.260,   4.739,9999.000,9999.000,9999.000,9999.000,9999.000,9999.000,9999.000
202603230130,   5.315,   4.778,9999.000,9999.000,9999.000,9999.000,9999.000,9999.000,9999.000
202603230136,   5.362,   4.749,9999.000,9999.000,9999.000,9999.000,9999.000,9999.000,9999.000
202603230142,   5.403,   4.857,9999.000,9999.000,9999.000,9999.000,9999.000,9999.000,9999.000
202603230148,   5.436,   4.857,9999.000,9999.000,9999.000,9999.000,9999.000,9999.000,9999.000
202603230154,   5.463,   4.857,9999.000,9999.000,9999.000,9999.000,9999.000,9999.000,9999.000
202603230200,   5.482,   4.887,  -0.700,   0.105,   4.887,  -0.800,   4.787,  -0.600,   4.987
202603230206,   5.495,   4.887,9999.000,9999.000,9999.000,9999.000,9999.000,9999.000,9999.000
202603230212,   5.502,   4.998,9999.000,9999.000,9999.000,9999.000,9999.000,9999.000,9999.000
202603230218,   5.502,   4.877,9999.000,9999.000,9999.000,9999.000,9999.000,9999.000,9999.000
202603230224,   5.496,   4.919,9999.000,9999.000,9999.000,9999.000,9999.000,9999.000,9999.000
202603230230,   5.484,   4.847,9999.000,9999.000,9999.000,9999.000,9999.000,9999.000,9999.000
202603230236,   5.466,   4.847,9999.000,9999.000,9999.000,9999.000,9999.000,9999.000,9999.000
202603230242,   5.443,   4.900,9999.000,9999.000,9999.000,9999.000,9999.000,9999.000,9999.000
202603230248,   5.414,   4.798,9999.000,9999.000,9999.000,9999.000,9999.000,9999.000,9999.000
202603230254,   5.380,   4.867,9999.000,9999.000,9999.000,9999.000,9999.000,9999.000,9999.000
202603230300,   5.342,   4.837,  -0.700,   0.195,   4.837,  -0.800,   4.737,  -0.700,   4.837
202603230306,   5.299,   4.837,9999.000,9999.000,9999.000,9999.000,9999.000,9999.000,9999.000
202603230312,   5.252,   4.710,9999.000,9999.000,9999.000,9999.000,9999.000,9999.000,9999.000
202603230318,   5.201,   4.788,9999.000,9999.000,9999.000,9999.000,9999.000,9999.000,9999.000
202603230324,   5.146,   4.700,9999.000,9999.000,9999.000,9999.000,9999.000,9999.000,9999.000
202603230330,   5.087,   4.729,9999.000,9999.000,9999.000,9999.000,9999.000,9999.000,9999.000
202603230336,   5.025,   4.647,9999.000,9999.000,9999.000,9999.000,9999.000,9999.000,9999.000
202603230342,   4.960,   4.569,9999.000,9999.000,9999.000,9999.000,9999.000,9999.000,9999.000
202603230348,   4.892,   4.529,9999.000,9999.000,9999.000,9999.000,9999.000,9999.000,9999.000
202603230354,   4.821,   4.427,9999.000,9999.000,9999.000,9999.000,9999.000,9999.000,9999.000
202603230400,   4.748,   4.427,  -0.800,   0.479,   4.427,  -0.800,   4.427,  -0.700,   4.527
202603230406,   4.673,   4.349,9999.000,9999.000,9999.000,9999.000,9999.000,9999.000,9999.000
202603230412,   4.595,   4.267,9999.000,9999.000,9999.000,9999.000,9999.000,9999.000,9999.000
202603230418,   4.515,   4.139,9999.000,9999.000,9999.000,9999.000,9999.000,9999.000,9999.000
202603230424,   4.434,   4.080,9999.000,9999.000,9999.000,9999.000,9999.000,9999.000,9999.000
202603230430,   4.351,   4.017,9999.000,9999.000,9999.000,9999.000,9999.000,9999.000,9999.000
202603230436,   4.267,   3.909,9999.000,9999.000,9999.000,9999.000,9999.000,9999.000,9999.000
202603230442,   4.181,   3.837,9999.000,9999.000,9999.000,9999.000,9999.000,9999.000,9999.000
202603230448,   4.094,   3.719,9999.000,9999.000,9999.000,9999.000,9999.000,9999.000,9999.000
202603230454,   4.007,   3.650,9999.000,9999.000,9999.000,9999.000,9999.000,9999.000,9999.000
202603230500,   3.919,   3.548,  -0.800,   0.429,   3.548,  -0.900,   3.448,  -0.800,   3.548
202603230506,   3.831,   3.388,9999.000,9999.000,9999.000,9999.000,9999.000,9999.000,9999.000
202603230512,   3.742,   3.427,9999.000,9999.000,9999.000,9999.000,9999.000,9999.000,9999.000
202603230518,   3.654,   3.178,9999.000,9999.000,9999.000,9999.000,9999.000,9999.000,9999.000
202603230524,   3.566,   3.168,9999.000,9999.000,9999.000,9999.000,9999.000,9999.000,9999.000
202603230530,   3.479,   2.978,9999.000,9999.000,9999.000,9999.000,9999.000,9999.000,9999.000
202603230536,   3.393,   2.860,9999.000,9999.000,9999.000,9999.000,9999.000,9999.000,9999.000
202603230542,   3.309,   2.787,9999.000,9999.000,9999.000,9999.000,9999.000,9999.000,9999.000
202603230548,   3.226,   2.610,9999.000,9999.000,9999.000,9999.000,9999.000,9999.000,9999.000
202603230554,   3.146,   2.620,9999.000,9999.000,9999.000,9999.000,9999.000,9999.000,9999.000
202603230600,   3.068,   2.450,  -0.700,   0.082,   2.450,  -0.700,   2.450,  -0.600,   2.550
202603230606,   2.994,   2.469,9999.000,9999.000,9999.000,9999.000,9999.000,9999.000,9999.000
202603230612,   2.922,   2.387,9999.000,9999.000,9999.000,9999.000,9999.000,9999.000,9999.000
202603230618,   2.855,   2.338,9999.000,9999.000,9999.000,9999.000,9999.000,9999.000,9999.000
202603230624,   2.792,   2.279,9999.000,9999.000,9999.000,9999.000,9999.000,9999.000,9999.000
202603230630,   2.733,   2.191,9999.000,9999.000,9999.000,9999.000,9999.000,9999.000,9999.000
202603230636,   2.679,   2.168,9999.000,9999.000,9999.000,9999.000,9999.000,9999.000,9999.000
202603230642,   2.631,   2.079,9999.000,9999.000,9999.000,9999.000,9999.000,9999.000,9999.000
202603230648,   2.589,   2.059,9999.000,9999.000,9999.000,9999.000,9999.000,9999.000,9999.000
202603230654,   2.552,   2.069,9999.000,9999.000,9999.000,9999.000,9999.000,9999.000,9999.000
202603230700,   2.522,   2.069,  -0.700,   0.247,   2.069,  -0.800,   1.969,  -0.600,   2.169
202603230706,   2.498,   1.967,9999.000,9999.000,9999.000,9999.000,9999.000,9999.000,9999.000
202603230712,   2.481,   2.049,9999.000,9999.000,9999.000,9999.000,9999.000,9999.000,9999.000
202603230718,   2.471,   1.948,9999.000,9999.000,9999.000,9999.000,9999.000,9999.000,9999.000
202603230724,   2.467,   2.010,9999.000,9999.000,9999.000,9999.000,9999.000,9999.000,9999.000
202603230730,   2.471,   2.040,9999.000,9999.000,9999.000,9999.000,9999.000,9999.000,9999.000
202603230736,   2.483,   2.089,9999.000,9999.000,9999.000,9999.000,9999.000,9999.000,9999.000
202603230742,   2.501,   2.148,9999.000,9999.000,9999.000,9999.000,9999.000,9999.000,9999.000
202603230748,   2.526,   2.148,9999.000,9999.000,9999.000,9999.000,9999.000,9999.000,9999.000
202603230754,   2.559,   2.191,9999.000,9999.000,9999.000,9999.000,9999.000,9999.000,9999.000
202603230800,   2.598,   2.191,  -0.700,   0.293,   2.191,  -0.800,   2.091,  -0.600,   2.291
202603230806,   2.644,   2.200,9999.000,9999.000,9999.000,9999.000,9999.000,9999.000,9999.000
202603230812,   2.696,   2.279,9999.000,9999.000,9999.000,9999.000,9999.000,9999.000,9999.000
202603230818,   2.755,   2.348,9999.000,9999.000,9999.000,9999.000,9999.000,9999.000,9999.000
202603230824,   2.820,   2.420,9999.000,9999.000,9999.000,9999.000,9999.000,9999.000,9999.000
202603230830,   2.890,   2.400,9999.000,9999.000,9999.000,9999.000,9999.000,9999.000,9999.000
202603230836,   2.965,   2.519,9999.000,9999.000,9999.000,9999.000,9999.000,9999.000,9999.000
202603230842,   3.046,   2.597,9999.000,9999.000,9999.000,9999.000,9999.000,9999.000,9999.000
202603230848,   3.131,   2.709,9999.000,9999.000,9999.000,9999.000,9999.000,9999.000,9999.000
202603230854,   3.221,   2.807,9999.000,9999.000,9999.000,9999.000,9999.000,9999.000,9999.000
202603230900,   3.315,   2.889,  -0.700,   0.274,   2.889,  -0.800,   2.789,  -0.600,   2.989
202603230906,   3.412,   2.958,9999.000,9999.000,9999.000,9999.000,9999.000,9999.000,9999.000
202603230912,   3.513,   3.089,9999.000,9999.000,9999.000,9999.000,9999.000,9999.000,9999.000
202603230918,   3.617,   3.207,9999.000,9999.000,9999.000,9999.000,9999.000,9999.000,9999.000
202603230924,   3.724,   3.279,9999.000,9999.000,9999.000,9999.000,9999.000,9999.000,9999.000
202603230930,   3.834,   3.279,9999.000,9999.000,9999.000,9999.000,9999.000,9999.000,9999.000
202603230936,   3.945,   3.470,9999.000,9999.000,9999.000,9999.000,9999.000,9999.000,9999.000
202603230942,   4.059,   3.480,9999.000,9999.000,9999.000,9999.000,9999.000,9999.000,9999.000
202603230948,   4.175,   3.719,9999.000,9999.000,9999.000,9999.000,9999.000,9999.000,9999.000
202603230954,   4.292,   3.758,9999.000,9999.000,9999.000,9999.000,9999.000,9999.000,9999.000
202603231000,   4.410,   3.939,  -0.700,   0.229,   3.939,  -0.800,   3.839,  -0.600,   4.039
202603231006,   4.530,   3.998,9999.000,9999.000,9999.000,9999.000,9999.000,9999.000,9999.000
202603231012,   4.651,   4.159,9999.000,9999.000,9999.000,9999.000,9999.000,9999.000,9999.000
202603231018,   4.773,   4.319,9999.000,9999.000,9999.000,9999.000,9999.000,9999.000,9999.000
202603231024,   4.896,   4.418,9999.000,9999.000,9999.000,9999.000,9999.000,9999.000,9999.000
202603231030,   5.019,   4.549,9999.000,9999.000,9999.000,9999.000,9999.000,9999.000,9999.000
202603231036,   5.142,   4.677,9999.000,9999.000,9999.000,9999.000,9999.000,9999.000,9999.000
202603231042,   5.266,   4.808,9999.000,9999.000,9999.000,9999.000,9999.000,9999.000,9999.000
202603231048,   5.390,   4.887,9999.000,9999.000,9999.000,9999.000,9999.000,9999.000,9999.000
202603231054,   5.514,   5.120,9999.000,9999.000,9999.000,9999.000,9999.000,9999.000,9999.000
202603231100,   5.637,   5.179,  -0.700,   0.242,   5.179,  -0.700,   5.179,  -0.600,   5.279
202603231106,   5.760,   5.297,9999.000,9999.000,9999.000,9999.000,9999.000,9999.000,9999.000
202603231112,   5.882,   5.438,9999.000,9999.000,9999.000,9999.000,9999.000,9999.000,9999.000
202603231118,   6.002,   5.530,9999.000,9999.000,9999.000,9999.000,9999.000,9999.000,9999.000
202603231124,   6.122,   5.730,9999.000,9999.000,9999.000,9999.000,9999.000,9999.000,9999.000
202603231130,   6.240,   5.877,9999.000,9999.000,9999.000,9999.000,9999.000,9999.000,9999.000
202603231136,   6.356,   6.028,9999.000,9999.000,9999.000,9999.000,9999.000,9999.000,9999.000
202603231142,   6.469,   6.149,9999.000,9999.000,9999.000,9999.000,9999.000,9999.000,9999.000
202603231148,   6.580,   6.189,9999.000,9999.000,9999.000,9999.000,9999.000,9999.000,9999.000
202603231154,   6.688,   6.399,9999.000,9999.000,9999.000,9999.000,9999.000,9999.000,9999.000
202603231200,   6.792,   6.527,  -0.600,   0.335,   6.527,  -0.600,   6.527,  -0.500,   6.627
202603231206,   6.893,   6.609,9999.000,9999.000,9999.000,9999.000,9999.000,9999.000,9999.000
202603231212,   6.989,   6.727,9999.000,9999.000,9999.000,9999.000,9999.000,9999.000,9999.000
202603231218,   7.081,   6.819,9999.000,9999.000,9999.000,9999.000,9999.000,9999.000,9999.000
202603231224,   7.168,   6.937,9999.000,9999.000,9999.000,9999.000,9999.000,9999.000,9999.000
202603231230,   7.249,   7.038,9999.000,9999.000,9999.000,9999.000,9999.000,9999.000,9999.000
202603231236,   7.325,   7.088,9999.000,9999.000,9999.000,9999.000,9999.000,9999.000,9999.000
202603231242,   7.395,   7.147,9999.000,9999.000,9999.000,9999.000,9999.000,9999.000,9999.000
202603231248,   7.458,   7.238,9999.000,9999.000,9999.000,9999.000,9999.000,9999.000,9999.000
202603231254,   7.515,   7.199,9999.000,9999.000,9999.000,9999.000,9999.000,9999.000,9999.000
202603231300,   7.565,   7.248,  -0.600,   0.283,   7.248,  -0.700,   7.148,  -0.500,   7.348
202603231306,   7.607,   7.268,9999.000,9999.000,9999.000,9999.000,9999.000,9999.000,9999.000
202603231312,   7.642,   7.278,9999.000,9999.000,9999.000,9999.000,9999.000,9999.000,9999.000
202603231318,   7.669,   7.337,9999.000,9999.000,9999.000,9999.000,9999.000,9999.000,9999.000
202603231324,   7.688,   7.307,9999.000,9999.000,9999.000,9999.000,9999.000,9999.000,9999.000
202603231330,   7.699,   7.327,9999.000,9999.000,9999.000,9999.000,9999.000,9999.000,9999.000
202603231336,   7.702,   7.297,9999.000,9999.000,9999.000,9999.000,9999.000,9999.000,9999.000
202603231342,   7.697,   7.347,9999.000,9999.000,9999.000,9999.000,9999.000,9999.000,9999.000
202603231348,   7.683,   7.297,9999.000,9999.000,9999.000,9999.000,9999.000,9999.000,9999.000
202603231354,   7.661,   7.288,9999.000,9999.000,9999.000,9999.000,9999.000,9999.000,9999.000
202603231400,   7.631,   7.209,  -0.600,   0.178,   7.209,  -0.700,   7.109,  -0.500,   7.309
202603231406,   7.592,   7.156,9999.000,9999.000,9999.000,9999.000,9999.000,9999.000,9999.000
202603231412,   7.546,   7.097,9999.000,9999.000,9999.000,9999.000,9999.000,9999.000,9999.000
202603231418,   7.491,   6.999,9999.000,9999.000,9999.000,9999.000,9999.000,9999.000,9999.000
202603231424,   7.428,   6.956,9999.000,9999.000,9999.000,9999.000,9999.000,9999.000,9999.000
202603231430,   7.358,   6.887,9999.000,9999.000,9999.000,9999.000,9999.000,9999.000,9999.000
202603231436,   7.281,   6.838,9999.000,9999.000,9999.000,9999.000,9999.000,9999.000,9999.000
202603231442,   7.196,   6.678,9999.000,9999.000,9999.000,9999.000,9999.000,9999.000,9999.000
202603231448,   7.104,   6.737,9999.000,9999.000,9999.000,9999.000,9999.000,9999.000,9999.000
202603231454,   7.006,   6.537,9999.000,9999.000,9999.000,9999.000,9999.000,9999.000,9999.000
202603231500,   6.901,   6.507,  -0.600,   0.206,   6.507,  -0.600,   6.507,  -0.500,   6.607
202603231506,   6.790,   6.327,9999.000,9999.000,9999.000,9999.000,9999.000,9999.000,9999.000
202603231512,   6.673,   6.248,9999.000,9999.000,9999.000,9999.000,9999.000,9999.000,9999.000
202603231518,   6.550,   6.169,9999.000,9999.000,9999.000,9999.000,9999.000,9999.000,9999.000
202603231524,   6.423,   6.008,9999.000,9999.000,9999.000,9999.000,9999.000,9999.000,9999.000
202603231530,   6.290,   5.959,9999.000,9999.000,9999.000,9999.000,9999.000,9999.000,9999.000
202603231536,   6.152,   5.828,9999.000,9999.000,9999.000,9999.000,9999.000,9999.000,9999.000
202603231542,   6.011,   5.687,9999.000,9999.000,9999.000,9999.000,9999.000,9999.000,9999.000
202603231548,   5.865,   5.589,9999.000,9999.000,9999.000,9999.000,9999.000,9999.000,9999.000
202603231554,   5.715,   5.329,9999.000,9999.000,9999.000,9999.000,9999.000,9999.000,9999.000
202603231600,   5.561,   5.257,  -0.600,   0.296,   5.257,  -0.600,   5.257,  -0.500,   5.357
202603231606,   5.405,   5.038,9999.000,9999.000,9999.000,9999.000,9999.000,9999.000,9999.000
202603231612,   5.245,   4.969,9999.000,9999.000,9999.000,9999.000,9999.000,9999.000,9999.000
202603231618,   5.082,   4.769,9999.000,9999.000,9999.000,9999.000,9999.000,9999.000,9999.000
202603231624,   4.917,   4.588,9999.000,9999.000,9999.000,9999.000,9999.000,9999.000,9999.000
202603231630,   4.749,   4.457,9999.000,9999.000,9999.000,9999.000,9999.000,9999.000,9999.000
202603231636,   4.579,   4.257,9999.000,9999.000,9999.000,9999.000,9999.000,9999.000,9999.000
202603231642,   4.408,   4.198,9999.000,9999.000,9999.000,9999.000,9999.000,9999.000,9999.000
202603231648,   4.234,   3.890,9999.000,9999.000,9999.000,9999.000,9999.000,9999.000,9999.000
202603231654,   4.059,   3.808,9999.000,9999.000,9999.000,9999.000,9999.000,9999.000,9999.000
202603231700,   3.883,   3.548,  -0.600,   0.265,   3.548,  -0.600,   3.548,  -0.500,   3.648
202603231706,   3.706,   3.368,9999.000,9999.000,9999.000,9999.000,9999.000,9999.000,9999.000
202603231712,   3.528,   3.279,9999.000,9999.000,9999.000,9999.000,9999.000,9999.000,9999.000
202603231718,   3.349,   2.899,9999.000,9999.000,9999.000,9999.000,9999.000,9999.000,9999.000
202603231724,   3.170,   2.738,9999.000,9999.000,9999.000,9999.000,9999.000,9999.000,9999.000
202603231730,   2.991,   2.538,9999.000,9999.000,9999.000,9999.000,9999.000,9999.000,9999.000
202603231736,   2.812,   2.430,9999.000,9999.000,9999.000,9999.000,9999.000,9999.000,9999.000
202603231742,   2.634,   2.200,9999.000,9999.000,9999.000,9999.000,9999.000,9999.000,9999.000
202603231748,   2.457,   1.981,9999.000,9999.000,9999.000,9999.000,9999.000,9999.000,9999.000
202603231754,   2.281,   1.840,9999.000,9999.000,9999.000,9999.000,9999.000,9999.000,9999.000
202603231800,   2.106,   1.620,  -0.700,   0.214,   1.620,  -0.800,   1.520,  -0.700,   1.620
202603231806,   1.934,   1.479,9999.000,9999.000,9999.000,9999.000,9999.000,9999.000,9999.000
202603231812,   1.764,   1.220,9999.000,9999.000,9999.000,9999.000,9999.000,9999.000,9999.000
202603231818,   1.597,   1.151,9999.000,9999.000,9999.000,9999.000,9999.000,9999.000,9999.000
202603231824,   1.433,   0.961,9999.000,9999.000,9999.000,9999.000,9999.000,9999.000,9999.000
202603231830,   1.273,   0.698,9999.000,9999.000,9999.000,9999.000,9999.000,9999.000,9999.000
202603231836,   1.116,   0.580,9999.000,9999.000,9999.000,9999.000,9999.000,9999.000,9999.000
202603231842,   0.965,   0.400,9999.000,9999.000,9999.000,9999.000,9999.000,9999.000,9999.000
202603231848,   0.818,   0.298,9999.000,9999.000,9999.000,9999.000,9999.000,9999.000,9999.000
202603231854,   0.677,   0.170,9999.000,9999.000,9999.000,9999.000,9999.000,9999.000,9999.000
202603231900,   0.542,   0.029,  -0.700,   0.187,   0.029,  -0.800,  -0.071,  -0.700,   0.029
202603231906,   0.413,  -0.059,9999.000,9999.000,9999.000,9999.000,9999.000,9999.000,9999.000
202603231912,   0.291,  -0.209,9999.000,9999.000,9999.000,9999.000,9999.000,9999.000,9999.000
202603231918,   0.176,  -0.249,9999.000,9999.000,9999.000,9999.000,9999.000,9999.000,9999.000
202603231924,   0.068,  -0.390,9999.000,9999.000,9999.000,9999.000,9999.000,9999.000,9999.000
202603231930,  -0.031,  -0.400,9999.000,9999.000,9999.000,9999.000,9999.000,9999.000,9999.000
202603231936,  -0.124,  -0.498,9999.000,9999.000,9999.000,9999.000,9999.000,9999.000,9999.000
202603231942,  -0.208,  -0.541,9999.000,9999.000,9999.000,9999.000,9999.000,9999.000,9999.000
202603231948,  -0.284,  -0.639,9999.000,9999.000,9999.000,9999.000,9999.000,9999.000,9999.000
202603231954,  -0.351,  -0.731,9999.000,9999.000,9999.000,9999.000,9999.000,9999.000,9999.000
202603232000,  -0.410,  -0.708,  -0.700,   0.402,  -0.708,  -0.800,  -0.808,  -0.700,  -0.708
202603232006,  -0.461,  -0.790,9999.000,9999.000,9999.000,9999.000,9999.000,9999.000,9999.000
202603232012,  -0.503,  -0.800,9999.000,9999.000,9999.000,9999.000,9999.000,9999.000,9999.000
202603232018,  -0.537,  -0.829,9999.000,9999.000,9999.000,9999.000,9999.000,9999.000,9999.000
202603232024,  -0.562,  -0.869,9999.000,9999.000,9999.000,9999.000,9999.000,9999.000,9999.000
202603232030,  -0.579,  -0.898,9999.000,9999.000,9999.000,9999.000,9999.000,9999.000,9999.000
202603232036,  -0.588,  -0.879,9999.000,9999.000,9999.000,9999.000,9999.000,9999.000,9999.000
202603232042,  -0.590,  -0.849,9999.000,9999.000,9999.000,9999.000,9999.000,9999.000,9999.000
202603232048,  -0.583,  -0.888,9999.000,9999.000,9999.000,9999.000,9999.000,9999.000,9999.000
202603232054,  -0.570,  -0.869,9999.000,9999.000,9999.000,9999.000,9999.000,9999.000,9999.000
202603232100,  -0.549,  -0.918,  -0.700,   0.331,  -0.918,  -0.800,  -1.018,  -0.700,  -0.918
202603232106,  -0.521,  -0.800,9999.000,9999.000,9999.000,9999.000,9999.000,9999.000,9999.000
202603232112,  -0.487,  -0.888,9999.000,9999.000,9999.000,9999.000,9999.000,9999.000,9999.000
202603232118,  -0.447,  -0.810,9999.000,9999.000,9999.000,9999.000,9999.000,9999.000,9999.000
202603232124,  -0.401,  -0.760,9999.000,9999.000,9999.000,9999.000,9999.000,9999.000,9999.000
202603232130,  -0.349,  -0.751,9999.000,9999.000,9999.000,9999.000,9999.000,9999.000,9999.000
202603232136,  -0.291,  -0.708,9999.000,9999.000,9999.000,9999.000,9999.000,9999.000,9999.000
202603232142,  -0.229,  -0.718,9999.000,9999.000,9999.000,9999.000,9999.000,9999.000,9999.000
202603232148,  -0.161,  -0.580,9999.000,9999.000,9999.000,9999.000,9999.000,9999.000,9999.000
202603232154,  -0.089,  -0.580,9999.000,9999.000,9999.000,9999.000,9999.000,9999.000,9999.000
202603232200,  -0.012,  -0.498,  -0.700,   0.214,  -0.498,  -0.800,  -0.598,  -0.600,  -0.398
202603232206,   0.068,  -0.469,9999.000,9999.000,9999.000,9999.000,9999.000,9999.000,9999.000
202603232212,   0.153,  -0.380,9999.000,9999.000,9999.000,9999.000,9999.000,9999.000,9999.000
202603232218,   0.242,  -0.308,9999.000,9999.000,9999.000,9999.000,9999.000,9999.000,9999.000
202603232224,   0.334,  -0.229,9999.000,9999.000,9999.000,9999.000,9999.000,9999.000,9999.000
202603232230,   0.431,  -0.200,9999.000,9999.000,9999.000,9999.000,9999.000,9999.000,9999.000
202603232236,   0.531,  -0.088,9999.000,9999.000,9999.000,9999.000,9999.000,9999.000,9999.000
202603232242,   0.634,  -0.019,9999.000,9999.000,9999.000,9999.000,9999.000,9999.000,9999.000
202603232248,   0.741,   0.078,9999.000,9999.000,9999.000,9999.000,9999.000,9999.000,9999.000
202603232254,   0.850,   0.170,9999.000,9999.000,9999.000,9999.000,9999.000,9999.000,9999.000
202603232300,   0.963,   0.288,  -0.700,   0.025,   0.288,  -0.700,   0.288,  -0.600,   0.388
202603232306,   1.078,   0.409,9999.000,9999.000,9999.000,9999.000,9999.000,9999.000,9999.000
202603232312,   1.197,   0.518,9999.000,9999.000,9999.000,9999.000,9999.000,9999.000,9999.000
202603232318,   1.318,   0.708,9999.000,9999.000,9999.000,9999.000,9999.000,9999.000,9999.000
202603232324,   1.441,   0.760,9999.000,9999.000,9999.000,9999.000,9999.000,9999.000,9999.000
202603232330,   1.566,   0.928,9999.000,9999.000,9999.000,9999.000,9999.000,9999.000,9999.000
202603232336,   1.693,   1.088,9999.000,9999.000,9999.000,9999.000,9999.000,9999.000,9999.000
202603232342,   1.822,   1.229,9999.000,9999.000,9999.000,9999.000,9999.000,9999.000,9999.000
202603232348,   1.953,   1.439,9999.000,9999.000,9999.000,9999.000,9999.000,9999.000,9999.000
202603232354,   2.085,   2.525,9999.000,9999.000,9999.000,9999.000,9999.000,9999.000,9999.000
202603240000,   2.217,   2.525,  -0.900,   1.208,   2.525,  -1.000,   2.425,  -0.900,   2.525
202603240006,   2.350,   1.908,9999.000,9999.000,9999.000,9999.000,9999.000,9999.000,9999.000
202603240012,   2.483,   2.099,9999.000,9999.000,9999.000,9999.000,9999.000,9999.000,9999.000
202603240018,   2.617,   2.240,9999.000,9999.000,9999.000,9999.000,9999.000,9999.000,9999.000
202603240024,   2.749,   2.387,9999.000,9999.000,9999.000,9999.000,9999.000,9999.000,9999.000
202603240030,   2.881,   2.528,9999.000,9999.000,9999.000,9999.000,9999.000,9999.000,9999.000
202603240036,   3.011,   2.669,9999.000,9999.000,9999.000,9999.000,9999.000,9999.000,9999.000
202603240042,   3.140,   2.830,9999.000,9999.000,9999.000,9999.000,9999.000,9999.000,9999.000
202603240048,   3.266,   2.889,9999.000,9999.000,9999.000,9999.000,9999.000,9999.000,9999.000
202603240054,   3.390,   3.040,9999.000,9999.000,9999.000,9999.000,9999.000,9999.000,9999.000
202603240100,   3.511,   3.138,  -0.900,   0.527,   3.138,  -1.000,   3.038,  -0.900,   3.138
202603240106,   3.629,   3.270,9999.000,9999.000,9999.000,9999.000,9999.000,9999.000,9999.000
202603240112,   3.743,   3.339,9999.000,9999.000,9999.000,9999.000,9999.000,9999.000,9999.000
202603240118,   3.853,   3.417,9999.000,9999.000,9999.000,9999.000,9999.000,9999.000,9999.000
202603240124,   3.959,   3.470,9999.000,9999.000,9999.000,9999.000,9999.000,9999.000,9999.000
202603240130,   4.061,   3.660,9999.000,9999.000,9999.000,9999.000,9999.000,9999.000,9999.000
202603240136,   4.157,   3.670,9999.000,9999.000,9999.000,9999.000,9999.000,9999.000,9999.000
202603240142,   4.249,   3.788,9999.000,9999.000,9999.000,9999.000,9999.000,9999.000,9999.000
202603240148,   4.335,   3.899,9999.000,9999.000,9999.000,9999.000,9999.000,9999.000,9999.000
202603240154,   4.416,   3.929,9999.000,9999.000,9999.000,9999.000,9999.000,9999.000,9999.000
202603240200,   4.491,   4.008,  -0.900,   0.417,   4.008,  -0.900,   4.008,  -0.900,   4.008
202603240206,   4.561,   3.998,9999.000,9999.000,9999.000,9999.000,9999.000,9999.000,9999.000
202603240212,   4.625,   4.070,9999.000,9999.000,9999.000,9999.000,9999.000,9999.000,9999.000
202603240218,   4.683,   4.109,9999.000,9999.000,9999.000,9999.000,9999.000,9999.000,9999.000
202603240224,   4.735,   4.057,9999.000,9999.000,9999.000,9999.000,9999.000,9999.000,9999.000
202603240230,   4.781,   4.109,9999.000,9999.000,9999.000,9999.000,9999.000,9999.000,9999.000
202603240236,   4.822,   4.119,9999.000,9999.000,9999.000,9999.000,9999.000,9999.000,9999.000
202603240242,   4.856,   4.149,9999.000,9999.000,9999.000,9999.000,9999.000,9999.000,9999.000
202603240248,   4.886,   4.168,9999.000,9999.000,9999.000,9999.000,9999.000,9999.000,9999.000
202603240254,   4.910,   4.159,9999.000,9999.000,9999.000,9999.000,9999.000,9999.000,9999.000
202603240300,   4.928,   4.267,  -0.900,   0.239,   4.267,  -1.000,   4.167,  -0.900,   4.267
202603240306,   4.941,   4.188,9999.000,9999.000,9999.000,9999.000,9999.000,9999.000,9999.000
202603240312,   4.950,   4.319,9999.000,9999.000,9999.000,9999.000,9999.000,9999.000,9999.000
202603240318,   4.954,   4.247,9999.000,9999.000,9999.000,9999.000,9999.000,9999.000,9999.000
202603240324,   4.953,   4.300,9999.000,9999.000,9999.000,9999.000,9999.000,9999.000,9999.000
202603240330,   4.947,   4.280,9999.000,9999.000,9999.000,9999.000,9999.000,9999.000,9999.000
202603240336,   4.938,   4.257,9999.000,9999.000,9999.000,9999.000,9999.000,9999.000,9999.000
202603240342,   4.925,   4.309,9999.000,9999.000,9999.000,9999.000,9999.000,9999.000,9999.000
202603240348,   4.908,   4.168,9999.000,9999.000,9999.000,9999.000,9999.000,9999.000,9999.000
202603240354,   4.887,   4.309,9999.000,9999.000,9999.000,9999.000,9999.000,9999.000,9999.000
202603240400,   4.863,   4.257,  -0.900,   0.294,   4.257,  -1.000,   4.157,  -0.900,   4.257
202603240406,   4.837,   4.237,9999.000,9999.000,9999.000,9999.000,9999.000,9999.000,9999.000
202603240412,   4.807,   4.257,9999.000,9999.000,9999.000,9999.000,9999.000,9999.000,9999.000
202603240418,   4.774,   4.159,9999.000,9999.000,9999.000,9999.000,9999.000,9999.000,9999.000
202603240424,   4.739,   4.218,9999.000,9999.000,9999.000,9999.000,9999.000,9999.000,9999.000
202603240430,   4.702,   4.149,9999.000,9999.000,9999.000,9999.000,9999.000,9999.000,9999.000
202603240436,   4.662,   4.129,9999.000,9999.000,9999.000,9999.000,9999.000,9999.000,9999.000
202603240442,   4.620,   4.057,9999.000,9999.000,9999.000,9999.000,9999.000,9999.000,9999.000
202603240448,   4.576,   4.090,9999.000,9999.000,9999.000,9999.000,9999.000,9999.000,9999.000
202603240454,   4.530,   3.998,9999.000,9999.000,9999.000,9999.000,9999.000,9999.000,9999.000
202603240500,   4.483,   4.017,  -0.900,   0.434,   4.017,  -1.000,   3.917,  -0.900,   4.017
202603240506,   4.434,   3.949,9999.000,9999.000,9999.000,9999.000,9999.000,9999.000,9999.000
202603240512,   4.383,   3.870,9999.000,9999.000,9999.000,9999.000,9999.000,9999.000,9999.000
202603240518,   4.331,   3.817,9999.000,9999.000,9999.000,9999.000,9999.000,9999.000,9999.000
202603240524,   4.278,   3.709,9999.000,9999.000,9999.000,9999.000,9999.000,9999.000,9999.000
202603240530,   4.223,   3.689,9999.000,9999.000,9999.000,9999.000,9999.000,9999.000,9999.000
202603240536,   4.168,   3.607,9999.000,9999.000,9999.000,9999.000,9999.000,9999.000,9999.000
202603240542,   4.111,   3.499,9999.000,9999.000,9999.000,9999.000,9999.000,9999.000,9999.000
202603240548,   4.054,   3.470,9999.000,9999.000,9999.000,9999.000,9999.000,9999.000,9999.000
202603240554,   3.996,   3.427,9999.000,9999.000,9999.000,9999.000,9999.000,9999.000,9999.000
202603240600,   3.938,   3.368,  -1.000,   0.430,   3.368,  -1.000,   3.368,  -1.000,   3.368
202603240606,   3.879,   3.319,9999.000,9999.000,9999.000,9999.000,9999.000,9999.000,9999.000
202603240612,   3.821,   3.207,9999.000,9999.000,9999.000,9999.000,9999.000,9999.000,9999.000
202603240618,   3.763,   3.178,9999.000,9999.000,9999.000,9999.000,9999.000,9999.000,9999.000
202603240624,   3.705,   3.158,9999.000,9999.000,9999.000,9999.000,9999.000,9999.000,9999.000
202603240630,   3.649,   3.040,9999.000,9999.000,9999.000,9999.000,9999.000,9999.000,9999.000
202603240636,   3.593,   2.958,9999.000,9999.000,9999.000,9999.000,9999.000,9999.000,9999.000
202603240642,   3.539,   2.899,9999.000,9999.000,9999.000,9999.000,9999.000,9999.000,9999.000
202603240648,   3.486,   2.820,9999.000,9999.000,9999.000,9999.000,9999.000,9999.000,9999.000
202603240654,   3.436,   2.758,9999.000,9999.000,9999.000,9999.000,9999.000,9999.000,9999.000
202603240700,   3.388,   2.689,  -1.000,   0.301,   2.689,  -1.100,   2.589,  -0.900,   2.789
202603240706,   3.343,   2.689,9999.000,9999.000,9999.000,9999.000,9999.000,9999.000,9999.000
202603240712,   3.301,   2.630,9999.000,9999.000,9999.000,9999.000,9999.000,9999.000,9999.000
202603240718,   3.263,   2.538,9999.000,9999.000,9999.000,9999.000,9999.000,9999.000,9999.000
202603240724,   3.228,   2.519,9999.000,9999.000,9999.000,9999.000,9999.000,9999.000,9999.000
202603240730,   3.198,   2.479,9999.000,9999.000,9999.000,9999.000,9999.000,9999.000,9999.000
202603240736,   3.172,   2.499,9999.000,9999.000,9999.000,9999.000,9999.000,9999.000,9999.000
202603240742,   3.150,   2.489,9999.000,9999.000,9999.000,9999.000,9999.000,9999.000,9999.000
202603240748,   3.134,   2.450,9999.000,9999.000,9999.000,9999.000,9999.000,9999.000,9999.000
202603240754,   3.123,   2.509,9999.000,9999.000,9999.000,9999.000,9999.000,9999.000,9999.000
202603240800,   3.117,   2.489,  -1.000,   0.372,   2.489,  -1.100,   2.389,  -0.900,   2.589
202603240806,   3.117,   2.430,9999.000,9999.000,9999.000,9999.000,9999.000,9999.000,9999.000
202603240812,   3.122,   2.528,9999.000,9999.000,9999.000,9999.000,9999.000,9999.000,9999.000
202603240818,   3.134,   2.519,9999.000,9999.000,9999.000,9999.000,9999.000,9999.000,9999.000
202603240824,   3.150,   2.538,9999.000,9999.000,9999.000,9999.000,9999.000,9999.000,9999.000
202603240830,   3.173,   2.660,9999.000,9999.000,9999.000,9999.000,9999.000,9999.000,9999.000
202603240836,   3.201,   2.640,9999.000,9999.000,9999.000,9999.000,9999.000,9999.000,9999.000
202603240842,   3.235,   2.778,9999.000,9999.000,9999.000,9999.000,9999.000,9999.000,9999.000
202603240848,   3.274,   2.709,9999.000,9999.000,9999.000,9999.000,9999.000,9999.000,9999.000
202603240854,   3.318,   2.778,9999.000,9999.000,9999.000,9999.000,9999.000,9999.000,9999.000
202603240900,   3.367,   2.830,  -1.000,   0.463,   2.830,  -1.100,   2.730,  -0.900,   2.930
202603240906,   3.421,   2.869,9999.000,9999.000,9999.000,9999.000,9999.000,9999.000,9999.000
202603240912,   3.480,   2.938,9999.000,9999.000,9999.000,9999.000,9999.000,9999.000,9999.000
202603240918,   3.543,   2.978,9999.000,9999.000,9999.000,9999.000,9999.000,9999.000,9999.000
202603240924,   3.610,   3.079,9999.000,9999.000,9999.000,9999.000,9999.000,9999.000,9999.000
202603240930,   3.680,   3.129,9999.000,9999.000,9999.000,9999.000,9999.000,9999.000,9999.000
202603240936,   3.755,   3.158,9999.000,9999.000,9999.000,9999.000,9999.000,9999.000,9999.000
202603240942,   3.832,   3.378,9999.000,9999.000,9999.000,9999.000,9999.000,9999.000,9999.000
202603240948,   3.912,   3.358,9999.000,9999.000,9999.000,9999.000,9999.000,9999.000,9999.000
202603240954,   3.994,   3.499,9999.000,9999.000,9999.000,9999.000,9999.000,9999.000,9999.000
202603241000,   4.079,   3.519,  -1.000,   0.440,   3.519,  -1.100,   3.419,  -0.900,   3.619
202603241006,   4.166,   3.598,9999.000,9999.000,9999.000,9999.000,9999.000,9999.000,9999.000
202603241012,   4.255,   3.670,9999.000,9999.000,9999.000,9999.000,9999.000,9999.000,9999.000
202603241018,   4.345,   3.680,9999.000,9999.000,9999.000,9999.000,9999.000,9999.000,9999.000
202603241024,   4.437,   3.729,9999.000,9999.000,9999.000,9999.000,9999.000,9999.000,9999.000
202603241030,   4.530,   3.788,9999.000,9999.000,9999.000,9999.000,9999.000,9999.000,9999.000
202603241036,   4.624,   3.958,9999.000,9999.000,9999.000,9999.000,9999.000,9999.000,9999.000
202603241042,   4.719,   3.899,9999.000,9999.000,9999.000,9999.000,9999.000,9999.000,9999.000
202603241048,   4.815,   4.099,9999.000,9999.000,9999.000,9999.000,9999.000,9999.000,9999.000
202603241054,   4.911,   4.129,9999.000,9999.000,9999.000,9999.000,9999.000,9999.000,9999.000
202603241100,   5.009,   4.227,  -1.000,   0.218,   4.227,  -1.000,   4.227,  -0.900,   4.327
202603241106,   5.106,   4.378,9999.000,9999.000,9999.000,9999.000,9999.000,9999.000,9999.000
202603241112,   5.204,   4.349,9999.000,9999.000,9999.000,9999.000,9999.000,9999.000,9999.000
202603241118,   5.303,   4.549,9999.000,9999.000,9999.000,9999.000,9999.000,9999.000,9999.000
202603241124,   5.401,   4.618,9999.000,9999.000,9999.000,9999.000,9999.000,9999.000,9999.000
202603241130,   5.500,   4.739,9999.000,9999.000,9999.000,9999.000,9999.000,9999.000,9999.000
202603241136,   5.599,   4.900,9999.000,9999.000,9999.000,9999.000,9999.000,9999.000,9999.000
202603241142,   5.697,   4.949,9999.000,9999.000,9999.000,9999.000,9999.000,9999.000,9999.000
202603241148,   5.796,   5.057,9999.000,9999.000,9999.000,9999.000,9999.000,9999.000,9999.000
202603241154,   5.894,   5.169,9999.000,9999.000,9999.000,9999.000,9999.000,9999.000,9999.000
202603241200,   5.991,   5.287,  -0.800,   0.096,   5.287,  -0.900,   5.187,  -0.800,   5.287
202603241206,   6.088,   5.398,9999.000,9999.000,9999.000,9999.000,9999.000,9999.000,9999.000
202603241212,   6.183,   5.477,9999.000,9999.000,9999.000,9999.000,9999.000,9999.000,9999.000
202603241218,   6.278,   5.516,9999.000,9999.000,9999.000,9999.000,9999.000,9999.000,9999.000
202603241224,   6.370,   5.657,9999.000,9999.000,9999.000,9999.000,9999.000,9999.000,9999.000
202603241230,   6.462,   5.759,9999.000,9999.000,9999.000,9999.000,9999.000,9999.000,9999.000
202603241236,   6.550,   5.907,9999.000,9999.000,9999.000,9999.000,9999.000,9999.000,9999.000
202603241242,   6.637,   6.018,9999.000,9999.000,9999.000,9999.000,9999.000,9999.000,9999.000
202603241248,   6.721,   6.097,9999.000,9999.000,9999.000,9999.000,9999.000,9999.000,9999.000
202603241254,   6.801,   6.199,9999.000,9999.000,9999.000,9999.000,9999.000,9999.000,9999.000
202603241300,   6.879,   6.297,  -0.800,   0.218,   6.297,  -0.900,   6.197,  -0.800,   6.297
202603241306,   6.952,   6.438,9999.000,9999.000,9999.000,9999.000,9999.000,9999.000,9999.000
202603241312,   7.022,   6.458,9999.000,9999.000,9999.000,9999.000,9999.000,9999.000,9999.000
202603241318,   7.086,   6.628,9999.000,9999.000,9999.000,9999.000,9999.000,9999.000,9999.000
202603241324,   7.147,   6.599,9999.000,9999.000,9999.000,9999.000,9999.000,9999.000,9999.000
202603241330,   7.202,   6.628,9999.000,9999.000,9999.000,9999.000,9999.000,9999.000,9999.000
202603241336,   7.251,   6.697,9999.000,9999.000,9999.000,9999.000,9999.000,9999.000,9999.000
202603241342,   7.295,   6.648,9999.000,9999.000,9999.000,9999.000,9999.000,9999.000,9999.000
202603241348,   7.333,   6.687,9999.000,9999.000,9999.000,9999.000,9999.000,9999.000,9999.000
202603241354,   7.365,   6.746,9999.000,9999.000,9999.000,9999.000,9999.000,9999.000,9999.000
202603241400,   7.390,   6.717,  -0.800,   0.127,   6.717,  -0.900,   6.617,  -0.800,   6.717
202603241406,   7.408,   6.737,9999.000,9999.000,9999.000,9999.000,9999.000,9999.000,9999.000
202603241412,   7.420,   6.746,9999.000,9999.000,9999.000,9999.000,9999.000,9999.000,9999.000
202603241418,   7.425,   6.766,9999.000,9999.000,9999.000,9999.000,9999.000,9999.000,9999.000
202603241424,   7.423,   6.819,9999.000,9999.000,9999.000,9999.000,9999.000,9999.000,9999.000
202603241430,   7.414,   6.766,9999.000,9999.000,9999.000,9999.000,9999.000,9999.000,9999.000
202603241436,   7.398,   6.746,9999.000,9999.000,9999.000,9999.000,9999.000,9999.000,9999.000
202603241442,   7.374,   6.697,9999.000,9999.000,9999.000,9999.000,9999.000,9999.000,9999.000
202603241448,   7.344,   6.697,9999.000,9999.000,9999.000,9999.000,9999.000,9999.000,9999.000
202603241454,   7.306,   6.619,9999.000,9999.000,9999.000,9999.000,9999.000,9999.000,9999.000
202603241500,   7.262,   6.599,  -0.800,   0.137,   6.599,  -0.900,   6.499,  -0.700,   6.699
202603241506,   7.211,   6.487,9999.000,9999.000,9999.000,9999.000,9999.000,9999.000,9999.000
202603241512,   7.153,   6.438,9999.000,9999.000,9999.000,9999.000,9999.000,9999.000,9999.000
202603241518,   7.089,   6.418,9999.000,9999.000,9999.000,9999.000,9999.000,9999.000,9999.000
202603241524,   7.019,   6.359,9999.000,9999.000,9999.000,9999.000,9999.000,9999.000,9999.000
202603241530,   6.942,   6.297,9999.000,9999.000,9999.000,9999.000,9999.000,9999.000,9999.000
202603241536,   6.860,   6.238,9999.000,9999.000,9999.000,9999.000,9999.000,9999.000,9999.000
202603241542,   6.772,   6.169,9999.000,9999.000,9999.000,9999.000,9999.000,9999.000,9999.000
202603241548,   6.678,   6.117,9999.000,9999.000,9999.000,9999.000,9999.000,9999.000,9999.000
202603241554,   6.580,   6.048,9999.000,9999.000,9999.000,9999.000,9999.000,9999.000,9999.000
202603241600,   6.476,   5.887,  -0.800,   0.211,   5.887,  -0.900,   5.787,  -0.800,   5.887
202603241606,   6.368,   5.769,9999.000,9999.000,9999.000,9999.000,9999.000,9999.000,9999.000
202603241612,   6.256,   5.628,9999.000,9999.000,9999.000,9999.000,9999.000,9999.000,9999.000
202603241618,   6.139,   5.598,9999.000,9999.000,9999.000,9999.000,9999.000,9999.000,9999.000
202603241624,   6.018,   5.507,9999.000,9999.000,9999.000,9999.000,9999.000,9999.000,9999.000
202603241630,   5.894,   5.359,9999.000,9999.000,9999.000,9999.000,9999.000,9999.000,9999.000
202603241636,   5.767,   5.238,9999.000,9999.000,9999.000,9999.000,9999.000,9999.000,9999.000
202603241642,   5.636,   5.097,9999.000,9999.000,9999.000,9999.000,9999.000,9999.000,9999.000
202603241648,   5.502,   4.988,9999.000,9999.000,9999.000,9999.000,9999.000,9999.000,9999.000
202603241654,   5.365,   4.900,9999.000,9999.000,9999.000,9999.000,9999.000,9999.000,9999.000
202603241700,   5.225,   4.700,  -0.800,   0.275,   4.700,  -0.900,   4.600,  -0.800,   4.700
202603241706,   5.083,   4.667,9999.000,9999.000,9999.000,9999.000,9999.000,9999.000,9999.000
202603241712,   4.939,   4.490,9999.000,9999.000,9999.000,9999.000,9999.000,9999.000,9999.000
202603241718,   4.792,   4.368,9999.000,9999.000,9999.000,9999.000,9999.000,9999.000,9999.000
202603241724,   4.644,   4.159,9999.000,9999.000,9999.000,9999.000,9999.000,9999.000,9999.000
202603241730,   4.493,   3.998,9999.000,9999.000,9999.000,9999.000,9999.000,9999.000,9999.000
202603241736,   4.341,   3.870,9999.000,9999.000,9999.000,9999.000,9999.000,9999.000,9999.000
202603241742,   4.188,   3.709,9999.000,9999.000,9999.000,9999.000,9999.000,9999.000,9999.000
202603241748,   4.033,   3.558,9999.000,9999.000,9999.000,9999.000,9999.000,9999.000,9999.000
202603241754,   3.876,   3.348,9999.000,9999.000,9999.000,9999.000,9999.000,9999.000,9999.000
202603241800,   3.719,   3.270,  -0.700,   0.251,   3.270,  -0.800,   3.170,  -0.700,   3.270
202603241806,   3.561,   3.007,9999.000,9999.000,9999.000,9999.000,9999.000,9999.000,9999.000
202603241812,   3.402,   2.889,9999.000,9999.000,9999.000,9999.000,9999.000,9999.000,9999.000
202603241818,   3.243,   2.587,9999.000,9999.000,9999.000,9999.000,9999.000,9999.000,9999.000
202603241824,   3.083,   2.459,9999.000,9999.000,9999.000,9999.000,9999.000,9999.000,9999.000
202603241830,   2.924,   2.348,9999.000,9999.000,9999.000,9999.000,9999.000,9999.000,9999.000
202603241836,   2.764,   2.210,9999.000,9999.000,9999.000,9999.000,9999.000,9999.000,9999.000
202603241842,   2.606,   2.069,9999.000,9999.000,9999.000,9999.000,9999.000,9999.000,9999.000
202603241848,   2.448,   1.830,9999.000,9999.000,9999.000,9999.000,9999.000,9999.000,9999.000
202603241854,   2.291,   1.728,9999.000,9999.000,9999.000,9999.000,9999.000,9999.000,9999.000
202603241900,   2.136,   1.548,  -0.700,   0.112,   1.548,  -0.800,   1.448,  -0.700,   1.548
202603241906,   1.983,   1.380,9999.000,9999.000,9999.000,9999.000,9999.000,9999.000,9999.000
202603241912,   1.832,   1.229,9999.000,9999.000,9999.000,9999.000,9999.000,9999.000,9999.000
202603241918,   1.683,   1.059,9999.000,9999.000,9999.000,9999.000,9999.000,9999.000,9999.000
202603241924,   1.538,   0.888,9999.000,9999.000,9999.000,9999.000,9999.000,9999.000,9999.000
202603241930,   1.396,   0.819,9999.000,9999.000,9999.000,9999.000,9999.000,9999.000,9999.000
202603241936,   1.258,   0.678,9999.000,9999.000,9999.000,9999.000,9999.000,9999.000,9999.000
202603241942,   1.125,   0.570,9999.000,9999.000,9999.000,9999.000,9999.000,9999.000,9999.000
202603241948,   0.996,   0.419,9999.000,9999.000,9999.000,9999.000,9999.000,9999.000,9999.000
202603241954,   0.872,   0.360,9999.000,9999.000,9999.000,9999.000,9999.000,9999.000,9999.000
202603242000,   0.753,   0.219,  -0.700,   0.166,   0.219,  -0.800,   0.119,  -0.600,   0.319
202603242006,   0.640,   0.150,9999.000,9999.000,9999.000,9999.000,9999.000,9999.000,9999.000
202603242012,   0.533,   0.111,9999.000,9999.000,9999.000,9999.000,9999.000,9999.000,9999.000
202603242018,   0.432,  -0.059,9999.000,9999.000,9999.000,9999.000,9999.000,9999.000,9999.000
202603242024,   0.338,  -0.049,9999.000,9999.000,9999.000,9999.000,9999.000,9999.000,9999.000
202603242030,   0.250,  -0.190,9999.000,9999.000,9999.000,9999.000,9999.000,9999.000,9999.000
202603242036,   0.169,  -0.331,9999.000,9999.000,9999.000,9999.000,9999.000,9999.000,9999.000
202603242042,   0.095,  -0.331,9999.000,9999.000,9999.000,9999.000,9999.000,9999.000,9999.000
202603242048,   0.029,  -0.459,9999.000,9999.000,9999.000,9999.000,9999.000,9999.000,9999.000
202603242054,  -0.030,  -0.449,9999.000,9999.000,9999.000,9999.000,9999.000,9999.000,9999.000
202603242100,  -0.083,  -0.541,  -0.700,   0.242,  -0.541,  -0.800,  -0.641,  -0.600,  -0.441
202603242106,  -0.128,  -0.541,9999.000,9999.000,9999.000,9999.000,9999.000,9999.000,9999.000
202603242112,  -0.166,  -0.600,9999.000,9999.000,9999.000,9999.000,9999.000,9999.000,9999.000
202603242118,  -0.198,  -0.639,9999.000,9999.000,9999.000,9999.000,9999.000,9999.000,9999.000
202603242124,  -0.223,  -0.551,9999.000,9999.000,9999.000,9999.000,9999.000,9999.000,9999.000
202603242130,  -0.241,  -0.619,9999.000,9999.000,9999.000,9999.000,9999.000,9999.000,9999.000
202603242136,  -0.252,  -0.580,9999.000,9999.000,9999.000,9999.000,9999.000,9999.000,9999.000
202603242142,  -0.258,  -0.659,9999.000,9999.000,9999.000,9999.000,9999.000,9999.000,9999.000
202603242148,  -0.257,  -0.570,9999.000,9999.000,9999.000,9999.000,9999.000,9999.000,9999.000
202603242154,  -0.251,  -0.688,9999.000,9999.000,9999.000,9999.000,9999.000,9999.000,9999.000
202603242200,  -0.239,  -0.629,  -0.700,   0.310,  -0.629,  -0.800,  -0.729,  -0.600,  -0.529
202603242206,  -0.222,  -0.698,9999.000,9999.000,9999.000,9999.000,9999.000,9999.000,9999.000
202603242212,  -0.199,  -0.688,9999.000,9999.000,9999.000,9999.000,9999.000,9999.000,9999.000
202603242218,  -0.172,  -0.698,9999.000,9999.000,9999.000,9999.000,9999.000,9999.000,9999.000
202603242224,  -0.140,  -0.669,9999.000,9999.000,9999.000,9999.000,9999.000,9999.000,9999.000
202603242230,  -0.103,  -0.639,9999.000,9999.000,9999.000,9999.000,9999.000,9999.000,9999.000
202603242236,  -0.062,  -0.698,9999.000,9999.000,9999.000,9999.000,9999.000,9999.000,9999.000
202603242242,  -0.017,  -0.610,9999.000,9999.000,9999.000,9999.000,9999.000,9999.000,9999.000
202603242248,   0.032,  -0.580,9999.000,9999.000,9999.000,9999.000,9999.000,9999.000,9999.000
202603242254,   0.085,  -0.449,9999.000,9999.000,9999.000,9999.000,9999.000,9999.000,9999.000
202603242300,   0.142,  -0.518,  -0.600,  -0.060,  -0.518,  -0.800,  -0.718,  -0.500,  -0.418
202603242306,   0.203,  -0.449,9999.000,9999.000,9999.000,9999.000,9999.000,9999.000,9999.000
202603242312,   0.267,  -0.249,9999.000,9999.000,9999.000,9999.000,9999.000,9999.000,9999.000
202603242318,   0.335,  -0.288,9999.000,9999.000,9999.000,9999.000,9999.000,9999.000,9999.000
202603242324,   0.406,  -0.088,9999.000,9999.000,9999.000,9999.000,9999.000,9999.000,9999.000
202603242330,   0.481,  -0.200,9999.000,9999.000,9999.000,9999.000,9999.000,9999.000,9999.000
202603242336,   0.560,   0.029,9999.000,9999.000,9999.000,9999.000,9999.000,9999.000,9999.000
202603242342,   0.642,   0.029,9999.000,9999.000,9999.000,9999.000,9999.000,9999.000,9999.000
202603242348,   0.727,   0.098,9999.000,9999.000,9999.000,9999.000,9999.000,9999.000,9999.000
202603242354,   0.815,   0.813,9999.000,9999.000,9999.000,9999.000,9999.000,9999.000,9999.000
202603250000,   0.906,   0.813,  -0.700,   0.607,   0.813,  -0.800,   0.713,  -0.600,   0.913
202603250006,   1.000,   0.400,9999.000,9999.000,9999.000,9999.000,9999.000,9999.000,9999.000
202603250012,   1.097,   0.498,9999.000,9999.000,9999.000,9999.000,9999.000,9999.000,9999.000
202603250018,   1.197,   0.629,9999.000,9999.000,9999.000,9999.000,9999.000,9999.000,9999.000
202603250024,   1.300,   0.688,9999.000,9999.000,9999.000,9999.000,9999.000,9999.000,9999.000
202603250030,   1.405,   0.810,9999.000,9999.000,9999.000,9999.000,9999.000,9999.000,9999.000
202603250036,   1.512,   0.961,9999.000,9999.000,9999.000,9999.000,9999.000,9999.000,9999.000
202603250042,   1.621,   1.210,9999.000,9999.000,9999.000,9999.000,9999.000,9999.000,9999.000
202603250048,   1.732,   1.328,9999.000,9999.000,9999.000,9999.000,9999.000,9999.000,9999.000
202603250054,   1.844,   1.469,9999.000,9999.000,9999.000,9999.000,9999.000,9999.000,9999.000
202603250100,   1.957,   1.518,  -0.700,   0.261,   1.518,  -0.800,   1.418,  -0.600,   1.618
202603250106,   2.071,   1.689,9999.000,9999.000,9999.000,9999.000,9999.000,9999.000,9999.000
202603250112,   2.186,   1.790,9999.000,9999.000,9999.000,9999.000,9999.000,9999.000,9999.000
202603250118,   2.301,   1.879,9999.000,9999.000,9999.000,9999.000,9999.000,9999.000,9999.000
202603250124,   2.415,   2.020,9999.000,9999.000,9999.000,9999.000,9999.000,9999.000,9999.000
202603250130,   2.530,   2.118,9999.000,9999.000,9999.000,9999.000,9999.000,9999.000,9999.000
202603250136,   2.643,   2.309,9999.000,9999.000,9999.000,9999.000,9999.000,9999.000,9999.000
202603250142,   2.755,   2.348,9999.000,9999.000,9999.000,9999.000,9999.000,9999.000,9999.000
202603250148,   2.865,   2.489,9999.000,9999.000,9999.000,9999.000,9999.000,9999.000,9999.000
202603250154,   2.973,   2.660,9999.000,9999.000,9999.000,9999.000,9999.000,9999.000,9999.000
202603250200,   3.080,   2.699,  -0.700,   0.319,   2.699,  -0.800,   2.599,  -0.600,   2.799
202603250206,   3.183,   2.850,9999.000,9999.000,9999.000,9999.000,9999.000,9999.000,9999.000
202603250212,   3.284,   2.948,9999.000,9999.000,9999.000,9999.000,9999.000,9999.000,9999.000
202603250218,   3.381,   3.070,9999.000,9999.000,9999.000,9999.000,9999.000,9999.000,9999.000
202603250224,   3.476,   3.158,9999.000,9999.000,9999.000,9999.000,9999.000,9999.000,9999.000
202603250230,   3.566,   3.168,9999.000,9999.000,9999.000,9999.000,9999.000,9999.000,9999.000
202603250236,   3.653,   3.188,9999.000,9999.000,9999.000,9999.000,9999.000,9999.000,9999.000
202603250242,   3.736,   3.299,9999.000,9999.000,9999.000,9999.000,9999.000,9999.000,9999.000
202603250248,   3.815,   3.299,9999.000,9999.000,9999.000,9999.000,9999.000,9999.000,9999.000
202603250254,   3.889,   3.378,9999.000,9999.000,9999.000,9999.000,9999.000,9999.000,9999.000
202603250300,   3.960,   3.378,  -0.700,   0.118,   3.378,  -0.800,   3.278,  -0.600,   3.478
202603250306,   4.025,   3.470,9999.000,9999.000,9999.000,9999.000,9999.000,9999.000,9999.000
202603250312,   4.087,   3.529,9999.000,9999.000,9999.000,9999.000,9999.000,9999.000,9999.000
202603250318,   4.144,   3.637,9999.000,9999.000,9999.000,9999.000,9999.000,9999.000,9999.000
202603250324,   4.197,   3.680,9999.000,9999.000,9999.000,9999.000,9999.000,9999.000,9999.000
202603250330,   4.246,   3.699,9999.000,9999.000,9999.000,9999.000,9999.000,9999.000,9999.000
202603250336,   4.290,   3.758,9999.000,9999.000,9999.000,9999.000,9999.000,9999.000,9999.000
202603250342,   4.331,   3.798,9999.000,9999.000,9999.000,9999.000,9999.000,9999.000,9999.000
202603250348,   4.367,   3.847,9999.000,9999.000,9999.000,9999.000,9999.000,9999.000,9999.000
202603250354,   4.399,   3.998,9999.000,9999.000,9999.000,9999.000,9999.000,9999.000,9999.000
202603250400,   4.428,   3.958,  -0.600,   0.130,   3.958,  -0.700,   3.858,  -0.500,   4.058
202603250406,   4.453,   3.988,9999.000,9999.000,9999.000,9999.000,9999.000,9999.000,9999.000
202603250412,   4.474,   4.047,9999.000,9999.000,9999.000,9999.000,9999.000,9999.000,9999.000
202603250418,   4.493,   3.998,9999.000,9999.000,9999.000,9999.000,9999.000,9999.000,9999.000
202603250424,   4.508,   4.070,9999.000,9999.000,9999.000,9999.000,9999.000,9999.000,9999.000
202603250430,   4.520,   4.070,9999.000,9999.000,9999.000,9999.000,9999.000,9999.000,9999.000
202603250436,   4.529,   4.037,9999.000,9999.000,9999.000,9999.000,9999.000,9999.000,9999.000
202603250442,   4.535,   3.988,9999.000,9999.000,9999.000,9999.000,9999.000,9999.000,9999.000
202603250448,   4.539,   3.978,9999.000,9999.000,9999.000,9999.000,9999.000,9999.000,9999.000
202603250454,   4.541,   4.057,9999.000,9999.000,9999.000,9999.000,9999.000,9999.000,9999.000
202603250500,   4.540,   4.090,  -0.600,   0.150,   4.090,  -0.700,   3.990,  -0.500,   4.190
202603250506,   4.537,   4.129,9999.000,9999.000,9999.000,9999.000,9999.000,9999.000,9999.000
202603250512,   4.531,   4.119,9999.000,9999.000,9999.000,9999.000,9999.000,9999.000,9999.000
202603250518,   4.524,   4.057,9999.000,9999.000,9999.000,9999.000,9999.000,9999.000,9999.000
202603250524,   4.514,   4.090,9999.000,9999.000,9999.000,9999.000,9999.000,9999.000,9999.000
202603250530,   4.503,   4.090,9999.000,9999.000,9999.000,9999.000,9999.000,9999.000,9999.000
202603250536,   4.490,   4.188,9999.000,9999.000,9999.000,9999.000,9999.000,9999.000,9999.000
202603250542,   4.475,   4.129,9999.000,9999.000,9999.000,9999.000,9999.000,9999.000,9999.000
202603250548,   4.459,   4.178,9999.000,9999.000,9999.000,9999.000,9999.000,9999.000,9999.000
202603250554,   4.440,   4.070,9999.000,9999.000,9999.000,9999.000,9999.000,9999.000,9999.000
202603250600,   4.420,   4.139,  -0.700,   0.419,   4.139,  -0.800,   4.039,  -0.600,   4.239
202603250606,   4.398,   4.099,9999.000,9999.000,9999.000,9999.000,9999.000,9999.000,9999.000
202603250612,   4.375,   4.090,9999.000,9999.000,9999.000,9999.000,9999.000,9999.000,9999.000
202603250618,   4.350,   4.017,9999.000,9999.000,9999.000,9999.000,9999.000,9999.000,9999.000
202603250624,   4.324,   3.899,9999.000,9999.000,9999.000,9999.000,9999.000,9999.000,9999.000
202603250630,   4.297,   4.008,9999.000,9999.000,9999.000,9999.000,9999.000,9999.000,9999.000
202603250636,   4.268,   3.968,9999.000,9999.000,9999.000,9999.000,9999.000,9999.000,9999.000
202603250642,   4.238,   3.939,9999.000,9999.000,9999.000,9999.000,9999.000,9999.000,9999.000
202603250648,   4.206,   3.798,9999.000,9999.000,9999.000,9999.000,9999.000,9999.000,9999.000
202603250654,   4.174,   3.768,9999.000,9999.000,9999.000,9999.000,9999.000,9999.000,9999.000
202603250700,   4.141,   3.788,  -0.600,   0.247,   3.788,  -0.700,   3.688,  -0.600,   3.788
202603250706,   4.107,   3.788,9999.000,9999.000,9999.000,9999.000,9999.000,9999.000,9999.000
202603250712,   4.073,   3.817,9999.000,9999.000,9999.000,9999.000,9999.000,9999.000,9999.000
202603250718,   4.039,   3.680,9999.000,9999.000,9999.000,9999.000,9999.000,9999.000,9999.000
202603250724,   4.005,   3.729,9999.000,9999.000,9999.000,9999.000,9999.000,9999.000,9999.000
202603250730,   3.971,   3.598,9999.000,9999.000,9999.000,9999.000,9999.000,9999.000,9999.000
202603250736,   3.937,   3.548,9999.000,9999.000,9999.000,9999.000,9999.000,9999.000,9999.000
202603250742,   3.904,   3.539,9999.000,9999.000,9999.000,9999.000,9999.000,9999.000,9999.000
202603250748,   3.873,   3.460,9999.000,9999.000,9999.000,9999.000,9999.000,9999.000,9999.000
202603250754,   3.842,   3.519,9999.000,9999.000,9999.000,9999.000,9999.000,9999.000,9999.000
202603250800,   3.814,   3.388,  -0.600,   0.174,   3.388,  -0.700,   3.288,  -0.500,   3.488
202603250806,   3.787,   3.407,9999.000,9999.000,9999.000,9999.000,9999.000,9999.000,9999.000
202603250812,   3.763,   3.407,9999.000,9999.000,9999.000,9999.000,9999.000,9999.000,9999.000
202603250818,   3.741,   3.427,9999.000,9999.000,9999.000,9999.000,9999.000,9999.000,9999.000
202603250824,   3.722,   3.398,9999.000,9999.000,9999.000,9999.000,9999.000,9999.000,9999.000
202603250830,   3.707,   3.407,9999.000,9999.000,9999.000,9999.000,9999.000,9999.000,9999.000
202603250836,   3.694,   3.407,9999.000,9999.000,9999.000,9999.000,9999.000,9999.000,9999.000
202603250842,   3.685,   3.358,9999.000,9999.000,9999.000,9999.000,9999.000,9999.000,9999.000
202603250848,   3.680,   3.309,9999.000,9999.000,9999.000,9999.000,9999.000,9999.000,9999.000
202603250854,   3.680,   3.240,9999.000,9999.000,9999.000,9999.000,9999.000,9999.000,9999.000
202603250900,   3.681,   3.358,  -0.600,   0.277,   3.358,  -0.700,   3.258,  -0.500,   3.458
202603250906,   3.688,   3.319,9999.000,9999.000,9999.000,9999.000,9999.000,9999.000,9999.000
202603250912,   3.699,   3.417,9999.000,9999.000,9999.000,9999.000,9999.000,9999.000,9999.000
202603250918,   3.714,   3.368,9999.000,9999.000,9999.000,9999.000,9999.000,9999.000,9999.000
202603250924,   3.733,   3.417,9999.000,9999.000,9999.000,9999.000,9999.000,9999.000,9999.000
202603250930,   3.756,   3.470,9999.000,9999.000,9999.000,9999.000,9999.000,9999.000,9999.000
202603250936,   3.783,   3.480,9999.000,9999.000,9999.000,9999.000,9999.000,9999.000,9999.000
202603250942,   3.814,   3.607,9999.000,9999.000,9999.000,9999.000,9999.000,9999.000,9999.000
202603250948,   3.848,   3.617,9999.000,9999.000,9999.000,9999.000,9999.000,9999.000,9999.000
202603250954,   3.887,   3.729,9999.000,9999.000,9999.000,9999.000,9999.000,9999.000,9999.000
202603251000,   3.928,   3.768,  -0.600,   0.440,   3.768,  -0.700,   3.668,  -0.500,   3.868
202603251006,   3.972,   3.739,9999.000,9999.000,9999.000,9999.000,9999.000,9999.000,9999.000
202603251012,   4.020,   3.788,9999.000,9999.000,9999.000,9999.000,9999.000,9999.000,9999.000
202603251018,   4.070,   3.739,9999.000,9999.000,9999.000,9999.000,9999.000,9999.000,9999.000
202603251024,   4.123,   3.827,9999.000,9999.000,9999.000,9999.000,9999.000,9999.000,9999.000
202603251030,   4.177,   3.860,9999.000,9999.000,9999.000,9999.000,9999.000,9999.000,9999.000
202603251036,   4.234,   3.909,9999.000,9999.000,9999.000,9999.000,9999.000,9999.000,9999.000
202603251042,   4.293,   3.949,9999.000,9999.000,9999.000,9999.000,9999.000,9999.000,9999.000
202603251048,   4.353,   4.070,9999.000,9999.000,9999.000,9999.000,9999.000,9999.000,9999.000
202603251054,   4.415,   4.159,9999.000,9999.000,9999.000,9999.000,9999.000,9999.000,9999.000
202603251100,   4.479,   4.218,  -0.600,   0.339,   4.218,  -0.600,   4.218,  -0.500,   4.318
202603251106,   4.543,   4.188,9999.000,9999.000,9999.000,9999.000,9999.000,9999.000,9999.000
202603251112,   4.609,   4.267,9999.000,9999.000,9999.000,9999.000,9999.000,9999.000,9999.000
202603251118,   4.675,   4.329,9999.000,9999.000,9999.000,9999.000,9999.000,9999.000,9999.000
202603251124,   4.742,   4.418,9999.000,9999.000,9999.000,9999.000,9999.000,9999.000,9999.000
202603251130,   4.810,   4.398,9999.000,9999.000,9999.000,9999.000,9999.000,9999.000,9999.000
202603251136,   4.879,   4.618,9999.000,9999.000,9999.000,9999.000,9999.000,9999.000,9999.000
202603251142,   4.949,   4.667,9999.000,9999.000,9999.000,9999.000,9999.000,9999.000,9999.000
202603251148,   5.019,   4.710,9999.000,9999.000,9999.000,9999.000,9999.000,9999.000,9999.000
202603251154,   5.090,   4.700,9999.000,9999.000,9999.000,9999.000,9999.000,9999.000,9999.000
202603251200,   5.161,   4.729,  -0.600,   0.168,   4.729,  -0.700,   4.629,  -0.500,   4.829
202603251206,   5.233,   4.887,9999.000,9999.000,9999.000,9999.000,9999.000,9999.000,9999.000
202603251212,   5.306,   4.867,9999.000,9999.000,9999.000,9999.000,9999.000,9999.000,9999.000
202603251218,   5.379,   4.988,9999.000,9999.000,9999.000,9999.000,9999.000,9999.000,9999.000
202603251224,   5.452,   4.988,9999.000,9999.000,9999.000,9999.000,9999.000,9999.000,9999.000
202603251230,   5.526,   5.110,9999.000,9999.000,9999.000,9999.000,9999.000,9999.000,9999.000
202603251236,   5.600,   5.208,9999.000,9999.000,9999.000,9999.000,9999.000,9999.000,9999.000
202603251242,   5.674,   5.287,9999.000,9999.000,9999.000,9999.000,9999.000,9999.000,9999.000
202603251248,   5.748,   5.428,9999.000,9999.000,9999.000,9999.000,9999.000,9999.000,9999.000
202603251254,   5.822,   5.530,9999.000,9999.000,9999.000,9999.000,9999.000,9999.000,9999.000
202603251300,   5.896,   5.667,  -0.500,   0.271,   5.667,  -0.600,   5.567,  -0.400,   5.767
202603251306,   5.970,   5.618,9999.000,9999.000,9999.000,9999.000,9999.000,9999.000,9999.000
202603251312,   6.043,   5.739,9999.000,9999.000,9999.000,9999.000,9999.000,9999.000,9999.000
202603251318,   6.115,   5.848,9999.000,9999.000,9999.000,9999.000,9999.000,9999.000,9999.000
202603251324,   6.186,   5.867,9999.000,9999.000,9999.000,9999.000,9999.000,9999.000,9999.000
202603251330,   6.255,   5.940,9999.000,9999.000,9999.000,9999.000,9999.000,9999.000,9999.000
202603251336,   6.323,   6.008,9999.000,9999.000,9999.000,9999.000,9999.000,9999.000,9999.000
202603251342,   6.389,   6.127,9999.000,9999.000,9999.000,9999.000,9999.000,9999.000,9999.000
202603251348,   6.453,   6.149,9999.000,9999.000,9999.000,9999.000,9999.000,9999.000,9999.000
202603251354,   6.514,   6.268,9999.000,9999.000,9999.000,9999.000,9999.000,9999.000,9999.000
202603251400,   6.573,   6.369,  -0.500,   0.296,   6.369,  -0.600,   6.269,  -0.400,   6.469
202603251406,   6.628,   6.487,9999.000,9999.000,9999.000,9999.000,9999.000,9999.000,9999.000
202603251412,   6.680,   6.517,9999.000,9999.000,9999.000,9999.000,9999.000,9999.000,9999.000
202603251418,   6.728,   6.517,9999.000,9999.000,9999.000,9999.000,9999.000,9999.000,9999.000
202603251424,   6.772,   6.658,9999.000,9999.000,9999.000,9999.000,9999.000,9999.000,9999.000
202603251430,   6.812,   6.609,9999.000,9999.000,9999.000,9999.000,9999.000,9999.000,9999.000
202603251436,   6.848,   6.727,9999.000,9999.000,9999.000,9999.000,9999.000,9999.000,9999.000
202603251442,   6.878,   6.727,9999.000,9999.000,9999.000,9999.000,9999.000,9999.000,9999.000
202603251448,   6.904,   6.638,9999.000,9999.000,9999.000,9999.000,9999.000,9999.000,9999.000
202603251454,   6.925,   6.697,9999.000,9999.000,9999.000,9999.000,9999.000,9999.000,9999.000
202603251500,   6.940,   6.687,  -0.400,   0.147,   6.687,  -0.500,   6.587,  -0.300,   6.787
202603251506,   6.950,   6.697,9999.000,9999.000,9999.000,9999.000,9999.000,9999.000,9999.000
202603251512,   6.955,   6.648,9999.000,9999.000,9999.000,9999.000,9999.000,9999.000,9999.000
202603251518,   6.954,   6.638,9999.000,9999.000,9999.000,9999.000,9999.000,9999.000,9999.000
202603251524,   6.947,   6.599,9999.000,9999.000,9999.000,9999.000,9999.000,9999.000,9999.000
202603251530,   6.935,   6.628,9999.000,9999.000,9999.000,9999.000,9999.000,9999.000,9999.000
202603251536,   6.917,   6.638,9999.000,9999.000,9999.000,9999.000,9999.000,9999.000,9999.000
202603251542,   6.893,   6.658,9999.000,9999.000,9999.000,9999.000,9999.000,9999.000,9999.000
202603251548,   6.864,   6.628,9999.000,9999.000,9999.000,9999.000,9999.000,9999.000,9999.000
202603251554,   6.830,   6.619,9999.000,9999.000,9999.000,9999.000,9999.000,9999.000,9999.000
202603251600,   6.790,   6.546,  -0.400,   0.156,   6.546,  -0.500,   6.446,  -0.400,   6.546
202603251606,   6.744,   6.517,9999.000,9999.000,9999.000,9999.000,9999.000,9999.000,9999.000
202603251612,   6.694,   6.428,9999.000,9999.000,9999.000,9999.000,9999.000,9999.000,9999.000
202603251618,   6.639,   6.346,9999.000,9999.000,9999.000,9999.000,9999.000,9999.000,9999.000
202603251624,   6.578,   6.327,9999.000,9999.000,9999.000,9999.000,9999.000,9999.000,9999.000
202603251630,   6.513,   6.199,9999.000,9999.000,9999.000,9999.000,9999.000,9999.000,9999.000
202603251636,   6.444,   6.087,9999.000,9999.000,9999.000,9999.000,9999.000,9999.000,9999.000
202603251642,   6.370,   6.048,9999.000,9999.000,9999.000,9999.000,9999.000,9999.000,9999.000
202603251648,   6.292,   5.926,9999.000,9999.000,9999.000,9999.000,9999.000,9999.000,9999.000
202603251654,   6.210,   5.887,9999.000,9999.000,9999.000,9999.000,9999.000,9999.000,9999.000
202603251700,   6.125,   5.838,  -0.500,   0.213,   5.838,  -0.500,   5.838,  -0.500,   5.838
202603251706,   6.035,   5.739,9999.000,9999.000,9999.000,9999.000,9999.000,9999.000,9999.000
202603251712,   5.942,   5.687,9999.000,9999.000,9999.000,9999.000,9999.000,9999.000,9999.000
202603251718,   5.846,   5.648,9999.000,9999.000,9999.000,9999.000,9999.000,9999.000,9999.000
202603251724,   5.747,   5.477,9999.000,9999.000,9999.000,9999.000,9999.000,9999.000,9999.000
202603251730,   5.645,   5.339,9999.000,9999.000,9999.000,9999.000,9999.000,9999.000,9999.000
202603251736,   5.539,   5.238,9999.000,9999.000,9999.000,9999.000,9999.000,9999.000,9999.000
202603251742,   5.431,   5.149,9999.000,9999.000,9999.000,9999.000,9999.000,9999.000,9999.000
202603251748,   5.321,   5.087,9999.000,9999.000,9999.000,9999.000,9999.000,9999.000,9999.000
202603251754,   5.207,   4.949,9999.000,9999.000,9999.000,9999.000,9999.000,9999.000,9999.000
202603251800,   5.092,   4.808,  -0.700,   0.416,   4.808,  -0.800,   4.708,  -0.600,   4.908
202603251806,   4.974,   4.710,9999.000,9999.000,9999.000,9999.000,9999.000,9999.000,9999.000
202603251812,   4.853,   4.500,9999.000,9999.000,9999.000,9999.000,9999.000,9999.000,9999.000
202603251818,   4.731,   4.490,9999.000,9999.000,9999.000,9999.000,9999.000,9999.000,9999.000
202603251824,   4.606,   4.280,9999.000,9999.000,9999.000,9999.000,9999.000,9999.000,9999.000
202603251830,   4.480,   4.149,9999.000,9999.000,9999.000,9999.000,9999.000,9999.000,9999.000
202603251836,   4.351,   4.047,9999.000,9999.000,9999.000,9999.000,9999.000,9999.000,9999.000
202603251842,   4.221,   3.880,9999.000,9999.000,9999.000,9999.000,9999.000,9999.000,9999.000
202603251848,   4.089,   3.788,9999.000,9999.000,9999.000,9999.000,9999.000,9999.000,9999.000
202603251854,   3.955,   3.637,9999.000,9999.000,9999.000,9999.000,9999.000,9999.000,9999.000
202603251900,   3.820,   3.519,  -0.700,   0.399,   3.519,  -0.800,   3.419,  -0.600,   3.619
202603251906,   3.684,   3.339,9999.000,9999.000,9999.000,9999.000,9999.000,9999.000,9999.000
202603251912,   3.546,   3.178,9999.000,9999.000,9999.000,9999.000,9999.000,9999.000,9999.000
202603251918,   3.408,   3.060,9999.000,9999.000,9999.000,9999.000,9999.000,9999.000,9999.000
202603251924,   3.268,   2.919,9999.000,9999.000,9999.000,9999.000,9999.000,9999.000,9999.000
202603251930,   3.128,   2.840,9999.000,9999.000,9999.000,9999.000,9999.000,9999.000,9999.000
202603251936,   2.988,   2.610,9999.000,9999.000,9999.000,9999.000,9999.000,9999.000,9999.000
202603251942,   2.847,   2.528,9999.000,9999.000,9999.000,9999.000,9999.000,9999.000,9999.000
202603251948,   2.707,   2.338,9999.000,9999.000,9999.000,9999.000,9999.000,9999.000,9999.000
202603251954,   2.567,   2.210,9999.000,9999.000,9999.000,9999.000,9999.000,9999.000,9999.000
202603252000,   2.428,   2.109,  -0.700,   0.381,   2.109,  -0.900,   1.909,  -0.500,   2.309
202603252006,   2.291,   1.938,9999.000,9999.000,9999.000,9999.000,9999.000,9999.000,9999.000
202603252012,   2.154,   1.859,9999.000,9999.000,9999.000,9999.000,9999.000,9999.000,9999.000
202603252018,   2.020,   1.748,9999.000,9999.000,9999.000,9999.000,9999.000,9999.000,9999.000
202603252024,   1.887,   1.557,9999.000,9999.000,9999.000,9999.000,9999.000,9999.000,9999.000
202603252030,   1.758,   1.439,9999.000,9999.000,9999.000,9999.000,9999.000,9999.000,9999.000
202603252036,   1.631,   1.328,9999.000,9999.000,9999.000,9999.000,9999.000,9999.000,9999.000
202603252042,   1.507,   1.180,9999.000,9999.000,9999.000,9999.000,9999.000,9999.000,9999.000
202603252048,   1.387,   1.039,9999.000,9999.000,9999.000,9999.000,9999.000,9999.000,9999.000
202603252054,   1.271,   0.888,9999.000,9999.000,9999.000,9999.000,9999.000,9999.000,9999.000
202603252100,   1.160,   0.859,  -0.700,   0.399,   0.859,  -0.800,   0.759,  -0.600,   0.959
202603252106,   1.052,   0.741,9999.000,9999.000,9999.000,9999.000,9999.000,9999.000,9999.000
202603252112,   0.950,   0.629,9999.000,9999.000,9999.000,9999.000,9999.000,9999.000,9999.000
202603252118,   0.852,   0.518,9999.000,9999.000,9999.000,9999.000,9999.000,9999.000,9999.000
202603252124,   0.760,   0.429,9999.000,9999.000,9999.000,9999.000,9999.000,9999.000,9999.000
202603252130,   0.673,   0.380,9999.000,9999.000,9999.000,9999.000,9999.000,9999.000,9999.000
202603252136,   0.592,   0.268,9999.000,9999.000,9999.000,9999.000,9999.000,9999.000,9999.000
202603252142,   0.516,   0.308,9999.000,9999.000,9999.000,9999.000,9999.000,9999.000,9999.000
202603252148,   0.446,   0.229,9999.000,9999.000,9999.000,9999.000,9999.000,9999.000,9999.000
202603252154,   0.382,   0.170,9999.000,9999.000,9999.000,9999.000,9999.000,9999.000,9999.000
202603252200,   0.323,   0.059,  -0.700,   0.436,   0.059,  -0.800,  -0.041,  -0.600,   0.159
202603252206,   0.270,  -0.029,9999.000,9999.000,9999.000,9999.000,9999.000,9999.000,9999.000
202603252212,   0.222,  -0.059,9999.000,9999.000,9999.000,9999.000,9999.000,9999.000,9999.000
202603252218,   0.180,  -0.121,9999.000,9999.000,9999.000,9999.000,9999.000,9999.000,9999.000
202603252224,   0.144,  -0.190,9999.000,9999.000,9999.000,9999.000,9999.000,9999.000,9999.000
202603252230,   0.113,  -0.229,9999.000,9999.000,9999.000,9999.000,9999.000,9999.000,9999.000
202603252236,   0.087,  -0.288,9999.000,9999.000,9999.000,9999.000,9999.000,9999.000,9999.000
202603252242,   0.066,  -0.288,9999.000,9999.000,9999.000,9999.000,9999.000,9999.000,9999.000
202603252248,   0.050,  -0.350,9999.000,9999.000,9999.000,9999.000,9999.000,9999.000,9999.000
202603252254,   0.038,  -0.360,9999.000,9999.000,9999.000,9999.000,9999.000,9999.000,9999.000
202603252300,   0.032,  -0.298,  -0.700,   0.370,  -0.298,  -0.800,  -0.398,  -0.700,  -0.298
202603252306,   0.030,  -0.268,9999.000,9999.000,9999.000,9999.000,9999.000,9999.000,9999.000
202603252312,   0.032,  -0.308,9999.000,9999.000,9999.000,9999.000,9999.000,9999.000,9999.000
202603252318,   0.038,  -0.321,9999.000,9999.000,9999.000,9999.000,9999.000,9999.000,9999.000
202603252324,   0.049,  -0.288,9999.000,9999.000,9999.000,9999.000,9999.000,9999.000,9999.000
202603252330,   0.063,  -0.288,9999.000,9999.000,9999.000,9999.000,9999.000,9999.000,9999.000
202603252336,   0.081,  -0.308,9999.000,9999.000,9999.000,9999.000,9999.000,9999.000,9999.000
202603252342,   0.104,  -0.278,9999.000,9999.000,9999.000,9999.000,9999.000,9999.000,9999.000
202603252348,   0.130,  -0.288,9999.000,9999.000,9999.000,9999.000,9999.000,9999.000,9999.000
202603252354,   0.160,   0.003,9999.000,9999.000,9999.000,9999.000,9999.000,9999.000,9999.000
202603260000,   0.194,   0.003,  -0.800,   0.609,   0.003,  -0.800,   0.003,  -0.700,   0.103
202603260006,   0.231,  -0.249,9999.000,9999.000,9999.000,9999.000,9999.000,9999.000,9999.000
202603260012,   0.273,  -0.131,9999.000,9999.000,9999.000,9999.000,9999.000,9999.000,9999.000
202603260018,   0.318,  -0.160,9999.000,9999.000,9999.000,9999.000,9999.000,9999.000,9999.000
202603260024,   0.367,  -0.039,9999.000,9999.000,9999.000,9999.000,9999.000,9999.000,9999.000
202603260030,   0.419,   0.000,9999.000,9999.000,9999.000,9999.000,9999.000,9999.000,9999.000
202603260036,   0.476,   0.131,9999.000,9999.000,9999.000,9999.000,9999.000,9999.000,9999.000
202603260042,   0.536,   0.190,9999.000,9999.000,9999.000,9999.000,9999.000,9999.000,9999.000
202603260048,   0.600,   0.249,9999.000,9999.000,9999.000,9999.000,9999.000,9999.000,9999.000
202603260054,   0.667,   0.400,9999.000,9999.000,9999.000,9999.000,9999.000,9999.000,9999.000
202603260100,   0.738,   0.508,  -0.700,   0.470,   0.508,  -0.800,   0.408,  -0.700,   0.508
202603260106,   0.813,   0.629,9999.000,9999.000,9999.000,9999.000,9999.000,9999.000,9999.000
202603260112,   0.891,   0.688,9999.000,9999.000,9999.000,9999.000,9999.000,9999.000,9999.000
202603260118,   0.972,   0.800,9999.000,9999.000,9999.000,9999.000,9999.000,9999.000,9999.000
202603260124,   1.057,   0.888,9999.000,9999.000,9999.000,9999.000,9999.000,9999.000,9999.000
202603260130,   1.144,   0.941,9999.000,9999.000,9999.000,9999.000,9999.000,9999.000,9999.000
202603260136,   1.234,   1.069,9999.000,9999.000,9999.000,9999.000,9999.000,9999.000,9999.000
202603260142,   1.327,   1.059,9999.000,9999.000,9999.000,9999.000,9999.000,9999.000,9999.000
202603260148,   1.422,   1.229,9999.000,9999.000,9999.000,9999.000,9999.000,9999.000,9999.000
202603260154,   1.519,   1.308,9999.000,9999.000,9999.000,9999.000,9999.000,9999.000,9999.000
202603260200,   1.618,   1.390,  -0.700,   0.472,   1.390,  -0.800,   1.290,  -0.600,   1.490
202603260206,   1.719,   1.557,9999.000,9999.000,9999.000,9999.000,9999.000,9999.000,9999.000
202603260212,   1.820,   1.548,9999.000,9999.000,9999.000,9999.000,9999.000,9999.000,9999.000
202603260218,   1.923,   1.718,9999.000,9999.000,9999.000,9999.000,9999.000,9999.000,9999.000
202603260224,   2.026,   1.820,9999.000,9999.000,9999.000,9999.000,9999.000,9999.000,9999.000
202603260230,   2.129,   1.899,9999.000,9999.000,9999.000,9999.000,9999.000,9999.000,9999.000
202603260236,   2.233,   2.040,9999.000,9999.000,9999.000,9999.000,9999.000,9999.000,9999.000
202603260242,   2.336,   2.099,9999.000,9999.000,9999.000,9999.000,9999.000,9999.000,9999.000
202603260248,   2.438,   2.210,9999.000,9999.000,9999.000,9999.000,9999.000,9999.000,9999.000
202603260254,   2.539,   2.230,9999.000,9999.000,9999.000,9999.000,9999.000,9999.000,9999.000
202603260300,   2.640,   2.309,  -0.800,   0.469,   2.309,  -0.900,   2.209,  -0.700,   2.409
202603260306,   2.738,   2.400,9999.000,9999.000,9999.000,9999.000,9999.000,9999.000,9999.000
202603260312,   2.835,   2.509,9999.000,9999.000,9999.000,9999.000,9999.000,9999.000,9999.000
202603260318,   2.930,   2.610,9999.000,9999.000,9999.000,9999.000,9999.000,9999.000,9999.000
202603260324,   3.023,   2.679,9999.000,9999.000,9999.000,9999.000,9999.000,9999.000,9999.000
202603260330,   3.113,   2.768,9999.000,9999.000,9999.000,9999.000,9999.000,9999.000,9999.000
202603260336,   3.201,   2.850,9999.000,9999.000,9999.000,9999.000,9999.000,9999.000,9999.000
202603260342,   3.286,   2.929,9999.000,9999.000,9999.000,9999.000,9999.000,9999.000,9999.000
202603260348,   3.368,   2.988,9999.000,9999.000,9999.000,9999.000,9999.000,9999.000,9999.000
202603260354,   3.448,   2.997,9999.000,9999.000,9999.000,9999.000,9999.000,9999.000,9999.000
202603260400,   3.524,   3.099,  -0.800,   0.375,   3.099,  -0.900,   2.999,  -0.700,   3.199
202603260406,   3.598,   3.178,9999.000,9999.000,9999.000,9999.000,9999.000,9999.000,9999.000
202603260412,   3.668,   3.207,9999.000,9999.000,9999.000,9999.000,9999.000,9999.000,9999.000
202603260418,   3.736,   3.289,9999.000,9999.000,9999.000,9999.000,9999.000,9999.000,9999.000
202603260424,   3.800,   3.329,9999.000,9999.000,9999.000,9999.000,9999.000,9999.000,9999.000
202603260430,   3.861,   3.388,9999.000,9999.000,9999.000,9999.000,9999.000,9999.000,9999.000
202603260436,   3.920,   3.509,9999.000,9999.000,9999.000,9999.000,9999.000,9999.000,9999.000
202603260442,   3.975,   3.519,9999.000,9999.000,9999.000,9999.000,9999.000,9999.000,9999.000
202603260448,   4.028,   3.598,9999.000,9999.000,9999.000,9999.000,9999.000,9999.000,9999.000
202603260454,   4.077,   3.627,9999.000,9999.000,9999.000,9999.000,9999.000,9999.000,9999.000
202603260500,   4.124,   3.709,  -0.900,   0.485,   3.709,  -0.900,   3.709,  -0.800,   3.809
202603260506,   4.169,   3.739,9999.000,9999.000,9999.000,9999.000,9999.000,9999.000,9999.000
202603260512,   4.210,   3.798,9999.000,9999.000,9999.000,9999.000,9999.000,9999.000,9999.000
202603260518,   4.250,   3.899,9999.000,9999.000,9999.000,9999.000,9999.000,9999.000,9999.000
202603260524,   4.286,   3.919,9999.000,9999.000,9999.000,9999.000,9999.000,9999.000,9999.000
202603260530,   4.321,   3.998,9999.000,9999.000,9999.000,9999.000,9999.000,9999.000,9999.000
202603260536,   4.353,   4.037,9999.000,9999.000,9999.000,9999.000,9999.000,9999.000,9999.000
202603260542,   4.383,   4.109,9999.000,9999.000,9999.000,9999.000,9999.000,9999.000,9999.000
202603260548,   4.411,   4.159,9999.000,9999.000,9999.000,9999.000,9999.000,9999.000,9999.000
202603260554,   4.436,   4.119,9999.000,9999.000,9999.000,9999.000,9999.000,9999.000,9999.000
202603260600,   4.460,   4.208,  -0.800,   0.548,   4.208,  -0.900,   4.108,  -0.800,   4.208
202603260606,   4.481,   4.267,9999.000,9999.000,9999.000,9999.000,9999.000,9999.000,9999.000
202603260612,   4.500,   4.280,9999.000,9999.000,9999.000,9999.000,9999.000,9999.000,9999.000
202603260618,   4.518,   4.319,9999.000,9999.000,9999.000,9999.000,9999.000,9999.000,9999.000
202603260624,   4.533,   4.319,9999.000,9999.000,9999.000,9999.000,9999.000,9999.000,9999.000
202603260630,   4.546,   4.378,9999.000,9999.000,9999.000,9999.000,9999.000,9999.000,9999.000
202603260636,   4.557,   4.329,9999.000,9999.000,9999.000,9999.000,9999.000,9999.000,9999.000
202603260642,   4.565,   4.339,9999.000,9999.000,9999.000,9999.000,9999.000,9999.000,9999.000
202603260648,   4.572,   4.388,9999.000,9999.000,9999.000,9999.000,9999.000,9999.000,9999.000
202603260654,   4.576,   4.388,9999.000,9999.000,9999.000,9999.000,9999.000,9999.000,9999.000
202603260700,   4.579,   4.388,  -0.800,   0.609,   4.388,  -0.900,   4.288,  -0.800,   4.388
202603260706,   4.579,   4.329,9999.000,9999.000,9999.000,9999.000,9999.000,9999.000,9999.000
202603260712,   4.576,   4.290,9999.000,9999.000,9999.000,9999.000,9999.000,9999.000,9999.000
202603260718,   4.572,   4.300,9999.000,9999.000,9999.000,9999.000,9999.000,9999.000,9999.000
202603260724,   4.565,   4.198,9999.000,9999.000,9999.000,9999.000,9999.000,9999.000,9999.000
202603260730,   4.556,   4.247,9999.000,9999.000,9999.000,9999.000,9999.000,9999.000,9999.000
202603260736,   4.544,   4.168,9999.000,9999.000,9999.000,9999.000,9999.000,9999.000,9999.000
202603260742,   4.531,   4.159,9999.000,9999.000,9999.000,9999.000,9999.000,9999.000,9999.000
202603260748,   4.516,   4.109,9999.000,9999.000,9999.000,9999.000,9999.000,9999.000,9999.000
202603260754,   4.498,   4.139,9999.000,9999.000,9999.000,9999.000,9999.000,9999.000,9999.000
202603260800,   4.479,   4.047,  -0.900,   0.468,   4.047,  -0.900,   4.047,  -0.800,   4.147
202603260806,   4.459,   4.057,9999.000,9999.000,9999.000,9999.000,9999.000,9999.000,9999.000
202603260812,   4.437,   4.037,9999.000,9999.000,9999.000,9999.000,9999.000,9999.000,9999.000
202603260818,   4.413,   3.998,9999.000,9999.000,9999.000,9999.000,9999.000,9999.000,9999.000
202603260824,   4.389,   3.968,9999.000,9999.000,9999.000,9999.000,9999.000,9999.000,9999.000
202603260830,   4.363,   3.870,9999.000,9999.000,9999.000,9999.000,9999.000,9999.000,9999.000
202603260836,   4.337,   3.768,9999.000,9999.000,9999.000,9999.000,9999.000,9999.000,9999.000
202603260842,   4.311,   3.788,9999.000,9999.000,9999.000,9999.000,9999.000,9999.000,9999.000
202603260848,   4.285,   3.699,9999.000,9999.000,9999.000,9999.000,9999.000,9999.000,9999.000
202603260854,   4.259,   3.680,9999.000,9999.000,9999.000,9999.000,9999.000,9999.000,9999.000
202603260900,   4.234,   3.660,  -0.800,   0.226,   3.660,  -0.900,   3.560,  -0.800,   3.660
202603260906,   4.209,   3.568,9999.000,9999.000,9999.000,9999.000,9999.000,9999.000,9999.000
202603260912,   4.186,   3.650,9999.000,9999.000,9999.000,9999.000,9999.000,9999.000,9999.000
202603260918,   4.164,   3.529,9999.000,9999.000,9999.000,9999.000,9999.000,9999.000,9999.000
202603260924,   4.143,   3.578,9999.000,9999.000,9999.000,9999.000,9999.000,9999.000,9999.000
202603260930,   4.124,   3.598,9999.000,9999.000,9999.000,9999.000,9999.000,9999.000,9999.000
202603260936,   4.108,   3.578,9999.000,9999.000,9999.000,9999.000,9999.000,9999.000,9999.000
202603260942,   4.094,   3.627,9999.000,9999.000,9999.000,9999.000,9999.000,9999.000,9999.000
202603260948,   4.082,   3.548,9999.000,9999.000,9999.000,9999.000,9999.000,9999.000,9999.000
202603260954,   4.073,   3.627,9999.000,9999.000,9999.000,9999.000,9999.000,9999.000,9999.000
202603261000,   4.066,   3.627,  -0.800,   0.361,   3.627,  -0.900,   3.527,  -0.800,   3.627
202603261006,   4.062,   3.598,9999.000,9999.000,9999.000,9999.000,9999.000,9999.000,9999.000
202603261012,   4.062,   3.637,9999.000,9999.000,9999.000,9999.000,9999.000,9999.000,9999.000
202603261018,   4.064,   3.588,9999.000,9999.000,9999.000,9999.000,9999.000,9999.000,9999.000
202603261024,   4.068,   3.670,9999.000,9999.000,9999.000,9999.000,9999.000,9999.000,9999.000
202603261030,   4.076,   3.588,9999.000,9999.000,9999.000,9999.000,9999.000,9999.000,9999.000
202603261036,   4.086,   3.699,9999.000,9999.000,9999.000,9999.000,9999.000,9999.000,9999.000
202603261042,   4.099,   3.699,9999.000,9999.000,9999.000,9999.000,9999.000,9999.000,9999.000
202603261048,   4.115,   3.749,9999.000,9999.000,9999.000,9999.000,9999.000,9999.000,9999.000
202603261054,   4.133,   3.808,9999.000,9999.000,9999.000,9999.000,9999.000,9999.000,9999.000
202603261100,   4.153,   3.788,  -0.900,   0.535,   3.788,  -0.900,   3.788,  -0.800,   3.888
202603261106,   4.176,   3.899,9999.000,9999.000,9999.000,9999.000,9999.000,9999.000,9999.000
202603261112,   4.201,   3.880,9999.000,9999.000,9999.000,9999.000,9999.000,9999.000,9999.000
202603261118,   4.227,   3.929,9999.000,9999.000,9999.000,9999.000,9999.000,9999.000,9999.000
202603261124,   4.255,   3.939,9999.000,9999.000,9999.000,9999.000,9999.000,9999.000,9999.000
202603261130,   4.285,   3.870,9999.000,9999.000,9999.000,9999.000,9999.000,9999.000,9999.000
202603261136,   4.317,   3.988,9999.000,9999.000,9999.000,9999.000,9999.000,9999.000,9999.000
202603261142,   4.350,   3.870,9999.000,9999.000,9999.000,9999.000,9999.000,9999.000,9999.000
202603261148,   4.384,   3.949,9999.000,9999.000,9999.000,9999.000,9999.000,9999.000,9999.000
202603261154,   4.420,   3.827,9999.000,9999.000,9999.000,9999.000,9999.000,9999.000,9999.000
202603261200,   4.456,   3.919,  -0.700,   0.163,   3.919,  -0.700,   3.919,  -0.600,   4.019
202603261206,   4.494,   3.958,9999.000,9999.000,9999.000,9999.000,9999.000,9999.000,9999.000
202603261212,   4.533,   3.939,9999.000,9999.000,9999.000,9999.000,9999.000,9999.000,9999.000
202603261218,   4.573,   4.080,9999.000,9999.000,9999.000,9999.000,9999.000,9999.000,9999.000
202603261224,   4.614,   4.017,9999.000,9999.000,9999.000,9999.000,9999.000,9999.000,9999.000
202603261230,   4.656,   4.099,9999.000,9999.000,9999.000,9999.000,9999.000,9999.000,9999.000
202603261236,   4.699,   4.057,9999.000,9999.000,9999.000,9999.000,9999.000,9999.000,9999.000
202603261242,   4.743,   4.099,9999.000,9999.000,9999.000,9999.000,9999.000,9999.000,9999.000
202603261248,   4.789,   4.159,9999.000,9999.000,9999.000,9999.000,9999.000,9999.000,9999.000
202603261254,   4.835,   4.188,9999.000,9999.000,9999.000,9999.000,9999.000,9999.000,9999.000
202603261300,   4.883,   4.247,  -0.700,   0.064,   4.247,  -0.700,   4.247,  -0.600,   4.347
202603261306,   4.932,   4.290,9999.000,9999.000,9999.000,9999.000,9999.000,9999.000,9999.000
202603261312,   4.982,   4.349,9999.000,9999.000,9999.000,9999.000,9999.000,9999.000,9999.000
202603261318,   5.034,   4.359,9999.000,9999.000,9999.000,9999.000,9999.000,9999.000,9999.000
202603261324,   5.086,   4.427,9999.000,9999.000,9999.000,9999.000,9999.000,9999.000,9999.000
202603261330,   5.140,   4.408,9999.000,9999.000,9999.000,9999.000,9999.000,9999.000,9999.000
202603261336,   5.195,   4.480,9999.000,9999.000,9999.000,9999.000,9999.000,9999.000,9999.000
202603261342,   5.251,   4.598,9999.000,9999.000,9999.000,9999.000,9999.000,9999.000,9999.000
202603261348,   5.308,   4.608,9999.000,9999.000,9999.000,9999.000,9999.000,9999.000,9999.000
202603261354,   5.365,   4.677,9999.000,9999.000,9999.000,9999.000,9999.000,9999.000,9999.000
202603261400,   5.423,   4.788,  -0.700,   0.065,   4.788,  -0.800,   4.688,  -0.600,   4.888
202603261406,   5.482,   4.847,9999.000,9999.000,9999.000,9999.000,9999.000,9999.000,9999.000
202603261412,   5.541,   4.900,9999.000,9999.000,9999.000,9999.000,9999.000,9999.000,9999.000
202603261418,   5.600,   4.969,9999.000,9999.000,9999.000,9999.000,9999.000,9999.000,9999.000
202603261424,   5.659,   5.087,9999.000,9999.000,9999.000,9999.000,9999.000,9999.000,9999.000
202603261430,   5.718,   5.179,9999.000,9999.000,9999.000,9999.000,9999.000,9999.000,9999.000
202603261436,   5.775,   5.179,9999.000,9999.000,9999.000,9999.000,9999.000,9999.000,9999.000
202603261442,   5.832,   5.287,9999.000,9999.000,9999.000,9999.000,9999.000,9999.000,9999.000
202603261448,   5.888,   5.297,9999.000,9999.000,9999.000,9999.000,9999.000,9999.000,9999.000
202603261454,   5.943,   5.418,9999.000,9999.000,9999.000,9999.000,9999.000,9999.000,9999.000
202603261500,   5.995,   5.457,  -0.700,   0.162,   5.457,  -0.800,   5.357,  -0.700,   5.457
202603261506,   6.046,   5.516,9999.000,9999.000,9999.000,9999.000,9999.000,9999.000,9999.000
202603261512,   6.094,   5.579,9999.000,9999.000,9999.000,9999.000,9999.000,9999.000,9999.000
202603261518,   6.140,   5.539,9999.000,9999.000,9999.000,9999.000,9999.000,9999.000,9999.000
202603261524,   6.183,   5.628,9999.000,9999.000,9999.000,9999.000,9999.000,9999.000,9999.000
202603261530,   6.223,   5.618,9999.000,9999.000,9999.000,9999.000,9999.000,9999.000,9999.000
202603261536,   6.260,   5.687,9999.000,9999.000,9999.000,9999.000,9999.000,9999.000,9999.000
202603261542,   6.294,   5.730,9999.000,9999.000,9999.000,9999.000,9999.000,9999.000,9999.000
202603261548,   6.323,   5.759,9999.000,9999.000,9999.000,9999.000,9999.000,9999.000,9999.000
202603261554,   6.349,   5.808,9999.000,9999.000,9999.000,9999.000,9999.000,9999.000,9999.000
202603261600,   6.371,   5.799,  -0.800,   0.228,   5.799,  -0.800,   5.799,  -0.700,   5.899
202603261606,   6.389,   5.907,9999.000,9999.000,9999.000,9999.000,9999.000,9999.000,9999.000
202603261612,   6.403,   5.828,9999.000,9999.000,9999.000,9999.000,9999.000,9999.000,9999.000
202603261618,   6.412,   5.799,9999.000,9999.000,9999.000,9999.000,9999.000,9999.000,9999.000
202603261624,   6.417,   5.769,9999.000,9999.000,9999.000,9999.000,9999.000,9999.000,9999.000
202603261630,   6.418,   5.749,9999.000,9999.000,9999.000,9999.000,9999.000,9999.000,9999.000
202603261636,   6.414,   5.667,9999.000,9999.000,9999.000,9999.000,9999.000,9999.000,9999.000
202603261642,   6.406,   5.707,9999.000,9999.000,9999.000,9999.000,9999.000,9999.000,9999.000
202603261648,   6.393,   5.648,9999.000,9999.000,9999.000,9999.000,9999.000,9999.000,9999.000
202603261654,   6.376,   5.730,9999.000,9999.000,9999.000,9999.000,9999.000,9999.000,9999.000
202603261700,   6.355,   5.579,  -0.800,   0.024,   5.579,  -0.900,   5.479,  -0.800,   5.579
202603261706,   6.330,   5.638,9999.000,9999.000,9999.000,9999.000,9999.000,9999.000,9999.000
202603261712,   6.300,   5.579,9999.000,9999.000,9999.000,9999.000,9999.000,9999.000,9999.000
202603261718,   6.267,   5.530,9999.000,9999.000,9999.000,9999.000,9999.000,9999.000,9999.000
202603261724,   6.229,   5.559,9999.000,9999.000,9999.000,9999.000,9999.000,9999.000,9999.000
202603261730,   6.188,   5.398,9999.000,9999.000,9999.000,9999.000,9999.000,9999.000,9999.000
202603261736,   6.142,   5.408,9999.000,9999.000,9999.000,9999.000,9999.000,9999.000,9999.000
202603261742,   6.093,   5.277,9999.000,9999.000,9999.000,9999.000,9999.000,9999.000,9999.000
202603261748,   6.041,   5.228,9999.000,9999.000,9999.000,9999.000,9999.000,9999.000,9999.000
202603261754,   5.985,   5.169,9999.000,9999.000,9999.000,9999.000,9999.000,9999.000,9999.000
202603261800,   5.926,   5.120,  -0.800,  -0.006,   5.120,  -0.900,   5.020,  -0.700,   5.220
202603261806,   5.863,   5.169,9999.000,9999.000,9999.000,9999.000,9999.000,9999.000,9999.000
202603261812,   5.797,   4.998,9999.000,9999.000,9999.000,9999.000,9999.000,9999.000,9999.000
202603261818,   5.728,   4.969,9999.000,9999.000,9999.000,9999.000,9999.000,9999.000,9999.000
202603261824,   5.656,   4.828,9999.000,9999.000,9999.000,9999.000,9999.000,9999.000,9999.000
202603261830,   5.581,   4.788,9999.000,9999.000,9999.000,9999.000,9999.000,9999.000,9999.000
202603261836,   5.503,   4.749,9999.000,9999.000,9999.000,9999.000,9999.000,9999.000,9999.000
202603261842,   5.422,   4.569,9999.000,9999.000,9999.000,9999.000,9999.000,9999.000,9999.000
202603261848,   5.338,   4.618,9999.000,9999.000,9999.000,9999.000,9999.000,9999.000,9999.000
202603261854,   5.251,   4.539,9999.000,9999.000,9999.000,9999.000,9999.000,9999.000,9999.000
202603261900,   5.162,   4.549,  -0.800,   0.187,   4.549,  -0.900,   4.449,  -0.700,   4.649
202603261906,   5.069,   4.447,9999.000,9999.000,9999.000,9999.000,9999.000,9999.000,9999.000
202603261912,   4.974,   4.309,9999.000,9999.000,9999.000,9999.000,9999.000,9999.000,9999.000
202603261918,   4.876,   4.247,9999.000,9999.000,9999.000,9999.000,9999.000,9999.000,9999.000
202603261924,   4.775,   4.080,9999.000,9999.000,9999.000,9999.000,9999.000,9999.000,9999.000
202603261930,   4.671,   3.998,9999.000,9999.000,9999.000,9999.000,9999.000,9999.000,9999.000
202603261936,   4.564,   3.890,9999.000,9999.000,9999.000,9999.000,9999.000,9999.000,9999.000
202603261942,   4.455,   3.808,9999.000,9999.000,9999.000,9999.000,9999.000,9999.000,9999.000
202603261948,   4.343,   3.627,9999.000,9999.000,9999.000,9999.000,9999.000,9999.000,9999.000
202603261954,   4.229,   3.529,9999.000,9999.000,9999.000,9999.000,9999.000,9999.000,9999.000
202603262000,   4.112,   3.427,  -0.800,   0.115,   3.427,  -0.900,   3.327,  -0.800,   3.427
202603262006,   3.993,   3.368,9999.000,9999.000,9999.000,9999.000,9999.000,9999.000,9999.000
202603262012,   3.871,   3.178,9999.000,9999.000,9999.000,9999.000,9999.000,9999.000,9999.000
202603262018,   3.748,   2.988,9999.000,9999.000,9999.000,9999.000,9999.000,9999.000,9999.000
202603262024,   3.622,   2.850,9999.000,9999.000,9999.000,9999.000,9999.000,9999.000,9999.000
202603262030,   3.495,   2.787,9999.000,9999.000,9999.000,9999.000,9999.000,9999.000,9999.000
202603262036,   3.366,   2.709,9999.000,9999.000,9999.000,9999.000,9999.000,9999.000,9999.000
202603262042,   3.236,   2.430,9999.000,9999.000,9999.000,9999.000,9999.000,9999.000,9999.000
202603262048,   3.105,   2.377,9999.000,9999.000,9999.000,9999.000,9999.000,9999.000,9999.000
202603262054,   2.973,   2.158,9999.000,9999.000,9999.000,9999.000,9999.000,9999.000,9999.000
202603262100,   2.841,   2.049,  -0.800,   0.008,   2.049,  -0.900,   1.949,  -0.800,   2.049
202603262106,   2.709,   1.879,9999.000,9999.000,9999.000,9999.000,9999.000,9999.000,9999.000
202603262112,   2.577,   1.689,9999.000,9999.000,9999.000,9999.000,9999.000,9999.000,9999.000
202603262118,   2.446,   1.669,9999.000,9999.000,9999.000,9999.000,9999.000,9999.000,9999.000
202603262124,   2.317,   1.479,9999.000,9999.000,9999.000,9999.000,9999.000,9999.000,9999.000
202603262130,   2.188,   1.348,9999.000,9999.000,9999.000,9999.000,9999.000,9999.000,9999.000
202603262136,   2.062,   1.210,9999.000,9999.000,9999.000,9999.000,9999.000,9999.000,9999.000
202603262142,   1.937,   1.039,9999.000,9999.000,9999.000,9999.000,9999.000,9999.000,9999.000
202603262148,   1.815,   0.990,9999.000,9999.000,9999.000,9999.000,9999.000,9999.000,9999.000
202603262154,   1.696,   0.790,9999.000,9999.000,9999.000,9999.000,9999.000,9999.000,9999.000
202603262200,   1.580,   0.751,  -0.800,  -0.029,   0.751,  -0.900,   0.651,  -0.800,   0.751
202603262206,   1.468,   0.570,9999.000,9999.000,9999.000,9999.000,9999.000,9999.000,9999.000
202603262212,   1.359,   0.518,9999.000,9999.000,9999.000,9999.000,9999.000,9999.000,9999.000
202603262218,   1.254,   0.429,9999.000,9999.000,9999.000,9999.000,9999.000,9999.000,9999.000
202603262224,   1.154,   0.249,9999.000,9999.000,9999.000,9999.000,9999.000,9999.000,9999.000
202603262230,   1.058,   0.259,9999.000,9999.000,9999.000,9999.000,9999.000,9999.000,9999.000
202603262236,   0.966,   0.111,9999.000,9999.000,9999.000,9999.000,9999.000,9999.000,9999.000
202603262242,   0.879,   0.131,9999.000,9999.000,9999.000,9999.000,9999.000,9999.000,9999.000
202603262248,   0.797,   0.019,9999.000,9999.000,9999.000,9999.000,9999.000,9999.000,9999.000
202603262254,   0.719,  -0.098,9999.000,9999.000,9999.000,9999.000,9999.000,9999.000,9999.000
202603262300,   0.646,  -0.131,  -0.900,   0.123,  -0.131,  -0.900,  -0.131,  -0.800,  -0.031
202603262306,   0.578,  -0.200,9999.000,9999.000,9999.000,9999.000,9999.000,9999.000,9999.000
202603262312,   0.515,  -0.259,9999.000,9999.000,9999.000,9999.000,9999.000,9999.000,9999.000
202603262318,   0.456,  -0.288,9999.000,9999.000,9999.000,9999.000,9999.000,9999.000,9999.000
202603262324,   0.402,  -0.409,9999.000,9999.000,9999.000,9999.000,9999.000,9999.000,9999.000
202603262330,   0.353,  -0.390,9999.000,9999.000,9999.000,9999.000,9999.000,9999.000,9999.000
202603262336,   0.308,  -0.478,9999.000,9999.000,9999.000,9999.000,9999.000,9999.000,9999.000
202603262342,   0.268,  -0.478,9999.000,9999.000,9999.000,9999.000,9999.000,9999.000,9999.000
202603262348,   0.232,  -0.469,9999.000,9999.000,9999.000,9999.000,9999.000,9999.000,9999.000
202603262354,   0.201,  -0.541,9999.000,9999.000,9999.000,9999.000,9999.000,9999.000,9999.000
202603270000,   0.174,  -0.541,  -1.000,   0.285,  -0.541,  -1.000,  -0.541,  -0.900,  -0.441
202603270006,   0.150,  -0.531,9999.000,9999.000,9999.000,9999.000,9999.000,9999.000,9999.000
202603270012,   0.132,  -0.590,9999.000,9999.000,9999.000,9999.000,9999.000,9999.000,9999.000
202603270018,   0.117,  -0.560,9999.000,9999.000,9999.000,9999.000,9999.000,9999.000,9999.000
202603270024,   0.106,  -0.619,9999.000,9999.000,9999.000,9999.000,9999.000,9999.000,9999.000
202603270030,   0.099,  -0.669,9999.000,9999.000,9999.000,9999.000,9999.000,9999.000,9999.000
202603270036,   0.097,  -0.659,9999.000,9999.000,9999.000,9999.000,9999.000,9999.000,9999.000
202603270042,   0.098,  -0.669,9999.000,9999.000,9999.000,9999.000,9999.000,9999.000,9999.000
202603270048,   0.104,  -0.570,9999.000,9999.000,9999.000,9999.000,9999.000,9999.000,9999.000
202603270054,   0.113,  -0.610,9999.000,9999.000,9999.000,9999.000,9999.000,9999.000,9999.000
202603270100,   0.127,  -0.580,  -1.000,   0.293,  -0.580,  -1.000,  -0.580,  -1.000,  -0.580
202603270106,   0.146,  -0.659,9999.000,9999.000,9999.000,9999.000,9999.000,9999.000,9999.000
202603270112,   0.168,  -0.498,9999.000,9999.000,9999.000,9999.000,9999.000,9999.000,9999.000
202603270118,   0.195,  -0.498,9999.000,9999.000,9999.000,9999.000,9999.000,9999.000,9999.000
202603270124,   0.226,  -0.478,9999.000,9999.000,9999.000,9999.000,9999.000,9999.000,9999.000
202603270130,   0.262,  -0.518,9999.000,9999.000,9999.000,9999.000,9999.000,9999.000,9999.000
202603270136,   0.302,  -0.459,9999.000,9999.000,9999.000,9999.000,9999.000,9999.000,9999.000
202603270142,   0.347,  -0.350,9999.000,9999.000,9999.000,9999.000,9999.000,9999.000,9999.000
202603270148,   0.396,  -0.350,9999.000,9999.000,9999.000,9999.000,9999.000,9999.000,9999.000
202603270154,   0.450,  -0.259,9999.000,9999.000,9999.000,9999.000,9999.000,9999.000,9999.000
202603270200,   0.508,  -0.239,  -1.000,   0.253,  -0.239,  -1.000,  -0.239,  -1.000,  -0.239
202603270206,   0.570,  -0.111,9999.000,9999.000,9999.000,9999.000,9999.000,9999.000,9999.000
202603270212,   0.637,  -0.039,9999.000,9999.000,9999.000,9999.000,9999.000,9999.000,9999.000
202603270218,   0.708,   0.029,9999.000,9999.000,9999.000,9999.000,9999.000,9999.000,9999.000
202603270224,   0.783,   0.000,9999.000,9999.000,9999.000,9999.000,9999.000,9999.000,9999.000
202603270230,   0.862,   0.098,9999.000,9999.000,9999.000,9999.000,9999.000,9999.000,9999.000
202603270236,   0.944,   0.229,9999.000,9999.000,9999.000,9999.000,9999.000,9999.000,9999.000
202603270242,   1.030,   0.259,9999.000,9999.000,9999.000,9999.000,9999.000,9999.000,9999.000
202603270248,   1.120,   0.350,9999.000,9999.000,9999.000,9999.000,9999.000,9999.000,9999.000
202603270254,   1.212,   0.419,9999.000,9999.000,9999.000,9999.000,9999.000,9999.000,9999.000
202603270300,   1.307,   0.551,  -1.000,   0.244,   0.551,  -1.100,   0.451,  -1.000,   0.551
202603270306,   1.404,   0.649,9999.000,9999.000,9999.000,9999.000,9999.000,9999.000,9999.000
202603270312,   1.504,   0.731,9999.000,9999.000,9999.000,9999.000,9999.000,9999.000,9999.000
202603270318,   1.606,   0.869,9999.000,9999.000,9999.000,9999.000,9999.000,9999.000,9999.000
202603270324,   1.709,   1.000,9999.000,9999.000,9999.000,9999.000,9999.000,9999.000,9999.000
202603270330,   1.813,   1.069,9999.000,9999.000,9999.000,9999.000,9999.000,9999.000,9999.000
202603270336,   1.918,   1.151,9999.000,9999.000,9999.000,9999.000,9999.000,9999.000,9999.000
202603270342,   2.024,   1.269,9999.000,9999.000,9999.000,9999.000,9999.000,9999.000,9999.000
202603270348,   2.130,   1.361,9999.000,9999.000,9999.000,9999.000,9999.000,9999.000,9999.000
202603270354,   2.236,   1.538,9999.000,9999.000,9999.000,9999.000,9999.000,9999.000,9999.000
202603270400,   2.342,   1.580,  -1.100,   0.338,   1.580,  -1.100,   1.580,  -1.000,   1.680
202603270406,   2.447,   1.738,9999.000,9999.000,9999.000,9999.000,9999.000,9999.000,9999.000
202603270412,   2.552,   1.758,9999.000,9999.000,9999.000,9999.000,9999.000,9999.000,9999.000
202603270418,   2.655,   1.918,9999.000,9999.000,9999.000,9999.000,9999.000,9999.000,9999.000
202603270424,   2.758,   2.030,9999.000,9999.000,9999.000,9999.000,9999.000,9999.000,9999.000
202603270430,   2.858,   2.109,9999.000,9999.000,9999.000,9999.000,9999.000,9999.000,9999.000
202603270436,   2.957,   2.259,9999.000,9999.000,9999.000,9999.000,9999.000,9999.000,9999.000
202603270442,   3.055,   2.279,9999.000,9999.000,9999.000,9999.000,9999.000,9999.000,9999.000
202603270448,   3.150,   2.420,9999.000,9999.000,9999.000,9999.000,9999.000,9999.000,9999.000
202603270454,   3.243,   2.499,9999.000,9999.000,9999.000,9999.000,9999.000,9999.000,9999.000
202603270500,   3.335,   2.660,  -1.100,   0.425,   2.660,  -1.100,   2.660,  -1.000,   2.760
202603270506,   3.423,   2.719,9999.000,9999.000,9999.000,9999.000,9999.000,9999.000,9999.000
202603270512,   3.510,   2.850,9999.000,9999.000,9999.000,9999.000,9999.000,9999.000,9999.000
202603270518,   3.594,   2.929,9999.000,9999.000,9999.000,9999.000,9999.000,9999.000,9999.000
202603270524,   3.676,   3.060,9999.000,9999.000,9999.000,9999.000,9999.000,9999.000,9999.000
202603270530,   3.755,   3.119,9999.000,9999.000,9999.000,9999.000,9999.000,9999.000,9999.000
202603270536,   3.832,   3.168,9999.000,9999.000,9999.000,9999.000,9999.000,9999.000,9999.000
202603270542,   3.907,   3.270,9999.000,9999.000,9999.000,9999.000,9999.000,9999.000,9999.000
202603270548,   3.979,   3.279,9999.000,9999.000,9999.000,9999.000,9999.000,9999.000,9999.000
202603270554,   4.048,   3.388,9999.000,9999.000,9999.000,9999.000,9999.000,9999.000,9999.000
202603270600,   4.115,   3.407,  -1.200,   0.492,   3.407,  -1.300,   3.307,  -1.100,   3.507
202603270606,   4.180,   3.519,9999.000,9999.000,9999.000,9999.000,9999.000,9999.000,9999.000
202603270612,   4.243,   3.558,9999.000,9999.000,9999.000,9999.000,9999.000,9999.000,9999.000
202603270618,   4.302,   3.607,9999.000,9999.000,9999.000,9999.000,9999.000,9999.000,9999.000
202603270624,   4.360,   3.689,9999.000,9999.000,9999.000,9999.000,9999.000,9999.000,9999.000
202603270630,   4.415,   3.709,9999.000,9999.000,9999.000,9999.000,9999.000,9999.000,9999.000
202603270636,   4.468,   3.798,9999.000,9999.000,9999.000,9999.000,9999.000,9999.000,9999.000
202603270642,   4.518,   3.808,9999.000,9999.000,9999.000,9999.000,9999.000,9999.000,9999.000
202603270648,   4.566,   3.909,9999.000,9999.000,9999.000,9999.000,9999.000,9999.000,9999.000
202603270654,   4.611,   3.968,9999.000,9999.000,9999.000,9999.000,9999.000,9999.000,9999.000
202603270700,   4.653,   3.968,  -1.200,   0.515,   3.968,  -1.300,   3.868,  -1.100,   4.068
202603270706,   4.693,   3.978,9999.000,9999.000,9999.000,9999.000,9999.000,9999.000,9999.000
202603270712,   4.731,   3.968,9999.000,9999.000,9999.000,9999.000,9999.000,9999.000,9999.000
202603270718,   4.765,   4.047,9999.000,9999.000,9999.000,9999.000,9999.000,9999.000,9999.000
202603270724,   4.797,   4.037,9999.000,9999.000,9999.000,9999.000,9999.000,9999.000,9999.000
202603270730,   4.826,   4.037,9999.000,9999.000,9999.000,9999.000,9999.000,9999.000,9999.000
202603270736,   4.851,   4.057,9999.000,9999.000,9999.000,9999.000,9999.000,9999.000,9999.000
202603270742,   4.874,   4.129,9999.000,9999.000,9999.000,9999.000,9999.000,9999.000,9999.000
202603270748,   4.893,   4.149,9999.000,9999.000,9999.000,9999.000,9999.000,9999.000,9999.000
202603270754,   4.909,   4.159,9999.000,9999.000,9999.000,9999.000,9999.000,9999.000,9999.000
202603270800,   4.921,   4.139,  -1.200,   0.418,   4.139,  -1.300,   4.039,  -1.100,   4.239
202603270806,   4.930,   4.099,9999.000,9999.000,9999.000,9999.000,9999.000,9999.000,9999.000
202603270812,   4.936,   4.139,9999.000,9999.000,9999.000,9999.000,9999.000,9999.000,9999.000
202603270818,   4.938,   4.099,9999.000,9999.000,9999.000,9999.000,9999.000,9999.000,9999.000
202603270824,   4.936,   4.139,9999.000,9999.000,9999.000,9999.000,9999.000,9999.000,9999.000
202603270830,   4.931,   4.109,9999.000,9999.000,9999.000,9999.000,9999.000,9999.000,9999.000
202603270836,   4.922,   4.099,9999.000,9999.000,9999.000,9999.000,9999.000,9999.000,9999.000
202603270842,   4.910,   4.139,9999.000,9999.000,9999.000,9999.000,9999.000,9999.000,9999.000
202603270848,   4.894,   4.090,9999.000,9999.000,9999.000,9999.000,9999.000,9999.000,9999.000
202603270854,   4.876,   3.975,9999.000,9999.000,9999.000,9999.000,9999.000,9999.000,9999.000
202603270900,   4.854,   3.975,  -1.100,   0.221,   3.975,  -1.200,   3.875,  -1.100,   3.975
202603270906,   4.829,   4.008,9999.000,9999.000,9999.000,9999.000,9999.000,9999.000,9999.000
202603270912,   4.801,   4.017,9999.000,9999.000,9999.000,9999.000,9999.000,9999.000,9999.000
202603270918,   4.771,   3.929,9999.000,9999.000,9999.000,9999.000,9999.000,9999.000,9999.000
202603270924,   4.739,   3.929,9999.000,9999.000,9999.000,9999.000,9999.000,9999.000,9999.000
202603270930,   4.705,   3.978,9999.000,9999.000,9999.000,9999.000,9999.000,9999.000,9999.000
202603270936,   4.669,   3.847,9999.000,9999.000,9999.000,9999.000,9999.000,9999.000,9999.000
202603270942,   4.631,   3.837,9999.000,9999.000,9999.000,9999.000,9999.000,9999.000,9999.000
202603270948,   4.593,   3.837,9999.000,9999.000,9999.000,9999.000,9999.000,9999.000,9999.000
202603270954,   4.554,   3.788,9999.000,9999.000,9999.000,9999.000,9999.000,9999.000,9999.000
202603271000,   4.514,   3.817,  -1.100,   0.403,   3.817,  -1.200,   3.717,  -1.100,   3.817
202603271006,   4.474,   3.699,9999.000,9999.000,9999.000,9999.000,9999.000,9999.000,9999.000
202603271012,   4.435,   3.709,9999.000,9999.000,9999.000,9999.000,9999.000,9999.000,9999.000
202603271018,   4.396,   3.680,9999.000,9999.000,9999.000,9999.000,9999.000,9999.000,9999.000
202603271024,   4.358,   3.680,9999.000,9999.000,9999.000,9999.000,9999.000,9999.000,9999.000
202603271030,   4.321,   3.680,9999.000,9999.000,9999.000,9999.000,9999.000,9999.000,9999.000
202603271036,   4.285,   3.607,9999.000,9999.000,9999.000,9999.000,9999.000,9999.000,9999.000
202603271042,   4.251,   3.670,9999.000,9999.000,9999.000,9999.000,9999.000,9999.000,9999.000
202603271048,   4.219,   3.588,9999.000,9999.000,9999.000,9999.000,9999.000,9999.000,9999.000
202603271054,   4.188,   3.539,9999.000,9999.000,9999.000,9999.000,9999.000,9999.000,9999.000
202603271100,   4.160,   3.529,  -1.100,   0.469,   3.529,  -1.200,   3.429,  -1.100,   3.529
202603271106,   4.134,   3.509,9999.000,9999.000,9999.000,9999.000,9999.000,9999.000,9999.000
202603271112,   4.110,   3.499,9999.000,9999.000,9999.000,9999.000,9999.000,9999.000,9999.000
202603271118,   4.088,   3.358,9999.000,9999.000,9999.000,9999.000,9999.000,9999.000,9999.000
202603271124,   4.069,   3.388,9999.000,9999.000,9999.000,9999.000,9999.000,9999.000,9999.000
202603271130,   4.052,   3.319,9999.000,9999.000,9999.000,9999.000,9999.000,9999.000,9999.000
202603271136,   4.037,   3.279,9999.000,9999.000,9999.000,9999.000,9999.000,9999.000,9999.000
202603271142,   4.025,   3.279,9999.000,9999.000,9999.000,9999.000,9999.000,9999.000,9999.000
202603271148,   4.014,   3.217,9999.000,9999.000,9999.000,9999.000,9999.000,9999.000,9999.000
202603271154,   4.006,   3.230,9999.000,9999.000,9999.000,9999.000,9999.000,9999.000,9999.000
202603271200,   4.000,   3.207,  -1.000,   0.207,   3.207,  -1.100,   3.107,  -1.000,   3.207
202603271206,   3.996,   3.178,9999.000,9999.000,9999.000,9999.000,9999.000,9999.000,9999.000
202603271212,   3.994,   3.217,9999.000,9999.000,9999.000,9999.000,9999.000,9999.000,9999.000
202603271218,   3.994,   3.168,9999.000,9999.000,9999.000,9999.000,9999.000,9999.000,9999.000
202603271224,   3.996,   3.230,9999.000,9999.000,9999.000,9999.000,9999.000,9999.000,9999.000
202603271230,   3.999,   3.188,9999.000,9999.000,9999.000,9999.000,9999.000,9999.000,9999.000
202603271236,   4.004,   3.168,9999.000,9999.000,9999.000,9999.000,9999.000,9999.000,9999.000
202603271242,   4.011,   3.270,9999.000,9999.000,9999.000,9999.000,9999.000,9999.000,9999.000
202603271248,   4.019,   3.168,9999.000,9999.000,9999.000,9999.000,9999.000,9999.000,9999.000
202603271254,   4.029,   3.270,9999.000,9999.000,9999.000,9999.000,9999.000,9999.000,9999.000
202603271300,   4.040,   3.178,  -1.100,   0.238,   3.178,  -1.100,   3.178,  -1.000,   3.278
202603271306,   4.054,   3.260,9999.000,9999.000,9999.000,9999.000,9999.000,9999.000,9999.000
202603271312,   4.069,   3.230,9999.000,9999.000,9999.000,9999.000,9999.000,9999.000,9999.000
202603271318,   4.086,   3.207,9999.000,9999.000,9999.000,9999.000,9999.000,9999.000,9999.000
202603271324,   4.104,   3.260,9999.000,9999.000,9999.000,9999.000,9999.000,9999.000,9999.000
202603271330,   4.125,   3.217,9999.000,9999.000,9999.000,9999.000,9999.000,9999.000,9999.000
202603271336,   4.147,   3.260,9999.000,9999.000,9999.000,9999.000,9999.000,9999.000,9999.000
202603271342,   4.172,   3.299,9999.000,9999.000,9999.000,9999.000,9999.000,9999.000,9999.000
202603271348,   4.199,   3.368,9999.000,9999.000,9999.000,9999.000,9999.000,9999.000,9999.000
202603271354,   4.228,   3.378,9999.000,9999.000,9999.000,9999.000,9999.000,9999.000,9999.000
202603271400,   4.260,   3.480,  -1.100,   0.320,   3.480,  -1.100,   3.480,  -1.000,   3.580
202603271406,   4.294,   3.450,9999.000,9999.000,9999.000,9999.000,9999.000,9999.000,9999.000
202603271412,   4.330,   3.509,9999.000,9999.000,9999.000,9999.000,9999.000,9999.000,9999.000
202603271418,   4.369,   3.617,9999.000,9999.000,9999.000,9999.000,9999.000,9999.000,9999.000
202603271424,   4.411,   3.617,9999.000,9999.000,9999.000,9999.000,9999.000,9999.000,9999.000
202603271430,   4.454,   3.627,9999.000,9999.000,9999.000,9999.000,9999.000,9999.000,9999.000
202603271436,   4.501,   3.650,9999.000,9999.000,9999.000,9999.000,9999.000,9999.000,9999.000
202603271442,   4.549,   3.739,9999.000,9999.000,9999.000,9999.000,9999.000,9999.000,9999.000
202603271448,   4.600,   3.837,9999.000,9999.000,9999.000,9999.000,9999.000,9999.000,9999.000
202603271454,   4.653,   3.870,9999.000,9999.000,9999.000,9999.000,9999.000,9999.000,9999.000
202603271500,   4.708,   3.939,  -1.100,   0.331,   3.939,  -1.100,   3.939,  -1.000,   4.039
202603271506,   4.764,   4.008,9999.000,9999.000,9999.000,9999.000,9999.000,9999.000,9999.000
202603271512,   4.822,   4.109,9999.000,9999.000,9999.000,9999.000,9999.000,9999.000,9999.000
202603271518,   4.882,   4.109,9999.000,9999.000,9999.000,9999.000,9999.000,9999.000,9999.000
202603271524,   4.942,   4.178,9999.000,9999.000,9999.000,9999.000,9999.000,9999.000,9999.000
202603271530,   5.004,   4.237,9999.000,9999.000,9999.000,9999.000,9999.000,9999.000,9999.000
202603271536,   5.066,   4.290,9999.000,9999.000,9999.000,9999.000,9999.000,9999.000,9999.000
202603271542,   5.128,   4.388,9999.000,9999.000,9999.000,9999.000,9999.000,9999.000,9999.000
202603271548,   5.191,   4.427,9999.000,9999.000,9999.000,9999.000,9999.000,9999.000,9999.000
202603271554,   5.253,   4.539,9999.000,9999.000,9999.000,9999.000,9999.000,9999.000,9999.000
202603271600,   5.315,   4.578,  -1.100,   0.363,   4.578,  -1.100,   4.578,  -1.000,   4.678
202603271606,   5.375,   4.608,9999.000,9999.000,9999.000,9999.000,9999.000,9999.000,9999.000
202603271612,   5.435,   4.637,9999.000,9999.000,9999.000,9999.000,9999.000,9999.000,9999.000
202603271618,   5.493,   4.700,9999.000,9999.000,9999.000,9999.000,9999.000,9999.000,9999.000
202603271624,   5.549,   4.749,9999.000,9999.000,9999.000,9999.000,9999.000,9999.000,9999.000
202603271630,   5.603,   4.798,9999.000,9999.000,9999.000,9999.000,9999.000,9999.000,9999.000
202603271636,   5.655,   4.847,9999.000,9999.000,9999.000,9999.000,9999.000,9999.000,9999.000
202603271642,   5.705,   4.887,9999.000,9999.000,9999.000,9999.000,9999.000,9999.000,9999.000
202603271648,   5.752,   4.959,9999.000,9999.000,9999.000,9999.000,9999.000,9999.000,9999.000
202603271654,   5.796,   4.939,9999.000,9999.000,9999.000,9999.000,9999.000,9999.000,9999.000
202603271700,   5.836,   4.988,  -1.100,   0.252,   4.988,  -1.100,   4.988,  -1.100,   4.988
202603271706,   5.874,   4.988,9999.000,9999.000,9999.000,9999.000,9999.000,9999.000,9999.000
202603271712,   5.908,   5.008,9999.000,9999.000,9999.000,9999.000,9999.000,9999.000,9999.000
202603271718,   5.939,   5.067,9999.000,9999.000,9999.000,9999.000,9999.000,9999.000,9999.000
202603271724,   5.966,   4.988,9999.000,9999.000,9999.000,9999.000,9999.000,9999.000,9999.000
202603271730,   5.989,   5.047,9999.000,9999.000,9999.000,9999.000,9999.000,9999.000,9999.000
202603271736,   6.009,   5.067,9999.000,9999.000,9999.000,9999.000,9999.000,9999.000,9999.000
202603271742,   6.025,   5.097,9999.000,9999.000,9999.000,9999.000,9999.000,9999.000,9999.000
202603271748,   6.037,   5.208,9999.000,9999.000,9999.000,9999.000,9999.000,9999.000,9999.000
202603271754,   6.045,   5.129,9999.000,9999.000,9999.000,9999.000,9999.000,9999.000,9999.000
202603271800,   6.050,   5.169,  -1.000,   0.119,   5.169,  -1.000,   5.169,  -1.000,   5.169
202603271806,   6.051,   5.139,9999.000,9999.000,9999.000,9999.000,9999.000,9999.000,9999.000
202603271812,   6.048,   5.129,9999.000,9999.000,9999.000,9999.000,9999.000,9999.000,9999.000
202603271818,   6.041,   5.169,9999.000,9999.000,9999.000,9999.000,9999.000,9999.000,9999.000
202603271824,   6.030,   5.169,9999.000,9999.000,9999.000,9999.000,9999.000,9999.000,9999.000
202603271830,   6.016,   5.218,9999.000,9999.000,9999.000,9999.000,9999.000,9999.000,9999.000
202603271836,   5.998,   5.179,9999.000,9999.000,9999.000,9999.000,9999.000,9999.000,9999.000
202603271842,   5.977,   5.169,9999.000,9999.000,9999.000,9999.000,9999.000,9999.000,9999.000
202603271848,   5.952,   5.159,9999.000,9999.000,9999.000,9999.000,9999.000,9999.000,9999.000
202603271854,   5.923,   5.139,9999.000,9999.000,9999.000,9999.000,9999.000,9999.000,9999.000
202603271900,   5.891,   5.120,  -1.000,   0.229,   5.120,  -1.000,   5.120,  -1.000,   5.120
202603271906,   5.855,   5.038,9999.000,9999.000,9999.000,9999.000,9999.000,9999.000,9999.000
202603271912,   5.816,   5.008,9999.000,9999.000,9999.000,9999.000,9999.000,9999.000,9999.000
202603271918,   5.773,   4.900,9999.000,9999.000,9999.000,9999.000,9999.000,9999.000,9999.000
202603271924,   5.727,   4.837,9999.000,9999.000,9999.000,9999.000,9999.000,9999.000,9999.000
202603271930,   5.677,   4.808,9999.000,9999.000,9999.000,9999.000,9999.000,9999.000,9999.000
202603271936,   5.623,   4.710,9999.000,9999.000,9999.000,9999.000,9999.000,9999.000,9999.000
202603271942,   5.565,   4.749,9999.000,9999.000,9999.000,9999.000,9999.000,9999.000,9999.000
202603271948,   5.504,   4.667,9999.000,9999.000,9999.000,9999.000,9999.000,9999.000,9999.000
202603271954,   5.439,   4.677,9999.000,9999.000,9999.000,9999.000,9999.000,9999.000,9999.000
202603272000,   5.370,   4.618,  -1.000,   0.248,   4.618,  -1.000,   4.618,  -1.000,   4.618
202603272006,   5.297,   4.480,9999.000,9999.000,9999.000,9999.000,9999.000,9999.000,9999.000
202603272012,   5.220,   4.408,9999.000,9999.000,9999.000,9999.000,9999.000,9999.000,9999.000
202603272018,   5.139,   4.300,9999.000,9999.000,9999.000,9999.000,9999.000,9999.000,9999.000
202603272024,   5.054,   4.178,9999.000,9999.000,9999.000,9999.000,9999.000,9999.000,9999.000
202603272030,   4.965,   4.090,9999.000,9999.000,9999.000,9999.000,9999.000,9999.000,9999.000
202603272036,   4.872,   3.949,9999.000,9999.000,9999.000,9999.000,9999.000,9999.000,9999.000
202603272042,   4.775,   3.890,9999.000,9999.000,9999.000,9999.000,9999.000,9999.000,9999.000
202603272048,   4.674,   3.778,9999.000,9999.000,9999.000,9999.000,9999.000,9999.000,9999.000
202603272054,   4.569,   3.627,9999.000,9999.000,9999.000,9999.000,9999.000,9999.000,9999.000
202603272100,   4.460,   3.548,  -1.000,   0.088,   3.548,  -1.000,   3.548,  -0.900,   3.648
202603272106,   4.347,   3.407,9999.000,9999.000,9999.000,9999.000,9999.000,9999.000,9999.000
202603272112,   4.231,   3.368,9999.000,9999.000,9999.000,9999.000,9999.000,9999.000,9999.000
202603272118,   4.111,   3.168,9999.000,9999.000,9999.000,9999.000,9999.000,9999.000,9999.000
202603272124,   3.988,   3.050,9999.000,9999.000,9999.000,9999.000,9999.000,9999.000,9999.000
202603272130,   3.862,   2.968,9999.000,9999.000,9999.000,9999.000,9999.000,9999.000,9999.000
202603272136,   3.734,   2.778,9999.000,9999.000,9999.000,9999.000,9999.000,9999.000,9999.000
202603272142,   3.603,   2.748,9999.000,9999.000,9999.000,9999.000,9999.000,9999.000,9999.000
202603272148,   3.470,   2.469,9999.000,9999.000,9999.000,9999.000,9999.000,9999.000,9999.000
202603272154,   3.335,   2.489,9999.000,9999.000,9999.000,9999.000,9999.000,9999.000,9999.000
202603272200,   3.199,   2.279,  -1.000,   0.080,   2.279,  -1.000,   2.279,  -0.900,   2.379
202603272206,   3.063,   2.191,9999.000,9999.000,9999.000,9999.000,9999.000,9999.000,9999.000
202603272212,   2.926,   2.069,9999.000,9999.000,9999.000,9999.000,9999.000,9999.000,9999.000
202603272218,   2.788,   1.879,9999.000,9999.000,9999.000,9999.000,9999.000,9999.000,9999.000
202603272224,   2.651,   1.748,9999.000,9999.000,9999.000,9999.000,9999.000,9999.000,9999.000
202603272230,   2.515,   1.620,9999.000,9999.000,9999.000,9999.000,9999.000,9999.000,9999.000
202603272236,   2.380,   1.538,9999.000,9999.000,9999.000,9999.000,9999.000,9999.000,9999.000
202603272242,   2.247,   1.400,9999.000,9999.000,9999.000,9999.000,9999.000,9999.000,9999.000
202603272248,   2.116,   1.348,9999.000,9999.000,9999.000,9999.000,9999.000,9999.000,9999.000
202603272254,   1.987,   1.151,9999.000,9999.000,9999.000,9999.000,9999.000,9999.000,9999.000
202603272300,   1.860,   1.108,  -1.000,   0.248,   1.108,  -1.000,   1.108,  -0.900,   1.208
202603272306,   1.737,   0.941,9999.000,9999.000,9999.000,9999.000,9999.000,9999.000,9999.000
202603272312,   1.617,   0.819,9999.000,9999.000,9999.000,9999.000,9999.000,9999.000,9999.000
202603272318,   1.500,   0.751,9999.000,9999.000,9999.000,9999.000,9999.000,9999.000,9999.000
202603272324,   1.388,   0.629,9999.000,9999.000,9999.000,9999.000,9999.000,9999.000,9999.000
202603272330,   1.279,   0.531,9999.000,9999.000,9999.000,9999.000,9999.000,9999.000,9999.000
202603272336,   1.174,   0.400,9999.000,9999.000,9999.000,9999.000,9999.000,9999.000,9999.000
202603272342,   1.074,   0.239,9999.000,9999.000,9999.000,9999.000,9999.000,9999.000,9999.000
202603272348,   0.977,   0.170,9999.000,9999.000,9999.000,9999.000,9999.000,9999.000,9999.000
202603272354,   0.886,9999.000,9999.000,9999.000,9999.000,9999.000,9999.000,9999.000,9999.000
202603280000,   0.799,9999.000,  -1.000,   0.252,   0.051,  -1.000,   0.051,  -0.900,   0.151
202603280006,   0.716,9999.000,9999.000,9999.000,9999.000,9999.000,9999.000,9999.000,9999.000
202603280012,   0.638,9999.000,9999.000,9999.000,9999.000,9999.000,9999.000,9999.000,9999.000
202603280018,   0.564,9999.000,9999.000,9999.000,9999.000,9999.000,9999.000,9999.000,9999.000
202603280024,   0.494,9999.000,9999.000,9999.000,9999.000,9999.000,9999.000,9999.000,9999.000
202603280030,   0.430,9999.000,9999.000,9999.000,9999.000,9999.000,9999.000,9999.000,9999.000
202603280036,   0.369,9999.000,9999.000,9999.000,9999.000,9999.000,9999.000,9999.000,9999.000
202603280042,   0.313,9999.000,9999.000,9999.000,9999.000,9999.000,9999.000,9999.000,9999.000
202603280048,   0.261,9999.000,9999.000,9999.000,9999.000,9999.000,9999.000,9999.000,9999.000
202603280054,   0.214,9999.000,9999.000,9999.000,9999.000,9999.000,9999.000,9999.000,9999.000
202603280100,   0.171,9999.000,  -1.000,   0.255,  -0.574,  -1.000,  -0.574,  -0.900,  -0.474
202603280106,   0.133,9999.000,9999.000,9999.000,9999.000,9999.000,9999.000,9999.000,9999.000
202603280112,   0.098,9999.000,9999.000,9999.000,9999.000,9999.000,9999.000,9999.000,9999.000
202603280118,   0.069,9999.000,9999.000,9999.000,9999.000,9999.000,9999.000,9999.000,9999.000
202603280124,   0.043,9999.000,9999.000,9999.000,9999.000,9999.000,9999.000,9999.000,9999.000
202603280130,   0.023,9999.000,9999.000,9999.000,9999.000,9999.000,9999.000,9999.000,9999.000
202603280136,   0.006,9999.000,9999.000,9999.000,9999.000,9999.000,9999.000,9999.000,9999.000
202603280142,  -0.004,9999.000,9999.000,9999.000,9999.000,9999.000,9999.000,9999.000,9999.000
202603280148,  -0.011,9999.000,9999.000,9999.000,9999.000,9999.000,9999.000,9999.000,9999.000
202603280154,  -0.012,9999.000,9999.000,9999.000,9999.000,9999.000,9999.000,9999.000,9999.000
202603280200,  -0.009,9999.000,  -1.000,   0.259,  -0.750,  -1.100,  -0.850,  -1.000,  -0.750
202603280206,   0.000,9999.000,9999.000,9999.000,9999.000,9999.000,9999.000,9999.000,9999.000
202603280212,   0.012,9999.000,9999.000,9999.000,9999.000,9999.000,9999.000,9999.000,9999.000
202603280218,   0.031,9999.000,9999.000,9999.000,9999.000,9999.000,9999.000,9999.000,9999.000
202603280224,   0.056,9999.000,9999.000,9999.000,9999.000,9999.000,9999.000,9999.000,9999.000
202603280230,   0.086,9999.000,9999.000,9999.000,9999.000,9999.000,9999.000,9999.000,9999.000
202603280236,   0.121,9999.000,9999.000,9999.000,9999.000,9999.000,9999.000,9999.000,9999.000
202603280242,   0.162,9999.000,9999.000,9999.000,9999.000,9999.000,9999.000,9999.000,9999.000
202603280248,   0.209,9999.000,9999.000,9999.000,9999.000,9999.000,9999.000,9999.000,9999.000
202603280254,   0.261,9999.000,9999.000,9999.000,9999.000,9999.000,9999.000,9999.000,9999.000
202603280300,   0.319,9999.000,  -1.000,   0.262,  -0.419,  -1.100,  -0.519,  -1.000,  -0.419
202603280306,   0.382,9999.000,9999.000,9999.000,9999.000,9999.000,9999.000,9999.000,9999.000
202603280312,   0.451,9999.000,9999.000,9999.000,9999.000,9999.000,9999.000,9999.000,9999.000
202603280318,   0.525,9999.000,9999.000,9999.000,9999.000,9999.000,9999.000,9999.000,9999.000
202603280324,   0.604,9999.000,9999.000,9999.000,9999.000,9999.000,9999.000,9999.000,9999.000
202603280330,   0.687,9999.000,9999.000,9999.000,9999.000,9999.000,9999.000,9999.000,9999.000
202603280336,   0.776,9999.000,9999.000,9999.000,9999.000,9999.000,9999.000,9999.000,9999.000
202603280342,   0.869,9999.000,9999.000,9999.000,9999.000,9999.000,9999.000,9999.000,9999.000
202603280348,   0.965,9999.000,9999.000,9999.000,9999.000,9999.000,9999.000,9999.000,9999.000
202603280354,   1.066,9999.000,9999.000,9999.000,9999.000,9999.000,9999.000,9999.000,9999.000
202603280400,   1.170,9999.000,  -1.000,   0.266,   0.436,  -1.100,   0.336,  -1.000,   0.436
202603280406,   1.278,9999.000,9999.000,9999.000,9999.000,9999.000,9999.000,9999.000,9999.000
202603280412,   1.388,9999.000,9999.000,9999.000,9999.000,9999.000,9999.000,9999.000,9999.000
202603280418,   1.501,9999.000,9999.000,9999.000,9999.000,9999.000,9999.000,9999.000,9999.000
202603280424,   1.616,9999.000,9999.000,9999.000,9999.000,9999.000,9999.000,9999.000,9999.000
202603280430,   1.732,9999.000,9999.000,9999.000,9999.000,9999.000,9999.000,9999.000,9999.000
202603280436,   1.850,9999.000,9999.000,9999.000,9999.000,9999.000,9999.000,9999.000,9999.000
202603280442,   1.970,9999.000,9999.000,9999.000,9999.000,9999.000,9999.000,9999.000,9999.000
202603280448,   2.090,9999.000,9999.000,9999.000,9999.000,9999.000,9999.000,9999.000,9999.000
202603280454,   2.210,9999.000,9999.000,9999.000,9999.000,9999.000,9999.000,9999.000,9999.000
202603280500,   2.330,9999.000,  -1.000,   0.269,   1.599,  -1.000,   1.599,  -1.000,   1.599
202603280506,   2.451,9999.000,9999.000,9999.000,9999.000,9999.000,9999.000,9999.000,9999.000
202603280512,   2.571,9999.000,9999.000,9999.000,9999.000,9999.000,9999.000,9999.000,9999.000
202603280518,   2.690,9999.000,9999.000,9999.000,9999.000,9999.000,9999.000,9999.000,9999.000
202603280524,   2.808,9999.000,9999.000,9999.000,9999.000,9999.000,9999.000,9999.000,9999.000
202603280530,   2.924,9999.000,9999.000,9999.000,9999.000,9999.000,9999.000,9999.000,9999.000
202603280536,   3.040,9999.000,9999.000,9999.000,9999.000,9999.000,9999.000,9999.000,9999.000
202603280542,   3.153,9999.000,9999.000,9999.000,9999.000,9999.000,9999.000,9999.000,9999.000
202603280548,   3.265,9999.000,9999.000,9999.000,9999.000,9999.000,9999.000,9999.000,9999.000
202603280554,   3.375,9999.000,9999.000,9999.000,9999.000,9999.000,9999.000,9999.000,9999.000
202603280600,   3.483,9999.000,  -1.000,   0.273,   2.756,  -1.000,   2.756,  -1.000,   2.756
202603280606,   3.589,9999.000,9999.000,9999.000,9999.000,9999.000,9999.000,9999.000,9999.000
202603280612,   3.692,9999.000,9999.000,9999.000,9999.000,9999.000,9999.000,9999.000,9999.000
202603280618,   3.793,9999.000,9999.000,9999.000,9999.000,9999.000,9999.000,9999.000,9999.000
202603280624,   3.892,9999.000,9999.000,9999.000,9999.000,9999.000,9999.000,9999.000,9999.000
202603280630,   3.987,9999.000,9999.000,9999.000,9999.000,9999.000,9999.000,9999.000,9999.000
202603280636,   4.081,9999.000,9999.000,9999.000,9999.000,9999.000,9999.000,9999.000,9999.000
202603280642,   4.171,9999.000,9999.000,9999.000,9999.000,9999.000,9999.000,9999.000,9999.000
202603280648,   4.259,9999.000,9999.000,9999.000,9999.000,9999.000,9999.000,9999.000,9999.000
202603280654,   4.344,9999.000,9999.000,9999.000,9999.000,9999.000,9999.000,9999.000,9999.000
202603280700,   4.427,9999.000,  -1.000,   0.276,   3.703,  -1.000,   3.703,  -0.900,   3.803
202603280706,   4.506,9999.000,9999.000,9999.000,9999.000,9999.000,9999.000,9999.000,9999.000
202603280712,   4.583,9999.000,9999.000,9999.000,9999.000,9999.000,9999.000,9999.000,9999.000
202603280718,   4.656,9999.000,9999.000,9999.000,9999.000,9999.000,9999.000,9999.000,9999.000
202603280724,   4.727,9999.000,9999.000,9999.000,9999.000,9999.000,9999.000,9999.000,9999.000
202603280730,   4.794,9999.000,9999.000,9999.000,9999.000,9999.000,9999.000,9999.000,9999.000
202603280736,   4.858,9999.000,9999.000,9999.000,9999.000,9999.000,9999.000,9999.000,9999.000
202603280742,   4.919,9999.000,9999.000,9999.000,9999.000,9999.000,9999.000,9999.000,9999.000
202603280748,   4.976,9999.000,9999.000,9999.000,9999.000,9999.000,9999.000,9999.000,9999.000
202603280754,   5.030,9999.000,9999.000,9999.000,9999.000,9999.000,9999.000,9999.000,9999.000
202603280800,   5.080,9999.000,  -0.900,   0.280,   4.460,  -1.000,   4.360,  -0.900,   4.460
202603280806,   5.126,9999.000,9999.000,9999.000,9999.000,9999.000,9999.000,9999.000,9999.000
202603280812,   5.168,9999.000,9999.000,9999.000,9999.000,9999.000,9999.000,9999.000,9999.000
202603280818,   5.206,9999.000,9999.000,9999.000,9999.000,9999.000,9999.000,9999.000,9999.000
202603280824,   5.239,9999.000,9999.000,9999.000,9999.000,9999.000,9999.000,9999.000,9999.000
202603280830,   5.269,9999.000,9999.000,9999.000,9999.000,9999.000,9999.000,9999.000,9999.000
202603280836,   5.293,9999.000,9999.000,9999.000,9999.000,9999.000,9999.000,9999.000,9999.000
202603280842,   5.313,9999.000,9999.000,9999.000,9999.000,9999.000,9999.000,9999.000,9999.000
202603280848,   5.329,9999.000,9999.000,9999.000,9999.000,9999.000,9999.000,9999.000,9999.000
202603280854,   5.339,9999.000,9999.000,9999.000,9999.000,9999.000,9999.000,9999.000,9999.000
202603280900,   5.344,9999.000,  -0.900,   0.284,   4.728,  -1.000,   4.628,  -0.800,   4.828
202603280906,   5.345,9999.000,9999.000,9999.000,9999.000,9999.000,9999.000,9999.000,9999.000
202603280912,   5.340,9999.000,9999.000,9999.000,9999.000,9999.000,9999.000,9999.000,9999.000
202603280918,   5.330,9999.000,9999.000,9999.000,9999.000,9999.000,9999.000,9999.000,9999.000
202603280924,   5.316,9999.000,9999.000,9999.000,9999.000,9999.000,9999.000,9999.000,9999.000
202603280930,   5.296,9999.000,9999.000,9999.000,9999.000,9999.000,9999.000,9999.000,9999.000
202603280936,   5.271,9999.000,9999.000,9999.000,9999.000,9999.000,9999.000,9999.000,9999.000
202603280942,   5.242,9999.000,9999.000,9999.000,9999.000,9999.000,9999.000,9999.000,9999.000
202603280948,   5.208,9999.000,9999.000,9999.000,9999.000,9999.000,9999.000,9999.000,9999.000
202603280954,   5.170,9999.000,9999.000,9999.000,9999.000,9999.000,9999.000,9999.000,9999.000
202603281000,   5.127,9999.000,  -0.900,   0.287,   4.514,  -1.000,   4.414,  -0.800,   4.614
202603281006,   5.081,9999.000,9999.000,9999.000,9999.000,9999.000,9999.000,9999.000,9999.000
202603281012,   5.031,9999.000,9999.000,9999.000,9999.000,9999.000,9999.000,9999.000,9999.000
202603281018,   4.977,9999.000,9999.000,9999.000,9999.000,9999.000,9999.000,9999.000,9999.000
202603281024,   4.921,9999.000,9999.000,9999.000,9999.000,9999.000,9999.000,9999.000,9999.000
202603281030,   4.862,9999.000,9999.000,9999.000,9999.000,9999.000,9999.000,9999.000,9999.000
202603281036,   4.801,9999.000,9999.000,9999.000,9999.000,9999.000,9999.000,9999.000,9999.000
202603281042,   4.738,9999.000,9999.000,9999.000,9999.000,9999.000,9999.000,9999.000,9999.000
202603281048,   4.674,9999.000,9999.000,9999.000,9999.000,9999.000,9999.000,9999.000,9999.000
202603281054,   4.609,9999.000,9999.000,9999.000,9999.000,9999.000,9999.000,9999.000,9999.000
202603281100,   4.543,9999.000,  -0.900,   0.291,   3.934,  -1.000,   3.834,  -0.900,   3.934
202603281106,   4.476,9999.000,9999.000,9999.000,9999.000,9999.000,9999.000,9999.000,9999.000
202603281112,   4.410,9999.000,9999.000,9999.000,9999.000,9999.000,9999.000,9999.000,9999.000
202603281118,   4.344,9999.000,9999.000,9999.000,9999.000,9999.000,9999.000,9999.000,9999.000
202603281124,   4.279,9999.000,9999.000,9999.000,9999.000,9999.000,9999.000,9999.000,9999.000
202603281130,   4.215,9999.000,9999.000,9999.000,9999.000,9999.000,9999.000,9999.000,9999.000
202603281136,   4.152,9999.000,9999.000,9999.000,9999.000,9999.000,9999.000,9999.000,9999.000
202603281142,   4.091,9999.000,9999.000,9999.000,9999.000,9999.000,9999.000,9999.000,9999.000
202603281148,   4.032,9999.000,9999.000,9999.000,9999.000,9999.000,9999.000,9999.000,9999.000
202603281154,   3.975,9999.000,9999.000,9999.000,9999.000,9999.000,9999.000,9999.000,9999.000
202603281200,   3.919,9999.000,  -0.900,   0.291,   3.310,  -1.000,   3.210,  -0.900,   3.310
202603281206,   3.866,9999.000,9999.000,9999.000,9999.000,9999.000,9999.000,9999.000,9999.000
202603281212,   3.816,9999.000,9999.000,9999.000,9999.000,9999.000,9999.000,9999.000,9999.000
202603281218,   3.768,9999.000,9999.000,9999.000,9999.000,9999.000,9999.000,9999.000,9999.000
202603281224,   3.722,9999.000,9999.000,9999.000,9999.000,9999.000,9999.000,9999.000,9999.000
202603281230,   3.678,9999.000,9999.000,9999.000,9999.000,9999.000,9999.000,9999.000,9999.000
202603281236,   3.638,9999.000,9999.000,9999.000,9999.000,9999.000,9999.000,9999.000,9999.000
202603281242,   3.599,9999.000,9999.000,9999.000,9999.000,9999.000,9999.000,9999.000,9999.000
202603281248,   3.563,9999.000,9999.000,9999.000,9999.000,9999.000,9999.000,9999.000,9999.000
202603281254,   3.530,9999.000,9999.000,9999.000,9999.000,9999.000,9999.000,9999.000,9999.000
202603281300,   3.499,9999.000,  -1.000,   0.291,   2.790,  -1.000,   2.790,  -0.900,   2.890
202603281306,   3.470,9999.000,9999.000,9999.000,9999.000,9999.000,9999.000,9999.000,9999.000
202603281312,   3.444,9999.000,9999.000,9999.000,9999.000,9999.000,9999.000,9999.000,9999.000
202603281318,   3.420,9999.000,9999.000,9999.000,9999.000,9999.000,9999.000,9999.000,9999.000
202603281324,   3.398,9999.000,9999.000,9999.000,9999.000,9999.000,9999.000,9999.000,9999.000
202603281330,   3.379,9999.000,9999.000,9999.000,9999.000,9999.000,9999.000,9999.000,9999.000
202603281336,   3.362,9999.000,9999.000,9999.000,9999.000,9999.000,9999.000,9999.000,9999.000
202603281342,   3.347,9999.000,9999.000,9999.000,9999.000,9999.000,9999.000,9999.000,9999.000
202603281348,   3.336,9999.000,9999.000,9999.000,9999.000,9999.000,9999.000,9999.000,9999.000
202603281354,   3.327,9999.000,9999.000,9999.000,9999.000,9999.000,9999.000,9999.000,9999.000
202603281400,   3.320,9999.000,  -1.000,   0.291,   2.611,  -1.100,   2.511,  -0.900,   2.711
202603281406,   3.317,9999.000,9999.000,9999.000,9999.000,9999.000,9999.000,9999.000,9999.000
202603281412,   3.316,9999.000,9999.000,9999.000,9999.000,9999.000,9999.000,9999.000,9999.000
202603281418,   3.319,9999.000,9999.000,9999.000,9999.000,9999.000,9999.000,9999.000,9999.000
202603281424,   3.324,9999.000,9999.000,9999.000,9999.000,9999.000,9999.000,9999.000,9999.000
202603281430,   3.333,9999.000,9999.000,9999.000,9999.000,9999.000,9999.000,9999.000,9999.000
202603281436,   3.346,9999.000,9999.000,9999.000,9999.000,9999.000,9999.000,9999.000,9999.000
202603281442,   3.362,9999.000,9999.000,9999.000,9999.000,9999.000,9999.000,9999.000,9999.000
202603281448,   3.382,9999.000,9999.000,9999.000,9999.000,9999.000,9999.000,9999.000,9999.000
202603281454,   3.406,9999.000,9999.000,9999.000,9999.000,9999.000,9999.000,9999.000,9999.000
202603281500,   3.434,9999.000,  -1.000,   0.291,   2.725,  -1.100,   2.625,  -1.000,   2.725
202603281506,   3.466,9999.000,9999.000,9999.000,9999.000,9999.000,9999.000,9999.000,9999.000
202603281512,   3.502,9999.000,9999.000,9999.000,9999.000,9999.000,9999.000,9999.000,9999.000
202603281518,   3.541,9999.000,9999.000,9999.000,9999.000,9999.000,9999.000,9999.000,9999.000
202603281524,   3.585,9999.000,9999.000,9999.000,9999.000,9999.000,9999.000,9999.000,9999.000
202603281530,   3.633,9999.000,9999.000,9999.000,9999.000,9999.000,9999.000,9999.000,9999.000
202603281536,   3.684,9999.000,9999.000,9999.000,9999.000,9999.000,9999.000,9999.000,9999.000
202603281542,   3.740,9999.000,9999.000,9999.000,9999.000,9999.000,9999.000,9999.000,9999.000
202603281548,   3.799,9999.000,9999.000,9999.000,9999.000,9999.000,9999.000,9999.000,9999.000
202603281554,   3.861,9999.000,9999.000,9999.000,9999.000,9999.000,9999.000,9999.000,9999.000
202603281600,   3.927,9999.000,  -1.000,   0.291,   3.218,  -1.100,   3.118,  -0.900,   3.318
202603281606,   3.995,9999.000,9999.000,9999.000,9999.000,9999.000,9999.000,9999.000,9999.000
202603281612,   4.066,9999.000,9999.000,9999.000,9999.000,9999.000,9999.000,9999.000,9999.000
202603281618,   4.140,9999.000,9999.000,9999.000,9999.000,9999.000,9999.000,9999.000,9999.000
202603281624,   4.216,9999.000,9999.000,9999.000,9999.000,9999.000,9999.000,9999.000,9999.000
202603281630,   4.293,9999.000,9999.000,9999.000,9999.000,9999.000,9999.000,9999.000,9999.000
202603281636,   4.373,9999.000,9999.000,9999.000,9999.000,9999.000,9999.000,9999.000,9999.000
202603281642,   4.453,9999.000,9999.000,9999.000,9999.000,9999.000,9999.000,9999.000,9999.000
202603281648,   4.534,9999.000,9999.000,9999.000,9999.000,9999.000,9999.000,9999.000,9999.000
202603281654,   4.615,9999.000,9999.000,9999.000,9999.000,9999.000,9999.000,9999.000,9999.000
202603281700,   4.696,9999.000,  -1.000,   0.291,   3.987,  -1.000,   3.987,  -0.900,   4.087
202603281706,   4.777,9999.000,9999.000,9999.000,9999.000,9999.000,9999.000,9999.000,9999.000
202603281712,   4.858,9999.000,9999.000,9999.000,9999.000,9999.000,9999.000,9999.000,9999.000
202603281718,   4.937,9999.000,9999.000,9999.000,9999.000,9999.000,9999.000,9999.000,9999.000
202603281724,   5.016,9999.000,9999.000,9999.000,9999.000,9999.000,9999.000,9999.000,9999.000
202603281730,   5.092,9999.000,9999.000,9999.000,9999.000,9999.000,9999.000,9999.000,9999.000
202603281736,   5.167,9999.000,9999.000,9999.000,9999.000,9999.000,9999.000,9999.000,9999.000
202603281742,   5.240,9999.000,9999.000,9999.000,9999.000,9999.000,9999.000,9999.000,9999.000
202603281748,   5.310,9999.000,9999.000,9999.000,9999.000,9999.000,9999.000,9999.000,9999.000
202603281754,   5.378,9999.000,9999.000,9999.000,9999.000,9999.000,9999.000,9999.000,9999.000
202603281800,   5.443,9999.000,  -1.000,   0.291,   4.734,  -1.000,   4.734,  -0.900,   4.834
202603281806,   5.505,9999.000,9999.000,9999.000,9999.000,9999.000,9999.000,9999.000,9999.000
202603281812,   5.563,9999.000,9999.000,9999.000,9999.000,9999.000,9999.000,9999.000,9999.000
202603281818,   5.619,9999.000,9999.000,9999.000,9999.000,9999.000,9999.000,9999.000,9999.000
202603281824,   5.671,9999.000,9999.000,9999.000,9999.000,9999.000,9999.000,9999.000,9999.000
202603281830,   5.719,9999.000,9999.000,9999.000,9999.000,9999.000,9999.000,9999.000,9999.000
202603281836,   5.764,9999.000,9999.000,9999.000,9999.000,9999.000,9999.000,9999.000,9999.000
202603281842,   5.805,9999.000,9999.000,9999.000,9999.000,9999.000,9999.000,9999.000,9999.000
202603281848,   5.843,9999.000,9999.000,9999.000,9999.000,9999.000,9999.000,9999.000,9999.000
202603281854,   5.876,9999.000,9999.000,9999.000,9999.000,9999.000,9999.000,9999.000,9999.000
202603281900,   5.906,9999.000,  -0.900,   0.291,   5.297,  -1.000,   5.197,  -0.900,   5.297
202603281906,   5.931,9999.000,9999.000,9999.000,9999.000,9999.000,9999.000,9999.000,9999.000
202603281912,   5.953,9999.000,9999.000,9999.000,9999.000,9999.000,9999.000,9999.000,9999.000
202603281918,   5.971,9999.000,9999.000,9999.000,9999.000,9999.000,9999.000,9999.000,9999.000
202603281924,   5.985,9999.000,9999.000,9999.000,9999.000,9999.000,9999.000,9999.000,9999.000
202603281930,   5.994,9999.000,9999.000,9999.000,9999.000,9999.000,9999.000,9999.000,9999.000
202603281936,   6.000,9999.000,9999.000,9999.000,9999.000,9999.000,9999.000,9999.000,9999.000
202603281942,   6.001,9999.000,9999.000,9999.000,9999.000,9999.000,9999.000,9999.000,9999.000
202603281948,   5.998,9999.000,9999.000,9999.000,9999.000,9999.000,9999.000,9999.000,9999.000
202603281954,   5.991,9999.000,9999.000,9999.000,9999.000,9999.000,9999.000,9999.000,9999.000
202603282000,   5.979,9999.000,  -0.900,   0.291,   5.370,  -0.900,   5.370,  -0.800,   5.470
202603282006,   5.964,9999.000,9999.000,9999.000,9999.000,9999.000,9999.000,9999.000,9999.000
202603282012,   5.943,9999.000,9999.000,9999.000,9999.000,9999.000,9999.000,9999.000,9999.000
202603282018,   5.918,9999.000,9999.000,9999.000,9999.000,9999.000,9999.000,9999.000,9999.000
202603282024,   5.888,9999.000,9999.000,9999.000,9999.000,9999.000,9999.000,9999.000,9999.000
202603282030,   5.854,9999.000,9999.000,9999.000,9999.000,9999.000,9999.000,9999.000,9999.000
202603282036,   5.815,9999.000,9999.000,9999.000,9999.000,9999.000,9999.000,9999.000,9999.000
202603282042,   5.770,9999.000,9999.000,9999.000,9999.000,9999.000,9999.000,9999.000,9999.000
202603282048,   5.721,9999.000,9999.000,9999.000,9999.000,9999.000,9999.000,9999.000,9999.000
202603282054,   5.666,9999.000,9999.000,9999.000,9999.000,9999.000,9999.000,9999.000,9999.000
202603282100,   5.606,9999.000,  -0.800,   0.291,   5.097,  -0.900,   4.997,  -0.800,   5.097
202603282106,   5.541,9999.000,9999.000,9999.000,9999.000,9999.000,9999.000,9999.000,9999.000
202603282112,   5.471,9999.000,9999.000,9999.000,9999.000,9999.000,9999.000,9999.000,9999.000
202603282118,   5.395,9999.000,9999.000,9999.000,9999.000,9999.000,9999.000,9999.000,9999.000
202603282124,   5.313,9999.000,9999.000,9999.000,9999.000,9999.000,9999.000,9999.000,9999.000
202603282130,   5.226,9999.000,9999.000,9999.000,9999.000,9999.000,9999.000,9999.000,9999.000
202603282136,   5.134,9999.000,9999.000,9999.000,9999.000,9999.000,9999.000,9999.000,9999.000
202603282142,   5.036,9999.000,9999.000,9999.000,9999.000,9999.000,9999.000,9999.000,9999.000
202603282148,   4.933,9999.000,9999.000,9999.000,9999.000,9999.000,9999.000,9999.000,9999.000
202603282154,   4.825,9999.000,9999.000,9999.000,9999.000,9999.000,9999.000,9999.000,9999.000
202603282200,   4.712,9999.000,  -0.800,   0.291,   4.203,  -0.900,   4.103,  -0.800,   4.203
202603282206,   4.595,9999.000,9999.000,9999.000,9999.000,9999.000,9999.000,9999.000,9999.000
202603282212,   4.472,9999.000,9999.000,9999.000,9999.000,9999.000,9999.000,9999.000,9999.000
202603282218,   4.346,9999.000,9999.000,9999.000,9999.000,9999.000,9999.000,9999.000,9999.000
202603282224,   4.215,9999.000,9999.000,9999.000,9999.000,9999.000,9999.000,9999.000,9999.000
202603282230,   4.082,9999.000,9999.000,9999.000,9999.000,9999.000,9999.000,9999.000,9999.000
202603282236,   3.944,9999.000,9999.000,9999.000,9999.000,9999.000,9999.000,9999.000,9999.000
202603282242,   3.804,9999.000,9999.000,9999.000,9999.000,9999.000,9999.000,9999.000,9999.000
202603282248,   3.662,9999.000,9999.000,9999.000,9999.000,9999.000,9999.000,9999.000,9999.000
202603282254,   3.518,9999.000,9999.000,9999.000,9999.000,9999.000,9999.000,9999.000,9999.000
202603282300,   3.372,9999.000,  -0.800,   0.291,   2.863,  -0.900,   2.763,  -0.800,   2.863
202603282306,   3.225,9999.000,9999.000,9999.000,9999.000,9999.000,9999.000,9999.000,9999.000
202603282312,   3.077,9999.000,9999.000,9999.000,9999.000,9999.000,9999.000,9999.000,9999.000
202603282318,   2.930,9999.000,9999.000,9999.000,9999.000,9999.000,9999.000,9999.000,9999.000
202603282324,   2.783,9999.000,9999.000,9999.000,9999.000,9999.000,9999.000,9999.000,9999.000
202603282330,   2.636,9999.000,9999.000,9999.000,9999.000,9999.000,9999.000,9999.000,9999.000
202603282336,   2.491,9999.000,9999.000,9999.000,9999.000,9999.000,9999.000,9999.000,9999.000
202603282342,   2.348,9999.000,9999.000,9999.000,9999.000,9999.000,9999.000,9999.000,9999.000
202603282348,   2.207,9999.000,9999.000,9999.000,9999.000,9999.000,9999.000,9999.000,9999.000
202603282354,   2.068,9999.000,9999.000,9999.000,9999.000,9999.000,9999.000,9999.000,9999.000
202603290000,   1.932,9999.000,  -0.800,   0.291,   1.423,  -0.900,   1.323,  -0.800,   1.423
202603290006,   1.799,9999.000,9999.000,9999.000,9999.000,9999.000,9999.000,9999.000,9999.000
202603290012,   1.670,9999.000,9999.000,9999.000,9999.000,9999.000,9999.000,9999.000,9999.000
202603290018,   1.544,9999.000,9999.000,9999.000,9999.000,9999.000,9999.000,9999.000,9999.000
202603290024,   1.422,9999.000,9999.000,9999.000,9999.000,9999.000,9999.000,9999.000,9999.000
202603290030,   1.304,9999.000,9999.000,9999.000,9999.000,9999.000,9999.000,9999.000,9999.000
202603290036,   1.190,9999.000,9999.000,9999.000,9999.000,9999.000,9999.000,9999.000,9999.000
202603290042,   1.081,9999.000,9999.000,9999.000,9999.000,9999.000,9999.000,9999.000,9999.000
202603290048,   0.976,9999.000,9999.000,9999.000,9999.000,9999.000,9999.000,9999.000,9999.000
202603290054,   0.876,9999.000,9999.000,9999.000,9999.000,9999.000,9999.000,9999.000,9999.000
202603290100,   0.780,9999.000,  -0.900,   0.291,   0.171,  -0.900,   0.171,  -0.800,   0.271
202603290106,   0.689,9999.000,9999.000,9999.000,9999.000,9999.000,9999.000,9999.000,9999.000
202603290112,   0.602,9999.000,9999.000,9999.000,9999.000,9999.000,9999.000,9999.000,9999.000
202603290118,   0.520,9999.000,9999.000,9999.000,9999.000,9999.000,9999.000,9999.000,9999.000
202603290124,   0.443,9999.000,9999.000,9999.000,9999.000,9999.000,9999.000,9999.000,9999.000
202603290130,   0.370,9999.000,9999.000,9999.000,9999.000,9999.000,9999.000,9999.000,9999.000
202603290136,   0.303,9999.000,9999.000,9999.000,9999.000,9999.000,9999.000,9999.000,9999.000
202603290142,   0.239,9999.000,9999.000,9999.000,9999.000,9999.000,9999.000,9999.000,9999.000
202603290148,   0.181,9999.000,9999.000,9999.000,9999.000,9999.000,9999.000,9999.000,9999.000
202603290154,   0.128,9999.000,9999.000,9999.000,9999.000,9999.000,9999.000,9999.000,9999.000
202603290200,   0.079,9999.000,  -0.900,   0.291,  -0.530,  -1.000,  -0.630,  -0.800,  -0.430
202603290206,   0.036,9999.000,9999.000,9999.000,9999.000,9999.000,9999.000,9999.000,9999.000
202603290212,  -0.002,9999.000,9999.000,9999.000,9999.000,9999.000,9999.000,9999.000,9999.000
202603290218,  -0.035,9999.000,9999.000,9999.000,9999.000,9999.000,9999.000,9999.000,9999.000
202603290224,  -0.063,9999.000,9999.000,9999.000,9999.000,9999.000,9999.000,9999.000,9999.000
202603290230,  -0.085,9999.000,9999.000,9999.000,9999.000,9999.000,9999.000,9999.000,9999.000
202603290236,  -0.102,9999.000,9999.000,9999.000,9999.000,9999.000,9999.000,9999.000,9999.000
202603290242,  -0.113,9999.000,9999.000,9999.000,9999.000,9999.000,9999.000,9999.000,9999.000
202603290248,  -0.119,9999.000,9999.000,9999.000,9999.000,9999.000,9999.000,9999.000,9999.000
202603290254,  -0.118,9999.000,9999.000,9999.000,9999.000,9999.000,9999.000,9999.000,9999.000
202603290300,  -0.111,9999.000,  -0.900,   0.291,  -0.720,  -1.000,  -0.820,  -0.800,  -0.620
202603290306,  -0.098,9999.000,9999.000,9999.000,9999.000,9999.000,9999.000,9999.000,9999.000
202603290312,  -0.078,9999.000,9999.000,9999.000,9999.000,9999.000,9999.000,9999.000,9999.000
202603290318,  -0.052,9999.000,9999.000,9999.000,9999.000,9999.000,9999.000,9999.000,9999.000
202603290324,  -0.019,9999.000,9999.000,9999.000,9999.000,9999.000,9999.000,9999.000,9999.000
202603290330,   0.019,9999.000,9999.000,9999.000,9999.000,9999.000,9999.000,9999.000,9999.000
202603290336,   0.065,9999.000,9999.000,9999.000,9999.000,9999.000,9999.000,9999.000,9999.000
202603290342,   0.118,9999.000,9999.000,9999.000,9999.000,9999.000,9999.000,9999.000,9999.000
202603290348,   0.177,9999.000,9999.000,9999.000,9999.000,9999.000,9999.000,9999.000,9999.000
202603290354,   0.243,9999.000,9999.000,9999.000,9999.000,9999.000,9999.000,9999.000,9999.000
202603290400,   0.315,9999.000,  -0.900,   0.291,  -0.294,  -1.000,  -0.394,  -0.800,  -0.194
202603290406,   0.394,9999.000,9999.000,9999.000,9999.000,9999.000,9999.000,9999.000,9999.000
202603290412,   0.478,9999.000,9999.000,9999.000,9999.000,9999.000,9999.000,9999.000,9999.000
202603290418,   0.568,9999.000,9999.000,9999.000,9999.000,9999.000,9999.000,9999.000,9999.000
202603290424,   0.664,9999.000,9999.000,9999.000,9999.000,9999.000,9999.000,9999.000,9999.000
202603290430,   0.766,9999.000,9999.000,9999.000,9999.000,9999.000,9999.000,9999.000,9999.000
202603290436,   0.872,9999.000,9999.000,9999.000,9999.000,9999.000,9999.000,9999.000,9999.000
202603290442,   0.983,9999.000,9999.000,9999.000,9999.000,9999.000,9999.000,9999.000,9999.000
202603290448,   1.099,9999.000,9999.000,9999.000,9999.000,9999.000,9999.000,9999.000,9999.000
202603290454,   1.218,9999.000,9999.000,9999.000,9999.000,9999.000,9999.000,9999.000,9999.000
202603290500,   1.341,9999.000,  -0.800,   0.291,   0.832,  -0.900,   0.732,  -0.800,   0.832
202603290506,   1.467,9999.000,9999.000,9999.000,9999.000,9999.000,9999.000,9999.000,9999.000
202603290512,   1.596,9999.000,9999.000,9999.000,9999.000,9999.000,9999.000,9999.000,9999.000
202603290518,   1.728,9999.000,9999.000,9999.000,9999.000,9999.000,9999.000,9999.000,9999.000
202603290524,   1.861,9999.000,9999.000,9999.000,9999.000,9999.000,9999.000,9999.000,9999.000
202603290530,   1.996,9999.000,9999.000,9999.000,9999.000,9999.000,9999.000,9999.000,9999.000
202603290536,   2.133,9999.000,9999.000,9999.000,9999.000,9999.000,9999.000,9999.000,9999.000
202603290542,   2.270,9999.000,9999.000,9999.000,9999.000,9999.000,9999.000,9999.000,9999.000
202603290548,   2.407,9999.000,9999.000,9999.000,9999.000,9999.000,9999.000,9999.000,9999.000
202603290554,   2.545,9999.000,9999.000,9999.000,9999.000,9999.000,9999.000,9999.000,9999.000
202603290600,   2.682,9999.000,  -0.800,   0.291,   2.173,  -0.800,   2.173,  -0.700,   2.273
202603290606,   2.819,9999.000,9999.000,9999.000,9999.000,9999.000,9999.000,9999.000,9999.000
202603290612,   2.955,9999.000,9999.000,9999.000,9999.000,9999.000,9999.000,9999.000,9999.000
202603290618,   3.089,9999.000,9999.000,9999.000,9999.000,9999.000,9999.000,9999.000,9999.000
202603290624,   3.223,9999.000,9999.000,9999.000,9999.000,9999.000,9999.000,9999.000,9999.000
202603290630,   3.354,9999.000,9999.000,9999.000,9999.000,9999.000,9999.000,9999.000,9999.000
202603290636,   3.484,9999.000,9999.000,9999.000,9999.000,9999.000,9999.000,9999.000,9999.000
202603290642,   3.611,9999.000,9999.000,9999.000,9999.000,9999.000,9999.000,9999.000,9999.000
202603290648,   3.736,9999.000,9999.000,9999.000,9999.000,9999.000,9999.000,9999.000,9999.000
202603290654,   3.858,9999.000,9999.000,9999.000,9999.000,9999.000,9999.000,9999.000,9999.000
202603290700,   3.978,9999.000,  -0.700,   0.291,   3.569,  -0.800,   3.469,  -0.600,   3.669
202603290706,   4.095,9999.000,9999.000,9999.000,9999.000,9999.000,9999.000,9999.000,9999.000
202603290712,   4.209,9999.000,9999.000,9999.000,9999.000,9999.000,9999.000,9999.000,9999.000
202603290718,   4.320,9999.000,9999.000,9999.000,9999.000,9999.000,9999.000,9999.000,9999.000
202603290724,   4.427,9999.000,9999.000,9999.000,9999.000,9999.000,9999.000,9999.000,9999.000
202603290730,   4.532,9999.000,9999.000,9999.000,9999.000,9999.000,9999.000,9999.000,9999.000
202603290736,   4.633,9999.000,9999.000,9999.000,9999.000,9999.000,9999.000,9999.000,9999.000
202603290742,   4.730,9999.000,9999.000,9999.000,9999.000,9999.000,9999.000,9999.000,9999.000
202603290748,   4.824,9999.000,9999.000,9999.000,9999.000,9999.000,9999.000,9999.000,9999.000
202603290754,   4.913,9999.000,9999.000,9999.000,9999.000,9999.000,9999.000,9999.000,9999.000
202603290800,   4.999,9999.000,  -0.700,   0.291,   4.590,  -0.700,   4.590,  -0.600,   4.690
202603290806,   5.081,9999.000,9999.000,9999.000,9999.000,9999.000,9999.000,9999.000,9999.000
202603290812,   5.159,9999.000,9999.000,9999.000,9999.000,9999.000,9999.000,9999.000,9999.000
202603290818,   5.233,9999.000,9999.000,9999.000,9999.000,9999.000,9999.000,9999.000,9999.000
202603290824,   5.302,9999.000,9999.000,9999.000,9999.000,9999.000,9999.000,9999.000,9999.000
202603290830,   5.367,9999.000,9999.000,9999.000,9999.000,9999.000,9999.000,9999.000,9999.000
202603290836,   5.427,9999.000,9999.000,9999.000,9999.000,9999.000,9999.000,9999.000,9999.000
202603290842,   5.482,9999.000,9999.000,9999.000,9999.000,9999.000,9999.000,9999.000,9999.000
202603290848,   5.532,9999.000,9999.000,9999.000,9999.000,9999.000,9999.000,9999.000,9999.000
202603290854,   5.577,9999.000,9999.000,9999.000,9999.000,9999.000,9999.000,9999.000,9999.000
202603290900,   5.617,9999.000,  -0.600,   0.291,   5.308,  -0.700,   5.208,  -0.500,   5.408
202603290906,   5.651,9999.000,9999.000,9999.000,9999.000,9999.000,9999.000,9999.000,9999.000
202603290912,   5.680,9999.000,9999.000,9999.000,9999.000,9999.000,9999.000,9999.000,9999.000
202603290918,   5.703,9999.000,9999.000,9999.000,9999.000,9999.000,9999.000,9999.000,9999.000
202603290924,   5.720,9999.000,9999.000,9999.000,9999.000,9999.000,9999.000,9999.000,9999.000
202603290930,   5.731,9999.000,9999.000,9999.000,9999.000,9999.000,9999.000,9999.000,9999.000
202603290936,   5.736,9999.000,9999.000,9999.000,9999.000,9999.000,9999.000,9999.000,9999.000
202603290942,   5.735,9999.000,9999.000,9999.000,9999.000,9999.000,9999.000,9999.000,9999.000
202603290948,   5.728,9999.000,9999.000,9999.000,9999.000,9999.000,9999.000,9999.000,9999.000
202603290954,   5.714,9999.000,9999.000,9999.000,9999.000,9999.000,9999.000,9999.000,9999.000
202603291000,   5.694,9999.000,  -0.600,   0.291,   5.385,  -0.700,   5.285,  -0.500,   5.485
202603291006,   5.668,9999.000,9999.000,9999.000,9999.000,9999.000,9999.000,9999.000,9999.000
202603291012,   5.636,9999.000,9999.000,9999.000,9999.000,9999.000,9999.000,9999.000,9999.000
202603291018,   5.597,9999.000,9999.000,9999.000,9999.000,9999.000,9999.000,9999.000,9999.000
202603291024,   5.553,9999.000,9999.000,9999.000,9999.000,9999.000,9999.000,9999.000,9999.000
202603291030,   5.502,9999.000,9999.000,9999.000,9999.000,9999.000,9999.000,9999.000,9999.000
202603291036,   5.447,9999.000,9999.000,9999.000,9999.000,9999.000,9999.000,9999.000,9999.000
202603291042,   5.385,9999.000,9999.000,9999.000,9999.000,9999.000,9999.000,9999.000,9999.000
202603291048,   5.319,9999.000,9999.000,9999.000,9999.000,9999.000,9999.000,9999.000,9999.000
202603291054,   5.248,9999.000,9999.000,9999.000,9999.000,9999.000,9999.000,9999.000,9999.000
202603291100,   5.173,9999.000,  -0.600,   0.291,   4.864,  -0.700,   4.764,  -0.500,   4.964
202603291106,   5.093,9999.000,9999.000,9999.000,9999.000,9999.000,9999.000,9999.000,9999.000
202603291112,   5.010,9999.000,9999.000,9999.000,9999.000,9999.000,9999.000,9999.000,9999.000
202603291118,   4.923,9999.000,9999.000,9999.000,9999.000,9999.000,9999.000,9999.000,9999.000
202603291124,   4.834,9999.000,9999.000,9999.000,9999.000,9999.000,9999.000,9999.000,9999.000
202603291130,   4.743,9999.000,9999.000,9999.000,9999.000,9999.000,9999.000,9999.000,9999.000
202603291136,   4.649,9999.000,9999.000,9999.000,9999.000,9999.000,9999.000,9999.000,9999.000
202603291142,   4.554,9999.000,9999.000,9999.000,9999.000,9999.000,9999.000,9999.000,9999.000
202603291148,   4.458,9999.000,9999.000,9999.000,9999.000,9999.000,9999.000,9999.000,9999.000
202603291154,   4.361,9999.000,9999.000,9999.000,9999.000,9999.000,9999.000,9999.000,9999.000
202603291200,   4.265,9999.000,  -0.700,   0.291,   3.856,  -0.800,   3.756,  -0.600,   3.956
202603291206,   4.168,9999.000,9999.000,9999.000,9999.000,9999.000,9999.000,9999.000,9999.000
202603291212,   4.072,9999.000,9999.000,9999.000,9999.000,9999.000,9999.000,9999.000,9999.000
202603291218,   3.977,9999.000,9999.000,9999.000,9999.000,9999.000,9999.000,9999.000,9999.000
202603291224,   3.884,9999.000,9999.000,9999.000,9999.000,9999.000,9999.000,9999.000,9999.000
202603291230,   3.792,9999.000,9999.000,9999.000,9999.000,9999.000,9999.000,9999.000,9999.000
202603291236,   3.702,9999.000,9999.000,9999.000,9999.000,9999.000,9999.000,9999.000,9999.000
202603291242,   3.614,9999.000,9999.000,9999.000,9999.000,9999.000,9999.000,9999.000,9999.000
202603291248,   3.529,9999.000,9999.000,9999.000,9999.000,9999.000,9999.000,9999.000,9999.000
202603291254,   3.446,9999.000,9999.000,9999.000,9999.000,9999.000,9999.000,9999.000,9999.000
202603291300,   3.365,9999.000,  -0.700,   0.291,   2.956,  -0.800,   2.856,  -0.600,   3.056
202603291306,   3.288,9999.000,9999.000,9999.000,9999.000,9999.000,9999.000,9999.000,9999.000
202603291312,   3.213,9999.000,9999.000,9999.000,9999.000,9999.000,9999.000,9999.000,9999.000
202603291318,   3.142,9999.000,9999.000,9999.000,9999.000,9999.000,9999.000,9999.000,9999.000
202603291324,   3.073,9999.000,9999.000,9999.000,9999.000,9999.000,9999.000,9999.000,9999.000
202603291330,   3.008,9999.000,9999.000,9999.000,9999.000,9999.000,9999.000,9999.000,9999.000
202603291336,   2.946,9999.000,9999.000,9999.000,9999.000,9999.000,9999.000,9999.000,9999.000
202603291342,   2.887,9999.000,9999.000,9999.000,9999.000,9999.000,9999.000,9999.000,9999.000
202603291348,   2.831,9999.000,9999.000,9999.000,9999.000,9999.000,9999.000,9999.000,9999.000
202603291354,   2.779,9999.000,9999.000,9999.000,9999.000,9999.000,9999.000,9999.000,9999.000
202603291400,   2.729,9999.000,  -0.700,   0.291,   2.320,  -0.800,   2.220,  -0.700,   2.320
202603291406,   2.683,9999.000,9999.000,9999.000,9999.000,9999.000,9999.000,9999.000,9999.000
202603291412,   2.641,9999.000,9999.000,9999.000,9999.000,9999.000,9999.000,9999.000,9999.000
202603291418,   2.602,9999.000,9999.000,9999.000,9999.000,9999.000,9999.000,9999.000,9999.000
202603291424,   2.566,9999.000,9999.000,9999.000,9999.000,9999.000,9999.000,9999.000,9999.000
202603291430,   2.535,9999.000,9999.000,9999.000,9999.000,9999.000,9999.000,9999.000,9999.000
202603291436,   2.507,9999.000,9999.000,9999.000,9999.000,9999.000,9999.000,9999.000,9999.000
202603291442,   2.482,9999.000,9999.000,9999.000,9999.000,9999.000,9999.000,9999.000,9999.000
202603291448,   2.462,9999.000,9999.000,9999.000,9999.000,9999.000,9999.000,9999.000,9999.000
202603291454,   2.446,9999.000,9999.000,9999.000,9999.000,9999.000,9999.000,9999.000,9999.000
202603291500,   2.434,9999.000,  -0.800,   0.291,   1.925,  -0.800,   1.925,  -0.700,   2.025
202603291506,   2.427,9999.000,9999.000,9999.000,9999.000,9999.000,9999.000,9999.000,9999.000
202603291512,   2.424,9999.000,9999.000,9999.000,9999.000,9999.000,9999.000,9999.000,9999.000
202603291518,   2.426,9999.000,9999.000,9999.000,9999.000,9999.000,9999.000,9999.000,9999.000
202603291524,   2.433,9999.000,9999.000,9999.000,9999.000,9999.000,9999.000,9999.000,9999.000
202603291530,   2.445,9999.000,9999.000,9999.000,9999.000,9999.000,9999.000,9999.000,9999.000
202603291536,   2.463,9999.000,9999.000,9999.000,9999.000,9999.000,9999.000,9999.000,9999.000
202603291542,   2.485,9999.000,9999.000,9999.000,9999.000,9999.000,9999.000,9999.000,9999.000
202603291548,   2.513,9999.000,9999.000,9999.000,9999.000,9999.000,9999.000,9999.000,9999.000
202603291554,   2.546,9999.000,9999.000,9999.000,9999.000,9999.000,9999.000,9999.000,9999.000
202603291600,   2.585,9999.000,  -0.700,   0.291,   2.176,  -0.800,   2.076,  -0.700,   2.176
202603291606,   2.629,9999.000,9999.000,9999.000,9999.000,9999.000,9999.000,9999.000,9999.000
202603291612,   2.679,9999.000,9999.000,9999.000,9999.000,9999.000,9999.000,9999.000,9999.000
202603291618,   2.734,9999.000,9999.000,9999.000,9999.000,9999.000,9999.000,9999.000,9999.000
202603291624,   2.794,9999.000,9999.000,9999.000,9999.000,9999.000,9999.000,9999.000,9999.000
202603291630,   2.859,9999.000,9999.000,9999.000,9999.000,9999.000,9999.000,9999.000,9999.000
202603291636,   2.929,9999.000,9999.000,9999.000,9999.000,9999.000,9999.000,9999.000,9999.000
202603291642,   3.004,9999.000,9999.000,9999.000,9999.000,9999.000,9999.000,9999.000,9999.000
202603291648,   3.083,9999.000,9999.000,9999.000,9999.000,9999.000,9999.000,9999.000,9999.000
202603291654,   3.167,9999.000,9999.000,9999.000,9999.000,9999.000,9999.000,9999.000,9999.000
202603291700,   3.254,9999.000,  -0.700,   0.291,   2.845,  -0.800,   2.745,  -0.600,   2.945
202603291706,   3.345,9999.000,9999.000,9999.000,9999.000,9999.000,9999.000,9999.000,9999.000
202603291712,   3.439,9999.000,9999.000,9999.000,9999.000,9999.000,9999.000,9999.000,9999.000
202603291718,   3.536,9999.000,9999.000,9999.000,9999.000,9999.000,9999.000,9999.000,9999.000
202603291724,   3.635,9999.000,9999.000,9999.000,9999.000,9999.000,9999.000,9999.000,9999.000
202603291730,   3.736,9999.000,9999.000,9999.000,9999.000,9999.000,9999.000,9999.000,9999.000
202603291736,   3.839,9999.000,9999.000,9999.000,9999.000,9999.000,9999.000,9999.000,9999.000
202603291742,   3.944,9999.000,9999.000,9999.000,9999.000,9999.000,9999.000,9999.000,9999.000
202603291748,   4.049,9999.000,9999.000,9999.000,9999.000,9999.000,9999.000,9999.000,9999.000
202603291754,   4.154,9999.000,9999.000,9999.000,9999.000,9999.000,9999.000,9999.000,9999.000
202603291800,   4.260,9999.000,  -0.700,   0.291,   3.851,  -0.700,   3.851,  -0.600,   3.951
202603291806,   4.365,9999.000,9999.000,9999.000,9999.000,9999.000,9999.000,9999.000,9999.000
202603291812,   4.470,9999.000,9999.000,9999.000,9999.000,9999.000,9999.000,9999.000,9999.000
202603291818,   4.573,9999.000,9999.000,9999.000,9999.000,9999.000,9999.000,9999.000,9999.000
202603291824,   4.676,9999.000,9999.000,9999.000,9999.000,9999.000,9999.000,9999.000,9999.000
202603291830,   4.776,9999.000,9999.000,9999.000,9999.000,9999.000,9999.000,9999.000,9999.000
202603291836,   4.874,9999.000,9999.000,9999.000,9999.000,9999.000,9999.000,9999.000,9999.000
202603291842,   4.970,9999.000,9999.000,9999.000,9999.000,9999.000,9999.000,9999.000,9999.000
202603291848,   5.063,9999.000,9999.000,9999.000,9999.000,9999.000,9999.000,9999.000,9999.000
202603291854,   5.154,9999.000,9999.000,9999.000,9999.000,9999.000,9999.000,9999.000,9999.000
202603291900,   5.241,9999.000,  -0.600,   0.291,   4.932,  -0.700,   4.832,  -0.500,   5.032
202603291906,   5.325,9999.000,9999.000,9999.000,9999.000,9999.000,9999.000,9999.000,9999.000
202603291912,   5.406,9999.000,9999.000,9999.000,9999.000,9999.000,9999.000,9999.000,9999.000
202603291918,   5.482,9999.000,9999.000,9999.000,9999.000,9999.000,9999.000,9999.000,9999.000
202603291924,   5.555,9999.000,9999.000,9999.000,9999.000,9999.000,9999.000,9999.000,9999.000
202603291930,   5.624,9999.000,9999.000,9999.000,9999.000,9999.000,9999.000,9999.000,9999.000
202603291936,   5.689,9999.000,9999.000,9999.000,9999.000,9999.000,9999.000,9999.000,9999.000
202603291942,   5.750,9999.000,9999.000,9999.000,9999.000,9999.000,9999.000,9999.000,9999.000
202603291948,   5.806,9999.000,9999.000,9999.000,9999.000,9999.000,9999.000,9999.000,9999.000
202603291954,   5.858,9999.000,9999.000,9999.000,9999.000,9999.000,9999.000,9999.000,9999.000
202603292000,   5.906,9999.000,  -0.500,   0.291,   5.697,  -0.600,   5.597,  -0.500,   5.697
202603292006,   5.948,9999.000,9999.000,9999.000,9999.000,9999.000,9999.000,9999.000,9999.000
202603292012,   5.986,9999.000,9999.000,9999.000,9999.000,9999.000,9999.000,9999.000,9999.000
202603292018,   6.020,9999.000,9999.000,9999.000,9999.000,9999.000,9999.000,9999.000,9999.000
202603292024,   6.048,9999.000,9999.000,9999.000,9999.000,9999.000,9999.000,9999.000,9999.000
202603292030,   6.071,9999.000,9999.000,9999.000,9999.000,9999.000,9999.000,9999.000,9999.000
202603292036,   6.089,9999.000,9999.000,9999.000,9999.000,9999.000,9999.000,9999.000,9999.000
202603292042,   6.102,9999.000,9999.000,9999.000,9999.000,9999.000,9999.000,9999.000,9999.000
202603292048,   6.110,9999.000,9999.000,9999.000,9999.000,9999.000,9999.000,9999.000,9999.000
202603292054,   6.112,9999.000,9999.000,9999.000,9999.000,9999.000,9999.000,9999.000,9999.000
202603292100,   6.109,9999.000,  -0.500,   0.291,   5.900,  -0.600,   5.800,  -0.400,   6.000
202603292106,   6.100,9999.000,9999.000,9999.000,9999.000,9999.000,9999.000,9999.000,9999.000
202603292112,   6.085,9999.000,9999.000,9999.000,9999.000,9999.000,9999.000,9999.000,9999.000
202603292118,   6.065,9999.000,9999.000,9999.000,9999.000,9999.000,9999.000,9999.000,9999.000
202603292124,   6.038,9999.000,9999.000,9999.000,9999.000,9999.000,9999.000,9999.000,9999.000
202603292130,   6.006,9999.000,9999.000,9999.000,9999.000,9999.000,9999.000,9999.000,9999.000
202603292136,   5.967,9999.000,9999.000,9999.000,9999.000,9999.000,9999.000,9999.000,9999.000
202603292142,   5.922,9999.000,9999.000,9999.000,9999.000,9999.000,9999.000,9999.000,9999.000
202603292148,   5.871,9999.000,9999.000,9999.000,9999.000,9999.000,9999.000,9999.000,9999.000
202603292154,   5.814,9999.000,9999.000,9999.000,9999.000,9999.000,9999.000,9999.000,9999.000
202603292200,   5.750,9999.000,  -0.500,   0.291,   5.541,  -0.600,   5.441,  -0.400,   5.641
202603292206,   5.679,9999.000,9999.000,9999.000,9999.000,9999.000,9999.000,9999.000,9999.000
202603292212,   5.603,9999.000,9999.000,9999.000,9999.000,9999.000,9999.000,9999.000,9999.000
202603292218,   5.519,9999.000,9999.000,9999.000,9999.000,9999.000,9999.000,9999.000,9999.000
202603292224,   5.430,9999.000,9999.000,9999.000,9999.000,9999.000,9999.000,9999.000,9999.000
202603292230,   5.334,9999.000,9999.000,9999.000,9999.000,9999.000,9999.000,9999.000,9999.000
202603292236,   5.232,9999.000,9999.000,9999.000,9999.000,9999.000,9999.000,9999.000,9999.000
202603292242,   5.125,9999.000,9999.000,9999.000,9999.000,9999.000,9999.000,9999.000,9999.000
202603292248,   5.011,9999.000,9999.000,9999.000,9999.000,9999.000,9999.000,9999.000,9999.000
202603292254,   4.892,9999.000,9999.000,9999.000,9999.000,9999.000,9999.000,9999.000,9999.000
202603292300,   4.768,9999.000,  -0.600,   0.291,   4.459,  -0.600,   4.459,  -0.500,   4.559
202603292306,   4.638,9999.000,9999.000,9999.000,9999.000,9999.000,9999.000,9999.000,9999.000
202603292312,   4.504,9999.000,9999.000,9999.000,9999.000,9999.000,9999.000,9999.000,9999.000
202603292318,   4.366,9999.000,9999.000,9999.000,9999.000,9999.000,9999.000,9999.000,9999.000
202603292324,   4.224,9999.000,9999.000,9999.000,9999.000,9999.000,9999.000,9999.000,9999.000
202603292330,   4.079,9999.000,9999.000,9999.000,9999.000,9999.000,9999.000,9999.000,9999.000
202603292336,   3.931,9999.000,9999.000,9999.000,9999.000,9999.000,9999.000,9999.000,9999.000
202603292342,   3.780,9999.000,9999.000,9999.000,9999.000,9999.000,9999.000,9999.000,9999.000
202603292348,   3.627,9999.000,9999.000,9999.000,9999.000,9999.000,9999.000,9999.000,9999.000
202603292354,   3.473,9999.000,9999.000,9999.000,9999.000,9999.000,9999.000,9999.000,9999.000
202603300000,   3.318,9999.000,  -0.600,   0.291,   3.009,  -0.600,   3.009,  -0.500,   3.109
202603300006,   3.162,9999.000,9999.000,9999.000,9999.000,9999.000,9999.000,9999.000,9999.000
202603300012,   3.006,9999.000,9999.000,9999.000,9999.000,9999.000,9999.000,9999.000,9999.000
202603300018,   2.851,9999.000,9999.000,9999.000,9999.000,9999.000,9999.000,9999.000,9999.000
202603300024,   2.697,9999.000,9999.000,9999.000,9999.000,9999.000,9999.000,9999.000,9999.000
202603300030,   2.544,9999.000,9999.000,9999.000,9999.000,9999.000,9999.000,9999.000,9999.000
202603300036,   2.394,9999.000,9999.000,9999.000,9999.000,9999.000,9999.000,9999.000,9999.000
202603300042,   2.245,9999.000,9999.000,9999.000,9999.000,9999.000,9999.000,9999.000,9999.000
202603300048,   2.099,9999.000,9999.000,9999.000,9999.000,9999.000,9999.000,9999.000,9999.000
202603300054,   1.957,9999.000,9999.000,9999.000,9999.000,9999.000,9999.000,9999.000,9999.000
202603300100,   1.817,9999.000,  -0.600,   0.291,   1.508,  -0.700,   1.408,  -0.600,   1.508
202603300106,   1.681,9999.000,9999.000,9999.000,9999.000,9999.000,9999.000,9999.000,9999.000
202603300112,   1.550,9999.000,9999.000,9999.000,9999.000,9999.000,9999.000,9999.000,9999.000
202603300118,   1.422,9999.000,9999.000,9999.000,9999.000,9999.000,9999.000,9999.000,9999.000
202603300124,   1.299,9999.000,9999.000,9999.000,9999.000,9999.000,9999.000,9999.000,9999.000
202603300130,   1.180,9999.000,9999.000,9999.000,9999.000,9999.000,9999.000,9999.000,9999.000
202603300136,   1.066,9999.000,9999.000,9999.000,9999.000,9999.000,9999.000,9999.000,9999.000
202603300142,   0.957,9999.000,9999.000,9999.000,9999.000,9999.000,9999.000,9999.000,9999.000
202603300148,   0.852,9999.000,9999.000,9999.000,9999.000,9999.000,9999.000,9999.000,9999.000
202603300154,   0.753,9999.000,9999.000,9999.000,9999.000,9999.000,9999.000,9999.000,9999.000
202603300200,   0.659,9999.000,  -0.600,   0.291,   0.350,  -0.700,   0.250,  -0.600,   0.350
202603300206,   0.569,9999.000,9999.000,9999.000,9999.000,9999.000,9999.000,9999.000,9999.000
202603300212,   0.485,9999.000,9999.000,9999.000,9999.000,9999.000,9999.000,9999.000,9999.000
202603300218,   0.407,9999.000,9999.000,9999.000,9999.000,9999.000,9999.000,9999.000,9999.000
202603300224,   0.333,9999.000,9999.000,9999.000,9999.000,9999.000,9999.000,9999.000,9999.000
202603300230,   0.265,9999.000,9999.000,9999.000,9999.000,9999.000,9999.000,9999.000,9999.000
202603300236,   0.203,9999.000,9999.000,9999.000,9999.000,9999.000,9999.000,9999.000,9999.000
202603300242,   0.146,9999.000,9999.000,9999.000,9999.000,9999.000,9999.000,9999.000,9999.000
202603300248,   0.094,9999.000,9999.000,9999.000,9999.000,9999.000,9999.000,9999.000,9999.000
202603300254,   0.049,9999.000,9999.000,9999.000,9999.000,9999.000,9999.000,9999.000,9999.000
202603300300,   0.009,9999.000,  -0.700,   0.291,  -0.400,  -0.700,  -0.400,  -0.600,  -0.300
202603300306,  -0.024,9999.000,9999.000,9999.000,9999.000,9999.000,9999.000,9999.000,9999.000
202603300312,  -0.052,9999.000,9999.000,9999.000,9999.000,9999.000,9999.000,9999.000,9999.000
202603300318,  -0.074,9999.000,9999.000,9999.000,9999.000,9999.000,9999.000,9999.000,9999.000
202603300324,  -0.089,9999.000,9999.000,9999.000,9999.000,9999.000,9999.000,9999.000,9999.000
202603300330,  -0.097,9999.000,9999.000,9999.000,9999.000,9999.000,9999.000,9999.000,9999.000
202603300336,  -0.099,9999.000,9999.000,9999.000,9999.000,9999.000,9999.000,9999.000,9999.000
202603300342,  -0.094,9999.000,9999.000,9999.000,9999.000,9999.000,9999.000,9999.000,9999.000
202603300348,  -0.083,9999.000,9999.000,9999.000,9999.000,9999.000,9999.000,9999.000,9999.000
202603300354,  -0.064,9999.000,9999.000,9999.000,9999.000,9999.000,9999.000,9999.000,9999.000
202603300400,  -0.038,9999.000,  -0.700,   0.291,  -0.447,  -0.700,  -0.447,  -0.600,  -0.347
202603300406,  -0.005,9999.000,9999.000,9999.000,9999.000,9999.000,9999.000,9999.000,9999.000
202603300412,   0.035,9999.000,9999.000,9999.000,9999.000,9999.000,9999.000,9999.000,9999.000
202603300418,   0.083,9999.000,9999.000,9999.000,9999.000,9999.000,9999.000,9999.000,9999.000
202603300424,   0.138,9999.000,9999.000,9999.000,9999.000,9999.000,9999.000,9999.000,9999.000
202603300430,   0.200,9999.000,9999.000,9999.000,9999.000,9999.000,9999.000,9999.000,9999.000
202603300436,   0.270,9999.000,9999.000,9999.000,9999.000,9999.000,9999.000,9999.000,9999.000
202603300442,   0.347,9999.000,9999.000,9999.000,9999.000,9999.000,9999.000,9999.000,9999.000
202603300448,   0.430,9999.000,9999.000,9999.000,9999.000,9999.000,9999.000,9999.000,9999.000
202603300454,   0.521,9999.000,9999.000,9999.000,9999.000,9999.000,9999.000,9999.000,9999.000
202603300500,   0.617,9999.000,  -0.600,   0.291,   0.308,  -0.700,   0.208,  -0.500,   0.408
202603300506,   0.721,9999.000,9999.000,9999.000,9999.000,9999.000,9999.000,9999.000,9999.000
202603300512,   0.830,9999.000,9999.000,9999.000,9999.000,9999.000,9999.000,9999.000,9999.000
202603300518,   0.945,9999.000,9999.000,9999.000,9999.000,9999.000,9999.000,9999.000,9999.000
202603300524,   1.065,9999.000,9999.000,9999.000,9999.000,9999.000,9999.000,9999.000,9999.000
202603300530,   1.191,9999.000,9999.000,9999.000,9999.000,9999.000,9999.000,9999.000,9999.000
202603300536,   1.321,9999.000,9999.000,9999.000,9999.000,9999.000,9999.000,9999.000,9999.000
202603300542,   1.455,9999.000,9999.000,9999.000,9999.000,9999.000,9999.000,9999.000,9999.000
202603300548,   1.593,9999.000,9999.000,9999.000,9999.000,9999.000,9999.000,9999.000,9999.000
202603300554,   1.735,9999.000,9999.000,9999.000,9999.000,9999.000,9999.000,9999.000,9999.000
202603300600,   1.879,9999.000,  -0.500,   0.291,   1.670,  -0.600,   1.570,  -0.500,   1.670
202603300606,   2.026,9999.000,9999.000,9999.000,9999.000,9999.000,9999.000,9999.000,9999.000
202603300612,   2.174,9999.000,9999.000,9999.000,9999.000,9999.000,9999.000,9999.000,9999.000
202603300618,   2.324,9999.000,9999.000,9999.000,9999.000,9999.000,9999.000,9999.000,9999.000
202603300624,   2.476,9999.000,9999.000,9999.000,9999.000,9999.000,9999.000,9999.000,9999.000
202603300630,   2.628,9999.000,9999.000,9999.000,9999.000,9999.000,9999.000,9999.000,9999.000
202603300636,   2.780,9999.000,9999.000,9999.000,9999.000,9999.000,9999.000,9999.000,9999.000
202603300642,   2.932,9999.000,9999.000,9999.000,9999.000,9999.000,9999.000,9999.000,9999.000
202603300648,   3.084,9999.000,9999.000,9999.000,9999.000,9999.000,9999.000,9999.000,9999.000
202603300654,   3.234,9999.000,9999.000,9999.000,9999.000,9999.000,9999.000,9999.000,9999.000
202603300700,   3.384,9999.000,  -0.500,   0.291,   3.175,  -0.600,   3.075,  -0.400,   3.275
202603300706,   3.531,9999.000,9999.000,9999.000,9999.000,9999.000,9999.000,9999.000,9999.000
202603300712,   3.677,9999.000,9999.000,9999.000,9999.000,9999.000,9999.000,9999.000,9999.000
202603300718,   3.820,9999.000,9999.000,9999.000,9999.000,9999.000,9999.000,9999.000,9999.000
202603300724,   3.961,9999.000,9999.000,9999.000,9999.000,9999.000,9999.000,9999.000,9999.000
202603300730,   4.099,9999.000,9999.000,9999.000,9999.000,9999.000,9999.000,9999.000,9999.000
202603300736,   4.234,9999.000,9999.000,9999.000,9999.000,9999.000,9999.000,9999.000,9999.000
202603300742,   4.365,9999.000,9999.000,9999.000,9999.000,9999.000,9999.000,9999.000,9999.000
202603300748,   4.493,9999.000,9999.000,9999.000,9999.000,9999.000,9999.000,9999.000,9999.000
202603300754,   4.617,9999.000,9999.000,9999.000,9999.000,9999.000,9999.000,9999.000,9999.000
202603300800,   4.737,9999.000,  -0.400,   0.291,   4.628,  -0.500,   4.528,  -0.300,   4.728
202603300806,   4.854,9999.000,9999.000,9999.000,9999.000,9999.000,9999.000,9999.000,9999.000
202603300812,   4.965,9999.000,9999.000,9999.000,9999.000,9999.000,9999.000,9999.000,9999.000
202603300818,   5.073,9999.000,9999.000,9999.000,9999.000,9999.000,9999.000,9999.000,9999.000
202603300824,   5.176,9999.000,9999.000,9999.000,9999.000,9999.000,9999.000,9999.000,9999.000
202603300830,   5.274,9999.000,9999.000,9999.000,9999.000,9999.000,9999.000,9999.000,9999.000
202603300836,   5.367,9999.000,9999.000,9999.000,9999.000,9999.000,9999.000,9999.000,9999.000
202603300842,   5.456,9999.000,9999.000,9999.000,9999.000,9999.000,9999.000,9999.000,9999.000
202603300848,   5.539,9999.000,9999.000,9999.000,9999.000,9999.000,9999.000,9999.000,9999.000
202603300854,   5.617,9999.000,9999.000,9999.000,9999.000,9999.000,9999.000,9999.000,9999.000
202603300900,   5.689,9999.000,  -0.400,   0.291,   5.580,  -0.500,   5.480,  -0.300,   5.680
202603300906,   5.757,9999.000,9999.000,9999.000,9999.000,9999.000,9999.000,9999.000,9999.000
202603300912,   5.818,9999.000,9999.000,9999.000,9999.000,9999.000,9999.000,9999.000,9999.000
202603300918,   5.874,9999.000,9999.000,9999.000,9999.000,9999.000,9999.000,9999.000,9999.000
202603300924,   5.923,9999.000,9999.000,9999.000,9999.000,9999.000,9999.000,9999.000,9999.000
202603300930,   5.967,9999.000,9999.000,9999.000,9999.000,9999.000,9999.000,9999.000,9999.000
202603300936,   6.004,9999.000,9999.000,9999.000,9999.000,9999.000,9999.000,9999.000,9999.000
202603300942,   6.036,9999.000,9999.000,9999.000,9999.000,9999.000,9999.000,9999.000,9999.000
202603300948,   6.060,9999.000,9999.000,9999.000,9999.000,9999.000,9999.000,9999.000,9999.000
202603300954,   6.078,9999.000,9999.000,9999.000,9999.000,9999.000,9999.000,9999.000,9999.000
202603301000,   6.090,9999.000,  -0.300,   0.291,   6.081,  -0.400,   5.981,  -0.300,   6.081
202603301006,   6.094,9999.000,9999.000,9999.000,9999.000,9999.000,9999.000,9999.000,9999.000
202603301012,   6.092,9999.000,9999.000,9999.000,9999.000,9999.000,9999.000,9999.000,9999.000
202603301018,   6.083,9999.000,9999.000,9999.000,9999.000,9999.000,9999.000,9999.000,9999.000
202603301024,   6.067,9999.000,9999.000,9999.000,9999.000,9999.000,9999.000,9999.000,9999.000
202603301030,   6.044,9999.000,9999.000,9999.000,9999.000,9999.000,9999.000,9999.000,9999.000
202603301036,   6.013,9999.000,9999.000,9999.000,9999.000,9999.000,9999.000,9999.000,9999.000
202603301042,   5.976,9999.000,9999.000,9999.000,9999.000,9999.000,9999.000,9999.000,9999.000
202603301048,   5.932,9999.000,9999.000,9999.000,9999.000,9999.000,9999.000,9999.000,9999.000
202603301054,   5.881,9999.000,9999.000,9999.000,9999.000,9999.000,9999.000,9999.000,9999.000
202603301100,   5.823,9999.000,  -0.400,   0.291,   5.714,  -0.400,   5.714,  -0.300,   5.814
202603301106,   5.758,9999.000,9999.000,9999.000,9999.000,9999.000,9999.000,9999.000,9999.000
202603301112,   5.687,9999.000,9999.000,9999.000,9999.000,9999.000,9999.000,9999.000,9999.000
202603301118,   5.609,9999.000,9999.000,9999.000,9999.000,9999.000,9999.000,9999.000,9999.000
202603301124,   5.526,9999.000,9999.000,9999.000,9999.000,9999.000,9999.000,9999.000,9999.000
202603301130,   5.437,9999.000,9999.000,9999.000,9999.000,9999.000,9999.000,9999.000,9999.000
202603301136,   5.342,9999.000,9999.000,9999.000,9999.000,9999.000,9999.000,9999.000,9999.000
202603301142,   5.243,9999.000,9999.000,9999.000,9999.000,9999.000,9999.000,9999.000,9999.000
202603301148,   5.138,9999.000,9999.000,9999.000,9999.000,9999.000,9999.000,9999.000,9999.000
202603301154,   5.030,9999.000,9999.000,9999.000,9999.000,9999.000,9999.000,9999.000,9999.000
202603301200,   4.917,9999.000,  -0.400,   0.291,   4.808,  -0.400,   4.808,  -0.300,   4.908
202603301206,   4.801,9999.000,9999.000,9999.000,9999.000,9999.000,9999.000,9999.000,9999.000
202603301212,   4.683,9999.000,9999.000,9999.000,9999.000,9999.000,9999.000,9999.000,9999.000
202603301218,   4.561,9999.000,9999.000,9999.000,9999.000,9999.000,9999.000,9999.000,9999.000
202603301224,   4.438,9999.000,9999.000,9999.000,9999.000,9999.000,9999.000,9999.000,9999.000
202603301230,   4.314,9999.000,9999.000,9999.000,9999.000,9999.000,9999.000,9999.000,9999.000
202603301236,   4.188,9999.000,9999.000,9999.000,9999.000,9999.000,9999.000,9999.000,9999.000
202603301242,   4.062,9999.000,9999.000,9999.000,9999.000,9999.000,9999.000,9999.000,9999.000
202603301248,   3.936,9999.000,9999.000,9999.000,9999.000,9999.000,9999.000,9999.000,9999.000
202603301254,   3.810,9999.000,9999.000,9999.000,9999.000,9999.000,9999.000,9999.000,9999.000
202603301300,   3.686,9999.000,  -0.400,   0.291,   3.577,  -0.500,   3.477,  -0.400,   3.577
202603301306,   3.562,9999.000,9999.000,9999.000,9999.000,9999.000,9999.000,9999.000,9999.000
202603301312,   3.441,9999.000,9999.000,9999.000,9999.000,9999.000,9999.000,9999.000,9999.000
202603301318,   3.321,9999.000,9999.000,9999.000,9999.000,9999.000,9999.000,9999.000,9999.000
202603301324,   3.204,9999.000,9999.000,9999.000,9999.000,9999.000,9999.000,9999.000,9999.000
202603301330,   3.090,9999.000,9999.000,9999.000,9999.000,9999.000,9999.000,9999.000,9999.000
202603301336,   2.978,9999.000,9999.000,9999.000,9999.000,9999.000,9999.000,9999.000,9999.000
202603301342,   2.870,9999.000,9999.000,9999.000,9999.000,9999.000,9999.000,9999.000,9999.000
202603301348,   2.765,9999.000,9999.000,9999.000,9999.000,9999.000,9999.000,9999.000,9999.000
202603301354,   2.664,9999.000,9999.000,9999.000,9999.000,9999.000,9999.000,9999.000,9999.000
202603301400,   2.566,9999.000,  -0.500,   0.291,   2.357,  -0.500,   2.357,  -0.400,   2.457
202603301406,   2.472,9999.000,9999.000,9999.000,9999.000,9999.000,9999.000,9999.000,9999.000
202603301412,   2.383,9999.000,9999.000,9999.000,9999.000,9999.000,9999.000,9999.000,9999.000
202603301418,   2.297,9999.000,9999.000,9999.000,9999.000,9999.000,9999.000,9999.000,9999.000
202603301424,   2.216,9999.000,9999.000,9999.000,9999.000,9999.000,9999.000,9999.000,9999.000
202603301430,   2.139,9999.000,9999.000,9999.000,9999.000,9999.000,9999.000,9999.000,9999.000
202603301436,   2.066,9999.000,9999.000,9999.000,9999.000,9999.000,9999.000,9999.000,9999.000
202603301442,   1.998,9999.000,9999.000,9999.000,9999.000,9999.000,9999.000,9999.000,9999.000
202603301448,   1.935,9999.000,9999.000,9999.000,9999.000,9999.000,9999.000,9999.000,9999.000
202603301454,   1.876,9999.000,9999.000,9999.000,9999.000,9999.000,9999.000,9999.000,9999.000
202603301500,   1.821,9999.000,  -0.500,   0.291,   1.612,  -0.600,   1.512,  -0.400,   1.712
202603301506,   1.771,9999.000,9999.000,9999.000,9999.000,9999.000,9999.000,9999.000,9999.000
202603301512,   1.727,9999.000,9999.000,9999.000,9999.000,9999.000,9999.000,9999.000,9999.000
202603301518,   1.687,9999.000,9999.000,9999.000,9999.000,9999.000,9999.000,9999.000,9999.000
202603301524,   1.652,9999.000,9999.000,9999.000,9999.000,9999.000,9999.000,9999.000,9999.000
202603301530,   1.622,9999.000,9999.000,9999.000,9999.000,9999.000,9999.000,9999.000,9999.000
202603301536,   1.598,9999.000,9999.000,9999.000,9999.000,9999.000,9999.000,9999.000,9999.000
202603301542,   1.579,9999.000,9999.000,9999.000,9999.000,9999.000,9999.000,9999.000,9999.000
202603301548,   1.566,9999.000,9999.000,9999.000,9999.000,9999.000,9999.000,9999.000,9999.000
202603301554,   1.559,9999.000,9999.000,9999.000,9999.000,9999.000,9999.000,9999.000,9999.000
202603301600,   1.557,9999.000,  -0.500,   0.291,   1.348,  -0.600,   1.248,  -0.400,   1.448
202603301606,   1.561,9999.000,9999.000,9999.000,9999.000,9999.000,9999.000,9999.000,9999.000
202603301612,   1.572,9999.000,9999.000,9999.000,9999.000,9999.000,9999.000,9999.000,9999.000
202603301618,   1.589,9999.000,9999.000,9999.000,9999.000,9999.000,9999.000,9999.000,9999.000
202603301624,   1.612,9999.000,9999.000,9999.000,9999.000,9999.000,9999.000,9999.000,9999.000
202603301630,   1.641,9999.000,9999.000,9999.000,9999.000,9999.000,9999.000,9999.000,9999.000
202603301636,   1.677,9999.000,9999.000,9999.000,9999.000,9999.000,9999.000,9999.000,9999.000
202603301642,   1.720,9999.000,9999.000,9999.000,9999.000,9999.000,9999.000,9999.000,9999.000
202603301648,   1.769,9999.000,9999.000,9999.000,9999.000,9999.000,9999.000,9999.000,9999.000
202603301654,   1.824,9999.000,9999.000,9999.000,9999.000,9999.000,9999.000,9999.000,9999.000
202603301700,   1.886,9999.000,  -0.500,   0.291,   1.677,  -0.600,   1.577,  -0.400,   1.777
202603301706,   1.954,9999.000,9999.000,9999.000,9999.000,9999.000,9999.000,9999.000,9999.000
202603301712,   2.028,9999.000,9999.000,9999.000,9999.000,9999.000,9999.000,9999.000,9999.000
202603301718,   2.108,9999.000,9999.000,9999.000,9999.000,9999.000,9999.000,9999.000,9999.000
202603301724,   2.194,9999.000,9999.000,9999.000,9999.000,9999.000,9999.000,9999.000,9999.000
202603301730,   2.285,9999.000,9999.000,9999.000,9999.000,9999.000,9999.000,9999.000,9999.000
202603301736,   2.382,9999.000,9999.000,9999.000,9999.000,9999.000,9999.000,9999.000,9999.000
202603301742,   2.483,9999.000,9999.000,9999.000,9999.000,9999.000,9999.000,9999.000,9999.000
202603301748,   2.589,9999.000,9999.000,9999.000,9999.000,9999.000,9999.000,9999.000,9999.000
202603301754,   2.699,9999.000,9999.000,9999.000,9999.000,9999.000,9999.000,9999.000,9999.000
202603301800,   2.813,9999.000,  -0.500,   0.291,   2.604,  -0.600,   2.504,  -0.400,   2.704
202603301806,   2.930,9999.000,9999.000,9999.000,9999.000,9999.000,9999.000,9999.000,9999.000
202603301812,   3.051,9999.000,9999.000,9999.000,9999.000,9999.000,9999.000,9999.000,9999.000
202603301818,   3.173,9999.000,9999.000,9999.000,9999.000,9999.000,9999.000,9999.000,9999.000
202603301824,   3.298,9999.000,9999.000,9999.000,9999.000,9999.000,9999.000,9999.000,9999.000
202603301830,   3.425,9999.000,9999.000,9999.000,9999.000,9999.000,9999.000,9999.000,9999.000
202603301836,   3.552,9999.000,9999.000,9999.000,9999.000,9999.000,9999.000,9999.000,9999.000
202603301842,   3.681,9999.000,9999.000,9999.000,9999.000,9999.000,9999.000,9999.000,9999.000
202603301848,   3.810,9999.000,9999.000,9999.000,9999.000,9999.000,9999.000,9999.000,9999.000
202603301854,   3.938,9999.000,9999.000,9999.000,9999.000,9999.000,9999.000,9999.000,9999.000
202603301900,   4.066,9999.000,  -0.500,   0.291,   3.857,  -0.600,   3.757,  -0.400,   3.957
202603301906,   4.193,9999.000,9999.000,9999.000,9999.000,9999.000,9999.000,9999.000,9999.000
202603301912,   4.319,9999.000,9999.000,9999.000,9999.000,9999.000,9999.000,9999.000,9999.000
202603301918,   4.442,9999.000,9999.000,9999.000,9999.000,9999.000,9999.000,9999.000,9999.000
202603301924,   4.564,9999.000,9999.000,9999.000,9999.000,9999.000,9999.000,9999.000,9999.000
202603301930,   4.683,9999.000,9999.000,9999.000,9999.000,9999.000,9999.000,9999.000,9999.000
202603301936,   4.799,9999.000,9999.000,9999.000,9999.000,9999.000,9999.000,9999.000,9999.000
202603301942,   4.912,9999.000,9999.000,9999.000,9999.000,9999.000,9999.000,9999.000,9999.000
202603301948,   5.022,9999.000,9999.000,9999.000,9999.000,9999.000,9999.000,9999.000,9999.000
202603301954,   5.128,9999.000,9999.000,9999.000,9999.000,9999.000,9999.000,9999.000,9999.000
202603302000,   5.230,9999.000,  -0.400,   0.291,   5.121,  -0.600,   4.921,  -0.300,   5.221
202603302006,   5.327,9999.000,9999.000,9999.000,9999.000,9999.000,9999.000,9999.000,9999.000
202603302012,   5.421,9999.000,9999.000,9999.000,9999.000,9999.000,9999.000,9999.000,9999.000
202603302018,   5.510,9999.000,9999.000,9999.000,9999.000,9999.000,9999.000,9999.000,9999.000
202603302024,   5.594,9999.000,9999.000,9999.000,9999.000,9999.000,9999.000,9999.000,9999.000
202603302030,   5.673,9999.000,9999.000,9999.000,9999.000,9999.000,9999.000,9999.000,9999.000
202603302036,   5.747,9999.000,9999.000,9999.000,9999.000,9999.000,9999.000,9999.000,9999.000
202603302042,   5.815,9999.000,9999.000,9999.000,9999.000,9999.000,9999.000,9999.000,9999.000
202603302048,   5.879,9999.000,9999.000,9999.000,9999.000,9999.000,9999.000,9999.000,9999.000
202603302054,   5.937,9999.000,9999.000,9999.000,9999.000,9999.000,9999.000,9999.000,9999.000
202603302100,   5.989,9999.000,  -0.400,   0.291,   5.880,  -0.500,   5.780,  -0.300,   5.980
202603302106,   6.036,9999.000,9999.000,9999.000,9999.000,9999.000,9999.000,9999.000,9999.000
202603302112,   6.076,9999.000,9999.000,9999.000,9999.000,9999.000,9999.000,9999.000,9999.000
202603302118,   6.111,9999.000,9999.000,9999.000,9999.000,9999.000,9999.000,9999.000,9999.000
202603302124,   6.140,9999.000,9999.000,9999.000,9999.000,9999.000,9999.000,9999.000,9999.000
202603302130,   6.163,9999.000,9999.000,9999.000,9999.000,9999.000,9999.000,9999.000,9999.000
202603302136,   6.180,9999.000,9999.000,9999.000,9999.000,9999.000,9999.000,9999.000,9999.000
202603302142,   6.190,9999.000,9999.000,9999.000,9999.000,9999.000,9999.000,9999.000,9999.000
202603302148,   6.194,9999.000,9999.000,9999.000,9999.000,9999.000,9999.000,9999.000,9999.000
202603302154,   6.192,9999.000,9999.000,9999.000,9999.000,9999.000,9999.000,9999.000,9999.000
202603302200,   6.183,9999.000,  -0.400,   0.291,   6.074,  -0.600,   5.874,  -0.300,   6.174
202603302206,   6.167,9999.000,9999.000,9999.000,9999.000,9999.000,9999.000,9999.000,9999.000
202603302212,   6.145,9999.000,9999.000,9999.000,9999.000,9999.000,9999.000,9999.000,9999.000
202603302218,   6.116,9999.000,9999.000,9999.000,9999.000,9999.000,9999.000,9999.000,9999.000
202603302224,   6.081,9999.000,9999.000,9999.000,9999.000,9999.000,9999.000,9999.000,9999.000
202603302230,   6.038,9999.000,9999.000,9999.000,9999.000,9999.000,9999.000,9999.000,9999.000
202603302236,   5.989,9999.000,9999.000,9999.000,9999.000,9999.000,9999.000,9999.000,9999.000
202603302242,   5.933,9999.000,9999.000,9999.000,9999.000,9999.000,9999.000,9999.000,9999.000
202603302248,   5.870,9999.000,9999.000,9999.000,9999.000,9999.000,9999.000,9999.000,9999.000
202603302254,   5.800,9999.000,9999.000,9999.000,9999.000,9999.000,9999.000,9999.000,9999.000
202603302300,   5.723,9999.000,  -0.400,   0.291,   5.614,  -0.600,   5.414,  -0.300,   5.714
202603302306,   5.639,9999.000,9999.000,9999.000,9999.000,9999.000,9999.000,9999.000,9999.000
202603302312,   5.549,9999.000,9999.000,9999.000,9999.000,9999.000,9999.000,9999.000,9999.000
202603302318,   5.452,9999.000,9999.000,9999.000,9999.000,9999.000,9999.000,9999.000,9999.000
202603302324,   5.349,9999.000,9999.000,9999.000,9999.000,9999.000,9999.000,9999.000,9999.000
202603302330,   5.240,9999.000,9999.000,9999.000,9999.000,9999.000,9999.000,9999.000,9999.000
202603302336,   5.125,9999.000,9999.000,9999.000,9999.000,9999.000,9999.000,9999.000,9999.000
202603302342,   5.004,9999.000,9999.000,9999.000,9999.000,9999.000,9999.000,9999.000,9999.000
202603302348,   4.877,9999.000,9999.000,9999.000,9999.000,9999.000,9999.000,9999.000,9999.000
202603302354,   4.745,9999.000,9999.000,9999.000,9999.000,9999.000,9999.000,9999.000,9999.000
202603310000,   4.609,9999.000,  -0.400,   0.291,   4.500,  -0.600,   4.300,  -0.300,   4.600
202603310006,   4.468,9999.000,9999.000,9999.000,9999.000,9999.000,9999.000,9999.000,9999.000
202603310012,   4.324,9999.000,9999.000,9999.000,9999.000,9999.000,9999.000,9999.000,9999.000
202603310018,   4.175,9999.000,9999.000,9999.000,9999.000,9999.000,9999.000,9999.000,9999.000
202603310024,   4.024,9999.000,9999.000,9999.000,9999.000,9999.000,9999.000,9999.000,9999.000
202603310030,   3.870,9999.000,9999.000,9999.000,9999.000,9999.000,9999.000,9999.000,9999.000
202603310036,   3.714,9999.000,9999.000,9999.000,9999.000,9999.000,9999.000,9999.000,9999.000
202603310042,   3.557,9999.000,9999.000,9999.000,9999.000,9999.000,9999.000,9999.000,9999.000
202603310048,   3.399,9999.000,9999.000,9999.000,9999.000,9999.000,9999.000,9999.000,9999.000
202603310054,   3.240,9999.000,9999.000,9999.000,9999.000,9999.000,9999.000,9999.000,9999.000
202603310100,   3.081,9999.000,  -0.500,   0.291,   2.872,  -0.600,   2.772,  -0.400,   2.972
202603310106,   2.922,9999.000,9999.000,9999.000,9999.000,9999.000,9999.000,9999.000,9999.000
202603310112,   2.765,9999.000,9999.000,9999.000,9999.000,9999.000,9999.000,9999.000,9999.000
202603310118,   2.609,9999.000,9999.000,9999.000,9999.000,9999.000,9999.000,9999.000,9999.000
202603310124,   2.456,9999.000,9999.000,9999.000,9999.000,9999.000,9999.000,9999.000,9999.000
202603310130,   2.304,9999.000,9999.000,9999.000,9999.000,9999.000,9999.000,9999.000,9999.000
202603310136,   2.156,9999.000,9999.000,9999.000,9999.000,9999.000,9999.000,9999.000,9999.000
202603310142,   2.011,9999.000,9999.000,9999.000,9999.000,9999.000,9999.000,9999.000,9999.000
202603310148,   1.870,9999.000,9999.000,9999.000,9999.000,9999.000,9999.000,9999.000,9999.000
202603310154,   1.732,9999.000,9999.000,9999.000,9999.000,9999.000,9999.000,9999.000,9999.000
202603310200,   1.599,9999.000,  -0.500,   0.291,   1.390,  -0.600,   1.290,  -0.400,   1.490
202603310206,   1.471,9999.000,9999.000,9999.000,9999.000,9999.000,9999.000,9999.000,9999.000
202603310212,   1.347,9999.000,9999.000,9999.000,9999.000,9999.000,9999.000,9999.000,9999.000
202603310218,   1.228,9999.000,9999.000,9999.000,9999.000,9999.000,9999.000,9999.000,9999.000
202603310224,   1.115,9999.000,9999.000,9999.000,9999.000,9999.000,9999.000,9999.000,9999.000
202603310230,   1.007,9999.000,9999.000,9999.000,9999.000,9999.000,9999.000,9999.000,9999.000
202603310236,   0.905,9999.000,9999.000,9999.000,9999.000,9999.000,9999.000,9999.000,9999.000
202603310242,   0.808,9999.000,9999.000,9999.000,9999.000,9999.000,9999.000,9999.000,9999.000
202603310248,   0.717,9999.000,9999.000,9999.000,9999.000,9999.000,9999.000,9999.000,9999.000
202603310254,   0.631,9999.000,9999.000,9999.000,9999.000,9999.000,9999.000,9999.000,9999.000
202603310300,   0.552,9999.000,  -0.600,   0.291,   0.243,  -0.700,   0.143,  -0.500,   0.343
202603310306,   0.478,9999.000,9999.000,9999.000,9999.000,9999.000,9999.000,9999.000,9999.000
202603310312,   0.411,9999.000,9999.000,9999.000,9999.000,9999.000,9999.000,9999.000,9999.000
202603310318,   0.350,9999.000,9999.000,9999.000,9999.000,9999.000,9999.000,9999.000,9999.000
202603310324,   0.294,9999.000,9999.000,9999.000,9999.000,9999.000,9999.000,9999.000,9999.000
202603310330,   0.245,9999.000,9999.000,9999.000,9999.000,9999.000,9999.000,9999.000,9999.000
202603310336,   0.203,9999.000,9999.000,9999.000,9999.000,9999.000,9999.000,9999.000,9999.000
202603310342,   0.167,9999.000,9999.000,9999.000,9999.000,9999.000,9999.000,9999.000,9999.000
202603310348,   0.137,9999.000,9999.000,9999.000,9999.000,9999.000,9999.000,9999.000,9999.000
202603310354,   0.114,9999.000,9999.000,9999.000,9999.000,9999.000,9999.000,9999.000,9999.000
202603310400,   0.097,9999.000,  -0.600,   0.291,  -0.212,  -0.700,  -0.312,  -0.500,  -0.112
202603310406,   0.088,9999.000,9999.000,9999.000,9999.000,9999.000,9999.000,9999.000,9999.000
202603310412,   0.085,9999.000,9999.000,9999.000,9999.000,9999.000,9999.000,9999.000,9999.000
202603310418,   0.089,9999.000,9999.000,9999.000,9999.000,9999.000,9999.000,9999.000,9999.000
202603310424,   0.101,9999.000,9999.000,9999.000,9999.000,9999.000,9999.000,9999.000,9999.000
202603310430,   0.119,9999.000,9999.000,9999.000,9999.000,9999.000,9999.000,9999.000,9999.000
202603310436,   0.145,9999.000,9999.000,9999.000,9999.000,9999.000,9999.000,9999.000,9999.000
202603310442,   0.178,9999.000,9999.000,9999.000,9999.000,9999.000,9999.000,9999.000,9999.000
202603310448,   0.219,9999.000,9999.000,9999.000,9999.000,9999.000,9999.000,9999.000,9999.000
202603310454,   0.267,9999.000,9999.000,9999.000,9999.000,9999.000,9999.000,9999.000,9999.000
202603310500,   0.323,9999.000,  -0.600,   0.291,   0.014,  -0.700,  -0.086,  -0.500,   0.114
202603310506,   0.386,9999.000,9999.000,9999.000,9999.000,9999.000,9999.000,9999.000,9999.000
202603310512,   0.457,9999.000,9999.000,9999.000,9999.000,9999.000,9999.000,9999.000,9999.000
202603310518,   0.534,9999.000,9999.000,9999.000,9999.000,9999.000,9999.000,9999.000,9999.000
202603310524,   0.620,9999.000,9999.000,9999.000,9999.000,9999.000,9999.000,9999.000,9999.000
202603310530,   0.712,9999.000,9999.000,9999.000,9999.000,9999.000,9999.000,9999.000,9999.000
202603310536,   0.811,9999.000,9999.000,9999.000,9999.000,9999.000,9999.000,9999.000,9999.000
202603310542,   0.917,9999.000,9999.000,9999.000,9999.000,9999.000,9999.000,9999.000,9999.000
202603310548,   1.029,9999.000,9999.000,9999.000,9999.000,9999.000,9999.000,9999.000,9999.000
202603310554,   1.147,9999.000,9999.000,9999.000,9999.000,9999.000,9999.000,9999.000,9999.000
202603310600,   1.272,9999.000,  -0.500,   0.291,   1.063,  -0.700,   0.863,  -0.400,   1.163
202603310606,   1.402,9999.000,9999.000,9999.000,9999.000,9999.000,9999.000,9999.000,9999.000
202603310612,   1.537,9999.000,9999.000,9999.000,9999.000,9999.000,9999.000,9999.000,9999.000
202603310618,   1.677,9999.000,9999.000,9999.000,9999.000,9999.000,9999.000,9999.000,9999.000
202603310624,   1.821,9999.000,9999.000,9999.000,9999.000,9999.000,9999.000,9999.000,9999.000
202603310630,   1.969,9999.000,9999.000,9999.000,9999.000,9999.000,9999.000,9999.000,9999.000
202603310636,   2.120,9999.000,9999.000,9999.000,9999.000,9999.000,9999.000,9999.000,9999.000
202603310642,   2.275,9999.000,9999.000,9999.000,9999.000,9999.000,9999.000,9999.000,9999.000
202603310648,   2.432,9999.000,9999.000,9999.000,9999.000,9999.000,9999.000,9999.000,9999.000
202603310654,   2.590,9999.000,9999.000,9999.000,9999.000,9999.000,9999.000,9999.000,9999.000
202603310700,   2.751,9999.000,  -0.500,   0.291,   2.542,  -0.600,   2.442,  -0.300,   2.742
202603310706,   2.912,9999.000,9999.000,9999.000,9999.000,9999.000,9999.000,9999.000,9999.000
202603310712,   3.074,9999.000,9999.000,9999.000,9999.000,9999.000,9999.000,9999.000,9999.000
202603310718,   3.236,9999.000,9999.000,9999.000,9999.000,9999.000,9999.000,9999.000,9999.000
202603310724,   3.397,9999.000,9999.000,9999.000,9999.000,9999.000,9999.000,9999.000,9999.000
202603310730,   3.558,9999.000,9999.000,9999.000,9999.000,9999.000,9999.000,9999.000,9999.000
202603310736,   3.717,9999.000,9999.000,9999.000,9999.000,9999.000,9999.000,9999.000,9999.000
202603310742,   3.874,9999.000,9999.000,9999.000,9999.000,9999.000,9999.000,9999.000,9999.000
202603310748,   4.029,9999.000,9999.000,9999.000,9999.000,9999.000,9999.000,9999.000,9999.000
202603310754,   4.182,9999.000,9999.000,9999.000,9999.000,9999.000,9999.000,9999.000,9999.000
202603310800,   4.331,9999.000,  -0.400,   0.291,   4.222,  -0.500,   4.122,  -0.300,   4.322
202603310806,   4.477,9999.000,9999.000,9999.000,9999.000,9999.000,9999.000,9999.000,9999.000
202603310812,   4.620,9999.000,9999.000,9999.000,9999.000,9999.000,9999.000,9999.000,9999.000
202603310818,   4.758,9999.000,9999.000,9999.000,9999.000,9999.000,9999.000,9999.000,9999.000
202603310824,   4.893,9999.000,9999.000,9999.000,9999.000,9999.000,9999.000,9999.000,9999.000
202603310830,   5.023,9999.000,9999.000,9999.000,9999.000,9999.000,9999.000,9999.000,9999.000
202603310836,   5.148,9999.000,9999.000,9999.000,9999.000,9999.000,9999.000,9999.000,9999.000
202603310842,   5.268,9999.000,9999.000,9999.000,9999.000,9999.000,9999.000,9999.000,9999.000
202603310848,   5.383,9999.000,9999.000,9999.000,9999.000,9999.000,9999.000,9999.000,9999.000
202603310854,   5.492,9999.000,9999.000,9999.000,9999.000,9999.000,9999.000,9999.000,9999.000
202603310900,   5.596,9999.000,  -0.400,   0.291,   5.487,  -0.500,   5.387,  -0.300,   5.587
202603310906,   5.695,9999.000,9999.000,9999.000,9999.000,9999.000,9999.000,9999.000,9999.000
202603310912,   5.787,9999.000,9999.000,9999.000,9999.000,9999.000,9999.000,9999.000,9999.000
202603310918,   5.874,9999.000,9999.000,9999.000,9999.000,9999.000,9999.000,9999.000,9999.000
202603310924,   5.954,9999.000,9999.000,9999.000,9999.000,9999.000,9999.000,9999.000,9999.000
202603310930,   6.028,9999.000,9999.000,9999.000,9999.000,9999.000,9999.000,9999.000,9999.000
202603310936,   6.096,9999.000,9999.000,9999.000,9999.000,9999.000,9999.000,9999.000,9999.000
202603310942,   6.157,9999.000,9999.000,9999.000,9999.000,9999.000,9999.000,9999.000,9999.000
202603310948,   6.212,9999.000,9999.000,9999.000,9999.000,9999.000,9999.000,9999.000,9999.000
202603310954,   6.260,9999.000,9999.000,9999.000,9999.000,9999.000,9999.000,9999.000,9999.000
202603311000,   6.302,9999.000,  -0.400,   0.291,   6.193,  -0.500,   6.093,  -0.300,   6.293
202603311006,   6.336,9999.000,9999.000,9999.000,9999.000,9999.000,9999.000,9999.000,9999.000
202603311012,   6.364,9999.000,9999.000,9999.000,9999.000,9999.000,9999.000,9999.000,9999.000
202603311018,   6.385,9999.000,9999.000,9999.000,9999.000,9999.000,9999.000,9999.000,9999.000
202603311024,   6.399,9999.000,9999.000,9999.000,9999.000,9999.000,9999.000,9999.000,9999.000
202603311030,   6.406,9999.000,9999.000,9999.000,9999.000,9999.000,9999.000,9999.000,9999.000
202603311036,   6.405,9999.000,9999.000,9999.000,9999.000,9999.000,9999.000,9999.000,9999.000
202603311042,   6.398,9999.000,9999.000,9999.000,9999.000,9999.000,9999.000,9999.000,9999.000
202603311048,   6.383,9999.000,9999.000,9999.000,9999.000,9999.000,9999.000,9999.000,9999.000
202603311054,   6.361,9999.000,9999.000,9999.000,9999.000,9999.000,9999.000,9999.000,9999.000
202603311100,   6.331,9999.000,  -0.400,   0.291,   6.222,  -0.500,   6.122,  -0.300,   6.322
202603311106,   6.295,9999.000,9999.000,9999.000,9999.000,9999.000,9999.000,9999.000,9999.000
202603311112,   6.250,9999.000,9999.000,9999.000,9999.000,9999.000,9999.000,9999.000,9999.000
202603311118,   6.199,9999.000,9999.000,9999.000,9999.000,9999.000,9999.000,9999.000,9999.000
202603311124,   6.140,9999.000,9999.000,9999.000,9999.000,9999.000,9999.000,9999.000,9999.000
202603311130,   6.074,9999.000,9999.000,9999.000,9999.000,9999.000,9999.000,9999.000,9999.000
202603311136,   6.001,9999.000,9999.000,9999.000,9999.000,9999.000,9999.000,9999.000,9999.000
202603311142,   5.921,9999.000,9999.000,9999.000,9999.000,9999.000,9999.000,9999.000,9999.000
202603311148,   5.834,9999.000,9999.000,9999.000,9999.000,9999.000,9999.000,9999.000,9999.000
202603311154,   5.740,9999.000,9999.000,9999.000,9999.000,9999.000,9999.000,9999.000,9999.000
202603311200,   5.640,9999.000,  -0.400,   0.291,   5.531,  -0.600,   5.331,  -0.300,   5.631
202603311206,   5.534,9999.000,9999.000,9999.000,9999.000,9999.000,9999.000,9999.000,9999.000
202603311212,   5.421,9999.000,9999.000,9999.000,9999.000,9999.000,9999.000,9999.000,9999.000
202603311218,   5.303,9999.000,9999.000,9999.000,9999.000,9999.000,9999.000,9999.000,9999.000
202603311224,   5.180,9999.000,9999.000,9999.000,9999.000,9999.000,9999.000,9999.000,9999.000
202603311230,   5.052,9999.000,9999.000,9999.000,9999.000,9999.000,9999.000,9999.000,9999.000
202603311236,   4.919,9999.000,9999.000,9999.000,9999.000,9999.000,9999.000,9999.000,9999.000
202603311242,   4.783,9999.000,9999.000,9999.000,9999.000,9999.000,9999.000,9999.000,9999.000
202603311248,   4.642,9999.000,9999.000,9999.000,9999.000,9999.000,9999.000,9999.000,9999.000
202603311254,   4.499,9999.000,9999.000,9999.000,9999.000,9999.000,9999.000,9999.000,9999.000
202603311300,   4.353,9999.000,  -0.500,   0.291,   4.144,  -0.600,   4.044,  -0.400,   4.244
202603311306,   4.205,9999.000,9999.000,9999.000,9999.000,9999.000,9999.000,9999.000,9999.000
202603311312,   4.055,9999.000,9999.000,9999.000,9999.000,9999.000,9999.000,9999.000,9999.000
202603311318,   3.904,9999.000,9999.000,9999.000,9999.000,9999.000,9999.000,9999.000,9999.000
202603311324,   3.753,9999.000,9999.000,9999.000,9999.000,9999.000,9999.000,9999.000,9999.000
202603311330,   3.602,9999.000,9999.000,9999.000,9999.000,9999.000,9999.000,9999.000,9999.000
202603311336,   3.451,9999.000,9999.000,9999.000,9999.000,9999.000,9999.000,9999.000,9999.000
202603311342,   3.302,9999.000,9999.000,9999.000,9999.000,9999.000,9999.000,9999.000,9999.000
202603311348,   3.154,9999.000,9999.000,9999.000,9999.000,9999.000,9999.000,9999.000,9999.000
202603311354,   3.008,9999.000,9999.000,9999.000,9999.000,9999.000,9999.000,9999.000,9999.000
202603311400,   2.864,9999.000,  -0.600,   0.291,   2.555,  -0.700,   2.455,  -0.400,   2.755
202603311406,   2.723,9999.000,9999.000,9999.000,9999.000,9999.000,9999.000,9999.000,9999.000
202603311412,   2.586,9999.000,9999.000,9999.000,9999.000,9999.000,9999.000,9999.000,9999.000
202603311418,   2.452,9999.000,9999.000,9999.000,9999.000,9999.000,9999.000,9999.000,9999.000
202603311424,   2.322,9999.000,9999.000,9999.000,9999.000,9999.000,9999.000,9999.000,9999.000
202603311430,   2.197,9999.000,9999.000,9999.000,9999.000,9999.000,9999.000,9999.000,9999.000
202603311436,   2.076,9999.000,9999.000,9999.000,9999.000,9999.000,9999.000,9999.000,9999.000
202603311442,   1.959,9999.000,9999.000,9999.000,9999.000,9999.000,9999.000,9999.000,9999.000
202603311448,   1.848,9999.000,9999.000,9999.000,9999.000,9999.000,9999.000,9999.000,9999.000
202603311454,   1.742,9999.000,9999.000,9999.000,9999.000,9999.000,9999.000,9999.000,9999.000
202603311500,   1.640,9999.000,  -0.600,   0.291,   1.331,  -0.700,   1.231,  -0.500,   1.431
202603311506,   1.545,9999.000,9999.000,9999.000,9999.000,9999.000,9999.000,9999.000,9999.000
202603311512,   1.455,9999.000,9999.000,9999.000,9999.000,9999.000,9999.000,9999.000,9999.000
202603311518,   1.370,9999.000,9999.000,9999.000,9999.000,9999.000,9999.000,9999.000,9999.000
202603311524,   1.291,9999.000,9999.000,9999.000,9999.000,9999.000,9999.000,9999.000,9999.000
202603311530,   1.218,9999.000,9999.000,9999.000,9999.000,9999.000,9999.000,9999.000,9999.000
202603311536,   1.150,9999.000,9999.000,9999.000,9999.000,9999.000,9999.000,9999.000,9999.000
202603311542,   1.089,9999.000,9999.000,9999.000,9999.000,9999.000,9999.000,9999.000,9999.000
202603311548,   1.033,9999.000,9999.000,9999.000,9999.000,9999.000,9999.000,9999.000,9999.000
202603311554,   0.984,9999.000,9999.000,9999.000,9999.000,9999.000,9999.000,9999.000,9999.000
202603311600,   0.940,9999.000,  -0.600,   0.291,   0.631,  -0.700,   0.531,  -0.500,   0.731
202603311606,   0.903,9999.000,9999.000,9999.000,9999.000,9999.000,9999.000,9999.000,9999.000
202603311612,   0.871,9999.000,9999.000,9999.000,9999.000,9999.000,9999.000,9999.000,9999.000
202603311618,   0.847,9999.000,9999.000,9999.000,9999.000,9999.000,9999.000,9999.000,9999.000
202603311624,   0.828,9999.000,9999.000,9999.000,9999.000,9999.000,9999.000,9999.000,9999.000
202603311630,   0.816,9999.000,9999.000,9999.000,9999.000,9999.000,9999.000,9999.000,9999.000
202603311636,   0.811,9999.000,9999.000,9999.000,9999.000,9999.000,9999.000,9999.000,9999.000
202603311642,   0.812,9999.000,9999.000,9999.000,9999.000,9999.000,9999.000,9999.000,9999.000
202603311648,   0.820,9999.000,9999.000,9999.000,9999.000,9999.000,9999.000,9999.000,9999.000
202603311654,   0.835,9999.000,9999.000,9999.000,9999.000,9999.000,9999.000,9999.000,9999.000
202603311700,   0.856,9999.000,  -0.600,   0.291,   0.547,  -0.700,   0.447,  -0.400,   0.747
202603311706,   0.885,9999.000,9999.000,9999.000,9999.000,9999.000,9999.000,9999.000,9999.000
202603311712,   0.921,9999.000,9999.000,9999.000,9999.000,9999.000,9999.000,9999.000,9999.000
202603311718,   0.964,9999.000,9999.000,9999.000,9999.000,9999.000,9999.000,9999.000,9999.000
202603311724,   1.014,9999.000,9999.000,9999.000,9999.000,9999.000,9999.000,9999.000,9999.000
202603311730,   1.071,9999.000,9999.000,9999.000,9999.000,9999.000,9999.000,9999.000,9999.000
202603311736,   1.135,9999.000,9999.000,9999.000,9999.000,9999.000,9999.000,9999.000,9999.000
202603311742,   1.206,9999.000,9999.000,9999.000,9999.000,9999.000,9999.000,9999.000,9999.000
202603311748,   1.284,9999.000,9999.000,9999.000,9999.000,9999.000,9999.000,9999.000,9999.000
202603311754,   1.368,9999.000,9999.000,9999.000,9999.000,9999.000,9999.000,9999.000,9999.000
202603311800,   1.459,9999.000,  -0.500,   0.291,   1.250,  -0.600,   1.150,  -0.400,   1.350
202603311806,   1.556,9999.000,9999.000,9999.000,9999.000,9999.000,9999.000,9999.000,9999.000
202603311812,   1.660,9999.000,9999.000,9999.000,9999.000,9999.000,9999.000,9999.000,9999.000
202603311818,   1.769,9999.000,9999.000,9999.000,9999.000,9999.000,9999.000,9999.000,9999.000
202603311824,   1.884,9999.000,9999.000,9999.000,9999.000,9999.000,9999.000,9999.000,9999.000
202603311830,   2.003,9999.000,9999.000,9999.000,9999.000,9999.000,9999.000,9999.000,9999.000
202603311836,   2.128,9999.000,9999.000,9999.000,9999.000,9999.000,9999.000,9999.000,9999.000
202603311842,   2.257,9999.000,9999.000,9999.000,9999.000,9999.000,9999.000,9999.000,9999.000
202603311848,   2.389,9999.000,9999.000,9999.000,9999.000,9999.000,9999.000,9999.000,9999.000
202603311854,   2.526,9999.000,9999.000,9999.000,9999.000,9999.000,9999.000,9999.000,9999.000
202603311900,   2.665,9999.000,  -0.500,   0.291,   2.456,  -0.600,   2.356,  -0.300,   2.656
202603311906,   2.807,9999.000,9999.000,9999.000,9999.000,9999.000,9999.000,9999.000,9999.000
202603311912,   2.951,9999.000,9999.000,9999.000,9999.000,9999.000,9999.000,9999.000,9999.000
202603311918,   3.096,9999.000,9999.000,9999.000,9999.000,9999.000,9999.000,9999.000,9999.000
202603311924,   3.243,9999.000,9999.000,9999.000,9999.000,9999.000,9999.000,9999.000,9999.000
202603311930,   3.390,9999.000,9999.000,9999.000,9999.000,9999.000,9999.000,9999.000,9999.000
202603311936,   3.537,9999.000,9999.000,9999.000,9999.000,9999.000,9999.000,9999.000,9999.000
202603311942,   3.683,9999.000,9999.000,9999.000,9999.000,9999.000,9999.000,9999.000,9999.000
202603311948,   3.829,9999.000,9999.000,9999.000,9999.000,9999.000,9999.000,9999.000,9999.000
202603311954,   3.973,9999.000,9999.000,9999.000,9999.000,9999.000,9999.000,9999.000,9999.000
202603312000,   4.116,9999.000,  -0.400,   0.291,   4.007,  -0.500,   3.907,  -0.300,   4.107
202603312006,   4.256,9999.000,9999.000,9999.000,9999.000,9999.000,9999.000,9999.000,9999.000
202603312012,   4.393,9999.000,9999.000,9999.000,9999.000,9999.000,9999.000,9999.000,9999.000
202603312018,   4.528,9999.000,9999.000,9999.000,9999.000,9999.000,9999.000,9999.000,9999.000
202603312024,   4.659,9999.000,9999.000,9999.000,9999.000,9999.000,9999.000,9999.000,9999.000
202603312030,   4.786,9999.000,9999.000,9999.000,9999.000,9999.000,9999.000,9999.000,9999.000
202603312036,   4.909,9999.000,9999.000,9999.000,9999.000,9999.000,9999.000,9999.000,9999.000
202603312042,   5.028,9999.000,9999.000,9999.000,9999.000,9999.000,9999.000,9999.000,9999.000
202603312048,   5.142,9999.000,9999.000,9999.000,9999.000,9999.000,9999.000,9999.000,9999.000
202603312054,   5.250,9999.000,9999.000,9999.000,9999.000,9999.000,9999.000,9999.000,9999.000
202603312100,   5.354,9999.000,  -0.400,   0.291,   5.245,  -0.500,   5.145,  -0.300,   5.345
202603312106,   5.452,9999.000,9999.000,9999.000,9999.000,9999.000,9999.000,9999.000,9999.000
202603312112,   5.545,9999.000,9999.000,9999.000,9999.000,9999.000,9999.000,9999.000,9999.000
202603312118,   5.632,9999.000,9999.000,9999.000,9999.000,9999.000,9999.000,9999.000,9999.000
202603312124,   5.713,9999.000,9999.000,9999.000,9999.000,9999.000,9999.000,9999.000,9999.000
202603312130,   5.788,9999.000,9999.000,9999.000,9999.000,9999.000,9999.000,9999.000,9999.000
202603312136,   5.857,9999.000,9999.000,9999.000,9999.000,9999.000,9999.000,9999.000,9999.000
202603312142,   5.919,9999.000,9999.000,9999.000,9999.000,9999.000,9999.000,9999.000,9999.000
202603312148,   5.976,9999.000,9999.000,9999.000,9999.000,9999.000,9999.000,9999.000,9999.000
202603312154,   6.025,9999.000,9999.000,9999.000,9999.000,9999.000,9999.000,9999.000,9999.000
202603312200,   6.069,9999.000,  -0.400,   0.291,   5.960,  -0.500,   5.860,  -0.300,   6.060
202603312206,   6.105,9999.000,9999.000,9999.000,9999.000,9999.000,9999.000,9999.000,9999.000
202603312212,   6.136,9999.000,9999.000,9999.000,9999.000,9999.000,9999.000,9999.000,9999.000
202603312218,   6.159,9999.000,9999.000,9999.000,9999.000,9999.000,9999.000,9999.000,9999.000
202603312224,   6.176,9999.000,9999.000,9999.000,9999.000,9999.000,9999.000,9999.000,9999.000
202603312230,   6.186,9999.000,9999.000,9999.000,9999.000,9999.000,9999.000,9999.000,9999.000
202603312236,   6.189,9999.000,9999.000,9999.000,9999.000,9999.000,9999.000,9999.000,9999.000
202603312242,   6.186,9999.000,9999.000,9999.000,9999.000,9999.000,9999.000,9999.000,9999.000
202603312248,   6.176,9999.000,9999.000,9999.000,9999.000,9999.000,9999.000,9999.000,9999.000
202603312254,   6.158,9999.000,9999.000,9999.000,9999.000,9999.000,9999.000,9999.000,9999.000
202603312300,   6.134,9999.000,  -0.400,   0.291,   6.025,  -0.500,   5.925,  -0.300,   6.125
202603312306,   6.104,9999.000,9999.000,9999.000,9999.000,9999.000,9999.000,9999.000,9999.000
202603312312,   6.066,9999.000,9999.000,9999.000,9999.000,9999.000,9999.000,9999.000,9999.000
202603312318,   6.021,9999.000,9999.000,9999.000,9999.000,9999.000,9999.000,9999.000,9999.000
202603312324,   5.970,9999.000,9999.000,9999.000,9999.000,9999.000,9999.000,9999.000,9999.000
202603312330,   5.911,9999.000,9999.000,9999.000,9999.000,9999.000,9999.000,9999.000,9999.000
202603312336,   5.846,9999.000,9999.000,9999.000,9999.000,9999.000,9999.000,9999.000,9999.000
202603312342,   5.774,9999.000,9999.000,9999.000,9999.000,9999.000,9999.000,9999.000,9999.000
202603312348,   5.696,9999.000,9999.000,9999.000,9999.000,9999.000,9999.000,9999.000,9999.000
202603312354,   5.610,9999.000,9999.000,9999.000,9999.000,9999.000,9999.000,9999.000,9999.000
202604010000,   5.518,9999.000,  -0.400,   0.291,   5.409,  -0.600,   5.209,  -0.300,   5.509
