        TIME,    TIDE,      OB,   SURGE,    BIAS,     TWL,SURGE90p,  TWL90p,SURGE10p,   TWL10p
202603061200,  16.016,  16.265,   0.000,   0.249,  16.265,   0.000,  16.265,   0.000,  16.265
202603061206,  15.820,9999.000,9999.000,9999.000,9999.000,9999.000,9999.000,9999.000,9999.000
202603061212,  15.604,  15.894,9999.000,9999.000,9999.000,9999.000,9999.000,9999.000,9999.000
202603061218,  15.369,9999.000,9999.000,9999.000,9999.000,9999.000,9999.000,9999.000,9999.000
202603061224,  15.115,  15.415,9999.000,9999.000,9999.000,9999.000,9999.000,9999.000,9999.000
202603061230,  14.844,9999.000,9999.000,9999.000,9999.000,9999.000,9999.000,9999.000,9999.000
202603061236,  14.555,  14.855,9999.000,9999.000,9999.000,9999.000,9999.000,9999.000,9999.000
202603061242,  14.249,9999.000,9999.000,9999.000,9999.000,9999.000,9999.000,9999.000,9999.000
202603061248,  13.928,  14.195,9999.000,9999.000,9999.000,9999.000,9999.000,9999.000,9999.000
202603061254,  13.592,9999.000,9999.000,9999.000,9999.000,9999.000,9999.000,9999.000,9999.000
202603061300,  13.242,  13.546,   0.000,   0.304,  13.546,   0.000,  13.546,   0.100,  13.646
202603061306,  12.878,  13.165,9999.000,9999.000,9999.000,9999.000,9999.000,9999.000,9999.000
202603061312,  12.502,  12.775,9999.000,9999.000,9999.000,9999.000,9999.000,9999.000,9999.000
202603061318,  12.115,  12.375,9999.000,9999.000,9999.000,9999.000,9999.000,9999.000,9999.000
202603061324,  11.718,  11.988,9999.000,9999.000,9999.000,9999.000,9999.000,9999.000,9999.000
202603061330,  11.312,  11.555,9999.000,9999.000,9999.000,9999.000,9999.000,9999.000,9999.000
202603061336,  10.897,  11.125,9999.000,9999.000,9999.000,9999.000,9999.000,9999.000,9999.000
202603061342,  10.475,  10.705,9999.000,9999.000,9999.000,9999.000,9999.000,9999.000,9999.000
202603061348,  10.048,  10.266,9999.000,9999.000,9999.000,9999.000,9999.000,9999.000,9999.000
202603061354,   9.615,   9.836,9999.000,9999.000,9999.000,9999.000,9999.000,9999.000,9999.000
202603061400,   9.179,   9.397,   0.100,   0.118,   9.397,   0.000,   9.297,   0.100,   9.397
202603061406,   8.741,   8.967,9999.000,9999.000,9999.000,9999.000,9999.000,9999.000,9999.000
202603061412,   8.301,   8.527,9999.000,9999.000,9999.000,9999.000,9999.000,9999.000,9999.000
202603061418,   7.861,   8.068,9999.000,9999.000,9999.000,9999.000,9999.000,9999.000,9999.000
202603061424,   7.423,   7.629,9999.000,9999.000,9999.000,9999.000,9999.000,9999.000,9999.000
202603061430,   6.986,   7.166,9999.000,9999.000,9999.000,9999.000,9999.000,9999.000,9999.000
202603061436,   6.553,   6.766,9999.000,9999.000,9999.000,9999.000,9999.000,9999.000,9999.000
202603061442,   6.124,   6.336,9999.000,9999.000,9999.000,9999.000,9999.000,9999.000,9999.000
202603061448,   5.702,   5.949,9999.000,9999.000,9999.000,9999.000,9999.000,9999.000,9999.000
202603061454,   5.286,   5.516,9999.000,9999.000,9999.000,9999.000,9999.000,9999.000,9999.000
202603061500,   4.878,   5.120,   0.000,   0.242,   5.120,  -0.100,   5.020,   0.100,   5.220
202603061506,   4.479,   4.690,9999.000,9999.000,9999.000,9999.000,9999.000,9999.000,9999.000
202603061512,   4.090,   4.319,9999.000,9999.000,9999.000,9999.000,9999.000,9999.000,9999.000
202603061518,   3.712,   3.919,9999.000,9999.000,9999.000,9999.000,9999.000,9999.000,9999.000
202603061524,   3.346,   3.607,9999.000,9999.000,9999.000,9999.000,9999.000,9999.000,9999.000
202603061530,   2.993,   3.260,9999.000,9999.000,9999.000,9999.000,9999.000,9999.000,9999.000
202603061536,   2.654,   2.958,9999.000,9999.000,9999.000,9999.000,9999.000,9999.000,9999.000
202603061542,   2.330,   2.620,9999.000,9999.000,9999.000,9999.000,9999.000,9999.000,9999.000
202603061548,   2.022,   2.338,9999.000,9999.000,9999.000,9999.000,9999.000,9999.000,9999.000
202603061554,   1.730,   2.030,9999.000,9999.000,9999.000,9999.000,9999.000,9999.000,9999.000
202603061600,   1.455,   1.767,   0.100,   0.212,   1.767,   0.000,   1.667,   0.200,   1.867
202603061606,   1.198,   1.489,9999.000,9999.000,9999.000,9999.000,9999.000,9999.000,9999.000
202603061612,   0.959,   1.289,9999.000,9999.000,9999.000,9999.000,9999.000,9999.000,9999.000
202603061618,   0.739,   1.059,9999.000,9999.000,9999.000,9999.000,9999.000,9999.000,9999.000
202603061624,   0.539,   0.879,9999.000,9999.000,9999.000,9999.000,9999.000,9999.000,9999.000
202603061630,   0.358,   0.688,9999.000,9999.000,9999.000,9999.000,9999.000,9999.000,9999.000
202603061636,   0.198,   0.551,9999.000,9999.000,9999.000,9999.000,9999.000,9999.000,9999.000
202603061642,   0.058,   0.439,9999.000,9999.000,9999.000,9999.000,9999.000,9999.000,9999.000
202603061648,  -0.060,   0.331,9999.000,9999.000,9999.000,9999.000,9999.000,9999.000,9999.000
202603061654,  -0.157,   0.249,9999.000,9999.000,9999.000,9999.000,9999.000,9999.000,9999.000
202603061700,  -0.234,   0.190,   0.100,   0.324,   0.190,   0.000,   0.090,   0.300,   0.390
202603061706,  -0.289,   0.160,9999.000,9999.000,9999.000,9999.000,9999.000,9999.000,9999.000
202603061712,  -0.323,   0.150,9999.000,9999.000,9999.000,9999.000,9999.000,9999.000,9999.000
202603061718,  -0.335,   0.170,9999.000,9999.000,9999.000,9999.000,9999.000,9999.000,9999.000
202603061724,  -0.326,   0.170,9999.000,9999.000,9999.000,9999.000,9999.000,9999.000,9999.000
202603061730,  -0.296,   0.219,9999.000,9999.000,9999.000,9999.000,9999.000,9999.000,9999.000
202603061736,  -0.246,   0.259,9999.000,9999.000,9999.000,9999.000,9999.000,9999.000,9999.000
202603061742,  -0.174,   0.341,9999.000,9999.000,9999.000,9999.000,9999.000,9999.000,9999.000
202603061748,  -0.082,   0.419,9999.000,9999.000,9999.000,9999.000,9999.000,9999.000,9999.000
202603061754,   0.028,   0.580,9999.000,9999.000,9999.000,9999.000,9999.000,9999.000,9999.000
202603061800,   0.160,   0.698,   0.400,   0.138,   0.698,   0.200,   0.498,   0.500,   0.798
202603061806,   0.311,   0.898,9999.000,9999.000,9999.000,9999.000,9999.000,9999.000,9999.000
202603061812,   0.480,   1.039,9999.000,9999.000,9999.000,9999.000,9999.000,9999.000,9999.000
202603061818,   0.667,   1.259,9999.000,9999.000,9999.000,9999.000,9999.000,9999.000,9999.000
202603061824,   0.872,   1.439,9999.000,9999.000,9999.000,9999.000,9999.000,9999.000,9999.000
202603061830,   1.094,   1.718,9999.000,9999.000,9999.000,9999.000,9999.000,9999.000,9999.000
202603061836,   1.332,   1.948,9999.000,9999.000,9999.000,9999.000,9999.000,9999.000,9999.000
202603061842,   1.586,   2.250,9999.000,9999.000,9999.000,9999.000,9999.000,9999.000,9999.000
202603061848,   1.855,   2.489,9999.000,9999.000,9999.000,9999.000,9999.000,9999.000,9999.000
202603061854,   2.138,   2.728,9999.000,9999.000,9999.000,9999.000,9999.000,9999.000,9999.000
202603061900,   2.434,   3.070,   0.500,   0.136,   3.070,   0.400,   2.970,   0.600,   3.170
202603061906,   2.742,   3.407,9999.000,9999.000,9999.000,9999.000,9999.000,9999.000,9999.000
202603061912,   3.062,   3.817,9999.000,9999.000,9999.000,9999.000,9999.000,9999.000,9999.000
202603061918,   3.394,   4.057,9999.000,9999.000,9999.000,9999.000,9999.000,9999.000,9999.000
202603061924,   3.734,   4.378,9999.000,9999.000,9999.000,9999.000,9999.000,9999.000,9999.000
202603061930,   4.084,   4.647,9999.000,9999.000,9999.000,9999.000,9999.000,9999.000,9999.000
202603061936,   4.443,   5.067,9999.000,9999.000,9999.000,9999.000,9999.000,9999.000,9999.000
202603061942,   4.808,   5.408,9999.000,9999.000,9999.000,9999.000,9999.000,9999.000,9999.000
202603061948,   5.179,   5.838,9999.000,9999.000,9999.000,9999.000,9999.000,9999.000,9999.000
202603061954,   5.556,   6.218,9999.000,9999.000,9999.000,9999.000,9999.000,9999.000,9999.000
202603062000,   5.937,   6.619,   0.500,   0.182,   6.619,   0.400,   6.519,   0.600,   6.719
202603062006,   6.322,   6.937,9999.000,9999.000,9999.000,9999.000,9999.000,9999.000,9999.000
202603062012,   6.709,   7.307,9999.000,9999.000,9999.000,9999.000,9999.000,9999.000,9999.000
202603062018,   7.098,   7.596,9999.000,9999.000,9999.000,9999.000,9999.000,9999.000,9999.000
202603062024,   7.487,   8.049,9999.000,9999.000,9999.000,9999.000,9999.000,9999.000,9999.000
202603062030,   7.875,   8.386,9999.000,9999.000,9999.000,9999.000,9999.000,9999.000,9999.000
202603062036,   8.262,   8.878,9999.000,9999.000,9999.000,9999.000,9999.000,9999.000,9999.000
202603062042,   8.647,   9.216,9999.000,9999.000,9999.000,9999.000,9999.000,9999.000,9999.000
202603062048,   9.028,   9.616,9999.000,9999.000,9999.000,9999.000,9999.000,9999.000,9999.000
202603062054,   9.406,   9.885,9999.000,9999.000,9999.000,9999.000,9999.000,9999.000,9999.000
202603062100,   9.778,  10.256,   0.500,  -0.022,  10.256,   0.400,  10.156,   0.600,  10.356
202603062106,  10.144,  10.637,9999.000,9999.000,9999.000,9999.000,9999.000,9999.000,9999.000
202603062112,  10.503,  11.037,9999.000,9999.000,9999.000,9999.000,9999.000,9999.000,9999.000
202603062118,  10.854,  11.315,9999.000,9999.000,9999.000,9999.000,9999.000,9999.000,9999.000
202603062124,  11.196,  11.598,9999.000,9999.000,9999.000,9999.000,9999.000,9999.000,9999.000
202603062130,  11.529,  11.965,9999.000,9999.000,9999.000,9999.000,9999.000,9999.000,9999.000
202603062136,  11.851,  12.286,9999.000,9999.000,9999.000,9999.000,9999.000,9999.000,9999.000
202603062142,  12.163,  12.627,9999.000,9999.000,9999.000,9999.000,9999.000,9999.000,9999.000
202603062148,  12.462,  12.805,9999.000,9999.000,9999.000,9999.000,9999.000,9999.000,9999.000
202603062154,  12.749,  13.047,9999.000,9999.000,9999.000,9999.000,9999.000,9999.000,9999.000
202603062200,  13.022,  13.277,   0.500,  -0.245,  13.277,   0.400,  13.177,   0.600,  13.377
202603062206,  13.281,  13.546,9999.000,9999.000,9999.000,9999.000,9999.000,9999.000,9999.000
202603062212,  13.526,  13.825,9999.000,9999.000,9999.000,9999.000,9999.000,9999.000,9999.000
202603062218,  13.755,  14.126,9999.000,9999.000,9999.000,9999.000,9999.000,9999.000,9999.000
202603062224,  13.968,  14.366,9999.000,9999.000,9999.000,9999.000,9999.000,9999.000,9999.000
202603062230,  14.164,  14.487,9999.000,9999.000,9999.000,9999.000,9999.000,9999.000,9999.000
202603062236,  14.344,  14.546,9999.000,9999.000,9999.000,9999.000,9999.000,9999.000,9999.000
202603062242,  14.505,  14.687,9999.000,9999.000,9999.000,9999.000,9999.000,9999.000,9999.000
202603062248,  14.650,  14.864,9999.000,9999.000,9999.000,9999.000,9999.000,9999.000,9999.000
202603062254,  14.775,  15.045,9999.000,9999.000,9999.000,9999.000,9999.000,9999.000,9999.000
202603062300,  14.882,  15.166,   0.500,  -0.216,  15.166,   0.400,  15.066,   0.500,  15.166
202603062306,  14.970,  15.284,9999.000,9999.000,9999.000,9999.000,9999.000,9999.000,9999.000
202603062312,  15.039,  15.327,9999.000,9999.000,9999.000,9999.000,9999.000,9999.000,9999.000
202603062318,  15.088,  15.366,9999.000,9999.000,9999.000,9999.000,9999.000,9999.000,9999.000
202603062324,  15.118,  15.337,9999.000,9999.000,9999.000,9999.000,9999.000,9999.000,9999.000
202603062330,  15.128,  15.425,9999.000,9999.000,9999.000,9999.000,9999.000,9999.000,9999.000
202603062336,  15.118,  15.396,9999.000,9999.000,9999.000,9999.000,9999.000,9999.000,9999.000
202603062342,  15.088,  15.484,9999.000,9999.000,9999.000,9999.000,9999.000,9999.000,9999.000
202603062348,  15.039,  15.294,9999.000,9999.000,9999.000,9999.000,9999.000,9999.000,9999.000
202603062354,  14.970,  14.592,9999.000,9999.000,9999.000,9999.000,9999.000,9999.000,9999.000
202603070000,  14.882,  15.127,   0.200,   0.045,  15.127,   0.000,  14.927,   0.400,  15.327
202603070006,  14.774,  15.176,9999.000,9999.000,9999.000,9999.000,9999.000,9999.000,9999.000
202603070012,  14.647,  14.956,9999.000,9999.000,9999.000,9999.000,9999.000,9999.000,9999.000
202603070018,  14.501,  14.884,9999.000,9999.000,9999.000,9999.000,9999.000,9999.000,9999.000
202603070024,  14.337,  14.687,9999.000,9999.000,9999.000,9999.000,9999.000,9999.000,9999.000
202603070030,  14.156,  14.595,9999.000,9999.000,9999.000,9999.000,9999.000,9999.000,9999.000
202603070036,  13.956,  14.336,9999.000,9999.000,9999.000,9999.000,9999.000,9999.000,9999.000
202603070042,  13.740,  14.126,9999.000,9999.000,9999.000,9999.000,9999.000,9999.000,9999.000
202603070048,  13.507,  13.887,9999.000,9999.000,9999.000,9999.000,9999.000,9999.000,9999.000
202603070054,  13.259,  13.766,9999.000,9999.000,9999.000,9999.000,9999.000,9999.000,9999.000
202603070100,  12.995,  13.497,   0.200,   0.302,  13.497,   0.100,  13.397,   0.400,  13.697
202603070106,  12.717,  13.277,9999.000,9999.000,9999.000,9999.000,9999.000,9999.000,9999.000
202603070112,  12.426,  12.877,9999.000,9999.000,9999.000,9999.000,9999.000,9999.000,9999.000
202603070118,  12.121,  12.696,9999.000,9999.000,9999.000,9999.000,9999.000,9999.000,9999.000
202603070124,  11.805,  12.277,9999.000,9999.000,9999.000,9999.000,9999.000,9999.000,9999.000
202603070130,  11.478,  12.086,9999.000,9999.000,9999.000,9999.000,9999.000,9999.000,9999.000
202603070136,  11.140,  11.568,9999.000,9999.000,9999.000,9999.000,9999.000,9999.000,9999.000
202603070142,  10.794,  11.388,9999.000,9999.000,9999.000,9999.000,9999.000,9999.000,9999.000
202603070148,  10.439,  10.958,9999.000,9999.000,9999.000,9999.000,9999.000,9999.000,9999.000
202603070154,  10.076,  10.768,9999.000,9999.000,9999.000,9999.000,9999.000,9999.000,9999.000
202603070200,   9.708,  10.276,   0.400,   0.168,  10.276,   0.200,  10.076,   0.500,  10.376
202603070206,   9.334,   9.899,9999.000,9999.000,9999.000,9999.000,9999.000,9999.000,9999.000
202603070212,   8.957,   9.426,9999.000,9999.000,9999.000,9999.000,9999.000,9999.000,9999.000
202603070218,   8.576,   9.108,9999.000,9999.000,9999.000,9999.000,9999.000,9999.000,9999.000
202603070224,   8.194,   8.757,9999.000,9999.000,9999.000,9999.000,9999.000,9999.000,9999.000
202603070230,   7.811,   8.386,9999.000,9999.000,9999.000,9999.000,9999.000,9999.000,9999.000
202603070236,   7.428,   8.016,9999.000,9999.000,9999.000,9999.000,9999.000,9999.000,9999.000
202603070242,   7.047,   7.639,9999.000,9999.000,9999.000,9999.000,9999.000,9999.000,9999.000
202603070248,   6.669,   7.307,9999.000,9999.000,9999.000,9999.000,9999.000,9999.000,9999.000
202603070254,   6.294,   6.878,9999.000,9999.000,9999.000,9999.000,9999.000,9999.000,9999.000
202603070300,   5.924,   6.409,   0.400,   0.085,   6.409,   0.300,   6.309,   0.400,   6.409
202603070306,   5.560,   6.038,9999.000,9999.000,9999.000,9999.000,9999.000,9999.000,9999.000
202603070312,   5.202,   5.667,9999.000,9999.000,9999.000,9999.000,9999.000,9999.000,9999.000
202603070318,   4.853,   5.418,9999.000,9999.000,9999.000,9999.000,9999.000,9999.000,9999.000
202603070324,   4.513,   5.008,9999.000,9999.000,9999.000,9999.000,9999.000,9999.000,9999.000
202603070330,   4.183,   4.719,9999.000,9999.000,9999.000,9999.000,9999.000,9999.000,9999.000
202603070336,   3.864,   4.359,9999.000,9999.000,9999.000,9999.000,9999.000,9999.000,9999.000
202603070342,   3.557,   4.109,9999.000,9999.000,9999.000,9999.000,9999.000,9999.000,9999.000
202603070348,   3.262,   3.768,9999.000,9999.000,9999.000,9999.000,9999.000,9999.000,9999.000
202603070354,   2.981,   3.489,9999.000,9999.000,9999.000,9999.000,9999.000,9999.000,9999.000
202603070400,   2.715,   3.158,   0.300,   0.143,   3.158,   0.100,   2.958,   0.400,   3.258
202603070406,   2.464,   2.929,9999.000,9999.000,9999.000,9999.000,9999.000,9999.000,9999.000
202603070412,   2.229,   2.669,9999.000,9999.000,9999.000,9999.000,9999.000,9999.000,9999.000
202603070418,   2.011,   2.469,9999.000,9999.000,9999.000,9999.000,9999.000,9999.000,9999.000
202603070424,   1.809,   2.220,9999.000,9999.000,9999.000,9999.000,9999.000,9999.000,9999.000
202603070430,   1.626,   2.040,9999.000,9999.000,9999.000,9999.000,9999.000,9999.000,9999.000
202603070436,   1.461,   1.849,9999.000,9999.000,9999.000,9999.000,9999.000,9999.000,9999.000
202603070442,   1.315,   1.699,9999.000,9999.000,9999.000,9999.000,9999.000,9999.000,9999.000
202603070448,   1.188,   1.580,9999.000,9999.000,9999.000,9999.000,9999.000,9999.000,9999.000
202603070454,   1.080,   1.459,9999.000,9999.000,9999.000,9999.000,9999.000,9999.000,9999.000
202603070500,   0.993,   1.348,   0.100,   0.255,   1.348,   0.000,   1.248,   0.300,   1.548
202603070506,   0.925,   1.279,9999.000,9999.000,9999.000,9999.000,9999.000,9999.000,9999.000
202603070512,   0.878,   1.229,9999.000,9999.000,9999.000,9999.000,9999.000,9999.000,9999.000
202603070518,   0.850,   1.220,9999.000,9999.000,9999.000,9999.000,9999.000,9999.000,9999.000
202603070524,   0.844,   1.210,9999.000,9999.000,9999.000,9999.000,9999.000,9999.000,9999.000
202603070530,   0.857,   1.220,9999.000,9999.000,9999.000,9999.000,9999.000,9999.000,9999.000
202603070536,   0.891,   1.190,9999.000,9999.000,9999.000,9999.000,9999.000,9999.000,9999.000
202603070542,   0.945,   1.229,9999.000,9999.000,9999.000,9999.000,9999.000,9999.000,9999.000
202603070548,   1.020,   1.308,9999.000,9999.000,9999.000,9999.000,9999.000,9999.000,9999.000
202603070554,   1.113,   1.439,9999.000,9999.000,9999.000,9999.000,9999.000,9999.000,9999.000
202603070600,   1.227,   1.600,  -0.300,   0.673,   1.600,  -0.500,   1.400,   0.000,   1.900
202603070606,   1.359,   1.728,9999.000,9999.000,9999.000,9999.000,9999.000,9999.000,9999.000
202603070612,   1.511,   1.830,9999.000,9999.000,9999.000,9999.000,9999.000,9999.000,9999.000
202603070618,   1.680,   1.938,9999.000,9999.000,9999.000,9999.000,9999.000,9999.000,9999.000
202603070624,   1.868,   2.118,9999.000,9999.000,9999.000,9999.000,9999.000,9999.000,9999.000
202603070630,   2.073,   2.309,9999.000,9999.000,9999.000,9999.000,9999.000,9999.000,9999.000
202603070636,   2.294,   2.578,9999.000,9999.000,9999.000,9999.000,9999.000,9999.000,9999.000
202603070642,   2.532,   2.807,9999.000,9999.000,9999.000,9999.000,9999.000,9999.000,9999.000
202603070648,   2.785,   3.060,9999.000,9999.000,9999.000,9999.000,9999.000,9999.000,9999.000
202603070654,   3.053,   3.299,9999.000,9999.000,9999.000,9999.000,9999.000,9999.000,9999.000
202603070700,   3.335,   3.558,  -0.300,   0.523,   3.558,  -0.400,   3.458,  -0.200,   3.658
202603070706,   3.630,   3.837,9999.000,9999.000,9999.000,9999.000,9999.000,9999.000,9999.000
202603070712,   3.938,   4.188,9999.000,9999.000,9999.000,9999.000,9999.000,9999.000,9999.000
202603070718,   4.257,   4.467,9999.000,9999.000,9999.000,9999.000,9999.000,9999.000,9999.000
202603070724,   4.587,   4.857,9999.000,9999.000,9999.000,9999.000,9999.000,9999.000,9999.000
202603070730,   4.928,   5.159,9999.000,9999.000,9999.000,9999.000,9999.000,9999.000,9999.000
202603070736,   5.277,   5.559,9999.000,9999.000,9999.000,9999.000,9999.000,9999.000,9999.000
202603070742,   5.635,   5.867,9999.000,9999.000,9999.000,9999.000,9999.000,9999.000,9999.000
202603070748,   6.000,   6.228,9999.000,9999.000,9999.000,9999.000,9999.000,9999.000,9999.000
202603070754,   6.371,   6.537,9999.000,9999.000,9999.000,9999.000,9999.000,9999.000,9999.000
202603070800,   6.748,   6.887,  -0.300,   0.439,   6.887,  -0.400,   6.787,  -0.200,   6.987
202603070806,   7.129,   7.278,9999.000,9999.000,9999.000,9999.000,9999.000,9999.000,9999.000
202603070812,   7.513,   7.757,9999.000,9999.000,9999.000,9999.000,9999.000,9999.000,9999.000
202603070818,   7.900,   8.167,9999.000,9999.000,9999.000,9999.000,9999.000,9999.000,9999.000
202603070824,   8.289,   8.557,9999.000,9999.000,9999.000,9999.000,9999.000,9999.000,9999.000
202603070830,   8.678,   8.947,9999.000,9999.000,9999.000,9999.000,9999.000,9999.000,9999.000
202603070836,   9.067,   9.318,9999.000,9999.000,9999.000,9999.000,9999.000,9999.000,9999.000
202603070842,   9.455,   9.666,9999.000,9999.000,9999.000,9999.000,9999.000,9999.000,9999.000
202603070848,   9.840,   9.997,9999.000,9999.000,9999.000,9999.000,9999.000,9999.000,9999.000
202603070854,  10.222,  10.377,9999.000,9999.000,9999.000,9999.000,9999.000,9999.000,9999.000
202603070900,  10.600,  10.866,  -0.200,   0.466,  10.866,  -0.400,  10.666,  -0.100,  10.966
202603070906,  10.973,  11.247,9999.000,9999.000,9999.000,9999.000,9999.000,9999.000,9999.000
202603070912,  11.339,  11.555,9999.000,9999.000,9999.000,9999.000,9999.000,9999.000,9999.000
202603070918,  11.699,  11.847,9999.000,9999.000,9999.000,9999.000,9999.000,9999.000,9999.000
202603070924,  12.051,  12.267,9999.000,9999.000,9999.000,9999.000,9999.000,9999.000,9999.000
202603070930,  12.394,  12.637,9999.000,9999.000,9999.000,9999.000,9999.000,9999.000,9999.000
202603070936,  12.728,  13.005,9999.000,9999.000,9999.000,9999.000,9999.000,9999.000,9999.000
202603070942,  13.051,  13.257,9999.000,9999.000,9999.000,9999.000,9999.000,9999.000,9999.000
202603070948,  13.364,  13.585,9999.000,9999.000,9999.000,9999.000,9999.000,9999.000,9999.000
202603070954,  13.664,  13.857,9999.000,9999.000,9999.000,9999.000,9999.000,9999.000,9999.000
202603071000,  13.951,  14.185,  -0.200,   0.434,  14.185,  -0.400,  13.985,  -0.100,  14.285
202603071006,  14.226,  14.464,9999.000,9999.000,9999.000,9999.000,9999.000,9999.000,9999.000
202603071012,  14.486,  14.727,9999.000,9999.000,9999.000,9999.000,9999.000,9999.000,9999.000
202603071018,  14.731,  14.874,9999.000,9999.000,9999.000,9999.000,9999.000,9999.000,9999.000
202603071024,  14.961,  15.147,9999.000,9999.000,9999.000,9999.000,9999.000,9999.000,9999.000
202603071030,  15.175,  15.337,9999.000,9999.000,9999.000,9999.000,9999.000,9999.000,9999.000
202603071036,  15.373,  15.576,9999.000,9999.000,9999.000,9999.000,9999.000,9999.000,9999.000
202603071042,  15.553,  15.747,9999.000,9999.000,9999.000,9999.000,9999.000,9999.000,9999.000
202603071048,  15.716,  15.957,9999.000,9999.000,9999.000,9999.000,9999.000,9999.000,9999.000
202603071054,  15.861,  16.114,9999.000,9999.000,9999.000,9999.000,9999.000,9999.000,9999.000
202603071100,  15.988,  16.114,  -0.200,   0.326,  16.114,  -0.400,  15.914,  -0.100,  16.214
202603071106,  16.096,  16.216,9999.000,9999.000,9999.000,9999.000,9999.000,9999.000,9999.000
202603071112,  16.185,  16.324,9999.000,9999.000,9999.000,9999.000,9999.000,9999.000,9999.000
202603071118,  16.255,  16.577,9999.000,9999.000,9999.000,9999.000,9999.000,9999.000,9999.000
202603071124,  16.305,  16.504,9999.000,9999.000,9999.000,9999.000,9999.000,9999.000,9999.000
202603071130,  16.335,  16.465,9999.000,9999.000,9999.000,9999.000,9999.000,9999.000,9999.000
202603071136,  16.346,  16.367,9999.000,9999.000,9999.000,9999.000,9999.000,9999.000,9999.000
202603071142,  16.337,  16.485,9999.000,9999.000,9999.000,9999.000,9999.000,9999.000,9999.000
202603071148,  16.308,  16.475,9999.000,9999.000,9999.000,9999.000,9999.000,9999.000,9999.000
202603071154,  16.259,  16.426,9999.000,9999.000,9999.000,9999.000,9999.000,9999.000,9999.000
202603071200,  16.191,  16.334,  -0.500,   0.643,  16.334,  -0.600,  16.234,  -0.500,  16.334
202603071206,  16.103,  16.295,9999.000,9999.000,9999.000,9999.000,9999.000,9999.000,9999.000
202603071212,  15.995,  16.226,9999.000,9999.000,9999.000,9999.000,9999.000,9999.000,9999.000
202603071218,  15.868,  15.996,9999.000,9999.000,9999.000,9999.000,9999.000,9999.000,9999.000
202603071224,  15.722,  15.825,9999.000,9999.000,9999.000,9999.000,9999.000,9999.000,9999.000
202603071230,  15.557,  15.727,9999.000,9999.000,9999.000,9999.000,9999.000,9999.000,9999.000
202603071236,  15.374,  15.694,9999.000,9999.000,9999.000,9999.000,9999.000,9999.000,9999.000
202603071242,  15.174,  15.396,9999.000,9999.000,9999.000,9999.000,9999.000,9999.000,9999.000
202603071248,  14.955,  15.035,9999.000,9999.000,9999.000,9999.000,9999.000,9999.000,9999.000
202603071254,  14.720,  14.746,9999.000,9999.000,9999.000,9999.000,9999.000,9999.000,9999.000
202603071300,  14.469,  14.625,  -0.600,   0.756,  14.625,  -0.700,  14.525,  -0.600,  14.625
202603071306,  14.202,  14.445,9999.000,9999.000,9999.000,9999.000,9999.000,9999.000,9999.000
202603071312,  13.920,  14.067,9999.000,9999.000,9999.000,9999.000,9999.000,9999.000,9999.000
202603071318,  13.623,  13.707,9999.000,9999.000,9999.000,9999.000,9999.000,9999.000,9999.000
202603071324,  13.313,  13.356,9999.000,9999.000,9999.000,9999.000,9999.000,9999.000,9999.000
202603071330,  12.990,  13.106,9999.000,9999.000,9999.000,9999.000,9999.000,9999.000,9999.000
202603071336,  12.655,  12.765,9999.000,9999.000,9999.000,9999.000,9999.000,9999.000,9999.000
202603071342,  12.309,  12.457,9999.000,9999.000,9999.000,9999.000,9999.000,9999.000,9999.000
202603071348,  11.952,  12.116,9999.000,9999.000,9999.000,9999.000,9999.000,9999.000,9999.000
202603071354,  11.586,  11.817,9999.000,9999.000,9999.000,9999.000,9999.000,9999.000,9999.000
202603071400,  11.212,  11.345,  -0.800,   0.933,  11.345,  -0.900,  11.245,  -0.700,  11.445
202603071406,  10.830,  10.896,9999.000,9999.000,9999.000,9999.000,9999.000,9999.000,9999.000
202603071412,  10.441,  10.486,9999.000,9999.000,9999.000,9999.000,9999.000,9999.000,9999.000
202603071418,  10.048,  10.187,9999.000,9999.000,9999.000,9999.000,9999.000,9999.000,9999.000
202603071424,   9.649,   9.777,9999.000,9999.000,9999.000,9999.000,9999.000,9999.000,9999.000
202603071430,   9.247,   9.318,9999.000,9999.000,9999.000,9999.000,9999.000,9999.000,9999.000
202603071436,   8.843,   8.846,9999.000,9999.000,9999.000,9999.000,9999.000,9999.000,9999.000
202603071442,   8.437,   8.498,9999.000,9999.000,9999.000,9999.000,9999.000,9999.000,9999.000
202603071448,   8.031,   8.186,9999.000,9999.000,9999.000,9999.000,9999.000,9999.000,9999.000
202603071454,   7.626,   7.839,9999.000,9999.000,9999.000,9999.000,9999.000,9999.000,9999.000
202603071500,   7.223,   7.337,  -0.700,   0.814,   7.337,  -0.800,   7.237,  -0.700,   7.337
202603071506,   6.822,   6.947,9999.000,9999.000,9999.000,9999.000,9999.000,9999.000,9999.000
202603071512,   6.425,   6.556,9999.000,9999.000,9999.000,9999.000,9999.000,9999.000,9999.000
202603071518,   6.033,   6.238,9999.000,9999.000,9999.000,9999.000,9999.000,9999.000,9999.000
202603071524,   5.647,   5.818,9999.000,9999.000,9999.000,9999.000,9999.000,9999.000,9999.000
202603071530,   5.268,   5.428,9999.000,9999.000,9999.000,9999.000,9999.000,9999.000,9999.000
202603071536,   4.897,   5.047,9999.000,9999.000,9999.000,9999.000,9999.000,9999.000,9999.000
202603071542,   4.534,   4.710,9999.000,9999.000,9999.000,9999.000,9999.000,9999.000,9999.000
202603071548,   4.181,   4.359,9999.000,9999.000,9999.000,9999.000,9999.000,9999.000,9999.000
202603071554,   3.839,   3.978,9999.000,9999.000,9999.000,9999.000,9999.000,9999.000,9999.000
202603071600,   3.508,   3.637,  -0.600,   0.729,   3.637,  -0.700,   3.537,  -0.500,   3.737
202603071606,   3.190,   3.388,9999.000,9999.000,9999.000,9999.000,9999.000,9999.000,9999.000
202603071612,   2.884,   3.089,9999.000,9999.000,9999.000,9999.000,9999.000,9999.000,9999.000
202603071618,   2.592,   2.758,9999.000,9999.000,9999.000,9999.000,9999.000,9999.000,9999.000
202603071624,   2.315,   2.469,9999.000,9999.000,9999.000,9999.000,9999.000,9999.000,9999.000
202603071630,   2.053,   2.230,9999.000,9999.000,9999.000,9999.000,9999.000,9999.000,9999.000
202603071636,   1.806,   2.089,9999.000,9999.000,9999.000,9999.000,9999.000,9999.000,9999.000
202603071642,   1.576,   1.840,9999.000,9999.000,9999.000,9999.000,9999.000,9999.000,9999.000
202603071648,   1.363,   1.659,9999.000,9999.000,9999.000,9999.000,9999.000,9999.000,9999.000
202603071654,   1.167,   1.390,9999.000,9999.000,9999.000,9999.000,9999.000,9999.000,9999.000
202603071700,   0.988,   1.220,  -0.400,   0.632,   1.220,  -0.500,   1.120,  -0.300,   1.320
202603071706,   0.828,   1.020,9999.000,9999.000,9999.000,9999.000,9999.000,9999.000,9999.000
202603071712,   0.686,   0.918,9999.000,9999.000,9999.000,9999.000,9999.000,9999.000,9999.000
202603071718,   0.562,   0.879,9999.000,9999.000,9999.000,9999.000,9999.000,9999.000,9999.000
202603071724,   0.458,   0.839,9999.000,9999.000,9999.000,9999.000,9999.000,9999.000,9999.000
202603071730,   0.372,   0.780,9999.000,9999.000,9999.000,9999.000,9999.000,9999.000,9999.000
202603071736,   0.306,   0.619,9999.000,9999.000,9999.000,9999.000,9999.000,9999.000,9999.000
202603071742,   0.259,   0.560,9999.000,9999.000,9999.000,9999.000,9999.000,9999.000,9999.000
202603071748,   0.230,   0.531,9999.000,9999.000,9999.000,9999.000,9999.000,9999.000,9999.000
202603071754,   0.221,   0.629,9999.000,9999.000,9999.000,9999.000,9999.000,9999.000,9999.000
202603071800,   0.231,   0.678,  -0.300,   0.747,   0.678,  -0.300,   0.678,  -0.200,   0.778
202603071806,   0.260,   0.708,9999.000,9999.000,9999.000,9999.000,9999.000,9999.000,9999.000
202603071812,   0.307,   0.708,9999.000,9999.000,9999.000,9999.000,9999.000,9999.000,9999.000
202603071818,   0.373,   0.731,9999.000,9999.000,9999.000,9999.000,9999.000,9999.000,9999.000
202603071824,   0.457,   0.859,9999.000,9999.000,9999.000,9999.000,9999.000,9999.000,9999.000
202603071830,   0.559,   0.990,9999.000,9999.000,9999.000,9999.000,9999.000,9999.000,9999.000
202603071836,   0.678,   1.180,9999.000,9999.000,9999.000,9999.000,9999.000,9999.000,9999.000
202603071842,   0.814,   1.318,9999.000,9999.000,9999.000,9999.000,9999.000,9999.000,9999.000
202603071848,   0.967,   1.439,9999.000,9999.000,9999.000,9999.000,9999.000,9999.000,9999.000
202603071854,   1.136,   1.600,9999.000,9999.000,9999.000,9999.000,9999.000,9999.000,9999.000
202603071900,   1.320,   1.767,  -0.200,   0.647,   1.767,  -0.300,   1.667,  -0.100,   1.867
202603071906,   1.519,   2.049,9999.000,9999.000,9999.000,9999.000,9999.000,9999.000,9999.000
202603071912,   1.733,   2.299,9999.000,9999.000,9999.000,9999.000,9999.000,9999.000,9999.000
202603071918,   1.960,   2.587,9999.000,9999.000,9999.000,9999.000,9999.000,9999.000,9999.000
202603071924,   2.201,   2.768,9999.000,9999.000,9999.000,9999.000,9999.000,9999.000,9999.000
202603071930,   2.453,   2.988,9999.000,9999.000,9999.000,9999.000,9999.000,9999.000,9999.000
202603071936,   2.718,   3.250,9999.000,9999.000,9999.000,9999.000,9999.000,9999.000,9999.000
202603071942,   2.993,   3.578,9999.000,9999.000,9999.000,9999.000,9999.000,9999.000,9999.000
202603071948,   3.279,   3.939,9999.000,9999.000,9999.000,9999.000,9999.000,9999.000,9999.000
202603071954,   3.574,   4.218,9999.000,9999.000,9999.000,9999.000,9999.000,9999.000,9999.000
202603072000,   3.878,   4.509,  -0.200,   0.831,   4.509,  -0.300,   4.409,   0.000,   4.709
202603072006,   4.189,   4.739,9999.000,9999.000,9999.000,9999.000,9999.000,9999.000,9999.000
202603072012,   4.508,   5.087,9999.000,9999.000,9999.000,9999.000,9999.000,9999.000,9999.000
202603072018,   4.833,   5.448,9999.000,9999.000,9999.000,9999.000,9999.000,9999.000,9999.000
202603072024,   5.163,   5.867,9999.000,9999.000,9999.000,9999.000,9999.000,9999.000,9999.000
202603072030,   5.498,   6.218,9999.000,9999.000,9999.000,9999.000,9999.000,9999.000,9999.000
202603072036,   5.836,   6.537,9999.000,9999.000,9999.000,9999.000,9999.000,9999.000,9999.000
202603072042,   6.177,   6.828,9999.000,9999.000,9999.000,9999.000,9999.000,9999.000,9999.000
202603072048,   6.520,   7.137,9999.000,9999.000,9999.000,9999.000,9999.000,9999.000,9999.000
202603072054,   6.865,   7.478,9999.000,9999.000,9999.000,9999.000,9999.000,9999.000,9999.000
202603072100,   7.209,   7.849,  -0.200,   0.840,   7.849,  -0.400,   7.649,   0.000,   8.049
202603072106,   7.553,   8.239,9999.000,9999.000,9999.000,9999.000,9999.000,9999.000,9999.000
202603072112,   7.896,   8.577,9999.000,9999.000,9999.000,9999.000,9999.000,9999.000,9999.000
202603072118,   8.236,   8.878,9999.000,9999.000,9999.000,9999.000,9999.000,9999.000,9999.000
202603072124,   8.573,   9.157,9999.000,9999.000,9999.000,9999.000,9999.000,9999.000,9999.000
202603072130,   8.906,   9.479,9999.000,9999.000,9999.000,9999.000,9999.000,9999.000,9999.000
202603072136,   9.235,   9.866,9999.000,9999.000,9999.000,9999.000,9999.000,9999.000,9999.000
202603072142,   9.558,  10.187,9999.000,9999.000,9999.000,9999.000,9999.000,9999.000,9999.000
202603072148,   9.874,  10.528,9999.000,9999.000,9999.000,9999.000,9999.000,9999.000,9999.000
202603072154,  10.184,  10.797,9999.000,9999.000,9999.000,9999.000,9999.000,9999.000,9999.000
202603072200,  10.486,  11.106,  -0.100,   0.720,  11.106,  -0.300,  10.906,   0.000,  11.206
202603072206,  10.779,  11.368,9999.000,9999.000,9999.000,9999.000,9999.000,9999.000,9999.000
202603072212,  11.063,  11.647,9999.000,9999.000,9999.000,9999.000,9999.000,9999.000,9999.000
202603072218,  11.336,  11.965,9999.000,9999.000,9999.000,9999.000,9999.000,9999.000,9999.000
202603072224,  11.599,  12.247,9999.000,9999.000,9999.000,9999.000,9999.000,9999.000,9999.000
202603072230,  11.851,  12.536,9999.000,9999.000,9999.000,9999.000,9999.000,9999.000,9999.000
202603072236,  12.091,  12.677,9999.000,9999.000,9999.000,9999.000,9999.000,9999.000,9999.000
202603072242,  12.319,  12.847,9999.000,9999.000,9999.000,9999.000,9999.000,9999.000,9999.000
202603072248,  12.533,  12.985,9999.000,9999.000,9999.000,9999.000,9999.000,9999.000,9999.000
202603072254,  12.734,  13.228,9999.000,9999.000,9999.000,9999.000,9999.000,9999.000,9999.000
202603072300,  12.920,  13.385,  -0.100,   0.565,  13.385,  -0.200,  13.285,   0.000,  13.485
202603072306,  13.093,  13.575,9999.000,9999.000,9999.000,9999.000,9999.000,9999.000,9999.000
202603072312,  13.250,  13.687,9999.000,9999.000,9999.000,9999.000,9999.000,9999.000,9999.000
202603072318,  13.392,  13.825,9999.000,9999.000,9999.000,9999.000,9999.000,9999.000,9999.000
202603072324,  13.518,  13.897,9999.000,9999.000,9999.000,9999.000,9999.000,9999.000,9999.000
202603072330,  13.628,  13.995,9999.000,9999.000,9999.000,9999.000,9999.000,9999.000,9999.000
202603072336,  13.721,  14.054,9999.000,9999.000,9999.000,9999.000,9999.000,9999.000,9999.000
202603072342,  13.799,  14.156,9999.000,9999.000,9999.000,9999.000,9999.000,9999.000,9999.000
202603072348,  13.859,  14.195,9999.000,9999.000,9999.000,9999.000,9999.000,9999.000,9999.000
202603072354,  13.902,  14.067,9999.000,9999.000,9999.000,9999.000,9999.000,9999.000,9999.000
202603080000,  13.929,  14.245,  -0.300,   0.616,  14.245,  -0.400,  14.145,  -0.200,  14.345
202603080006,  13.938,  14.245,9999.000,9999.000,9999.000,9999.000,9999.000,9999.000,9999.000
202603080012,  13.931,  14.146,9999.000,9999.000,9999.000,9999.000,9999.000,9999.000,9999.000
202603080018,  13.906,  14.087,9999.000,9999.000,9999.000,9999.000,9999.000,9999.000,9999.000
202603080024,  13.864,  14.077,9999.000,9999.000,9999.000,9999.000,9999.000,9999.000,9999.000
202603080030,  13.806,  14.067,9999.000,9999.000,9999.000,9999.000,9999.000,9999.000,9999.000
202603080036,  13.730,  13.946,9999.000,9999.000,9999.000,9999.000,9999.000,9999.000,9999.000
202603080042,  13.639,  13.805,9999.000,9999.000,9999.000,9999.000,9999.000,9999.000,9999.000
202603080048,  13.531,  13.667,9999.000,9999.000,9999.000,9999.000,9999.000,9999.000,9999.000
202603080054,  13.407,  13.585,9999.000,9999.000,9999.000,9999.000,9999.000,9999.000,9999.000
202603080100,  13.267,  13.375,  -0.200,   0.308,  13.375,  -0.300,  13.275,  -0.100,  13.475
202603080106,  13.113,  13.185,9999.000,9999.000,9999.000,9999.000,9999.000,9999.000,9999.000
202603080112,  12.943,  12.985,9999.000,9999.000,9999.000,9999.000,9999.000,9999.000,9999.000
202603080118,  12.759,  12.847,9999.000,9999.000,9999.000,9999.000,9999.000,9999.000,9999.000
202603080124,  12.562,  12.696,9999.000,9999.000,9999.000,9999.000,9999.000,9999.000,9999.000
202603080130,  12.351,  12.408,9999.000,9999.000,9999.000,9999.000,9999.000,9999.000,9999.000
202603080136,  12.128,  12.175,9999.000,9999.000,9999.000,9999.000,9999.000,9999.000,9999.000
202603080142,  11.893,  11.896,9999.000,9999.000,9999.000,9999.000,9999.000,9999.000,9999.000
202603080148,  11.646,  11.765,9999.000,9999.000,9999.000,9999.000,9999.000,9999.000,9999.000
202603080154,  11.389,  11.476,9999.000,9999.000,9999.000,9999.000,9999.000,9999.000,9999.000
202603080200,  11.123,  11.227,  -0.100,   0.204,  11.227,  -0.200,  11.127,   0.000,  11.327
202603080206,  10.847,  10.886,9999.000,9999.000,9999.000,9999.000,9999.000,9999.000,9999.000
202603080212,  10.563,  10.686,9999.000,9999.000,9999.000,9999.000,9999.000,9999.000,9999.000
202603080218,  10.272,  10.387,9999.000,9999.000,9999.000,9999.000,9999.000,9999.000,9999.000
202603080224,   9.974,  10.036,9999.000,9999.000,9999.000,9999.000,9999.000,9999.000,9999.000
202603080230,   9.670,   9.646,9999.000,9999.000,9999.000,9999.000,9999.000,9999.000,9999.000
202603080236,   9.362,   9.367,9999.000,9999.000,9999.000,9999.000,9999.000,9999.000,9999.000
202603080242,   9.050,   9.128,9999.000,9999.000,9999.000,9999.000,9999.000,9999.000,9999.000
202603080248,   8.735,   8.826,9999.000,9999.000,9999.000,9999.000,9999.000,9999.000,9999.000
202603080254,   8.419,   8.527,9999.000,9999.000,9999.000,9999.000,9999.000,9999.000,9999.000
202603080300,   8.101,   8.206,   0.000,   0.105,   8.206,  -0.100,   8.106,   0.000,   8.206
202603080306,   7.783,   7.898,9999.000,9999.000,9999.000,9999.000,9999.000,9999.000,9999.000
202603080312,   7.466,   7.537,9999.000,9999.000,9999.000,9999.000,9999.000,9999.000,9999.000
202603080318,   7.151,   7.189,9999.000,9999.000,9999.000,9999.000,9999.000,9999.000,9999.000
202603080324,   6.839,   6.868,9999.000,9999.000,9999.000,9999.000,9999.000,9999.000,9999.000
202603080330,   6.530,   6.537,9999.000,9999.000,9999.000,9999.000,9999.000,9999.000,9999.000
202603080336,   6.226,   6.228,9999.000,9999.000,9999.000,9999.000,9999.000,9999.000,9999.000
202603080342,   5.928,   5.887,9999.000,9999.000,9999.000,9999.000,9999.000,9999.000,9999.000
202603080348,   5.636,   5.589,9999.000,9999.000,9999.000,9999.000,9999.000,9999.000,9999.000
202603080354,   5.351,   5.349,9999.000,9999.000,9999.000,9999.000,9999.000,9999.000,9999.000
202603080400,   5.075,   5.169,  -0.100,   0.194,   5.169,  -0.200,   5.069,   0.000,   5.269
202603080406,   4.808,   4.919,9999.000,9999.000,9999.000,9999.000,9999.000,9999.000,9999.000
202603080412,   4.550,   4.637,9999.000,9999.000,9999.000,9999.000,9999.000,9999.000,9999.000
202603080418,   4.304,   4.359,9999.000,9999.000,9999.000,9999.000,9999.000,9999.000,9999.000
202603080424,   4.068,   4.129,9999.000,9999.000,9999.000,9999.000,9999.000,9999.000,9999.000
202603080430,   3.845,   3.929,9999.000,9999.000,9999.000,9999.000,9999.000,9999.000,9999.000
202603080436,   3.634,   3.729,9999.000,9999.000,9999.000,9999.000,9999.000,9999.000,9999.000
202603080442,   3.436,   3.568,9999.000,9999.000,9999.000,9999.000,9999.000,9999.000,9999.000
202603080448,   3.253,   3.440,9999.000,9999.000,9999.000,9999.000,9999.000,9999.000,9999.000
202603080454,   3.084,   3.279,9999.000,9999.000,9999.000,9999.000,9999.000,9999.000,9999.000
202603080500,   2.930,   3.089,  -0.200,   0.359,   3.089,  -0.300,   2.989,  -0.100,   3.189
202603080506,   2.791,   2.899,9999.000,9999.000,9999.000,9999.000,9999.000,9999.000,9999.000
202603080512,   2.668,   2.830,9999.000,9999.000,9999.000,9999.000,9999.000,9999.000,9999.000
202603080518,   2.561,   2.787,9999.000,9999.000,9999.000,9999.000,9999.000,9999.000,9999.000
202603080524,   2.471,   2.738,9999.000,9999.000,9999.000,9999.000,9999.000,9999.000,9999.000
202603080530,   2.398,   2.620,9999.000,9999.000,9999.000,9999.000,9999.000,9999.000,9999.000
202603080536,   2.341,   2.538,9999.000,9999.000,9999.000,9999.000,9999.000,9999.000,9999.000
202603080542,   2.302,   2.499,9999.000,9999.000,9999.000,9999.000,9999.000,9999.000,9999.000
202603080548,   2.280,   2.489,9999.000,9999.000,9999.000,9999.000,9999.000,9999.000,9999.000
202603080554,   2.275,   2.528,9999.000,9999.000,9999.000,9999.000,9999.000,9999.000,9999.000
202603080600,   2.287,   2.548,  -0.200,   0.461,   2.548,  -0.300,   2.448,  -0.100,   2.648
202603080606,   2.317,   2.587,9999.000,9999.000,9999.000,9999.000,9999.000,9999.000,9999.000
202603080612,   2.364,   2.610,9999.000,9999.000,9999.000,9999.000,9999.000,9999.000,9999.000
202603080618,   2.428,   2.640,9999.000,9999.000,9999.000,9999.000,9999.000,9999.000,9999.000
202603080624,   2.509,   2.669,9999.000,9999.000,9999.000,9999.000,9999.000,9999.000,9999.000
202603080630,   2.606,   2.748,9999.000,9999.000,9999.000,9999.000,9999.000,9999.000,9999.000
202603080636,   2.720,   2.909,9999.000,9999.000,9999.000,9999.000,9999.000,9999.000,9999.000
202603080642,   2.850,   3.119,9999.000,9999.000,9999.000,9999.000,9999.000,9999.000,9999.000
202603080648,   2.996,   3.270,9999.000,9999.000,9999.000,9999.000,9999.000,9999.000,9999.000
202603080654,   3.157,   3.348,9999.000,9999.000,9999.000,9999.000,9999.000,9999.000,9999.000
202603080700,   3.333,   3.427,  -0.200,   0.294,   3.427,  -0.300,   3.327,  -0.100,   3.527
202603080706,   3.523,   3.670,9999.000,9999.000,9999.000,9999.000,9999.000,9999.000,9999.000
202603080712,   3.728,   3.949,9999.000,9999.000,9999.000,9999.000,9999.000,9999.000,9999.000
202603080718,   3.945,   4.208,9999.000,9999.000,9999.000,9999.000,9999.000,9999.000,9999.000
202603080724,   4.175,   4.398,9999.000,9999.000,9999.000,9999.000,9999.000,9999.000,9999.000
202603080730,   4.418,   4.628,9999.000,9999.000,9999.000,9999.000,9999.000,9999.000,9999.000
202603080736,   4.672,   4.877,9999.000,9999.000,9999.000,9999.000,9999.000,9999.000,9999.000
202603080742,   4.937,   5.159,9999.000,9999.000,9999.000,9999.000,9999.000,9999.000,9999.000
202603080748,   5.211,   5.398,9999.000,9999.000,9999.000,9999.000,9999.000,9999.000,9999.000
202603080754,   5.496,   5.697,9999.000,9999.000,9999.000,9999.000,9999.000,9999.000,9999.000
202603080800,   5.789,   6.008,  -0.100,   0.319,   6.008,  -0.200,   5.908,   0.000,   6.108
202603080806,   6.090,   6.346,9999.000,9999.000,9999.000,9999.000,9999.000,9999.000,9999.000
202603080812,   6.398,   6.628,9999.000,9999.000,9999.000,9999.000,9999.000,9999.000,9999.000
202603080818,   6.712,   6.927,9999.000,9999.000,9999.000,9999.000,9999.000,9999.000,9999.000
202603080824,   7.032,   7.258,9999.000,9999.000,9999.000,9999.000,9999.000,9999.000,9999.000
202603080830,   7.357,   7.658,9999.000,9999.000,9999.000,9999.000,9999.000,9999.000,9999.000
202603080836,   7.685,   8.049,9999.000,9999.000,9999.000,9999.000,9999.000,9999.000,9999.000
202603080842,   8.017,   8.347,9999.000,9999.000,9999.000,9999.000,9999.000,9999.000,9999.000
202603080848,   8.351,   8.596,9999.000,9999.000,9999.000,9999.000,9999.000,9999.000,9999.000
202603080854,   8.686,   8.878,9999.000,9999.000,9999.000,9999.000,9999.000,9999.000,9999.000
202603080900,   9.022,   9.256,  -0.100,   0.334,   9.256,  -0.200,   9.156,   0.000,   9.356
202603080906,   9.358,   9.656,9999.000,9999.000,9999.000,9999.000,9999.000,9999.000,9999.000
202603080912,   9.692,  10.007,9999.000,9999.000,9999.000,9999.000,9999.000,9999.000,9999.000
202603080918,  10.025,  10.338,9999.000,9999.000,9999.000,9999.000,9999.000,9999.000,9999.000
202603080924,  10.355,  10.617,9999.000,9999.000,9999.000,9999.000,9999.000,9999.000,9999.000
202603080930,  10.681,  10.925,9999.000,9999.000,9999.000,9999.000,9999.000,9999.000,9999.000
202603080936,  11.002,  11.197,9999.000,9999.000,9999.000,9999.000,9999.000,9999.000,9999.000
202603080942,  11.319,  11.555,9999.000,9999.000,9999.000,9999.000,9999.000,9999.000,9999.000
202603080948,  11.629,  11.896,9999.000,9999.000,9999.000,9999.000,9999.000,9999.000,9999.000
202603080954,  11.933,  12.277,9999.000,9999.000,9999.000,9999.000,9999.000,9999.000,9999.000
202603081000,  12.229,  12.536,  -0.100,   0.407,  12.536,  -0.100,  12.536,   0.000,  12.636
202603081006,  12.517,  12.765,9999.000,9999.000,9999.000,9999.000,9999.000,9999.000,9999.000
202603081012,  12.796,  13.005,9999.000,9999.000,9999.000,9999.000,9999.000,9999.000,9999.000
202603081018,  13.065,  13.277,9999.000,9999.000,9999.000,9999.000,9999.000,9999.000,9999.000
202603081024,  13.323,  13.595,9999.000,9999.000,9999.000,9999.000,9999.000,9999.000,9999.000
202603081030,  13.571,  13.844,9999.000,9999.000,9999.000,9999.000,9999.000,9999.000,9999.000
202603081036,  13.807,  14.044,9999.000,9999.000,9999.000,9999.000,9999.000,9999.000,9999.000
202603081042,  14.031,  14.225,9999.000,9999.000,9999.000,9999.000,9999.000,9999.000,9999.000
202603081048,  14.241,  14.415,9999.000,9999.000,9999.000,9999.000,9999.000,9999.000,9999.000
202603081054,  14.439,  14.615,9999.000,9999.000,9999.000,9999.000,9999.000,9999.000,9999.000
202603081100,  14.622,  14.786,  -0.200,   0.364,  14.786,  -0.200,  14.786,  -0.100,  14.886
202603081106,  14.791,  14.996,9999.000,9999.000,9999.000,9999.000,9999.000,9999.000,9999.000
202603081112,  14.946,  15.156,9999.000,9999.000,9999.000,9999.000,9999.000,9999.000,9999.000
202603081118,  15.085,  15.317,9999.000,9999.000,9999.000,9999.000,9999.000,9999.000,9999.000
202603081124,  15.208,  15.376,9999.000,9999.000,9999.000,9999.000,9999.000,9999.000,9999.000
202603081130,  15.315,  15.475,9999.000,9999.000,9999.000,9999.000,9999.000,9999.000,9999.000
202603081136,  15.406,  15.596,9999.000,9999.000,9999.000,9999.000,9999.000,9999.000,9999.000
202603081142,  15.481,  15.747,9999.000,9999.000,9999.000,9999.000,9999.000,9999.000,9999.000
202603081148,  15.538,  15.806,9999.000,9999.000,9999.000,9999.000,9999.000,9999.000,9999.000
202603081154,  15.579,  15.796,9999.000,9999.000,9999.000,9999.000,9999.000,9999.000,9999.000
202603081200,  15.603,  15.757,  -0.300,   0.454,  15.757,  -0.400,  15.657,  -0.300,  15.757
202603081206,  15.609,  15.796,9999.000,9999.000,9999.000,9999.000,9999.000,9999.000,9999.000
202603081212,  15.598,  15.845,9999.000,9999.000,9999.000,9999.000,9999.000,9999.000,9999.000
202603081218,  15.570,  15.845,9999.000,9999.000,9999.000,9999.000,9999.000,9999.000,9999.000
202603081224,  15.525,  15.737,9999.000,9999.000,9999.000,9999.000,9999.000,9999.000,9999.000
202603081230,  15.462,  15.675,9999.000,9999.000,9999.000,9999.000,9999.000,9999.000,9999.000
202603081236,  15.382,  15.586,9999.000,9999.000,9999.000,9999.000,9999.000,9999.000,9999.000
202603081242,  15.285,  15.514,9999.000,9999.000,9999.000,9999.000,9999.000,9999.000,9999.000
202603081248,  15.172,  15.356,9999.000,9999.000,9999.000,9999.000,9999.000,9999.000,9999.000
202603081254,  15.042,  15.294,9999.000,9999.000,9999.000,9999.000,9999.000,9999.000,9999.000
202603081300,  14.895,  15.196,  -0.300,   0.601,  15.196,  -0.400,  15.096,  -0.300,  15.196
202603081306,  14.733,  15.045,9999.000,9999.000,9999.000,9999.000,9999.000,9999.000,9999.000
202603081312,  14.555,  14.737,9999.000,9999.000,9999.000,9999.000,9999.000,9999.000,9999.000
202603081318,  14.362,  14.487,9999.000,9999.000,9999.000,9999.000,9999.000,9999.000,9999.000
202603081324,  14.155,  14.327,9999.000,9999.000,9999.000,9999.000,9999.000,9999.000,9999.000
202603081330,  13.933,  14.185,9999.000,9999.000,9999.000,9999.000,9999.000,9999.000,9999.000
202603081336,  13.697,  13.926,9999.000,9999.000,9999.000,9999.000,9999.000,9999.000,9999.000
202603081342,  13.449,  13.615,9999.000,9999.000,9999.000,9999.000,9999.000,9999.000,9999.000
202603081348,  13.188,  13.365,9999.000,9999.000,9999.000,9999.000,9999.000,9999.000,9999.000
202603081354,  12.915,  13.136,9999.000,9999.000,9999.000,9999.000,9999.000,9999.000,9999.000
202603081400,  12.630,  12.867,  -0.300,   0.537,  12.867,  -0.400,  12.767,  -0.300,  12.867
202603081406,  12.336,  12.545,9999.000,9999.000,9999.000,9999.000,9999.000,9999.000,9999.000
202603081412,  12.031,  12.247,9999.000,9999.000,9999.000,9999.000,9999.000,9999.000,9999.000
202603081418,  11.717,  11.978,9999.000,9999.000,9999.000,9999.000,9999.000,9999.000,9999.000
202603081424,  11.395,  11.627,9999.000,9999.000,9999.000,9999.000,9999.000,9999.000,9999.000
202603081430,  11.066,  11.266,9999.000,9999.000,9999.000,9999.000,9999.000,9999.000,9999.000
202603081436,  10.730,  10.905,9999.000,9999.000,9999.000,9999.000,9999.000,9999.000,9999.000
202603081442,  10.388,  10.607,9999.000,9999.000,9999.000,9999.000,9999.000,9999.000,9999.000
202603081448,  10.041,  10.276,9999.000,9999.000,9999.000,9999.000,9999.000,9999.000,9999.000
202603081454,   9.690,   9.938,9999.000,9999.000,9999.000,9999.000,9999.000,9999.000,9999.000
202603081500,   9.336,   9.557,  -0.300,   0.521,   9.557,  -0.400,   9.457,  -0.300,   9.557
202603081506,   8.980,   9.206,9999.000,9999.000,9999.000,9999.000,9999.000,9999.000,9999.000
202603081512,   8.622,   8.846,9999.000,9999.000,9999.000,9999.000,9999.000,9999.000,9999.000
202603081518,   8.263,   8.488,9999.000,9999.000,9999.000,9999.000,9999.000,9999.000,9999.000
202603081524,   7.905,   8.108,9999.000,9999.000,9999.000,9999.000,9999.000,9999.000,9999.000
202603081530,   7.548,   7.757,9999.000,9999.000,9999.000,9999.000,9999.000,9999.000,9999.000
202603081536,   7.193,   7.399,9999.000,9999.000,9999.000,9999.000,9999.000,9999.000,9999.000
202603081542,   6.841,   7.048,9999.000,9999.000,9999.000,9999.000,9999.000,9999.000,9999.000
202603081548,   6.493,   6.707,9999.000,9999.000,9999.000,9999.000,9999.000,9999.000,9999.000
202603081554,   6.150,   6.346,9999.000,9999.000,9999.000,9999.000,9999.000,9999.000,9999.000
202603081600,   5.813,   6.038,  -0.300,   0.525,   6.038,  -0.400,   5.938,  -0.300,   6.038
202603081606,   5.481,   5.717,9999.000,9999.000,9999.000,9999.000,9999.000,9999.000,9999.000
202603081612,   5.157,   5.408,9999.000,9999.000,9999.000,9999.000,9999.000,9999.000,9999.000
202603081618,   4.841,   5.047,9999.000,9999.000,9999.000,9999.000,9999.000,9999.000,9999.000
202603081624,   4.534,   4.710,9999.000,9999.000,9999.000,9999.000,9999.000,9999.000,9999.000
202603081630,   4.236,   4.437,9999.000,9999.000,9999.000,9999.000,9999.000,9999.000,9999.000
202603081636,   3.948,   4.188,9999.000,9999.000,9999.000,9999.000,9999.000,9999.000,9999.000
202603081642,   3.671,   3.939,9999.000,9999.000,9999.000,9999.000,9999.000,9999.000,9999.000
202603081648,   3.406,   3.650,9999.000,9999.000,9999.000,9999.000,9999.000,9999.000,9999.000
202603081654,   3.153,   3.378,9999.000,9999.000,9999.000,9999.000,9999.000,9999.000,9999.000
202603081700,   2.912,   3.148,  -0.400,   0.636,   3.148,  -0.500,   3.048,  -0.300,   3.248
202603081706,   2.684,   2.938,9999.000,9999.000,9999.000,9999.000,9999.000,9999.000,9999.000
202603081712,   2.470,   2.709,9999.000,9999.000,9999.000,9999.000,9999.000,9999.000,9999.000
202603081718,   2.271,   2.479,9999.000,9999.000,9999.000,9999.000,9999.000,9999.000,9999.000
202603081724,   2.085,   2.318,9999.000,9999.000,9999.000,9999.000,9999.000,9999.000,9999.000
202603081730,   1.915,   2.177,9999.000,9999.000,9999.000,9999.000,9999.000,9999.000,9999.000
202603081736,   1.760,   2.059,9999.000,9999.000,9999.000,9999.000,9999.000,9999.000,9999.000
202603081742,   1.620,   1.889,9999.000,9999.000,9999.000,9999.000,9999.000,9999.000,9999.000
202603081748,   1.496,   1.767,9999.000,9999.000,9999.000,9999.000,9999.000,9999.000,9999.000
202603081754,   1.388,   1.639,9999.000,9999.000,9999.000,9999.000,9999.000,9999.000,9999.000
202603081800,   1.296,   1.528,  -0.400,   0.632,   1.528,  -0.500,   1.428,  -0.300,   1.628
202603081806,   1.221,   1.439,9999.000,9999.000,9999.000,9999.000,9999.000,9999.000,9999.000
202603081812,   1.161,   1.390,9999.000,9999.000,9999.000,9999.000,9999.000,9999.000,9999.000
202603081818,   1.118,   1.380,9999.000,9999.000,9999.000,9999.000,9999.000,9999.000,9999.000
202603081824,   1.091,   1.361,9999.000,9999.000,9999.000,9999.000,9999.000,9999.000,9999.000
202603081830,   1.081,   1.361,9999.000,9999.000,9999.000,9999.000,9999.000,9999.000,9999.000
202603081836,   1.086,   1.348,9999.000,9999.000,9999.000,9999.000,9999.000,9999.000,9999.000
202603081842,   1.108,   1.348,9999.000,9999.000,9999.000,9999.000,9999.000,9999.000,9999.000
202603081848,   1.145,   1.371,9999.000,9999.000,9999.000,9999.000,9999.000,9999.000,9999.000
202603081854,   1.199,   1.410,9999.000,9999.000,9999.000,9999.000,9999.000,9999.000,9999.000
202603081900,   1.267,   1.498,  -0.500,   0.731,   1.498,  -0.500,   1.498,  -0.400,   1.598
202603081906,   1.350,   1.600,9999.000,9999.000,9999.000,9999.000,9999.000,9999.000,9999.000
202603081912,   1.449,   1.718,9999.000,9999.000,9999.000,9999.000,9999.000,9999.000,9999.000
202603081918,   1.561,   1.790,9999.000,9999.000,9999.000,9999.000,9999.000,9999.000,9999.000
202603081924,   1.688,   1.879,9999.000,9999.000,9999.000,9999.000,9999.000,9999.000,9999.000
202603081930,   1.828,   2.000,9999.000,9999.000,9999.000,9999.000,9999.000,9999.000,9999.000
202603081936,   1.981,   2.168,9999.000,9999.000,9999.000,9999.000,9999.000,9999.000,9999.000
202603081942,   2.147,   2.377,9999.000,9999.000,9999.000,9999.000,9999.000,9999.000,9999.000
202603081948,   2.326,   2.538,9999.000,9999.000,9999.000,9999.000,9999.000,9999.000,9999.000
202603081954,   2.515,   2.709,9999.000,9999.000,9999.000,9999.000,9999.000,9999.000,9999.000
202603082000,   2.716,   2.869,  -0.400,   0.553,   2.869,  -0.500,   2.769,  -0.400,   2.869
202603082006,   2.927,   3.089,9999.000,9999.000,9999.000,9999.000,9999.000,9999.000,9999.000
202603082012,   3.148,   3.299,9999.000,9999.000,9999.000,9999.000,9999.000,9999.000,9999.000
202603082018,   3.379,   3.529,9999.000,9999.000,9999.000,9999.000,9999.000,9999.000,9999.000
202603082024,   3.618,   3.758,9999.000,9999.000,9999.000,9999.000,9999.000,9999.000,9999.000
202603082030,   3.865,   3.968,9999.000,9999.000,9999.000,9999.000,9999.000,9999.000,9999.000
202603082036,   4.119,   4.208,9999.000,9999.000,9999.000,9999.000,9999.000,9999.000,9999.000
202603082042,   4.380,   4.480,9999.000,9999.000,9999.000,9999.000,9999.000,9999.000,9999.000
202603082048,   4.647,   4.759,9999.000,9999.000,9999.000,9999.000,9999.000,9999.000,9999.000
202603082054,   4.919,   5.028,9999.000,9999.000,9999.000,9999.000,9999.000,9999.000,9999.000
202603082100,   5.196,   5.287,  -0.400,   0.491,   5.287,  -0.500,   5.187,  -0.400,   5.287
202603082106,   5.477,   5.549,9999.000,9999.000,9999.000,9999.000,9999.000,9999.000,9999.000
202603082112,   5.760,   5.838,9999.000,9999.000,9999.000,9999.000,9999.000,9999.000,9999.000
202603082118,   6.047,   6.117,9999.000,9999.000,9999.000,9999.000,9999.000,9999.000,9999.000
202603082124,   6.334,   6.389,9999.000,9999.000,9999.000,9999.000,9999.000,9999.000,9999.000
202603082130,   6.623,   6.678,9999.000,9999.000,9999.000,9999.000,9999.000,9999.000,9999.000
202603082136,   6.913,   6.989,9999.000,9999.000,9999.000,9999.000,9999.000,9999.000,9999.000
202603082142,   7.201,   7.268,9999.000,9999.000,9999.000,9999.000,9999.000,9999.000,9999.000
202603082148,   7.489,   7.537,9999.000,9999.000,9999.000,9999.000,9999.000,9999.000,9999.000
202603082154,   7.775,   7.796,9999.000,9999.000,9999.000,9999.000,9999.000,9999.000,9999.000
202603082200,   8.058,   8.078,  -0.400,   0.420,   8.078,  -0.500,   7.978,  -0.300,   8.178
202603082206,   8.338,   8.377,9999.000,9999.000,9999.000,9999.000,9999.000,9999.000,9999.000
202603082212,   8.614,   8.649,9999.000,9999.000,9999.000,9999.000,9999.000,9999.000,9999.000
202603082218,   8.885,   8.918,9999.000,9999.000,9999.000,9999.000,9999.000,9999.000,9999.000
202603082224,   9.151,   9.157,9999.000,9999.000,9999.000,9999.000,9999.000,9999.000,9999.000
202603082230,   9.412,   9.426,9999.000,9999.000,9999.000,9999.000,9999.000,9999.000,9999.000
202603082236,   9.666,   9.656,9999.000,9999.000,9999.000,9999.000,9999.000,9999.000,9999.000
202603082242,   9.912,   9.899,9999.000,9999.000,9999.000,9999.000,9999.000,9999.000,9999.000
202603082248,  10.151,  10.138,9999.000,9999.000,9999.000,9999.000,9999.000,9999.000,9999.000
202603082254,  10.382,  10.377,9999.000,9999.000,9999.000,9999.000,9999.000,9999.000,9999.000
202603082300,  10.604,  10.627,  -0.400,   0.423,  10.627,  -0.500,  10.527,  -0.300,  10.727
202603082306,  10.817,  10.827,9999.000,9999.000,9999.000,9999.000,9999.000,9999.000,9999.000
202603082312,  11.019,  11.027,9999.000,9999.000,9999.000,9999.000,9999.000,9999.000,9999.000
202603082318,  11.212,  11.168,9999.000,9999.000,9999.000,9999.000,9999.000,9999.000,9999.000
202603082324,  11.393,  11.345,9999.000,9999.000,9999.000,9999.000,9999.000,9999.000,9999.000
202603082330,  11.564,  11.506,9999.000,9999.000,9999.000,9999.000,9999.000,9999.000,9999.000
202603082336,  11.723,  11.686,9999.000,9999.000,9999.000,9999.000,9999.000,9999.000,9999.000
202603082342,  11.869,  11.857,9999.000,9999.000,9999.000,9999.000,9999.000,9999.000,9999.000
202603082348,  12.004,  12.008,9999.000,9999.000,9999.000,9999.000,9999.000,9999.000,9999.000
202603082354,  12.126,  12.624,9999.000,9999.000,9999.000,9999.000,9999.000,9999.000,9999.000
202603090000,  12.235,  12.227,  -0.400,   0.392,  12.227,  -0.400,  12.227,  -0.300,  12.327
202603090006,  12.330,  12.296,9999.000,9999.000,9999.000,9999.000,9999.000,9999.000,9999.000
202603090012,  12.413,  12.365,9999.000,9999.000,9999.000,9999.000,9999.000,9999.000,9999.000
202603090018,  12.481,  12.457,9999.000,9999.000,9999.000,9999.000,9999.000,9999.000,9999.000
202603090024,  12.536,  12.565,9999.000,9999.000,9999.000,9999.000,9999.000,9999.000,9999.000
202603090030,  12.578,  12.627,9999.000,9999.000,9999.000,9999.000,9999.000,9999.000,9999.000
202603090036,  12.605,  12.608,9999.000,9999.000,9999.000,9999.000,9999.000,9999.000,9999.000
202603090042,  12.618,  12.585,9999.000,9999.000,9999.000,9999.000,9999.000,9999.000,9999.000
202603090048,  12.618,  12.595,9999.000,9999.000,9999.000,9999.000,9999.000,9999.000,9999.000
202603090054,  12.603,  12.627,9999.000,9999.000,9999.000,9999.000,9999.000,9999.000,9999.000
202603090100,  12.575,  12.608,  -0.300,   0.333,  12.608,  -0.400,  12.508,  -0.300,  12.608
202603090106,  12.533,  12.555,9999.000,9999.000,9999.000,9999.000,9999.000,9999.000,9999.000
202603090112,  12.478,  12.516,9999.000,9999.000,9999.000,9999.000,9999.000,9999.000,9999.000
202603090118,  12.409,  12.467,9999.000,9999.000,9999.000,9999.000,9999.000,9999.000,9999.000
202603090124,  12.327,  12.385,9999.000,9999.000,9999.000,9999.000,9999.000,9999.000,9999.000
202603090130,  12.232,  12.277,9999.000,9999.000,9999.000,9999.000,9999.000,9999.000,9999.000
202603090136,  12.125,  12.208,9999.000,9999.000,9999.000,9999.000,9999.000,9999.000,9999.000
202603090142,  12.006,  12.126,9999.000,9999.000,9999.000,9999.000,9999.000,9999.000,9999.000
202603090148,  11.874,  11.988,9999.000,9999.000,9999.000,9999.000,9999.000,9999.000,9999.000
202603090154,  11.732,  11.798,9999.000,9999.000,9999.000,9999.000,9999.000,9999.000,9999.000
202603090200,  11.578,  11.627,  -0.300,   0.349,  11.627,  -0.300,  11.627,  -0.200,  11.727
202603090206,  11.414,  11.506,9999.000,9999.000,9999.000,9999.000,9999.000,9999.000,9999.000
202603090212,  11.240,  11.378,9999.000,9999.000,9999.000,9999.000,9999.000,9999.000,9999.000
202603090218,  11.056,  11.227,9999.000,9999.000,9999.000,9999.000,9999.000,9999.000,9999.000
202603090224,  10.864,  11.007,9999.000,9999.000,9999.000,9999.000,9999.000,9999.000,9999.000
202603090230,  10.663,  10.778,9999.000,9999.000,9999.000,9999.000,9999.000,9999.000,9999.000
202603090236,  10.455,  10.528,9999.000,9999.000,9999.000,9999.000,9999.000,9999.000,9999.000
202603090242,  10.239,  10.328,9999.000,9999.000,9999.000,9999.000,9999.000,9999.000,9999.000
202603090248,  10.017,  10.177,9999.000,9999.000,9999.000,9999.000,9999.000,9999.000,9999.000
202603090254,   9.790,   9.997,9999.000,9999.000,9999.000,9999.000,9999.000,9999.000,9999.000
202603090300,   9.557,   9.767,  -0.300,   0.510,   9.767,  -0.400,   9.667,  -0.200,   9.867
202603090306,   9.321,   9.508,9999.000,9999.000,9999.000,9999.000,9999.000,9999.000,9999.000
202603090312,   9.080,   9.246,9999.000,9999.000,9999.000,9999.000,9999.000,9999.000,9999.000
202603090318,   8.837,   9.006,9999.000,9999.000,9999.000,9999.000,9999.000,9999.000,9999.000
202603090324,   8.592,   8.777,9999.000,9999.000,9999.000,9999.000,9999.000,9999.000,9999.000
202603090330,   8.346,   8.527,9999.000,9999.000,9999.000,9999.000,9999.000,9999.000,9999.000
202603090336,   8.099,   8.298,9999.000,9999.000,9999.000,9999.000,9999.000,9999.000,9999.000
202603090342,   7.852,   8.039,9999.000,9999.000,9999.000,9999.000,9999.000,9999.000,9999.000
202603090348,   7.606,   7.786,9999.000,9999.000,9999.000,9999.000,9999.000,9999.000,9999.000
202603090354,   7.363,   7.527,9999.000,9999.000,9999.000,9999.000,9999.000,9999.000,9999.000
202603090400,   7.121,   7.317,  -0.400,   0.596,   7.317,  -0.400,   7.317,  -0.300,   7.417
202603090406,   6.883,   7.117,9999.000,9999.000,9999.000,9999.000,9999.000,9999.000,9999.000
202603090412,   6.649,   6.917,9999.000,9999.000,9999.000,9999.000,9999.000,9999.000,9999.000
202603090418,   6.420,   6.678,9999.000,9999.000,9999.000,9999.000,9999.000,9999.000,9999.000
202603090424,   6.196,   6.438,9999.000,9999.000,9999.000,9999.000,9999.000,9999.000,9999.000
202603090430,   5.978,   6.209,9999.000,9999.000,9999.000,9999.000,9999.000,9999.000,9999.000
202603090436,   5.767,   6.028,9999.000,9999.000,9999.000,9999.000,9999.000,9999.000,9999.000
202603090442,   5.564,   5.828,9999.000,9999.000,9999.000,9999.000,9999.000,9999.000,9999.000
202603090448,   5.368,   5.648,9999.000,9999.000,9999.000,9999.000,9999.000,9999.000,9999.000
202603090454,   5.182,   5.457,9999.000,9999.000,9999.000,9999.000,9999.000,9999.000,9999.000
202603090500,   5.005,   5.287,  -0.400,   0.682,   5.287,  -0.500,   5.187,  -0.300,   5.387
202603090506,   4.837,   5.110,9999.000,9999.000,9999.000,9999.000,9999.000,9999.000,9999.000
202603090512,   4.680,   4.949,9999.000,9999.000,9999.000,9999.000,9999.000,9999.000,9999.000
202603090518,   4.534,   4.798,9999.000,9999.000,9999.000,9999.000,9999.000,9999.000,9999.000
202603090524,   4.399,   4.677,9999.000,9999.000,9999.000,9999.000,9999.000,9999.000,9999.000
202603090530,   4.275,   4.559,9999.000,9999.000,9999.000,9999.000,9999.000,9999.000,9999.000
202603090536,   4.164,   4.457,9999.000,9999.000,9999.000,9999.000,9999.000,9999.000,9999.000
202603090542,   4.066,   4.349,9999.000,9999.000,9999.000,9999.000,9999.000,9999.000,9999.000
202603090548,   3.980,   4.267,9999.000,9999.000,9999.000,9999.000,9999.000,9999.000,9999.000
202603090554,   3.907,   4.208,9999.000,9999.000,9999.000,9999.000,9999.000,9999.000,9999.000
202603090600,   3.847,   4.168,  -0.300,   0.621,   4.168,  -0.400,   4.068,  -0.300,   4.168
202603090606,   3.801,   4.129,9999.000,9999.000,9999.000,9999.000,9999.000,9999.000,9999.000
202603090612,   3.769,   4.090,9999.000,9999.000,9999.000,9999.000,9999.000,9999.000,9999.000
202603090618,   3.750,   4.057,9999.000,9999.000,9999.000,9999.000,9999.000,9999.000,9999.000
202603090624,   3.745,   4.057,9999.000,9999.000,9999.000,9999.000,9999.000,9999.000,9999.000
202603090630,   3.754,   4.090,9999.000,9999.000,9999.000,9999.000,9999.000,9999.000,9999.000
202603090636,   3.777,   4.139,9999.000,9999.000,9999.000,9999.000,9999.000,9999.000,9999.000
202603090642,   3.814,   4.168,9999.000,9999.000,9999.000,9999.000,9999.000,9999.000,9999.000
202603090648,   3.865,   4.198,9999.000,9999.000,9999.000,9999.000,9999.000,9999.000,9999.000
202603090654,   3.929,   4.247,9999.000,9999.000,9999.000,9999.000,9999.000,9999.000,9999.000
202603090700,   4.006,   4.319,  -0.300,   0.613,   4.319,  -0.400,   4.219,  -0.300,   4.319
202603090706,   4.097,   4.427,9999.000,9999.000,9999.000,9999.000,9999.000,9999.000,9999.000
202603090712,   4.201,   4.559,9999.000,9999.000,9999.000,9999.000,9999.000,9999.000,9999.000
202603090718,   4.318,   4.677,9999.000,9999.000,9999.000,9999.000,9999.000,9999.000,9999.000
202603090724,   4.447,   4.798,9999.000,9999.000,9999.000,9999.000,9999.000,9999.000,9999.000
202603090730,   4.588,   4.919,9999.000,9999.000,9999.000,9999.000,9999.000,9999.000,9999.000
202603090736,   4.741,   5.067,9999.000,9999.000,9999.000,9999.000,9999.000,9999.000,9999.000
202603090742,   4.906,   5.238,9999.000,9999.000,9999.000,9999.000,9999.000,9999.000,9999.000
202603090748,   5.081,   5.418,9999.000,9999.000,9999.000,9999.000,9999.000,9999.000,9999.000
202603090754,   5.267,   5.608,9999.000,9999.000,9999.000,9999.000,9999.000,9999.000,9999.000
202603090800,   5.463,   5.769,  -0.300,   0.606,   5.769,  -0.400,   5.669,  -0.300,   5.769
202603090806,   5.669,   5.969,9999.000,9999.000,9999.000,9999.000,9999.000,9999.000,9999.000
202603090812,   5.883,   6.159,9999.000,9999.000,9999.000,9999.000,9999.000,9999.000,9999.000
202603090818,   6.106,   6.389,9999.000,9999.000,9999.000,9999.000,9999.000,9999.000,9999.000
202603090824,   6.337,   6.638,9999.000,9999.000,9999.000,9999.000,9999.000,9999.000,9999.000
202603090830,   6.575,   6.897,9999.000,9999.000,9999.000,9999.000,9999.000,9999.000,9999.000
202603090836,   6.820,   7.147,9999.000,9999.000,9999.000,9999.000,9999.000,9999.000,9999.000
202603090842,   7.071,   7.357,9999.000,9999.000,9999.000,9999.000,9999.000,9999.000,9999.000
202603090848,   7.327,   7.576,9999.000,9999.000,9999.000,9999.000,9999.000,9999.000,9999.000
202603090854,   7.588,   7.829,9999.000,9999.000,9999.000,9999.000,9999.000,9999.000,9999.000
202603090900,   7.854,   8.108,  -0.400,   0.654,   8.108,  -0.500,   8.008,  -0.300,   8.208
202603090906,   8.122,   8.377,9999.000,9999.000,9999.000,9999.000,9999.000,9999.000,9999.000
202603090912,   8.394,   8.626,9999.000,9999.000,9999.000,9999.000,9999.000,9999.000,9999.000
202603090918,   8.667,   8.888,9999.000,9999.000,9999.000,9999.000,9999.000,9999.000,9999.000
202603090924,   8.942,   9.157,9999.000,9999.000,9999.000,9999.000,9999.000,9999.000,9999.000
202603090930,   9.218,   9.436,9999.000,9999.000,9999.000,9999.000,9999.000,9999.000,9999.000
202603090936,   9.493,   9.708,9999.000,9999.000,9999.000,9999.000,9999.000,9999.000,9999.000
202603090942,   9.768,   9.977,9999.000,9999.000,9999.000,9999.000,9999.000,9999.000,9999.000
202603090948,  10.042,  10.246,9999.000,9999.000,9999.000,9999.000,9999.000,9999.000,9999.000
202603090954,  10.313,  10.505,9999.000,9999.000,9999.000,9999.000,9999.000,9999.000,9999.000
202603091000,  10.582,  10.768,  -0.400,   0.586,  10.768,  -0.500,  10.668,  -0.300,  10.868
202603091006,  10.847,  11.037,9999.000,9999.000,9999.000,9999.000,9999.000,9999.000,9999.000
202603091012,  11.108,  11.306,9999.000,9999.000,9999.000,9999.000,9999.000,9999.000,9999.000
202603091018,  11.365,  11.578,9999.000,9999.000,9999.000,9999.000,9999.000,9999.000,9999.000
202603091024,  11.616,  11.798,9999.000,9999.000,9999.000,9999.000,9999.000,9999.000,9999.000
202603091030,  11.861,  12.008,9999.000,9999.000,9999.000,9999.000,9999.000,9999.000,9999.000
202603091036,  12.099,  12.208,9999.000,9999.000,9999.000,9999.000,9999.000,9999.000,9999.000
202603091042,  12.330,  12.447,9999.000,9999.000,9999.000,9999.000,9999.000,9999.000,9999.000
202603091048,  12.554,  12.677,9999.000,9999.000,9999.000,9999.000,9999.000,9999.000,9999.000
202603091054,  12.768,  12.896,9999.000,9999.000,9999.000,9999.000,9999.000,9999.000,9999.000
202603091100,  12.974,  13.087,  -0.400,   0.513,  13.087,  -0.500,  12.987,  -0.300,  13.187
202603091106,  13.171,  13.277,9999.000,9999.000,9999.000,9999.000,9999.000,9999.000,9999.000
202603091112,  13.357,  13.457,9999.000,9999.000,9999.000,9999.000,9999.000,9999.000,9999.000
202603091118,  13.533,  13.615,9999.000,9999.000,9999.000,9999.000,9999.000,9999.000,9999.000
202603091124,  13.698,  13.775,9999.000,9999.000,9999.000,9999.000,9999.000,9999.000,9999.000
202603091130,  13.852,  13.936,9999.000,9999.000,9999.000,9999.000,9999.000,9999.000,9999.000
202603091136,  13.993,  14.097,9999.000,9999.000,9999.000,9999.000,9999.000,9999.000,9999.000
202603091142,  14.123,  14.245,9999.000,9999.000,9999.000,9999.000,9999.000,9999.000,9999.000
202603091148,  14.240,  14.366,9999.000,9999.000,9999.000,9999.000,9999.000,9999.000,9999.000
202603091154,  14.344,  14.454,9999.000,9999.000,9999.000,9999.000,9999.000,9999.000,9999.000
202603091200,  14.435,  14.527,  -0.100,   0.192,  14.527,  -0.200,  14.427,   0.000,  14.627
202603091206,  14.513,  14.615,9999.000,9999.000,9999.000,9999.000,9999.000,9999.000,9999.000
202603091212,  14.577,  14.687,9999.000,9999.000,9999.000,9999.000,9999.000,9999.000,9999.000
202603091218,  14.627,  14.737,9999.000,9999.000,9999.000,9999.000,9999.000,9999.000,9999.000
202603091224,  14.663,  14.776,9999.000,9999.000,9999.000,9999.000,9999.000,9999.000,9999.000
202603091230,  14.685,  14.815,9999.000,9999.000,9999.000,9999.000,9999.000,9999.000,9999.000
202603091236,  14.693,  14.825,9999.000,9999.000,9999.000,9999.000,9999.000,9999.000,9999.000
202603091242,  14.686,  14.815,9999.000,9999.000,9999.000,9999.000,9999.000,9999.000,9999.000
202603091248,  14.666,  14.766,9999.000,9999.000,9999.000,9999.000,9999.000,9999.000,9999.000
202603091254,  14.630,  14.746,9999.000,9999.000,9999.000,9999.000,9999.000,9999.000,9999.000
202603091300,  14.581,  14.707,  -0.100,   0.226,  14.707,  -0.200,  14.607,   0.000,  14.807
202603091306,  14.517,  14.655,9999.000,9999.000,9999.000,9999.000,9999.000,9999.000,9999.000
202603091312,  14.440,  14.576,9999.000,9999.000,9999.000,9999.000,9999.000,9999.000,9999.000
202603091318,  14.348,  14.497,9999.000,9999.000,9999.000,9999.000,9999.000,9999.000,9999.000
202603091324,  14.242,  14.415,9999.000,9999.000,9999.000,9999.000,9999.000,9999.000,9999.000
202603091330,  14.123,  14.297,9999.000,9999.000,9999.000,9999.000,9999.000,9999.000,9999.000
202603091336,  13.991,  14.146,9999.000,9999.000,9999.000,9999.000,9999.000,9999.000,9999.000
202603091342,  13.846,  14.005,9999.000,9999.000,9999.000,9999.000,9999.000,9999.000,9999.000
202603091348,  13.688,  13.897,9999.000,9999.000,9999.000,9999.000,9999.000,9999.000,9999.000
202603091354,  13.518,  13.756,9999.000,9999.000,9999.000,9999.000,9999.000,9999.000,9999.000
202603091400,  13.336,  13.585,  -0.100,   0.349,  13.585,  -0.200,  13.485,   0.000,  13.685
202603091406,  13.142,  13.385,9999.000,9999.000,9999.000,9999.000,9999.000,9999.000,9999.000
202603091412,  12.938,  13.165,9999.000,9999.000,9999.000,9999.000,9999.000,9999.000,9999.000
202603091418,  12.722,  12.955,9999.000,9999.000,9999.000,9999.000,9999.000,9999.000,9999.000
202603091424,  12.497,  12.726,9999.000,9999.000,9999.000,9999.000,9999.000,9999.000,9999.000
202603091430,  12.262,  12.506,9999.000,9999.000,9999.000,9999.000,9999.000,9999.000,9999.000
202603091436,  12.018,  12.267,9999.000,9999.000,9999.000,9999.000,9999.000,9999.000,9999.000
202603091442,  11.766,  12.037,9999.000,9999.000,9999.000,9999.000,9999.000,9999.000,9999.000
202603091448,  11.506,  11.778,9999.000,9999.000,9999.000,9999.000,9999.000,9999.000,9999.000
202603091454,  11.238,  11.525,9999.000,9999.000,9999.000,9999.000,9999.000,9999.000,9999.000
202603091500,  10.965,  11.247,  -0.100,   0.382,  11.247,  -0.200,  11.147,   0.000,  11.347
202603091506,  10.685,  10.978,9999.000,9999.000,9999.000,9999.000,9999.000,9999.000,9999.000
202603091512,  10.400,  10.686,9999.000,9999.000,9999.000,9999.000,9999.000,9999.000,9999.000
202603091518,  10.110,  10.407,9999.000,9999.000,9999.000,9999.000,9999.000,9999.000,9999.000
202603091524,   9.817,  10.108,9999.000,9999.000,9999.000,9999.000,9999.000,9999.000,9999.000
202603091530,   9.520,   9.817,9999.000,9999.000,9999.000,9999.000,9999.000,9999.000,9999.000
202603091536,   9.221,   9.528,9999.000,9999.000,9999.000,9999.000,9999.000,9999.000,9999.000
202603091542,   8.920,   9.236,9999.000,9999.000,9999.000,9999.000,9999.000,9999.000,9999.000
202603091548,   8.619,   8.937,9999.000,9999.000,9999.000,9999.000,9999.000,9999.000,9999.000
202603091554,   8.317,   8.636,9999.000,9999.000,9999.000,9999.000,9999.000,9999.000,9999.000
202603091600,   8.015,   8.347,  -0.200,   0.532,   8.347,  -0.200,   8.347,   0.000,   8.547
202603091606,   7.715,   8.049,9999.000,9999.000,9999.000,9999.000,9999.000,9999.000,9999.000
202603091612,   7.416,   7.757,9999.000,9999.000,9999.000,9999.000,9999.000,9999.000,9999.000
202603091618,   7.120,   7.458,9999.000,9999.000,9999.000,9999.000,9999.000,9999.000,9999.000
202603091624,   6.827,   7.166,9999.000,9999.000,9999.000,9999.000,9999.000,9999.000,9999.000
202603091630,   6.538,   6.887,9999.000,9999.000,9999.000,9999.000,9999.000,9999.000,9999.000
202603091636,   6.254,   6.609,9999.000,9999.000,9999.000,9999.000,9999.000,9999.000,9999.000
202603091642,   5.975,   6.307,9999.000,9999.000,9999.000,9999.000,9999.000,9999.000,9999.000
202603091648,   5.701,   6.038,9999.000,9999.000,9999.000,9999.000,9999.000,9999.000,9999.000
202603091654,   5.435,   5.769,9999.000,9999.000,9999.000,9999.000,9999.000,9999.000,9999.000
202603091700,   5.175,   5.516,  -0.200,   0.541,   5.516,  -0.300,   5.416,   0.000,   5.716
202603091706,   4.923,   5.247,9999.000,9999.000,9999.000,9999.000,9999.000,9999.000,9999.000
202603091712,   4.679,   5.018,9999.000,9999.000,9999.000,9999.000,9999.000,9999.000,9999.000
202603091718,   4.444,   4.778,9999.000,9999.000,9999.000,9999.000,9999.000,9999.000,9999.000
202603091724,   4.219,   4.578,9999.000,9999.000,9999.000,9999.000,9999.000,9999.000,9999.000
202603091730,   4.003,   4.378,9999.000,9999.000,9999.000,9999.000,9999.000,9999.000,9999.000
202603091736,   3.797,   4.159,9999.000,9999.000,9999.000,9999.000,9999.000,9999.000,9999.000
202603091742,   3.602,   3.958,9999.000,9999.000,9999.000,9999.000,9999.000,9999.000,9999.000
202603091748,   3.417,   3.808,9999.000,9999.000,9999.000,9999.000,9999.000,9999.000,9999.000
202603091754,   3.244,   3.660,9999.000,9999.000,9999.000,9999.000,9999.000,9999.000,9999.000
202603091800,   3.083,   3.499,  -0.100,   0.516,   3.499,  -0.200,   3.399,   0.000,   3.599
202603091806,   2.934,   3.329,9999.000,9999.000,9999.000,9999.000,9999.000,9999.000,9999.000
202603091812,   2.797,   3.188,9999.000,9999.000,9999.000,9999.000,9999.000,9999.000,9999.000
202603091818,   2.672,   3.079,9999.000,9999.000,9999.000,9999.000,9999.000,9999.000,9999.000
202603091824,   2.560,   2.948,9999.000,9999.000,9999.000,9999.000,9999.000,9999.000,9999.000
202603091830,   2.460,   2.840,9999.000,9999.000,9999.000,9999.000,9999.000,9999.000,9999.000
202603091836,   2.374,   2.758,9999.000,9999.000,9999.000,9999.000,9999.000,9999.000,9999.000
202603091842,   2.301,   2.709,9999.000,9999.000,9999.000,9999.000,9999.000,9999.000,9999.000
202603091848,   2.240,   2.640,9999.000,9999.000,9999.000,9999.000,9999.000,9999.000,9999.000
202603091854,   2.193,   2.578,9999.000,9999.000,9999.000,9999.000,9999.000,9999.000,9999.000
202603091900,   2.159,   2.519,  -0.100,   0.460,   2.519,  -0.200,   2.419,   0.000,   2.619
202603091906,   2.138,   2.528,9999.000,9999.000,9999.000,9999.000,9999.000,9999.000,9999.000
202603091912,   2.130,   2.519,9999.000,9999.000,9999.000,9999.000,9999.000,9999.000,9999.000
202603091918,   2.134,   2.538,9999.000,9999.000,9999.000,9999.000,9999.000,9999.000,9999.000
202603091924,   2.152,   2.548,9999.000,9999.000,9999.000,9999.000,9999.000,9999.000,9999.000
202603091930,   2.182,   2.578,9999.000,9999.000,9999.000,9999.000,9999.000,9999.000,9999.000
202603091936,   2.224,   2.610,9999.000,9999.000,9999.000,9999.000,9999.000,9999.000,9999.000
202603091942,   2.279,   2.630,9999.000,9999.000,9999.000,9999.000,9999.000,9999.000,9999.000
202603091948,   2.346,   2.640,9999.000,9999.000,9999.000,9999.000,9999.000,9999.000,9999.000
202603091954,   2.424,   2.728,9999.000,9999.000,9999.000,9999.000,9999.000,9999.000,9999.000
202603092000,   2.514,   2.840,  -0.100,   0.426,   2.840,  -0.200,   2.740,   0.000,   2.940
202603092006,   2.614,   2.938,9999.000,9999.000,9999.000,9999.000,9999.000,9999.000,9999.000
202603092012,   2.725,   3.040,9999.000,9999.000,9999.000,9999.000,9999.000,9999.000,9999.000
202603092018,   2.847,   3.129,9999.000,9999.000,9999.000,9999.000,9999.000,9999.000,9999.000
202603092024,   2.979,   3.250,9999.000,9999.000,9999.000,9999.000,9999.000,9999.000,9999.000
202603092030,   3.120,   3.398,9999.000,9999.000,9999.000,9999.000,9999.000,9999.000,9999.000
202603092036,   3.270,   3.558,9999.000,9999.000,9999.000,9999.000,9999.000,9999.000,9999.000
202603092042,   3.429,   3.719,9999.000,9999.000,9999.000,9999.000,9999.000,9999.000,9999.000
202603092048,   3.596,   3.880,9999.000,9999.000,9999.000,9999.000,9999.000,9999.000,9999.000
202603092054,   3.771,   4.008,9999.000,9999.000,9999.000,9999.000,9999.000,9999.000,9999.000
202603092100,   3.953,   4.168,  -0.100,   0.315,   4.168,  -0.200,   4.068,   0.000,   4.268
202603092106,   4.142,   4.349,9999.000,9999.000,9999.000,9999.000,9999.000,9999.000,9999.000
202603092112,   4.337,   4.529,9999.000,9999.000,9999.000,9999.000,9999.000,9999.000,9999.000
202603092118,   4.538,   4.729,9999.000,9999.000,9999.000,9999.000,9999.000,9999.000,9999.000
202603092124,   4.744,   4.939,9999.000,9999.000,9999.000,9999.000,9999.000,9999.000,9999.000
202603092130,   4.954,   5.149,9999.000,9999.000,9999.000,9999.000,9999.000,9999.000,9999.000
202603092136,   5.169,   5.359,9999.000,9999.000,9999.000,9999.000,9999.000,9999.000,9999.000
202603092142,   5.387,   5.539,9999.000,9999.000,9999.000,9999.000,9999.000,9999.000,9999.000
202603092148,   5.608,   5.769,9999.000,9999.000,9999.000,9999.000,9999.000,9999.000,9999.000
202603092154,   5.832,   5.999,9999.000,9999.000,9999.000,9999.000,9999.000,9999.000,9999.000
202603092200,   6.057,   6.248,  -0.100,   0.291,   6.248,  -0.200,   6.148,   0.000,   6.348
202603092206,   6.284,   6.468,9999.000,9999.000,9999.000,9999.000,9999.000,9999.000,9999.000
202603092212,   6.512,   6.668,9999.000,9999.000,9999.000,9999.000,9999.000,9999.000,9999.000
202603092218,   6.739,   6.868,9999.000,9999.000,9999.000,9999.000,9999.000,9999.000,9999.000
202603092224,   6.967,   7.097,9999.000,9999.000,9999.000,9999.000,9999.000,9999.000,9999.000
202603092230,   7.193,   7.337,9999.000,9999.000,9999.000,9999.000,9999.000,9999.000,9999.000
202603092236,   7.418,   7.527,9999.000,9999.000,9999.000,9999.000,9999.000,9999.000,9999.000
202603092242,   7.641,   7.737,9999.000,9999.000,9999.000,9999.000,9999.000,9999.000,9999.000
202603092248,   7.861,   7.947,9999.000,9999.000,9999.000,9999.000,9999.000,9999.000,9999.000
202603092254,   8.078,   8.147,9999.000,9999.000,9999.000,9999.000,9999.000,9999.000,9999.000
202603092300,   8.292,   8.347,  -0.100,   0.155,   8.347,  -0.200,   8.247,   0.000,   8.447
202603092306,   8.501,   8.557,9999.000,9999.000,9999.000,9999.000,9999.000,9999.000,9999.000
202603092312,   8.706,   8.777,9999.000,9999.000,9999.000,9999.000,9999.000,9999.000,9999.000
202603092318,   8.906,   9.006,9999.000,9999.000,9999.000,9999.000,9999.000,9999.000,9999.000
202603092324,   9.100,   9.187,9999.000,9999.000,9999.000,9999.000,9999.000,9999.000,9999.000
202603092330,   9.288,   9.357,9999.000,9999.000,9999.000,9999.000,9999.000,9999.000,9999.000
202603092336,   9.470,   9.528,9999.000,9999.000,9999.000,9999.000,9999.000,9999.000,9999.000
202603092342,   9.645,   9.728,9999.000,9999.000,9999.000,9999.000,9999.000,9999.000,9999.000
202603092348,   9.813,   9.928,9999.000,9999.000,9999.000,9999.000,9999.000,9999.000,9999.000
202603092354,   9.973,  10.892,9999.000,9999.000,9999.000,9999.000,9999.000,9999.000,9999.000
202603100000,  10.125,  10.217,   0.000,   0.092,  10.217,  -0.100,  10.117,   0.000,  10.217
202603100006,  10.269,  10.348,9999.000,9999.000,9999.000,9999.000,9999.000,9999.000,9999.000
202603100012,  10.404,  10.486,9999.000,9999.000,9999.000,9999.000,9999.000,9999.000,9999.000
202603100018,  10.530,  10.646,9999.000,9999.000,9999.000,9999.000,9999.000,9999.000,9999.000
202603100024,  10.647,  10.778,9999.000,9999.000,9999.000,9999.000,9999.000,9999.000,9999.000
202603100030,  10.754,  10.896,9999.000,9999.000,9999.000,9999.000,9999.000,9999.000,9999.000
202603100036,  10.852,  10.968,9999.000,9999.000,9999.000,9999.000,9999.000,9999.000,9999.000
202603100042,  10.939,  11.066,9999.000,9999.000,9999.000,9999.000,9999.000,9999.000,9999.000
202603100048,  11.017,  11.148,9999.000,9999.000,9999.000,9999.000,9999.000,9999.000,9999.000
202603100054,  11.085,  11.227,9999.000,9999.000,9999.000,9999.000,9999.000,9999.000,9999.000
202603100100,  11.142,  11.315,   0.000,   0.173,  11.315,  -0.100,  11.215,   0.000,  11.315
202603100106,  11.188,  11.378,9999.000,9999.000,9999.000,9999.000,9999.000,9999.000,9999.000
202603100112,  11.224,  11.407,9999.000,9999.000,9999.000,9999.000,9999.000,9999.000,9999.000
202603100118,  11.250,  11.417,9999.000,9999.000,9999.000,9999.000,9999.000,9999.000,9999.000
202603100124,  11.265,  11.427,9999.000,9999.000,9999.000,9999.000,9999.000,9999.000,9999.000
202603100130,  11.270,  11.457,9999.000,9999.000,9999.000,9999.000,9999.000,9999.000,9999.000
202603100136,  11.264,  11.466,9999.000,9999.000,9999.000,9999.000,9999.000,9999.000,9999.000
202603100142,  11.247,  11.457,9999.000,9999.000,9999.000,9999.000,9999.000,9999.000,9999.000
202603100148,  11.221,  11.427,9999.000,9999.000,9999.000,9999.000,9999.000,9999.000,9999.000
202603100154,  11.184,  11.378,9999.000,9999.000,9999.000,9999.000,9999.000,9999.000,9999.000
202603100200,  11.137,  11.315,   0.000,   0.178,  11.315,  -0.100,  11.215,   0.000,  11.315
202603100206,  11.080,  11.286,9999.000,9999.000,9999.000,9999.000,9999.000,9999.000,9999.000
202603100212,  11.014,  11.247,9999.000,9999.000,9999.000,9999.000,9999.000,9999.000,9999.000
202603100218,  10.939,  11.207,9999.000,9999.000,9999.000,9999.000,9999.000,9999.000,9999.000
202603100224,  10.854,  11.115,9999.000,9999.000,9999.000,9999.000,9999.000,9999.000,9999.000
202603100230,  10.761,  11.017,9999.000,9999.000,9999.000,9999.000,9999.000,9999.000,9999.000
202603100236,  10.660,  10.905,9999.000,9999.000,9999.000,9999.000,9999.000,9999.000,9999.000
202603100242,  10.550,  10.787,9999.000,9999.000,9999.000,9999.000,9999.000,9999.000,9999.000
202603100248,  10.433,  10.686,9999.000,9999.000,9999.000,9999.000,9999.000,9999.000,9999.000
202603100254,  10.308,  10.577,9999.000,9999.000,9999.000,9999.000,9999.000,9999.000,9999.000
202603100300,  10.176,  10.466,  -0.100,   0.390,  10.466,  -0.200,  10.366,  -0.100,  10.466
202603100306,  10.039,  10.328,9999.000,9999.000,9999.000,9999.000,9999.000,9999.000,9999.000
202603100312,   9.895,  10.177,9999.000,9999.000,9999.000,9999.000,9999.000,9999.000,9999.000
202603100318,   9.745,  10.036,9999.000,9999.000,9999.000,9999.000,9999.000,9999.000,9999.000
202603100324,   9.591,   9.899,9999.000,9999.000,9999.000,9999.000,9999.000,9999.000,9999.000
202603100330,   9.432,   9.757,9999.000,9999.000,9999.000,9999.000,9999.000,9999.000,9999.000
202603100336,   9.269,   9.607,9999.000,9999.000,9999.000,9999.000,9999.000,9999.000,9999.000
202603100342,   9.103,   9.456,9999.000,9999.000,9999.000,9999.000,9999.000,9999.000,9999.000
202603100348,   8.934,   9.279,9999.000,9999.000,9999.000,9999.000,9999.000,9999.000,9999.000
202603100354,   8.763,   9.088,9999.000,9999.000,9999.000,9999.000,9999.000,9999.000,9999.000
202603100400,   8.590,   8.918,  -0.200,   0.528,   8.918,  -0.200,   8.918,  -0.100,   9.018
202603100406,   8.415,   8.747,9999.000,9999.000,9999.000,9999.000,9999.000,9999.000,9999.000
202603100412,   8.241,   8.577,9999.000,9999.000,9999.000,9999.000,9999.000,9999.000,9999.000
202603100418,   8.065,   8.406,9999.000,9999.000,9999.000,9999.000,9999.000,9999.000,9999.000
202603100424,   7.891,   8.239,9999.000,9999.000,9999.000,9999.000,9999.000,9999.000,9999.000
202603100430,   7.718,   8.078,9999.000,9999.000,9999.000,9999.000,9999.000,9999.000,9999.000
202603100436,   7.546,   7.927,9999.000,9999.000,9999.000,9999.000,9999.000,9999.000,9999.000
202603100442,   7.376,   7.757,9999.000,9999.000,9999.000,9999.000,9999.000,9999.000,9999.000
202603100448,   7.209,   7.586,9999.000,9999.000,9999.000,9999.000,9999.000,9999.000,9999.000
202603100454,   7.046,   7.429,9999.000,9999.000,9999.000,9999.000,9999.000,9999.000,9999.000
202603100500,   6.886,   7.268,  -0.200,   0.582,   7.268,  -0.300,   7.168,  -0.100,   7.368
202603100506,   6.731,   7.117,9999.000,9999.000,9999.000,9999.000,9999.000,9999.000,9999.000
202603100512,   6.580,   6.966,9999.000,9999.000,9999.000,9999.000,9999.000,9999.000,9999.000
202603100518,   6.435,   6.838,9999.000,9999.000,9999.000,9999.000,9999.000,9999.000,9999.000
202603100524,   6.296,   6.727,9999.000,9999.000,9999.000,9999.000,9999.000,9999.000,9999.000
202603100530,   6.163,   6.609,9999.000,9999.000,9999.000,9999.000,9999.000,9999.000,9999.000
202603100536,   6.036,   6.468,9999.000,9999.000,9999.000,9999.000,9999.000,9999.000,9999.000
202603100542,   5.917,   6.336,9999.000,9999.000,9999.000,9999.000,9999.000,9999.000,9999.000
202603100548,   5.806,   6.228,9999.000,9999.000,9999.000,9999.000,9999.000,9999.000,9999.000
202603100554,   5.702,   6.149,9999.000,9999.000,9999.000,9999.000,9999.000,9999.000,9999.000
202603100600,   5.606,   6.067,  -0.200,   0.661,   6.067,  -0.300,   5.967,  -0.100,   6.167
202603100606,   5.519,   5.979,9999.000,9999.000,9999.000,9999.000,9999.000,9999.000,9999.000
202603100612,   5.441,   5.917,9999.000,9999.000,9999.000,9999.000,9999.000,9999.000,9999.000
202603100618,   5.373,   5.858,9999.000,9999.000,9999.000,9999.000,9999.000,9999.000,9999.000
202603100624,   5.313,   5.799,9999.000,9999.000,9999.000,9999.000,9999.000,9999.000,9999.000
202603100630,   5.263,   5.730,9999.000,9999.000,9999.000,9999.000,9999.000,9999.000,9999.000
202603100636,   5.223,   5.677,9999.000,9999.000,9999.000,9999.000,9999.000,9999.000,9999.000
202603100642,   5.193,   5.677,9999.000,9999.000,9999.000,9999.000,9999.000,9999.000,9999.000
202603100648,   5.173,   5.667,9999.000,9999.000,9999.000,9999.000,9999.000,9999.000,9999.000
202603100654,   5.163,   5.667,9999.000,9999.000,9999.000,9999.000,9999.000,9999.000,9999.000
202603100700,   5.163,   5.667,  -0.200,   0.704,   5.667,  -0.300,   5.567,  -0.100,   5.767
202603100706,   5.174,   5.667,9999.000,9999.000,9999.000,9999.000,9999.000,9999.000,9999.000
202603100712,   5.195,   5.677,9999.000,9999.000,9999.000,9999.000,9999.000,9999.000,9999.000
202603100718,   5.226,   5.707,9999.000,9999.000,9999.000,9999.000,9999.000,9999.000,9999.000
202603100724,   5.268,   5.749,9999.000,9999.000,9999.000,9999.000,9999.000,9999.000,9999.000
202603100730,   5.319,   5.799,9999.000,9999.000,9999.000,9999.000,9999.000,9999.000,9999.000
202603100736,   5.381,   5.887,9999.000,9999.000,9999.000,9999.000,9999.000,9999.000,9999.000
202603100742,   5.453,   5.949,9999.000,9999.000,9999.000,9999.000,9999.000,9999.000,9999.000
202603100748,   5.534,   6.028,9999.000,9999.000,9999.000,9999.000,9999.000,9999.000,9999.000
202603100754,   5.625,   6.097,9999.000,9999.000,9999.000,9999.000,9999.000,9999.000,9999.000
202603100800,   5.726,   6.179,  -0.200,   0.653,   6.179,  -0.300,   6.079,  -0.100,   6.279
202603100806,   5.836,   6.287,9999.000,9999.000,9999.000,9999.000,9999.000,9999.000,9999.000
202603100812,   5.954,   6.418,9999.000,9999.000,9999.000,9999.000,9999.000,9999.000,9999.000
202603100818,   6.081,   6.537,9999.000,9999.000,9999.000,9999.000,9999.000,9999.000,9999.000
202603100824,   6.217,   6.658,9999.000,9999.000,9999.000,9999.000,9999.000,9999.000,9999.000
202603100830,   6.360,   6.789,9999.000,9999.000,9999.000,9999.000,9999.000,9999.000,9999.000
202603100836,   6.511,   6.947,9999.000,9999.000,9999.000,9999.000,9999.000,9999.000,9999.000
202603100842,   6.670,   7.097,9999.000,9999.000,9999.000,9999.000,9999.000,9999.000,9999.000
202603100848,   6.835,   7.248,9999.000,9999.000,9999.000,9999.000,9999.000,9999.000,9999.000
202603100854,   7.007,   7.399,9999.000,9999.000,9999.000,9999.000,9999.000,9999.000,9999.000
202603100900,   7.184,   7.557,  -0.200,   0.573,   7.557,  -0.300,   7.457,  -0.100,   7.657
202603100906,   7.368,   7.747,9999.000,9999.000,9999.000,9999.000,9999.000,9999.000,9999.000
202603100912,   7.556,   7.947,9999.000,9999.000,9999.000,9999.000,9999.000,9999.000,9999.000
202603100918,   7.749,   8.137,9999.000,9999.000,9999.000,9999.000,9999.000,9999.000,9999.000
202603100924,   7.947,   8.318,9999.000,9999.000,9999.000,9999.000,9999.000,9999.000,9999.000
202603100930,   8.148,   8.498,9999.000,9999.000,9999.000,9999.000,9999.000,9999.000,9999.000
202603100936,   8.352,   8.678,9999.000,9999.000,9999.000,9999.000,9999.000,9999.000,9999.000
202603100942,   8.559,   8.878,9999.000,9999.000,9999.000,9999.000,9999.000,9999.000,9999.000
202603100948,   8.769,   9.088,9999.000,9999.000,9999.000,9999.000,9999.000,9999.000,9999.000
202603100954,   8.980,   9.298,9999.000,9999.000,9999.000,9999.000,9999.000,9999.000,9999.000
202603101000,   9.192,   9.508,  -0.200,   0.516,   9.508,  -0.300,   9.408,  -0.100,   9.608
202603101006,   9.405,   9.718,9999.000,9999.000,9999.000,9999.000,9999.000,9999.000,9999.000
202603101012,   9.617,   9.908,9999.000,9999.000,9999.000,9999.000,9999.000,9999.000,9999.000
202603101018,   9.830,  10.118,9999.000,9999.000,9999.000,9999.000,9999.000,9999.000,9999.000
202603101024,  10.041,  10.305,9999.000,9999.000,9999.000,9999.000,9999.000,9999.000,9999.000
202603101030,  10.251,  10.505,9999.000,9999.000,9999.000,9999.000,9999.000,9999.000,9999.000
202603101036,  10.459,  10.715,9999.000,9999.000,9999.000,9999.000,9999.000,9999.000,9999.000
202603101042,  10.665,  10.925,9999.000,9999.000,9999.000,9999.000,9999.000,9999.000,9999.000
202603101048,  10.867,  11.125,9999.000,9999.000,9999.000,9999.000,9999.000,9999.000,9999.000
202603101054,  11.066,  11.306,9999.000,9999.000,9999.000,9999.000,9999.000,9999.000,9999.000
202603101100,  11.261,  11.486,  -0.200,   0.425,  11.486,  -0.300,  11.386,  -0.100,  11.586
202603101106,  11.451,  11.666,9999.000,9999.000,9999.000,9999.000,9999.000,9999.000,9999.000
202603101112,  11.636,  11.847,9999.000,9999.000,9999.000,9999.000,9999.000,9999.000,9999.000
202603101118,  11.816,  12.017,9999.000,9999.000,9999.000,9999.000,9999.000,9999.000,9999.000
202603101124,  11.989,  12.188,9999.000,9999.000,9999.000,9999.000,9999.000,9999.000,9999.000
202603101130,  12.157,  12.355,9999.000,9999.000,9999.000,9999.000,9999.000,9999.000,9999.000
202603101136,  12.317,  12.536,9999.000,9999.000,9999.000,9999.000,9999.000,9999.000,9999.000
202603101142,  12.470,  12.687,9999.000,9999.000,9999.000,9999.000,9999.000,9999.000,9999.000
202603101148,  12.616,  12.837,9999.000,9999.000,9999.000,9999.000,9999.000,9999.000,9999.000
202603101154,  12.753,  12.975,9999.000,9999.000,9999.000,9999.000,9999.000,9999.000,9999.000
202603101200,  12.882,  13.106,   0.000,   0.224,  13.106,   0.000,  13.106,   0.000,  13.106
202603101206,  13.002,  13.228,9999.000,9999.000,9999.000,9999.000,9999.000,9999.000,9999.000
202603101212,  13.113,  13.336,9999.000,9999.000,9999.000,9999.000,9999.000,9999.000,9999.000
202603101218,  13.215,  13.438,9999.000,9999.000,9999.000,9999.000,9999.000,9999.000,9999.000
202603101224,  13.307,  13.536,9999.000,9999.000,9999.000,9999.000,9999.000,9999.000,9999.000
202603101230,  13.389,  13.605,9999.000,9999.000,9999.000,9999.000,9999.000,9999.000,9999.000
202603101236,  13.461,  13.677,9999.000,9999.000,9999.000,9999.000,9999.000,9999.000,9999.000
202603101242,  13.523,  13.756,9999.000,9999.000,9999.000,9999.000,9999.000,9999.000,9999.000
202603101248,  13.574,  13.815,9999.000,9999.000,9999.000,9999.000,9999.000,9999.000,9999.000
202603101254,  13.614,  13.857,9999.000,9999.000,9999.000,9999.000,9999.000,9999.000,9999.000
202603101300,  13.643,  13.897,   0.000,   0.254,  13.897,   0.000,  13.897,   0.000,  13.897
202603101306,  13.662,  13.926,9999.000,9999.000,9999.000,9999.000,9999.000,9999.000,9999.000
202603101312,  13.669,  13.956,9999.000,9999.000,9999.000,9999.000,9999.000,9999.000,9999.000
202603101318,  13.665,  13.956,9999.000,9999.000,9999.000,9999.000,9999.000,9999.000,9999.000
202603101324,  13.650,  13.946,9999.000,9999.000,9999.000,9999.000,9999.000,9999.000,9999.000
202603101330,  13.624,  13.926,9999.000,9999.000,9999.000,9999.000,9999.000,9999.000,9999.000
202603101336,  13.586,  13.897,9999.000,9999.000,9999.000,9999.000,9999.000,9999.000,9999.000
202603101342,  13.538,  13.844,9999.000,9999.000,9999.000,9999.000,9999.000,9999.000,9999.000
202603101348,  13.478,  13.785,9999.000,9999.000,9999.000,9999.000,9999.000,9999.000,9999.000
202603101354,  13.408,  13.716,9999.000,9999.000,9999.000,9999.000,9999.000,9999.000,9999.000
202603101400,  13.327,  13.657,   0.000,   0.330,  13.657,   0.000,  13.657,   0.000,  13.657
202603101406,  13.235,  13.556,9999.000,9999.000,9999.000,9999.000,9999.000,9999.000,9999.000
202603101412,  13.133,  13.447,9999.000,9999.000,9999.000,9999.000,9999.000,9999.000,9999.000
202603101418,  13.020,  13.336,9999.000,9999.000,9999.000,9999.000,9999.000,9999.000,9999.000
202603101424,  12.898,  13.247,9999.000,9999.000,9999.000,9999.000,9999.000,9999.000,9999.000
202603101430,  12.766,  13.126,9999.000,9999.000,9999.000,9999.000,9999.000,9999.000,9999.000
202603101436,  12.624,  12.975,9999.000,9999.000,9999.000,9999.000,9999.000,9999.000,9999.000
202603101442,  12.473,  12.828,9999.000,9999.000,9999.000,9999.000,9999.000,9999.000,9999.000
202603101448,  12.314,  12.687,9999.000,9999.000,9999.000,9999.000,9999.000,9999.000,9999.000
202603101454,  12.146,  12.536,9999.000,9999.000,9999.000,9999.000,9999.000,9999.000,9999.000
202603101500,  11.969,  12.385,   0.000,   0.416,  12.385,  -0.100,  12.285,   0.000,  12.385
202603101506,  11.786,  12.198,9999.000,9999.000,9999.000,9999.000,9999.000,9999.000,9999.000
202603101512,  11.594,  12.027,9999.000,9999.000,9999.000,9999.000,9999.000,9999.000,9999.000
202603101518,  11.396,  11.827,9999.000,9999.000,9999.000,9999.000,9999.000,9999.000,9999.000
202603101524,  11.192,  11.617,9999.000,9999.000,9999.000,9999.000,9999.000,9999.000,9999.000
202603101530,  10.982,  11.397,9999.000,9999.000,9999.000,9999.000,9999.000,9999.000,9999.000
202603101536,  10.766,  11.197,9999.000,9999.000,9999.000,9999.000,9999.000,9999.000,9999.000
202603101542,  10.545,  10.968,9999.000,9999.000,9999.000,9999.000,9999.000,9999.000,9999.000
202603101548,  10.320,  10.748,9999.000,9999.000,9999.000,9999.000,9999.000,9999.000,9999.000
202603101554,  10.090,  10.505,9999.000,9999.000,9999.000,9999.000,9999.000,9999.000,9999.000
202603101600,   9.858,  10.286,  -0.100,   0.528,  10.286,  -0.100,  10.286,   0.000,  10.386
202603101606,   9.622,  10.056,9999.000,9999.000,9999.000,9999.000,9999.000,9999.000,9999.000
202603101612,   9.384,   9.826,9999.000,9999.000,9999.000,9999.000,9999.000,9999.000,9999.000
202603101618,   9.144,   9.597,9999.000,9999.000,9999.000,9999.000,9999.000,9999.000,9999.000
202603101624,   8.902,   9.357,9999.000,9999.000,9999.000,9999.000,9999.000,9999.000,9999.000
202603101630,   8.660,   9.108,9999.000,9999.000,9999.000,9999.000,9999.000,9999.000,9999.000
202603101636,   8.418,   8.846,9999.000,9999.000,9999.000,9999.000,9999.000,9999.000,9999.000
202603101642,   8.176,   8.616,9999.000,9999.000,9999.000,9999.000,9999.000,9999.000,9999.000
202603101648,   7.934,   8.377,9999.000,9999.000,9999.000,9999.000,9999.000,9999.000,9999.000
202603101654,   7.695,   8.147,9999.000,9999.000,9999.000,9999.000,9999.000,9999.000,9999.000
202603101700,   7.456,   7.888,  -0.100,   0.532,   7.888,  -0.100,   7.888,   0.000,   7.988
202603101706,   7.221,   7.648,9999.000,9999.000,9999.000,9999.000,9999.000,9999.000,9999.000
202603101712,   6.988,   7.429,9999.000,9999.000,9999.000,9999.000,9999.000,9999.000,9999.000
202603101718,   6.758,   7.209,9999.000,9999.000,9999.000,9999.000,9999.000,9999.000,9999.000
202603101724,   6.533,   6.989,9999.000,9999.000,9999.000,9999.000,9999.000,9999.000,9999.000
202603101730,   6.311,   6.756,9999.000,9999.000,9999.000,9999.000,9999.000,9999.000,9999.000
202603101736,   6.095,   6.546,9999.000,9999.000,9999.000,9999.000,9999.000,9999.000,9999.000
202603101742,   5.884,   6.327,9999.000,9999.000,9999.000,9999.000,9999.000,9999.000,9999.000
202603101748,   5.678,   6.117,9999.000,9999.000,9999.000,9999.000,9999.000,9999.000,9999.000
202603101754,   5.478,   5.917,9999.000,9999.000,9999.000,9999.000,9999.000,9999.000,9999.000
202603101800,   5.285,   5.717,   0.000,   0.432,   5.717,   0.000,   5.717,   0.000,   5.717
202603101806,   5.099,   5.530,9999.000,9999.000,9999.000,9999.000,9999.000,9999.000,9999.000
202603101812,   4.920,   5.329,9999.000,9999.000,9999.000,9999.000,9999.000,9999.000,9999.000
202603101818,   4.748,   5.139,9999.000,9999.000,9999.000,9999.000,9999.000,9999.000,9999.000
202603101824,   4.585,   4.979,9999.000,9999.000,9999.000,9999.000,9999.000,9999.000,9999.000
202603101830,   4.429,   4.857,9999.000,9999.000,9999.000,9999.000,9999.000,9999.000,9999.000
202603101836,   4.282,   4.710,9999.000,9999.000,9999.000,9999.000,9999.000,9999.000,9999.000
202603101842,   4.143,   4.578,9999.000,9999.000,9999.000,9999.000,9999.000,9999.000,9999.000
202603101848,   4.013,   4.437,9999.000,9999.000,9999.000,9999.000,9999.000,9999.000,9999.000
202603101854,   3.893,   4.309,9999.000,9999.000,9999.000,9999.000,9999.000,9999.000,9999.000
202603101900,   3.781,   4.198,   0.000,   0.417,   4.198,   0.000,   4.198,   0.000,   4.198
202603101906,   3.679,   4.080,9999.000,9999.000,9999.000,9999.000,9999.000,9999.000,9999.000
202603101912,   3.586,   3.978,9999.000,9999.000,9999.000,9999.000,9999.000,9999.000,9999.000
202603101918,   3.503,   3.890,9999.000,9999.000,9999.000,9999.000,9999.000,9999.000,9999.000
202603101924,   3.430,   3.827,9999.000,9999.000,9999.000,9999.000,9999.000,9999.000,9999.000
202603101930,   3.367,   3.758,9999.000,9999.000,9999.000,9999.000,9999.000,9999.000,9999.000
202603101936,   3.313,   3.689,9999.000,9999.000,9999.000,9999.000,9999.000,9999.000,9999.000
202603101942,   3.269,   3.627,9999.000,9999.000,9999.000,9999.000,9999.000,9999.000,9999.000
202603101948,   3.235,   3.578,9999.000,9999.000,9999.000,9999.000,9999.000,9999.000,9999.000
202603101954,   3.211,   3.548,9999.000,9999.000,9999.000,9999.000,9999.000,9999.000,9999.000
202603102000,   3.196,   3.529,   0.000,   0.333,   3.529,   0.000,   3.529,   0.000,   3.529
202603102006,   3.191,   3.539,9999.000,9999.000,9999.000,9999.000,9999.000,9999.000,9999.000
202603102012,   3.196,   3.519,9999.000,9999.000,9999.000,9999.000,9999.000,9999.000,9999.000
202603102018,   3.210,   3.539,9999.000,9999.000,9999.000,9999.000,9999.000,9999.000,9999.000
202603102024,   3.233,   3.539,9999.000,9999.000,9999.000,9999.000,9999.000,9999.000,9999.000
202603102030,   3.266,   3.548,9999.000,9999.000,9999.000,9999.000,9999.000,9999.000,9999.000
202603102036,   3.307,   3.578,9999.000,9999.000,9999.000,9999.000,9999.000,9999.000,9999.000
202603102042,   3.357,   3.617,9999.000,9999.000,9999.000,9999.000,9999.000,9999.000,9999.000
202603102048,   3.416,   3.680,9999.000,9999.000,9999.000,9999.000,9999.000,9999.000,9999.000
202603102054,   3.483,   3.739,9999.000,9999.000,9999.000,9999.000,9999.000,9999.000,9999.000
202603102100,   3.558,   3.788,   0.000,   0.230,   3.788,   0.000,   3.788,   0.100,   3.888
202603102106,   3.641,   3.847,9999.000,9999.000,9999.000,9999.000,9999.000,9999.000,9999.000
202603102112,   3.732,   3.929,9999.000,9999.000,9999.000,9999.000,9999.000,9999.000,9999.000
202603102118,   3.830,   4.027,9999.000,9999.000,9999.000,9999.000,9999.000,9999.000,9999.000
202603102124,   3.934,   4.119,9999.000,9999.000,9999.000,9999.000,9999.000,9999.000,9999.000
202603102130,   4.046,   4.227,9999.000,9999.000,9999.000,9999.000,9999.000,9999.000,9999.000
202603102136,   4.163,   4.329,9999.000,9999.000,9999.000,9999.000,9999.000,9999.000,9999.000
202603102142,   4.287,   4.447,9999.000,9999.000,9999.000,9999.000,9999.000,9999.000,9999.000
202603102148,   4.416,   4.559,9999.000,9999.000,9999.000,9999.000,9999.000,9999.000,9999.000
202603102154,   4.551,   4.710,9999.000,9999.000,9999.000,9999.000,9999.000,9999.000,9999.000
202603102200,   4.690,   4.847,   0.000,   0.157,   4.847,   0.000,   4.847,   0.100,   4.947
202603102206,   4.834,   4.988,9999.000,9999.000,9999.000,9999.000,9999.000,9999.000,9999.000
202603102212,   4.983,   5.110,9999.000,9999.000,9999.000,9999.000,9999.000,9999.000,9999.000
202603102218,   5.134,   5.238,9999.000,9999.000,9999.000,9999.000,9999.000,9999.000,9999.000
202603102224,   5.290,   5.389,9999.000,9999.000,9999.000,9999.000,9999.000,9999.000,9999.000
202603102230,   5.448,   5.559,9999.000,9999.000,9999.000,9999.000,9999.000,9999.000,9999.000
202603102236,   5.609,   5.739,9999.000,9999.000,9999.000,9999.000,9999.000,9999.000,9999.000
202603102242,   5.772,   5.907,9999.000,9999.000,9999.000,9999.000,9999.000,9999.000,9999.000
202603102248,   5.937,   6.067,9999.000,9999.000,9999.000,9999.000,9999.000,9999.000,9999.000
202603102254,   6.103,   6.218,9999.000,9999.000,9999.000,9999.000,9999.000,9999.000,9999.000
202603102300,   6.270,   6.389,   0.100,   0.019,   6.389,   0.000,   6.289,   0.100,   6.389
202603102306,   6.438,   6.569,9999.000,9999.000,9999.000,9999.000,9999.000,9999.000,9999.000
202603102312,   6.606,   6.737,9999.000,9999.000,9999.000,9999.000,9999.000,9999.000,9999.000
202603102318,   6.774,   6.887,9999.000,9999.000,9999.000,9999.000,9999.000,9999.000,9999.000
202603102324,   6.941,   7.038,9999.000,9999.000,9999.000,9999.000,9999.000,9999.000,9999.000
202603102330,   7.107,   7.209,9999.000,9999.000,9999.000,9999.000,9999.000,9999.000,9999.000
202603102336,   7.272,   7.386,9999.000,9999.000,9999.000,9999.000,9999.000,9999.000,9999.000
202603102342,   7.435,   7.547,9999.000,9999.000,9999.000,9999.000,9999.000,9999.000,9999.000
202603102348,   7.596,   7.707,9999.000,9999.000,9999.000,9999.000,9999.000,9999.000,9999.000
202603102354,   7.754,   8.803,9999.000,9999.000,9999.000,9999.000,9999.000,9999.000,9999.000
202603110000,   7.909,   8.029,   0.100,   0.020,   8.029,   0.000,   7.929,   0.100,   8.029
202603110006,   8.061,   8.167,9999.000,9999.000,9999.000,9999.000,9999.000,9999.000,9999.000
202603110012,   8.210,   8.337,9999.000,9999.000,9999.000,9999.000,9999.000,9999.000,9999.000
202603110018,   8.355,   8.498,9999.000,9999.000,9999.000,9999.000,9999.000,9999.000,9999.000
202603110024,   8.495,   8.669,9999.000,9999.000,9999.000,9999.000,9999.000,9999.000,9999.000
202603110030,   8.631,   8.806,9999.000,9999.000,9999.000,9999.000,9999.000,9999.000,9999.000
202603110036,   8.763,   8.937,9999.000,9999.000,9999.000,9999.000,9999.000,9999.000,9999.000
202603110042,   8.889,   9.056,9999.000,9999.000,9999.000,9999.000,9999.000,9999.000,9999.000
202603110048,   9.010,   9.187,9999.000,9999.000,9999.000,9999.000,9999.000,9999.000,9999.000
202603110054,   9.125,   9.308,9999.000,9999.000,9999.000,9999.000,9999.000,9999.000,9999.000
202603110100,   9.234,   9.426,   0.100,   0.092,   9.426,   0.000,   9.326,   0.100,   9.426
202603110106,   9.337,   9.518,9999.000,9999.000,9999.000,9999.000,9999.000,9999.000,9999.000
202603110112,   9.434,   9.597,9999.000,9999.000,9999.000,9999.000,9999.000,9999.000,9999.000
202603110118,   9.524,   9.698,9999.000,9999.000,9999.000,9999.000,9999.000,9999.000,9999.000
202603110124,   9.608,   9.777,9999.000,9999.000,9999.000,9999.000,9999.000,9999.000,9999.000
202603110130,   9.685,   9.856,9999.000,9999.000,9999.000,9999.000,9999.000,9999.000,9999.000
202603110136,   9.755,   9.938,9999.000,9999.000,9999.000,9999.000,9999.000,9999.000,9999.000
202603110142,   9.819,   9.997,9999.000,9999.000,9999.000,9999.000,9999.000,9999.000,9999.000
202603110148,   9.874,  10.066,9999.000,9999.000,9999.000,9999.000,9999.000,9999.000,9999.000
202603110154,   9.923,  10.118,9999.000,9999.000,9999.000,9999.000,9999.000,9999.000,9999.000
202603110200,   9.965,  10.167,   0.000,   0.202,  10.167,   0.000,  10.167,   0.000,  10.167
202603110206,   9.999,  10.197,9999.000,9999.000,9999.000,9999.000,9999.000,9999.000,9999.000
202603110212,  10.026,  10.227,9999.000,9999.000,9999.000,9999.000,9999.000,9999.000,9999.000
202603110218,  10.045,  10.236,9999.000,9999.000,9999.000,9999.000,9999.000,9999.000,9999.000
202603110224,  10.058,  10.246,9999.000,9999.000,9999.000,9999.000,9999.000,9999.000,9999.000
202603110230,  10.063,  10.256,9999.000,9999.000,9999.000,9999.000,9999.000,9999.000,9999.000
202603110236,  10.060,  10.256,9999.000,9999.000,9999.000,9999.000,9999.000,9999.000,9999.000
202603110242,  10.051,  10.246,9999.000,9999.000,9999.000,9999.000,9999.000,9999.000,9999.000
202603110248,  10.035,  10.236,9999.000,9999.000,9999.000,9999.000,9999.000,9999.000,9999.000
202603110254,  10.012,  10.207,9999.000,9999.000,9999.000,9999.000,9999.000,9999.000,9999.000
202603110300,   9.982,  10.167,   0.000,   0.185,  10.167,   0.000,  10.167,   0.000,  10.167
202603110306,   9.946,  10.138,9999.000,9999.000,9999.000,9999.000,9999.000,9999.000,9999.000
202603110312,   9.903,  10.108,9999.000,9999.000,9999.000,9999.000,9999.000,9999.000,9999.000
202603110318,   9.854,  10.066,9999.000,9999.000,9999.000,9999.000,9999.000,9999.000,9999.000
202603110324,   9.799,  10.007,9999.000,9999.000,9999.000,9999.000,9999.000,9999.000,9999.000
202603110330,   9.739,   9.938,9999.000,9999.000,9999.000,9999.000,9999.000,9999.000,9999.000
202603110336,   9.673,   9.866,9999.000,9999.000,9999.000,9999.000,9999.000,9999.000,9999.000
202603110342,   9.602,   9.807,9999.000,9999.000,9999.000,9999.000,9999.000,9999.000,9999.000
202603110348,   9.526,   9.728,9999.000,9999.000,9999.000,9999.000,9999.000,9999.000,9999.000
202603110354,   9.445,   9.646,9999.000,9999.000,9999.000,9999.000,9999.000,9999.000,9999.000
202603110400,   9.360,   9.557,   0.000,   0.197,   9.557,   0.000,   9.557,   0.000,   9.557
202603110406,   9.271,   9.466,9999.000,9999.000,9999.000,9999.000,9999.000,9999.000,9999.000
202603110412,   9.179,   9.377,9999.000,9999.000,9999.000,9999.000,9999.000,9999.000,9999.000
202603110418,   9.083,   9.279,9999.000,9999.000,9999.000,9999.000,9999.000,9999.000,9999.000
202603110424,   8.984,   9.187,9999.000,9999.000,9999.000,9999.000,9999.000,9999.000,9999.000
202603110430,   8.882,   9.098,9999.000,9999.000,9999.000,9999.000,9999.000,9999.000,9999.000
202603110436,   8.779,   8.997,9999.000,9999.000,9999.000,9999.000,9999.000,9999.000,9999.000
202603110442,   8.673,   8.898,9999.000,9999.000,9999.000,9999.000,9999.000,9999.000,9999.000
202603110448,   8.566,   8.777,9999.000,9999.000,9999.000,9999.000,9999.000,9999.000,9999.000
202603110454,   8.458,   8.659,9999.000,9999.000,9999.000,9999.000,9999.000,9999.000,9999.000
202603110500,   8.350,   8.547,   0.000,   0.197,   8.547,  -0.100,   8.447,   0.000,   8.547
202603110506,   8.241,   8.449,9999.000,9999.000,9999.000,9999.000,9999.000,9999.000,9999.000
202603110512,   8.132,   8.337,9999.000,9999.000,9999.000,9999.000,9999.000,9999.000,9999.000
202603110518,   8.023,   8.229,9999.000,9999.000,9999.000,9999.000,9999.000,9999.000,9999.000
202603110524,   7.915,   8.117,9999.000,9999.000,9999.000,9999.000,9999.000,9999.000,9999.000
202603110530,   7.809,   8.016,9999.000,9999.000,9999.000,9999.000,9999.000,9999.000,9999.000
202603110536,   7.704,   7.908,9999.000,9999.000,9999.000,9999.000,9999.000,9999.000,9999.000
202603110542,   7.601,   7.796,9999.000,9999.000,9999.000,9999.000,9999.000,9999.000,9999.000
202603110548,   7.501,   7.698,9999.000,9999.000,9999.000,9999.000,9999.000,9999.000,9999.000
202603110554,   7.403,   7.609,9999.000,9999.000,9999.000,9999.000,9999.000,9999.000,9999.000
202603110600,   7.308,   7.527,  -0.100,   0.319,   7.527,  -0.200,   7.427,   0.000,   7.627
202603110606,   7.217,   7.439,9999.000,9999.000,9999.000,9999.000,9999.000,9999.000,9999.000
202603110612,   7.129,   7.357,9999.000,9999.000,9999.000,9999.000,9999.000,9999.000,9999.000
202603110618,   7.045,   7.278,9999.000,9999.000,9999.000,9999.000,9999.000,9999.000,9999.000
202603110624,   6.966,   7.189,9999.000,9999.000,9999.000,9999.000,9999.000,9999.000,9999.000
202603110630,   6.891,   7.097,9999.000,9999.000,9999.000,9999.000,9999.000,9999.000,9999.000
202603110636,   6.822,   7.009,9999.000,9999.000,9999.000,9999.000,9999.000,9999.000,9999.000
202603110642,   6.757,   6.937,9999.000,9999.000,9999.000,9999.000,9999.000,9999.000,9999.000
202603110648,   6.698,   6.868,9999.000,9999.000,9999.000,9999.000,9999.000,9999.000,9999.000
202603110654,   6.644,   6.838,9999.000,9999.000,9999.000,9999.000,9999.000,9999.000,9999.000
202603110700,   6.596,   6.789,  -0.100,   0.293,   6.789,  -0.200,   6.689,  -0.100,   6.789
202603110706,   6.555,   6.756,9999.000,9999.000,9999.000,9999.000,9999.000,9999.000,9999.000
202603110712,   6.519,   6.717,9999.000,9999.000,9999.000,9999.000,9999.000,9999.000,9999.000
202603110718,   6.490,   6.678,9999.000,9999.000,9999.000,9999.000,9999.000,9999.000,9999.000
202603110724,   6.467,   6.648,9999.000,9999.000,9999.000,9999.000,9999.000,9999.000,9999.000
202603110730,   6.452,   6.628,9999.000,9999.000,9999.000,9999.000,9999.000,9999.000,9999.000
202603110736,   6.442,   6.628,9999.000,9999.000,9999.000,9999.000,9999.000,9999.000,9999.000
202603110742,   6.440,   6.658,9999.000,9999.000,9999.000,9999.000,9999.000,9999.000,9999.000
202603110748,   6.445,   6.687,9999.000,9999.000,9999.000,9999.000,9999.000,9999.000,9999.000
202603110754,   6.456,   6.687,9999.000,9999.000,9999.000,9999.000,9999.000,9999.000,9999.000
202603110800,   6.475,   6.678,  -0.100,   0.303,   6.678,  -0.200,   6.578,  -0.100,   6.678
202603110806,   6.500,   6.697,9999.000,9999.000,9999.000,9999.000,9999.000,9999.000,9999.000
202603110812,   6.533,   6.737,9999.000,9999.000,9999.000,9999.000,9999.000,9999.000,9999.000
202603110818,   6.572,   6.799,9999.000,9999.000,9999.000,9999.000,9999.000,9999.000,9999.000
202603110824,   6.618,   6.838,9999.000,9999.000,9999.000,9999.000,9999.000,9999.000,9999.000
202603110830,   6.671,   6.907,9999.000,9999.000,9999.000,9999.000,9999.000,9999.000,9999.000
202603110836,   6.731,   6.956,9999.000,9999.000,9999.000,9999.000,9999.000,9999.000,9999.000
202603110842,   6.798,   7.029,9999.000,9999.000,9999.000,9999.000,9999.000,9999.000,9999.000
202603110848,   6.871,   7.078,9999.000,9999.000,9999.000,9999.000,9999.000,9999.000,9999.000
202603110854,   6.950,   7.156,9999.000,9999.000,9999.000,9999.000,9999.000,9999.000,9999.000
202603110900,   7.035,   7.258,  -0.200,   0.423,   7.258,  -0.200,   7.258,  -0.100,   7.358
202603110906,   7.127,   7.347,9999.000,9999.000,9999.000,9999.000,9999.000,9999.000,9999.000
202603110912,   7.224,   7.458,9999.000,9999.000,9999.000,9999.000,9999.000,9999.000,9999.000
202603110918,   7.327,   7.547,9999.000,9999.000,9999.000,9999.000,9999.000,9999.000,9999.000
202603110924,   7.435,   7.658,9999.000,9999.000,9999.000,9999.000,9999.000,9999.000,9999.000
202603110930,   7.548,   7.747,9999.000,9999.000,9999.000,9999.000,9999.000,9999.000,9999.000
202603110936,   7.666,   7.878,9999.000,9999.000,9999.000,9999.000,9999.000,9999.000,9999.000
202603110942,   7.789,   7.996,9999.000,9999.000,9999.000,9999.000,9999.000,9999.000,9999.000
202603110948,   7.916,   8.147,9999.000,9999.000,9999.000,9999.000,9999.000,9999.000,9999.000
202603110954,   8.047,   8.259,9999.000,9999.000,9999.000,9999.000,9999.000,9999.000,9999.000
202603111000,   8.182,   8.396,  -0.200,   0.414,   8.396,  -0.200,   8.396,  -0.100,   8.496
202603111006,   8.320,   8.508,9999.000,9999.000,9999.000,9999.000,9999.000,9999.000,9999.000
202603111012,   8.461,   8.649,9999.000,9999.000,9999.000,9999.000,9999.000,9999.000,9999.000
202603111018,   8.606,   8.787,9999.000,9999.000,9999.000,9999.000,9999.000,9999.000,9999.000
202603111024,   8.752,   8.937,9999.000,9999.000,9999.000,9999.000,9999.000,9999.000,9999.000
202603111030,   8.900,   9.088,9999.000,9999.000,9999.000,9999.000,9999.000,9999.000,9999.000
202603111036,   9.051,   9.216,9999.000,9999.000,9999.000,9999.000,9999.000,9999.000,9999.000
202603111042,   9.202,   9.367,9999.000,9999.000,9999.000,9999.000,9999.000,9999.000,9999.000
202603111048,   9.355,   9.518,9999.000,9999.000,9999.000,9999.000,9999.000,9999.000,9999.000
202603111054,   9.508,   9.656,9999.000,9999.000,9999.000,9999.000,9999.000,9999.000,9999.000
202603111100,   9.661,   9.797,  -0.100,   0.236,   9.797,  -0.200,   9.697,  -0.100,   9.797
202603111106,   9.815,   9.918,9999.000,9999.000,9999.000,9999.000,9999.000,9999.000,9999.000
202603111112,   9.967,  10.076,9999.000,9999.000,9999.000,9999.000,9999.000,9999.000,9999.000
202603111118,  10.119,  10.227,9999.000,9999.000,9999.000,9999.000,9999.000,9999.000,9999.000
202603111124,  10.270,  10.397,9999.000,9999.000,9999.000,9999.000,9999.000,9999.000,9999.000
202603111130,  10.419,  10.515,9999.000,9999.000,9999.000,9999.000,9999.000,9999.000,9999.000
202603111136,  10.566,  10.646,9999.000,9999.000,9999.000,9999.000,9999.000,9999.000,9999.000
202603111142,  10.710,  10.768,9999.000,9999.000,9999.000,9999.000,9999.000,9999.000,9999.000
202603111148,  10.852,  10.915,9999.000,9999.000,9999.000,9999.000,9999.000,9999.000,9999.000
202603111154,  10.991,  11.056,9999.000,9999.000,9999.000,9999.000,9999.000,9999.000,9999.000
202603111200,  11.126,  11.188,   0.000,   0.062,  11.188,  -0.100,  11.088,   0.000,  11.188
202603111206,  11.257,  11.325,9999.000,9999.000,9999.000,9999.000,9999.000,9999.000,9999.000
202603111212,  11.385,  11.437,9999.000,9999.000,9999.000,9999.000,9999.000,9999.000,9999.000
202603111218,  11.508,  11.568,9999.000,9999.000,9999.000,9999.000,9999.000,9999.000,9999.000
202603111224,  11.626,  11.666,9999.000,9999.000,9999.000,9999.000,9999.000,9999.000,9999.000
202603111230,  11.739,  11.778,9999.000,9999.000,9999.000,9999.000,9999.000,9999.000,9999.000
202603111236,  11.846,  11.886,9999.000,9999.000,9999.000,9999.000,9999.000,9999.000,9999.000
202603111242,  11.948,  11.988,9999.000,9999.000,9999.000,9999.000,9999.000,9999.000,9999.000
202603111248,  12.044,  12.096,9999.000,9999.000,9999.000,9999.000,9999.000,9999.000,9999.000
202603111254,  12.134,  12.165,9999.000,9999.000,9999.000,9999.000,9999.000,9999.000,9999.000
202603111300,  12.217,  12.237,  -0.100,   0.120,  12.237,  -0.100,  12.237,   0.000,  12.337
202603111306,  12.293,  12.296,9999.000,9999.000,9999.000,9999.000,9999.000,9999.000,9999.000
202603111312,  12.363,  12.375,9999.000,9999.000,9999.000,9999.000,9999.000,9999.000,9999.000
202603111318,  12.425,  12.418,9999.000,9999.000,9999.000,9999.000,9999.000,9999.000,9999.000
202603111324,  12.481,  12.516,9999.000,9999.000,9999.000,9999.000,9999.000,9999.000,9999.000
202603111330,  12.528,  12.595,9999.000,9999.000,9999.000,9999.000,9999.000,9999.000,9999.000
202603111336,  12.568,  12.647,9999.000,9999.000,9999.000,9999.000,9999.000,9999.000,9999.000
202603111342,  12.600,  12.627,9999.000,9999.000,9999.000,9999.000,9999.000,9999.000,9999.000
202603111348,  12.625,  12.618,9999.000,9999.000,9999.000,9999.000,9999.000,9999.000,9999.000
202603111354,  12.641,  12.667,9999.000,9999.000,9999.000,9999.000,9999.000,9999.000,9999.000
202603111400,  12.649,  12.687,  -0.100,   0.138,  12.687,  -0.200,  12.587,  -0.100,  12.687
202603111406,  12.649,  12.726,9999.000,9999.000,9999.000,9999.000,9999.000,9999.000,9999.000
202603111412,  12.641,  12.706,9999.000,9999.000,9999.000,9999.000,9999.000,9999.000,9999.000
202603111418,  12.625,  12.706,9999.000,9999.000,9999.000,9999.000,9999.000,9999.000,9999.000
202603111424,  12.601,  12.677,9999.000,9999.000,9999.000,9999.000,9999.000,9999.000,9999.000
202603111430,  12.568,  12.667,9999.000,9999.000,9999.000,9999.000,9999.000,9999.000,9999.000
202603111436,  12.527,  12.637,9999.000,9999.000,9999.000,9999.000,9999.000,9999.000,9999.000
202603111442,  12.478,  12.608,9999.000,9999.000,9999.000,9999.000,9999.000,9999.000,9999.000
202603111448,  12.421,  12.575,9999.000,9999.000,9999.000,9999.000,9999.000,9999.000,9999.000
202603111454,  12.356,  12.506,9999.000,9999.000,9999.000,9999.000,9999.000,9999.000,9999.000
202603111500,  12.283,  12.437,  -0.200,   0.354,  12.437,  -0.300,  12.337,  -0.200,  12.437
202603111506,  12.202,  12.345,9999.000,9999.000,9999.000,9999.000,9999.000,9999.000,9999.000
202603111512,  12.114,  12.286,9999.000,9999.000,9999.000,9999.000,9999.000,9999.000,9999.000
202603111518,  12.018,  12.237,9999.000,9999.000,9999.000,9999.000,9999.000,9999.000,9999.000
202603111524,  11.916,  12.145,9999.000,9999.000,9999.000,9999.000,9999.000,9999.000,9999.000
202603111530,  11.806,  12.017,9999.000,9999.000,9999.000,9999.000,9999.000,9999.000,9999.000
202603111536,  11.689,  11.867,9999.000,9999.000,9999.000,9999.000,9999.000,9999.000,9999.000
202603111542,  11.566,  11.765,9999.000,9999.000,9999.000,9999.000,9999.000,9999.000,9999.000
202603111548,  11.436,  11.657,9999.000,9999.000,9999.000,9999.000,9999.000,9999.000,9999.000
202603111554,  11.300,  11.555,9999.000,9999.000,9999.000,9999.000,9999.000,9999.000,9999.000
202603111600,  11.159,  11.437,  -0.200,   0.478,  11.437,  -0.300,  11.337,  -0.200,  11.437
202603111606,  11.012,  11.296,9999.000,9999.000,9999.000,9999.000,9999.000,9999.000,9999.000
202603111612,  10.859,  11.148,9999.000,9999.000,9999.000,9999.000,9999.000,9999.000,9999.000
202603111618,  10.702,  10.978,9999.000,9999.000,9999.000,9999.000,9999.000,9999.000,9999.000
202603111624,  10.540,  10.827,9999.000,9999.000,9999.000,9999.000,9999.000,9999.000,9999.000
202603111630,  10.374,  10.666,9999.000,9999.000,9999.000,9999.000,9999.000,9999.000,9999.000
202603111636,  10.204,  10.505,9999.000,9999.000,9999.000,9999.000,9999.000,9999.000,9999.000
202603111642,  10.031,  10.328,9999.000,9999.000,9999.000,9999.000,9999.000,9999.000,9999.000
202603111648,   9.854,  10.148,9999.000,9999.000,9999.000,9999.000,9999.000,9999.000,9999.000
202603111654,   9.674,   9.977,9999.000,9999.000,9999.000,9999.000,9999.000,9999.000,9999.000
202603111700,   9.492,   9.797,  -0.300,   0.605,   9.797,  -0.300,   9.797,  -0.200,   9.897
202603111706,   9.307,   9.607,9999.000,9999.000,9999.000,9999.000,9999.000,9999.000,9999.000
202603111712,   9.121,   9.426,9999.000,9999.000,9999.000,9999.000,9999.000,9999.000,9999.000
202603111718,   8.933,   9.236,9999.000,9999.000,9999.000,9999.000,9999.000,9999.000,9999.000
202603111724,   8.745,   9.036,9999.000,9999.000,9999.000,9999.000,9999.000,9999.000,9999.000
202603111730,   8.555,   8.859,9999.000,9999.000,9999.000,9999.000,9999.000,9999.000,9999.000
202603111736,   8.366,   8.669,9999.000,9999.000,9999.000,9999.000,9999.000,9999.000,9999.000
202603111742,   8.176,   8.488,9999.000,9999.000,9999.000,9999.000,9999.000,9999.000,9999.000
202603111748,   7.987,   8.278,9999.000,9999.000,9999.000,9999.000,9999.000,9999.000,9999.000
202603111754,   7.799,   8.088,9999.000,9999.000,9999.000,9999.000,9999.000,9999.000,9999.000
202603111800,   7.612,   8.088,  -0.300,   0.776,   8.088,  -0.300,   8.088,  -0.300,   8.088
202603111806,   7.426,9999.000,9999.000,9999.000,9999.000,9999.000,9999.000,9999.000,9999.000
202603111812,   7.243,9999.000,9999.000,9999.000,9999.000,9999.000,9999.000,9999.000,9999.000
202603111818,   7.061,9999.000,9999.000,9999.000,9999.000,9999.000,9999.000,9999.000,9999.000
202603111824,   6.883,9999.000,9999.000,9999.000,9999.000,9999.000,9999.000,9999.000,9999.000
202603111830,   6.707,9999.000,9999.000,9999.000,9999.000,9999.000,9999.000,9999.000,9999.000
202603111836,   6.534,9999.000,9999.000,9999.000,9999.000,9999.000,9999.000,9999.000,9999.000
202603111842,   6.365,9999.000,9999.000,9999.000,9999.000,9999.000,9999.000,9999.000,9999.000
202603111848,   6.200,9999.000,9999.000,9999.000,9999.000,9999.000,9999.000,9999.000,9999.000
202603111854,   6.039,9999.000,9999.000,9999.000,9999.000,9999.000,9999.000,9999.000,9999.000
202603111900,   5.882,9999.000,  -0.300,   0.744,   6.326,  -0.300,   6.326,  -0.200,   6.426
202603111906,   5.730,9999.000,9999.000,9999.000,9999.000,9999.000,9999.000,9999.000,9999.000
202603111912,   5.583,9999.000,9999.000,9999.000,9999.000,9999.000,9999.000,9999.000,9999.000
202603111918,   5.441,9999.000,9999.000,9999.000,9999.000,9999.000,9999.000,9999.000,9999.000
202603111924,   5.304,9999.000,9999.000,9999.000,9999.000,9999.000,9999.000,9999.000,9999.000
202603111930,   5.173,9999.000,9999.000,9999.000,9999.000,9999.000,9999.000,9999.000,9999.000
202603111936,   5.048,9999.000,9999.000,9999.000,9999.000,9999.000,9999.000,9999.000,9999.000
202603111942,   4.929,9999.000,9999.000,9999.000,9999.000,9999.000,9999.000,9999.000,9999.000
202603111948,   4.816,9999.000,9999.000,9999.000,9999.000,9999.000,9999.000,9999.000,9999.000
202603111954,   4.709,9999.000,9999.000,9999.000,9999.000,9999.000,9999.000,9999.000,9999.000
202603112000,   4.609,9999.000,  -0.300,   0.713,   5.022,  -0.300,   5.022,  -0.200,   5.122
202603112006,   4.515,9999.000,9999.000,9999.000,9999.000,9999.000,9999.000,9999.000,9999.000
202603112012,   4.428,9999.000,9999.000,9999.000,9999.000,9999.000,9999.000,9999.000,9999.000
202603112018,   4.348,9999.000,9999.000,9999.000,9999.000,9999.000,9999.000,9999.000,9999.000
202603112024,   4.275,9999.000,9999.000,9999.000,9999.000,9999.000,9999.000,9999.000,9999.000
202603112030,   4.209,9999.000,9999.000,9999.000,9999.000,9999.000,9999.000,9999.000,9999.000
202603112036,   4.150,9999.000,9999.000,9999.000,9999.000,9999.000,9999.000,9999.000,9999.000
202603112042,   4.098,9999.000,9999.000,9999.000,9999.000,9999.000,9999.000,9999.000,9999.000
202603112048,   4.053,9999.000,9999.000,9999.000,9999.000,9999.000,9999.000,9999.000,9999.000
202603112054,   4.015,9999.000,9999.000,9999.000,9999.000,9999.000,9999.000,9999.000,9999.000
202603112100,   3.985,9999.000,  -0.200,   0.681,   4.466,  -0.300,   4.366,  -0.200,   4.466
202603112106,   3.961,9999.000,9999.000,9999.000,9999.000,9999.000,9999.000,9999.000,9999.000
202603112112,   3.944,9999.000,9999.000,9999.000,9999.000,9999.000,9999.000,9999.000,9999.000
202603112118,   3.935,9999.000,9999.000,9999.000,9999.000,9999.000,9999.000,9999.000,9999.000
202603112124,   3.932,9999.000,9999.000,9999.000,9999.000,9999.000,9999.000,9999.000,9999.000
202603112130,   3.937,9999.000,9999.000,9999.000,9999.000,9999.000,9999.000,9999.000,9999.000
202603112136,   3.948,9999.000,9999.000,9999.000,9999.000,9999.000,9999.000,9999.000,9999.000
202603112142,   3.966,9999.000,9999.000,9999.000,9999.000,9999.000,9999.000,9999.000,9999.000
202603112148,   3.990,9999.000,9999.000,9999.000,9999.000,9999.000,9999.000,9999.000,9999.000
202603112154,   4.021,9999.000,9999.000,9999.000,9999.000,9999.000,9999.000,9999.000,9999.000
202603112200,   4.058,9999.000,  -0.200,   0.649,   4.507,  -0.300,   4.407,  -0.100,   4.607
202603112206,   4.102,9999.000,9999.000,9999.000,9999.000,9999.000,9999.000,9999.000,9999.000
202603112212,   4.151,9999.000,9999.000,9999.000,9999.000,9999.000,9999.000,9999.000,9999.000
202603112218,   4.207,9999.000,9999.000,9999.000,9999.000,9999.000,9999.000,9999.000,9999.000
202603112224,   4.268,9999.000,9999.000,9999.000,9999.000,9999.000,9999.000,9999.000,9999.000
202603112230,   4.335,9999.000,9999.000,9999.000,9999.000,9999.000,9999.000,9999.000,9999.000
202603112236,   4.407,9999.000,9999.000,9999.000,9999.000,9999.000,9999.000,9999.000,9999.000
202603112242,   4.484,9999.000,9999.000,9999.000,9999.000,9999.000,9999.000,9999.000,9999.000
202603112248,   4.566,9999.000,9999.000,9999.000,9999.000,9999.000,9999.000,9999.000,9999.000
202603112254,   4.653,9999.000,9999.000,9999.000,9999.000,9999.000,9999.000,9999.000,9999.000
202603112300,   4.745,9999.000,  -0.100,   0.617,   5.262,  -0.200,   5.162,  -0.100,   5.262
202603112306,   4.840,9999.000,9999.000,9999.000,9999.000,9999.000,9999.000,9999.000,9999.000
202603112312,   4.940,9999.000,9999.000,9999.000,9999.000,9999.000,9999.000,9999.000,9999.000
202603112318,   5.043,9999.000,9999.000,9999.000,9999.000,9999.000,9999.000,9999.000,9999.000
202603112324,   5.150,9999.000,9999.000,9999.000,9999.000,9999.000,9999.000,9999.000,9999.000
202603112330,   5.260,9999.000,9999.000,9999.000,9999.000,9999.000,9999.000,9999.000,9999.000
202603112336,   5.373,9999.000,9999.000,9999.000,9999.000,9999.000,9999.000,9999.000,9999.000
202603112342,   5.489,9999.000,9999.000,9999.000,9999.000,9999.000,9999.000,9999.000,9999.000
202603112348,   5.607,9999.000,9999.000,9999.000,9999.000,9999.000,9999.000,9999.000,9999.000
202603112354,   5.728,9999.000,9999.000,9999.000,9999.000,9999.000,9999.000,9999.000,9999.000
202603120000,   5.850,9999.000,  -0.100,   0.586,   6.336,  -0.100,   6.336,   0.000,   6.436
202603120006,   5.974,9999.000,9999.000,9999.000,9999.000,9999.000,9999.000,9999.000,9999.000
202603120012,   6.100,9999.000,9999.000,9999.000,9999.000,9999.000,9999.000,9999.000,9999.000
202603120018,   6.226,9999.000,9999.000,9999.000,9999.000,9999.000,9999.000,9999.000,9999.000
202603120024,   6.353,9999.000,9999.000,9999.000,9999.000,9999.000,9999.000,9999.000,9999.000
202603120030,   6.481,9999.000,9999.000,9999.000,9999.000,9999.000,9999.000,9999.000,9999.000
202603120036,   6.609,9999.000,9999.000,9999.000,9999.000,9999.000,9999.000,9999.000,9999.000
202603120042,   6.737,9999.000,9999.000,9999.000,9999.000,9999.000,9999.000,9999.000,9999.000
202603120048,   6.864,9999.000,9999.000,9999.000,9999.000,9999.000,9999.000,9999.000,9999.000
202603120054,   6.991,9999.000,9999.000,9999.000,9999.000,9999.000,9999.000,9999.000,9999.000
202603120100,   7.117,9999.000,   0.000,   0.554,   7.671,  -0.100,   7.571,   0.000,   7.671
202603120106,   7.242,9999.000,9999.000,9999.000,9999.000,9999.000,9999.000,9999.000,9999.000
202603120112,   7.365,9999.000,9999.000,9999.000,9999.000,9999.000,9999.000,9999.000,9999.000
202603120118,   7.487,9999.000,9999.000,9999.000,9999.000,9999.000,9999.000,9999.000,9999.000
202603120124,   7.607,9999.000,9999.000,9999.000,9999.000,9999.000,9999.000,9999.000,9999.000
202603120130,   7.725,9999.000,9999.000,9999.000,9999.000,9999.000,9999.000,9999.000,9999.000
202603120136,   7.840,9999.000,9999.000,9999.000,9999.000,9999.000,9999.000,9999.000,9999.000
202603120142,   7.952,9999.000,9999.000,9999.000,9999.000,9999.000,9999.000,9999.000,9999.000
202603120148,   8.062,9999.000,9999.000,9999.000,9999.000,9999.000,9999.000,9999.000,9999.000
202603120154,   8.169,9999.000,9999.000,9999.000,9999.000,9999.000,9999.000,9999.000,9999.000
202603120200,   8.272,9999.000,   0.000,   0.522,   8.794,   0.000,   8.794,   0.000,   8.794
202603120206,   8.372,9999.000,9999.000,9999.000,9999.000,9999.000,9999.000,9999.000,9999.000
202603120212,   8.468,9999.000,9999.000,9999.000,9999.000,9999.000,9999.000,9999.000,9999.000
202603120218,   8.560,9999.000,9999.000,9999.000,9999.000,9999.000,9999.000,9999.000,9999.000
202603120224,   8.648,9999.000,9999.000,9999.000,9999.000,9999.000,9999.000,9999.000,9999.000
202603120230,   8.732,9999.000,9999.000,9999.000,9999.000,9999.000,9999.000,9999.000,9999.000
202603120236,   8.812,9999.000,9999.000,9999.000,9999.000,9999.000,9999.000,9999.000,9999.000
202603120242,   8.887,9999.000,9999.000,9999.000,9999.000,9999.000,9999.000,9999.000,9999.000
202603120248,   8.958,9999.000,9999.000,9999.000,9999.000,9999.000,9999.000,9999.000,9999.000
202603120254,   9.023,9999.000,9999.000,9999.000,9999.000,9999.000,9999.000,9999.000,9999.000
202603120300,   9.085,9999.000,   0.000,   0.491,   9.576,   0.000,   9.576,   0.000,   9.576
202603120306,   9.141,9999.000,9999.000,9999.000,9999.000,9999.000,9999.000,9999.000,9999.000
202603120312,   9.192,9999.000,9999.000,9999.000,9999.000,9999.000,9999.000,9999.000,9999.000
202603120318,   9.238,9999.000,9999.000,9999.000,9999.000,9999.000,9999.000,9999.000,9999.000
202603120324,   9.279,9999.000,9999.000,9999.000,9999.000,9999.000,9999.000,9999.000,9999.000
202603120330,   9.315,9999.000,9999.000,9999.000,9999.000,9999.000,9999.000,9999.000,9999.000
202603120336,   9.347,9999.000,9999.000,9999.000,9999.000,9999.000,9999.000,9999.000,9999.000
202603120342,   9.372,9999.000,9999.000,9999.000,9999.000,9999.000,9999.000,9999.000,9999.000
202603120348,   9.393,9999.000,9999.000,9999.000,9999.000,9999.000,9999.000,9999.000,9999.000
202603120354,   9.409,9999.000,9999.000,9999.000,9999.000,9999.000,9999.000,9999.000,9999.000
202603120400,   9.420,9999.000,   0.000,   0.459,   9.879,   0.000,   9.879,   0.000,   9.879
202603120406,   9.426,9999.000,9999.000,9999.000,9999.000,9999.000,9999.000,9999.000,9999.000
202603120412,   9.427,9999.000,9999.000,9999.000,9999.000,9999.000,9999.000,9999.000,9999.000
202603120418,   9.423,9999.000,9999.000,9999.000,9999.000,9999.000,9999.000,9999.000,9999.000
202603120424,   9.415,9999.000,9999.000,9999.000,9999.000,9999.000,9999.000,9999.000,9999.000
202603120430,   9.402,9999.000,9999.000,9999.000,9999.000,9999.000,9999.000,9999.000,9999.000
202603120436,   9.385,9999.000,9999.000,9999.000,9999.000,9999.000,9999.000,9999.000,9999.000
202603120442,   9.363,9999.000,9999.000,9999.000,9999.000,9999.000,9999.000,9999.000,9999.000
202603120448,   9.337,9999.000,9999.000,9999.000,9999.000,9999.000,9999.000,9999.000,9999.000
202603120454,   9.307,9999.000,9999.000,9999.000,9999.000,9999.000,9999.000,9999.000,9999.000
202603120500,   9.273,9999.000,   0.000,   0.427,   9.700,  -0.100,   9.600,   0.000,   9.700
202603120506,   9.236,9999.000,9999.000,9999.000,9999.000,9999.000,9999.000,9999.000,9999.000
202603120512,   9.195,9999.000,9999.000,9999.000,9999.000,9999.000,9999.000,9999.000,9999.000
202603120518,   9.151,9999.000,9999.000,9999.000,9999.000,9999.000,9999.000,9999.000,9999.000
202603120524,   9.104,9999.000,9999.000,9999.000,9999.000,9999.000,9999.000,9999.000,9999.000
202603120530,   9.054,9999.000,9999.000,9999.000,9999.000,9999.000,9999.000,9999.000,9999.000
202603120536,   9.001,9999.000,9999.000,9999.000,9999.000,9999.000,9999.000,9999.000,9999.000
202603120542,   8.946,9999.000,9999.000,9999.000,9999.000,9999.000,9999.000,9999.000,9999.000
202603120548,   8.889,9999.000,9999.000,9999.000,9999.000,9999.000,9999.000,9999.000,9999.000
202603120554,   8.830,9999.000,9999.000,9999.000,9999.000,9999.000,9999.000,9999.000,9999.000
202603120600,   8.769,9999.000,  -0.100,   0.395,   9.064,  -0.200,   8.964,  -0.100,   9.064
202603120606,   8.707,9999.000,9999.000,9999.000,9999.000,9999.000,9999.000,9999.000,9999.000
202603120612,   8.643,9999.000,9999.000,9999.000,9999.000,9999.000,9999.000,9999.000,9999.000
202603120618,   8.579,9999.000,9999.000,9999.000,9999.000,9999.000,9999.000,9999.000,9999.000
202603120624,   8.514,9999.000,9999.000,9999.000,9999.000,9999.000,9999.000,9999.000,9999.000
202603120630,   8.449,9999.000,9999.000,9999.000,9999.000,9999.000,9999.000,9999.000,9999.000
202603120636,   8.383,9999.000,9999.000,9999.000,9999.000,9999.000,9999.000,9999.000,9999.000
202603120642,   8.318,9999.000,9999.000,9999.000,9999.000,9999.000,9999.000,9999.000,9999.000
202603120648,   8.253,9999.000,9999.000,9999.000,9999.000,9999.000,9999.000,9999.000,9999.000
202603120654,   8.189,9999.000,9999.000,9999.000,9999.000,9999.000,9999.000,9999.000,9999.000
202603120700,   8.125,9999.000,  -0.200,   0.395,   8.320,  -0.300,   8.220,  -0.100,   8.420
202603120706,   8.063,9999.000,9999.000,9999.000,9999.000,9999.000,9999.000,9999.000,9999.000
202603120712,   8.002,9999.000,9999.000,9999.000,9999.000,9999.000,9999.000,9999.000,9999.000
202603120718,   7.943,9999.000,9999.000,9999.000,9999.000,9999.000,9999.000,9999.000,9999.000
202603120724,   7.886,9999.000,9999.000,9999.000,9999.000,9999.000,9999.000,9999.000,9999.000
202603120730,   7.831,9999.000,9999.000,9999.000,9999.000,9999.000,9999.000,9999.000,9999.000
202603120736,   7.778,9999.000,9999.000,9999.000,9999.000,9999.000,9999.000,9999.000,9999.000
202603120742,   7.727,9999.000,9999.000,9999.000,9999.000,9999.000,9999.000,9999.000,9999.000
202603120748,   7.680,9999.000,9999.000,9999.000,9999.000,9999.000,9999.000,9999.000,9999.000
202603120754,   7.635,9999.000,9999.000,9999.000,9999.000,9999.000,9999.000,9999.000,9999.000
202603120800,   7.594,9999.000,  -0.200,   0.395,   7.789,  -0.400,   7.589,  -0.100,   7.889
202603120806,   7.556,9999.000,9999.000,9999.000,9999.000,9999.000,9999.000,9999.000,9999.000
202603120812,   7.522,9999.000,9999.000,9999.000,9999.000,9999.000,9999.000,9999.000,9999.000
202603120818,   7.491,9999.000,9999.000,9999.000,9999.000,9999.000,9999.000,9999.000,9999.000
202603120824,   7.464,9999.000,9999.000,9999.000,9999.000,9999.000,9999.000,9999.000,9999.000
202603120830,   7.441,9999.000,9999.000,9999.000,9999.000,9999.000,9999.000,9999.000,9999.000
202603120836,   7.422,9999.000,9999.000,9999.000,9999.000,9999.000,9999.000,9999.000,9999.000
202603120842,   7.408,9999.000,9999.000,9999.000,9999.000,9999.000,9999.000,9999.000,9999.000
202603120848,   7.398,9999.000,9999.000,9999.000,9999.000,9999.000,9999.000,9999.000,9999.000
202603120854,   7.392,9999.000,9999.000,9999.000,9999.000,9999.000,9999.000,9999.000,9999.000
202603120900,   7.391,9999.000,  -0.200,   0.395,   7.586,  -0.400,   7.386,  -0.100,   7.686
202603120906,   7.394,9999.000,9999.000,9999.000,9999.000,9999.000,9999.000,9999.000,9999.000
202603120912,   7.402,9999.000,9999.000,9999.000,9999.000,9999.000,9999.000,9999.000,9999.000
202603120918,   7.415,9999.000,9999.000,9999.000,9999.000,9999.000,9999.000,9999.000,9999.000
202603120924,   7.432,9999.000,9999.000,9999.000,9999.000,9999.000,9999.000,9999.000,9999.000
202603120930,   7.455,9999.000,9999.000,9999.000,9999.000,9999.000,9999.000,9999.000,9999.000
202603120936,   7.482,9999.000,9999.000,9999.000,9999.000,9999.000,9999.000,9999.000,9999.000
202603120942,   7.514,9999.000,9999.000,9999.000,9999.000,9999.000,9999.000,9999.000,9999.000
202603120948,   7.550,9999.000,9999.000,9999.000,9999.000,9999.000,9999.000,9999.000,9999.000
202603120954,   7.591,9999.000,9999.000,9999.000,9999.000,9999.000,9999.000,9999.000,9999.000
202603121000,   7.637,9999.000,  -0.200,   0.395,   7.832,  -0.300,   7.732,  -0.100,   7.932
202603121006,   7.688,9999.000,9999.000,9999.000,9999.000,9999.000,9999.000,9999.000,9999.000
202603121012,   7.743,9999.000,9999.000,9999.000,9999.000,9999.000,9999.000,9999.000,9999.000
202603121018,   7.802,9999.000,9999.000,9999.000,9999.000,9999.000,9999.000,9999.000,9999.000
202603121024,   7.866,9999.000,9999.000,9999.000,9999.000,9999.000,9999.000,9999.000,9999.000
202603121030,   7.933,9999.000,9999.000,9999.000,9999.000,9999.000,9999.000,9999.000,9999.000
202603121036,   8.005,9999.000,9999.000,9999.000,9999.000,9999.000,9999.000,9999.000,9999.000
202603121042,   8.081,9999.000,9999.000,9999.000,9999.000,9999.000,9999.000,9999.000,9999.000
202603121048,   8.161,9999.000,9999.000,9999.000,9999.000,9999.000,9999.000,9999.000,9999.000
202603121054,   8.244,9999.000,9999.000,9999.000,9999.000,9999.000,9999.000,9999.000,9999.000
202603121100,   8.331,9999.000,  -0.300,   0.395,   8.426,  -0.300,   8.426,  -0.200,   8.526
202603121106,   8.421,9999.000,9999.000,9999.000,9999.000,9999.000,9999.000,9999.000,9999.000
202603121112,   8.514,9999.000,9999.000,9999.000,9999.000,9999.000,9999.000,9999.000,9999.000
202603121118,   8.610,9999.000,9999.000,9999.000,9999.000,9999.000,9999.000,9999.000,9999.000
202603121124,   8.709,9999.000,9999.000,9999.000,9999.000,9999.000,9999.000,9999.000,9999.000
202603121130,   8.810,9999.000,9999.000,9999.000,9999.000,9999.000,9999.000,9999.000,9999.000
202603121136,   8.913,9999.000,9999.000,9999.000,9999.000,9999.000,9999.000,9999.000,9999.000
202603121142,   9.018,9999.000,9999.000,9999.000,9999.000,9999.000,9999.000,9999.000,9999.000
202603121148,   9.125,9999.000,9999.000,9999.000,9999.000,9999.000,9999.000,9999.000,9999.000
202603121154,   9.234,9999.000,9999.000,9999.000,9999.000,9999.000,9999.000,9999.000,9999.000
202603121200,   9.344,9999.000,  -0.200,   0.395,   9.539,  -0.300,   9.439,  -0.200,   9.539
202603121206,   9.454,9999.000,9999.000,9999.000,9999.000,9999.000,9999.000,9999.000,9999.000
202603121212,   9.566,9999.000,9999.000,9999.000,9999.000,9999.000,9999.000,9999.000,9999.000
202603121218,   9.677,9999.000,9999.000,9999.000,9999.000,9999.000,9999.000,9999.000,9999.000
202603121224,   9.789,9999.000,9999.000,9999.000,9999.000,9999.000,9999.000,9999.000,9999.000
202603121230,   9.901,9999.000,9999.000,9999.000,9999.000,9999.000,9999.000,9999.000,9999.000
202603121236,  10.013,9999.000,9999.000,9999.000,9999.000,9999.000,9999.000,9999.000,9999.000
202603121242,  10.124,9999.000,9999.000,9999.000,9999.000,9999.000,9999.000,9999.000,9999.000
202603121248,  10.233,9999.000,9999.000,9999.000,9999.000,9999.000,9999.000,9999.000,9999.000
202603121254,  10.342,9999.000,9999.000,9999.000,9999.000,9999.000,9999.000,9999.000,9999.000
202603121300,  10.449,9999.000,  -0.200,   0.395,  10.644,  -0.300,  10.544,  -0.100,  10.744
202603121306,  10.554,9999.000,9999.000,9999.000,9999.000,9999.000,9999.000,9999.000,9999.000
202603121312,  10.658,9999.000,9999.000,9999.000,9999.000,9999.000,9999.000,9999.000,9999.000
202603121318,  10.758,9999.000,9999.000,9999.000,9999.000,9999.000,9999.000,9999.000,9999.000
202603121324,  10.857,9999.000,9999.000,9999.000,9999.000,9999.000,9999.000,9999.000,9999.000
202603121330,  10.952,9999.000,9999.000,9999.000,9999.000,9999.000,9999.000,9999.000,9999.000
202603121336,  11.044,9999.000,9999.000,9999.000,9999.000,9999.000,9999.000,9999.000,9999.000
202603121342,  11.133,9999.000,9999.000,9999.000,9999.000,9999.000,9999.000,9999.000,9999.000
202603121348,  11.218,9999.000,9999.000,9999.000,9999.000,9999.000,9999.000,9999.000,9999.000
202603121354,  11.300,9999.000,9999.000,9999.000,9999.000,9999.000,9999.000,9999.000,9999.000
202603121400,  11.377,9999.000,  -0.200,   0.395,  11.572,  -0.300,  11.472,  -0.100,  11.672
202603121406,  11.450,9999.000,9999.000,9999.000,9999.000,9999.000,9999.000,9999.000,9999.000
202603121412,  11.518,9999.000,9999.000,9999.000,9999.000,9999.000,9999.000,9999.000,9999.000
202603121418,  11.582,9999.000,9999.000,9999.000,9999.000,9999.000,9999.000,9999.000,9999.000
202603121424,  11.640,9999.000,9999.000,9999.000,9999.000,9999.000,9999.000,9999.000,9999.000
202603121430,  11.694,9999.000,9999.000,9999.000,9999.000,9999.000,9999.000,9999.000,9999.000
202603121436,  11.742,9999.000,9999.000,9999.000,9999.000,9999.000,9999.000,9999.000,9999.000
202603121442,  11.784,9999.000,9999.000,9999.000,9999.000,9999.000,9999.000,9999.000,9999.000
202603121448,  11.821,9999.000,9999.000,9999.000,9999.000,9999.000,9999.000,9999.000,9999.000
202603121454,  11.853,9999.000,9999.000,9999.000,9999.000,9999.000,9999.000,9999.000,9999.000
202603121500,  11.878,9999.000,  -0.200,   0.395,  12.073,  -0.300,  11.973,  -0.100,  12.173
202603121506,  11.897,9999.000,9999.000,9999.000,9999.000,9999.000,9999.000,9999.000,9999.000
202603121512,  11.910,9999.000,9999.000,9999.000,9999.000,9999.000,9999.000,9999.000,9999.000
202603121518,  11.917,9999.000,9999.000,9999.000,9999.000,9999.000,9999.000,9999.000,9999.000
202603121524,  11.917,9999.000,9999.000,9999.000,9999.000,9999.000,9999.000,9999.000,9999.000
202603121530,  11.912,9999.000,9999.000,9999.000,9999.000,9999.000,9999.000,9999.000,9999.000
202603121536,  11.899,9999.000,9999.000,9999.000,9999.000,9999.000,9999.000,9999.000,9999.000
202603121542,  11.881,9999.000,9999.000,9999.000,9999.000,9999.000,9999.000,9999.000,9999.000
202603121548,  11.855,9999.000,9999.000,9999.000,9999.000,9999.000,9999.000,9999.000,9999.000
202603121554,  11.824,9999.000,9999.000,9999.000,9999.000,9999.000,9999.000,9999.000,9999.000
202603121600,  11.785,9999.000,  -0.200,   0.395,  11.980,  -0.200,  11.980,  -0.100,  12.080
202603121606,  11.741,9999.000,9999.000,9999.000,9999.000,9999.000,9999.000,9999.000,9999.000
202603121612,  11.690,9999.000,9999.000,9999.000,9999.000,9999.000,9999.000,9999.000,9999.000
202603121618,  11.632,9999.000,9999.000,9999.000,9999.000,9999.000,9999.000,9999.000,9999.000
202603121624,  11.569,9999.000,9999.000,9999.000,9999.000,9999.000,9999.000,9999.000,9999.000
202603121630,  11.499,9999.000,9999.000,9999.000,9999.000,9999.000,9999.000,9999.000,9999.000
202603121636,  11.423,9999.000,9999.000,9999.000,9999.000,9999.000,9999.000,9999.000,9999.000
202603121642,  11.341,9999.000,9999.000,9999.000,9999.000,9999.000,9999.000,9999.000,9999.000
202603121648,  11.253,9999.000,9999.000,9999.000,9999.000,9999.000,9999.000,9999.000,9999.000
202603121654,  11.159,9999.000,9999.000,9999.000,9999.000,9999.000,9999.000,9999.000,9999.000
202603121700,  11.060,9999.000,  -0.300,   0.395,  11.155,  -0.300,  11.155,  -0.200,  11.255
202603121706,  10.955,9999.000,9999.000,9999.000,9999.000,9999.000,9999.000,9999.000,9999.000
202603121712,  10.845,9999.000,9999.000,9999.000,9999.000,9999.000,9999.000,9999.000,9999.000
202603121718,  10.730,9999.000,9999.000,9999.000,9999.000,9999.000,9999.000,9999.000,9999.000
202603121724,  10.610,9999.000,9999.000,9999.000,9999.000,9999.000,9999.000,9999.000,9999.000
202603121730,  10.485,9999.000,9999.000,9999.000,9999.000,9999.000,9999.000,9999.000,9999.000
202603121736,  10.355,9999.000,9999.000,9999.000,9999.000,9999.000,9999.000,9999.000,9999.000
202603121742,  10.222,9999.000,9999.000,9999.000,9999.000,9999.000,9999.000,9999.000,9999.000
202603121748,  10.084,9999.000,9999.000,9999.000,9999.000,9999.000,9999.000,9999.000,9999.000
202603121754,   9.942,9999.000,9999.000,9999.000,9999.000,9999.000,9999.000,9999.000,9999.000
202603121800,   9.797,9999.000,  -0.400,   0.395,   9.792,  -0.400,   9.792,  -0.300,   9.892
202603121806,   9.649,9999.000,9999.000,9999.000,9999.000,9999.000,9999.000,9999.000,9999.000
202603121812,   9.497,9999.000,9999.000,9999.000,9999.000,9999.000,9999.000,9999.000,9999.000
202603121818,   9.343,9999.000,9999.000,9999.000,9999.000,9999.000,9999.000,9999.000,9999.000
202603121824,   9.186,9999.000,9999.000,9999.000,9999.000,9999.000,9999.000,9999.000,9999.000
202603121830,   9.026,9999.000,9999.000,9999.000,9999.000,9999.000,9999.000,9999.000,9999.000
202603121836,   8.865,9999.000,9999.000,9999.000,9999.000,9999.000,9999.000,9999.000,9999.000
202603121842,   8.702,9999.000,9999.000,9999.000,9999.000,9999.000,9999.000,9999.000,9999.000
202603121848,   8.538,9999.000,9999.000,9999.000,9999.000,9999.000,9999.000,9999.000,9999.000
202603121854,   8.372,9999.000,9999.000,9999.000,9999.000,9999.000,9999.000,9999.000,9999.000
202603121900,   8.206,9999.000,  -0.500,   0.395,   8.101,  -0.500,   8.101,  -0.400,   8.201
202603121906,   8.039,9999.000,9999.000,9999.000,9999.000,9999.000,9999.000,9999.000,9999.000
202603121912,   7.872,9999.000,9999.000,9999.000,9999.000,9999.000,9999.000,9999.000,9999.000
202603121918,   7.705,9999.000,9999.000,9999.000,9999.000,9999.000,9999.000,9999.000,9999.000
202603121924,   7.538,9999.000,9999.000,9999.000,9999.000,9999.000,9999.000,9999.000,9999.000
202603121930,   7.372,9999.000,9999.000,9999.000,9999.000,9999.000,9999.000,9999.000,9999.000
202603121936,   7.207,9999.000,9999.000,9999.000,9999.000,9999.000,9999.000,9999.000,9999.000
202603121942,   7.042,9999.000,9999.000,9999.000,9999.000,9999.000,9999.000,9999.000,9999.000
202603121948,   6.880,9999.000,9999.000,9999.000,9999.000,9999.000,9999.000,9999.000,9999.000
202603121954,   6.719,9999.000,9999.000,9999.000,9999.000,9999.000,9999.000,9999.000,9999.000
202603122000,   6.560,9999.000,  -0.500,   0.395,   6.455,  -0.600,   6.355,  -0.400,   6.555
202603122006,   6.404,9999.000,9999.000,9999.000,9999.000,9999.000,9999.000,9999.000,9999.000
202603122012,   6.250,9999.000,9999.000,9999.000,9999.000,9999.000,9999.000,9999.000,9999.000
202603122018,   6.099,9999.000,9999.000,9999.000,9999.000,9999.000,9999.000,9999.000,9999.000
202603122024,   5.951,9999.000,9999.000,9999.000,9999.000,9999.000,9999.000,9999.000,9999.000
202603122030,   5.806,9999.000,9999.000,9999.000,9999.000,9999.000,9999.000,9999.000,9999.000
202603122036,   5.665,9999.000,9999.000,9999.000,9999.000,9999.000,9999.000,9999.000,9999.000
202603122042,   5.528,9999.000,9999.000,9999.000,9999.000,9999.000,9999.000,9999.000,9999.000
202603122048,   5.395,9999.000,9999.000,9999.000,9999.000,9999.000,9999.000,9999.000,9999.000
202603122054,   5.266,9999.000,9999.000,9999.000,9999.000,9999.000,9999.000,9999.000,9999.000
202603122100,   5.142,9999.000,  -0.600,   0.395,   4.937,  -0.600,   4.937,  -0.500,   5.037
202603122106,   5.022,9999.000,9999.000,9999.000,9999.000,9999.000,9999.000,9999.000,9999.000
202603122112,   4.908,9999.000,9999.000,9999.000,9999.000,9999.000,9999.000,9999.000,9999.000
202603122118,   4.798,9999.000,9999.000,9999.000,9999.000,9999.000,9999.000,9999.000,9999.000
202603122124,   4.694,9999.000,9999.000,9999.000,9999.000,9999.000,9999.000,9999.000,9999.000
202603122130,   4.595,9999.000,9999.000,9999.000,9999.000,9999.000,9999.000,9999.000,9999.000
202603122136,   4.502,9999.000,9999.000,9999.000,9999.000,9999.000,9999.000,9999.000,9999.000
202603122142,   4.414,9999.000,9999.000,9999.000,9999.000,9999.000,9999.000,9999.000,9999.000
202603122148,   4.333,9999.000,9999.000,9999.000,9999.000,9999.000,9999.000,9999.000,9999.000
202603122154,   4.257,9999.000,9999.000,9999.000,9999.000,9999.000,9999.000,9999.000,9999.000
202603122200,   4.188,9999.000,  -0.500,   0.395,   4.083,  -0.600,   3.983,  -0.500,   4.083
202603122206,   4.124,9999.000,9999.000,9999.000,9999.000,9999.000,9999.000,9999.000,9999.000
202603122212,   4.067,9999.000,9999.000,9999.000,9999.000,9999.000,9999.000,9999.000,9999.000
202603122218,   4.017,9999.000,9999.000,9999.000,9999.000,9999.000,9999.000,9999.000,9999.000
202603122224,   3.973,9999.000,9999.000,9999.000,9999.000,9999.000,9999.000,9999.000,9999.000
202603122230,   3.935,9999.000,9999.000,9999.000,9999.000,9999.000,9999.000,9999.000,9999.000
202603122236,   3.904,9999.000,9999.000,9999.000,9999.000,9999.000,9999.000,9999.000,9999.000
202603122242,   3.880,9999.000,9999.000,9999.000,9999.000,9999.000,9999.000,9999.000,9999.000
202603122248,   3.862,9999.000,9999.000,9999.000,9999.000,9999.000,9999.000,9999.000,9999.000
202603122254,   3.851,9999.000,9999.000,9999.000,9999.000,9999.000,9999.000,9999.000,9999.000
202603122300,   3.847,9999.000,  -0.500,   0.395,   3.742,  -0.600,   3.642,  -0.400,   3.842
202603122306,   3.849,9999.000,9999.000,9999.000,9999.000,9999.000,9999.000,9999.000,9999.000
202603122312,   3.858,9999.000,9999.000,9999.000,9999.000,9999.000,9999.000,9999.000,9999.000
202603122318,   3.873,9999.000,9999.000,9999.000,9999.000,9999.000,9999.000,9999.000,9999.000
202603122324,   3.895,9999.000,9999.000,9999.000,9999.000,9999.000,9999.000,9999.000,9999.000
202603122330,   3.923,9999.000,9999.000,9999.000,9999.000,9999.000,9999.000,9999.000,9999.000
202603122336,   3.957,9999.000,9999.000,9999.000,9999.000,9999.000,9999.000,9999.000,9999.000
202603122342,   3.998,9999.000,9999.000,9999.000,9999.000,9999.000,9999.000,9999.000,9999.000
202603122348,   4.045,9999.000,9999.000,9999.000,9999.000,9999.000,9999.000,9999.000,9999.000
202603122354,   4.098,9999.000,9999.000,9999.000,9999.000,9999.000,9999.000,9999.000,9999.000
202603130000,   4.156,9999.000,  -0.500,   0.395,   4.051,  -0.600,   3.951,  -0.300,   4.251
202603130006,   4.221,9999.000,9999.000,9999.000,9999.000,9999.000,9999.000,9999.000,9999.000
202603130012,   4.291,9999.000,9999.000,9999.000,9999.000,9999.000,9999.000,9999.000,9999.000
202603130018,   4.366,9999.000,9999.000,9999.000,9999.000,9999.000,9999.000,9999.000,9999.000
202603130024,   4.447,9999.000,9999.000,9999.000,9999.000,9999.000,9999.000,9999.000,9999.000
202603130030,   4.533,9999.000,9999.000,9999.000,9999.000,9999.000,9999.000,9999.000,9999.000
202603130036,   4.624,9999.000,9999.000,9999.000,9999.000,9999.000,9999.000,9999.000,9999.000
202603130042,   4.719,9999.000,9999.000,9999.000,9999.000,9999.000,9999.000,9999.000,9999.000
202603130048,   4.819,9999.000,9999.000,9999.000,9999.000,9999.000,9999.000,9999.000,9999.000
202603130054,   4.924,9999.000,9999.000,9999.000,9999.000,9999.000,9999.000,9999.000,9999.000
202603130100,   5.032,9999.000,  -0.400,   0.395,   5.027,  -0.500,   4.927,  -0.300,   5.127
202603130106,   5.144,9999.000,9999.000,9999.000,9999.000,9999.000,9999.000,9999.000,9999.000
202603130112,   5.259,9999.000,9999.000,9999.000,9999.000,9999.000,9999.000,9999.000,9999.000
202603130118,   5.378,9999.000,9999.000,9999.000,9999.000,9999.000,9999.000,9999.000,9999.000
202603130124,   5.500,9999.000,9999.000,9999.000,9999.000,9999.000,9999.000,9999.000,9999.000
202603130130,   5.625,9999.000,9999.000,9999.000,9999.000,9999.000,9999.000,9999.000,9999.000
202603130136,   5.752,9999.000,9999.000,9999.000,9999.000,9999.000,9999.000,9999.000,9999.000
202603130142,   5.881,9999.000,9999.000,9999.000,9999.000,9999.000,9999.000,9999.000,9999.000
202603130148,   6.013,9999.000,9999.000,9999.000,9999.000,9999.000,9999.000,9999.000,9999.000
202603130154,   6.146,9999.000,9999.000,9999.000,9999.000,9999.000,9999.000,9999.000,9999.000
202603130200,   6.280,9999.000,  -0.400,   0.395,   6.275,  -0.500,   6.175,  -0.400,   6.275
202603130206,   6.416,9999.000,9999.000,9999.000,9999.000,9999.000,9999.000,9999.000,9999.000
202603130212,   6.552,9999.000,9999.000,9999.000,9999.000,9999.000,9999.000,9999.000,9999.000
202603130218,   6.689,9999.000,9999.000,9999.000,9999.000,9999.000,9999.000,9999.000,9999.000
202603130224,   6.826,9999.000,9999.000,9999.000,9999.000,9999.000,9999.000,9999.000,9999.000
202603130230,   6.963,9999.000,9999.000,9999.000,9999.000,9999.000,9999.000,9999.000,9999.000
202603130236,   7.100,9999.000,9999.000,9999.000,9999.000,9999.000,9999.000,9999.000,9999.000
202603130242,   7.236,9999.000,9999.000,9999.000,9999.000,9999.000,9999.000,9999.000,9999.000
202603130248,   7.371,9999.000,9999.000,9999.000,9999.000,9999.000,9999.000,9999.000,9999.000
202603130254,   7.505,9999.000,9999.000,9999.000,9999.000,9999.000,9999.000,9999.000,9999.000
202603130300,   7.638,9999.000,  -0.500,   0.395,   7.533,  -0.600,   7.433,  -0.400,   7.633
202603130306,   7.769,9999.000,9999.000,9999.000,9999.000,9999.000,9999.000,9999.000,9999.000
202603130312,   7.897,9999.000,9999.000,9999.000,9999.000,9999.000,9999.000,9999.000,9999.000
202603130318,   8.024,9999.000,9999.000,9999.000,9999.000,9999.000,9999.000,9999.000,9999.000
202603130324,   8.148,9999.000,9999.000,9999.000,9999.000,9999.000,9999.000,9999.000,9999.000
202603130330,   8.269,9999.000,9999.000,9999.000,9999.000,9999.000,9999.000,9999.000,9999.000
202603130336,   8.387,9999.000,9999.000,9999.000,9999.000,9999.000,9999.000,9999.000,9999.000
202603130342,   8.502,9999.000,9999.000,9999.000,9999.000,9999.000,9999.000,9999.000,9999.000
202603130348,   8.613,9999.000,9999.000,9999.000,9999.000,9999.000,9999.000,9999.000,9999.000
202603130354,   8.721,9999.000,9999.000,9999.000,9999.000,9999.000,9999.000,9999.000,9999.000
202603130400,   8.824,9999.000,  -0.500,   0.395,   8.719,  -0.600,   8.619,  -0.500,   8.719
202603130406,   8.924,9999.000,9999.000,9999.000,9999.000,9999.000,9999.000,9999.000,9999.000
202603130412,   9.019,9999.000,9999.000,9999.000,9999.000,9999.000,9999.000,9999.000,9999.000
202603130418,   9.110,9999.000,9999.000,9999.000,9999.000,9999.000,9999.000,9999.000,9999.000
202603130424,   9.196,9999.000,9999.000,9999.000,9999.000,9999.000,9999.000,9999.000,9999.000
202603130430,   9.277,9999.000,9999.000,9999.000,9999.000,9999.000,9999.000,9999.000,9999.000
202603130436,   9.354,9999.000,9999.000,9999.000,9999.000,9999.000,9999.000,9999.000,9999.000
202603130442,   9.425,9999.000,9999.000,9999.000,9999.000,9999.000,9999.000,9999.000,9999.000
202603130448,   9.491,9999.000,9999.000,9999.000,9999.000,9999.000,9999.000,9999.000,9999.000
202603130454,   9.552,9999.000,9999.000,9999.000,9999.000,9999.000,9999.000,9999.000,9999.000
202603130500,   9.608,9999.000,  -0.600,   0.395,   9.403,  -0.700,   9.303,  -0.500,   9.503
202603130506,   9.658,9999.000,9999.000,9999.000,9999.000,9999.000,9999.000,9999.000,9999.000
202603130512,   9.703,9999.000,9999.000,9999.000,9999.000,9999.000,9999.000,9999.000,9999.000
202603130518,   9.743,9999.000,9999.000,9999.000,9999.000,9999.000,9999.000,9999.000,9999.000
202603130524,   9.776,9999.000,9999.000,9999.000,9999.000,9999.000,9999.000,9999.000,9999.000
202603130530,   9.805,9999.000,9999.000,9999.000,9999.000,9999.000,9999.000,9999.000,9999.000
202603130536,   9.827,9999.000,9999.000,9999.000,9999.000,9999.000,9999.000,9999.000,9999.000
202603130542,   9.845,9999.000,9999.000,9999.000,9999.000,9999.000,9999.000,9999.000,9999.000
202603130548,   9.856,9999.000,9999.000,9999.000,9999.000,9999.000,9999.000,9999.000,9999.000
202603130554,   9.863,9999.000,9999.000,9999.000,9999.000,9999.000,9999.000,9999.000,9999.000
202603130600,   9.864,9999.000,  -0.600,   0.395,   9.659,  -0.700,   9.559,  -0.500,   9.759
202603130606,   9.859,9999.000,9999.000,9999.000,9999.000,9999.000,9999.000,9999.000,9999.000
202603130612,   9.850,9999.000,9999.000,9999.000,9999.000,9999.000,9999.000,9999.000,9999.000
202603130618,   9.835,9999.000,9999.000,9999.000,9999.000,9999.000,9999.000,9999.000,9999.000
202603130624,   9.816,9999.000,9999.000,9999.000,9999.000,9999.000,9999.000,9999.000,9999.000
202603130630,   9.792,9999.000,9999.000,9999.000,9999.000,9999.000,9999.000,9999.000,9999.000
202603130636,   9.763,9999.000,9999.000,9999.000,9999.000,9999.000,9999.000,9999.000,9999.000
202603130642,   9.729,9999.000,9999.000,9999.000,9999.000,9999.000,9999.000,9999.000,9999.000
202603130648,   9.691,9999.000,9999.000,9999.000,9999.000,9999.000,9999.000,9999.000,9999.000
202603130654,   9.649,9999.000,9999.000,9999.000,9999.000,9999.000,9999.000,9999.000,9999.000
202603130700,   9.603,9999.000,  -0.600,   0.395,   9.398,  -0.800,   9.198,  -0.500,   9.498
202603130706,   9.554,9999.000,9999.000,9999.000,9999.000,9999.000,9999.000,9999.000,9999.000
202603130712,   9.500,9999.000,9999.000,9999.000,9999.000,9999.000,9999.000,9999.000,9999.000
202603130718,   9.444,9999.000,9999.000,9999.000,9999.000,9999.000,9999.000,9999.000,9999.000
202603130724,   9.384,9999.000,9999.000,9999.000,9999.000,9999.000,9999.000,9999.000,9999.000
202603130730,   9.321,9999.000,9999.000,9999.000,9999.000,9999.000,9999.000,9999.000,9999.000
202603130736,   9.256,9999.000,9999.000,9999.000,9999.000,9999.000,9999.000,9999.000,9999.000
202603130742,   9.189,9999.000,9999.000,9999.000,9999.000,9999.000,9999.000,9999.000,9999.000
202603130748,   9.119,9999.000,9999.000,9999.000,9999.000,9999.000,9999.000,9999.000,9999.000
202603130754,   9.047,9999.000,9999.000,9999.000,9999.000,9999.000,9999.000,9999.000,9999.000
202603130800,   8.975,9999.000,  -0.600,   0.395,   8.770,  -0.800,   8.570,  -0.500,   8.870
202603130806,   8.900,9999.000,9999.000,9999.000,9999.000,9999.000,9999.000,9999.000,9999.000
202603130812,   8.825,9999.000,9999.000,9999.000,9999.000,9999.000,9999.000,9999.000,9999.000
202603130818,   8.749,9999.000,9999.000,9999.000,9999.000,9999.000,9999.000,9999.000,9999.000
202603130824,   8.673,9999.000,9999.000,9999.000,9999.000,9999.000,9999.000,9999.000,9999.000
202603130830,   8.596,9999.000,9999.000,9999.000,9999.000,9999.000,9999.000,9999.000,9999.000
202603130836,   8.520,9999.000,9999.000,9999.000,9999.000,9999.000,9999.000,9999.000,9999.000
202603130842,   8.444,9999.000,9999.000,9999.000,9999.000,9999.000,9999.000,9999.000,9999.000
202603130848,   8.369,9999.000,9999.000,9999.000,9999.000,9999.000,9999.000,9999.000,9999.000
202603130854,   8.295,9999.000,9999.000,9999.000,9999.000,9999.000,9999.000,9999.000,9999.000
202603130900,   8.222,9999.000,  -0.600,   0.395,   8.017,  -0.800,   7.817,  -0.500,   8.117
202603130906,   8.151,9999.000,9999.000,9999.000,9999.000,9999.000,9999.000,9999.000,9999.000
202603130912,   8.082,9999.000,9999.000,9999.000,9999.000,9999.000,9999.000,9999.000,9999.000
202603130918,   8.015,9999.000,9999.000,9999.000,9999.000,9999.000,9999.000,9999.000,9999.000
202603130924,   7.950,9999.000,9999.000,9999.000,9999.000,9999.000,9999.000,9999.000,9999.000
202603130930,   7.887,9999.000,9999.000,9999.000,9999.000,9999.000,9999.000,9999.000,9999.000
202603130936,   7.828,9999.000,9999.000,9999.000,9999.000,9999.000,9999.000,9999.000,9999.000
202603130942,   7.772,9999.000,9999.000,9999.000,9999.000,9999.000,9999.000,9999.000,9999.000
202603130948,   7.719,9999.000,9999.000,9999.000,9999.000,9999.000,9999.000,9999.000,9999.000
202603130954,   7.670,9999.000,9999.000,9999.000,9999.000,9999.000,9999.000,9999.000,9999.000
202603131000,   7.624,9999.000,  -0.600,   0.395,   7.419,  -0.700,   7.319,  -0.400,   7.619
202603131006,   7.583,9999.000,9999.000,9999.000,9999.000,9999.000,9999.000,9999.000,9999.000
202603131012,   7.545,9999.000,9999.000,9999.000,9999.000,9999.000,9999.000,9999.000,9999.000
202603131018,   7.512,9999.000,9999.000,9999.000,9999.000,9999.000,9999.000,9999.000,9999.000
202603131024,   7.484,9999.000,9999.000,9999.000,9999.000,9999.000,9999.000,9999.000,9999.000
202603131030,   7.460,9999.000,9999.000,9999.000,9999.000,9999.000,9999.000,9999.000,9999.000
202603131036,   7.441,9999.000,9999.000,9999.000,9999.000,9999.000,9999.000,9999.000,9999.000
202603131042,   7.426,9999.000,9999.000,9999.000,9999.000,9999.000,9999.000,9999.000,9999.000
202603131048,   7.417,9999.000,9999.000,9999.000,9999.000,9999.000,9999.000,9999.000,9999.000
202603131054,   7.413,9999.000,9999.000,9999.000,9999.000,9999.000,9999.000,9999.000,9999.000
202603131100,   7.414,9999.000,  -0.500,   0.395,   7.309,  -0.700,   7.109,  -0.400,   7.409
202603131106,   7.421,9999.000,9999.000,9999.000,9999.000,9999.000,9999.000,9999.000,9999.000
202603131112,   7.432,9999.000,9999.000,9999.000,9999.000,9999.000,9999.000,9999.000,9999.000
202603131118,   7.449,9999.000,9999.000,9999.000,9999.000,9999.000,9999.000,9999.000,9999.000
202603131124,   7.472,9999.000,9999.000,9999.000,9999.000,9999.000,9999.000,9999.000,9999.000
202603131130,   7.499,9999.000,9999.000,9999.000,9999.000,9999.000,9999.000,9999.000,9999.000
202603131136,   7.532,9999.000,9999.000,9999.000,9999.000,9999.000,9999.000,9999.000,9999.000
202603131142,   7.571,9999.000,9999.000,9999.000,9999.000,9999.000,9999.000,9999.000,9999.000
202603131148,   7.614,9999.000,9999.000,9999.000,9999.000,9999.000,9999.000,9999.000,9999.000
202603131154,   7.663,9999.000,9999.000,9999.000,9999.000,9999.000,9999.000,9999.000,9999.000
202603131200,   7.717,9999.000,  -0.500,   0.395,   7.612,  -0.600,   7.512,  -0.400,   7.712
202603131206,   7.776,9999.000,9999.000,9999.000,9999.000,9999.000,9999.000,9999.000,9999.000
202603131212,   7.840,9999.000,9999.000,9999.000,9999.000,9999.000,9999.000,9999.000,9999.000
202603131218,   7.908,9999.000,9999.000,9999.000,9999.000,9999.000,9999.000,9999.000,9999.000
202603131224,   7.981,9999.000,9999.000,9999.000,9999.000,9999.000,9999.000,9999.000,9999.000
202603131230,   8.059,9999.000,9999.000,9999.000,9999.000,9999.000,9999.000,9999.000,9999.000
202603131236,   8.141,9999.000,9999.000,9999.000,9999.000,9999.000,9999.000,9999.000,9999.000
202603131242,   8.227,9999.000,9999.000,9999.000,9999.000,9999.000,9999.000,9999.000,9999.000
202603131248,   8.317,9999.000,9999.000,9999.000,9999.000,9999.000,9999.000,9999.000,9999.000
202603131254,   8.411,9999.000,9999.000,9999.000,9999.000,9999.000,9999.000,9999.000,9999.000
202603131300,   8.509,9999.000,  -0.500,   0.395,   8.404,  -0.600,   8.304,  -0.300,   8.604
202603131306,   8.609,9999.000,9999.000,9999.000,9999.000,9999.000,9999.000,9999.000,9999.000
202603131312,   8.713,9999.000,9999.000,9999.000,9999.000,9999.000,9999.000,9999.000,9999.000
202603131318,   8.819,9999.000,9999.000,9999.000,9999.000,9999.000,9999.000,9999.000,9999.000
202603131324,   8.928,9999.000,9999.000,9999.000,9999.000,9999.000,9999.000,9999.000,9999.000
202603131330,   9.039,9999.000,9999.000,9999.000,9999.000,9999.000,9999.000,9999.000,9999.000
202603131336,   9.152,9999.000,9999.000,9999.000,9999.000,9999.000,9999.000,9999.000,9999.000
202603131342,   9.267,9999.000,9999.000,9999.000,9999.000,9999.000,9999.000,9999.000,9999.000
202603131348,   9.383,9999.000,9999.000,9999.000,9999.000,9999.000,9999.000,9999.000,9999.000
202603131354,   9.500,9999.000,9999.000,9999.000,9999.000,9999.000,9999.000,9999.000,9999.000
202603131400,   9.618,9999.000,  -0.500,   0.395,   9.513,  -0.600,   9.413,  -0.400,   9.613
202603131406,   9.736,9999.000,9999.000,9999.000,9999.000,9999.000,9999.000,9999.000,9999.000
202603131412,   9.854,9999.000,9999.000,9999.000,9999.000,9999.000,9999.000,9999.000,9999.000
202603131418,   9.973,9999.000,9999.000,9999.000,9999.000,9999.000,9999.000,9999.000,9999.000
202603131424,  10.090,9999.000,9999.000,9999.000,9999.000,9999.000,9999.000,9999.000,9999.000
202603131430,  10.207,9999.000,9999.000,9999.000,9999.000,9999.000,9999.000,9999.000,9999.000
202603131436,  10.323,9999.000,9999.000,9999.000,9999.000,9999.000,9999.000,9999.000,9999.000
202603131442,  10.437,9999.000,9999.000,9999.000,9999.000,9999.000,9999.000,9999.000,9999.000
202603131448,  10.549,9999.000,9999.000,9999.000,9999.000,9999.000,9999.000,9999.000,9999.000
202603131454,  10.659,9999.000,9999.000,9999.000,9999.000,9999.000,9999.000,9999.000,9999.000
202603131500,  10.767,9999.000,  -0.500,   0.395,  10.662,  -0.700,  10.462,  -0.400,  10.762
202603131506,  10.872,9999.000,9999.000,9999.000,9999.000,9999.000,9999.000,9999.000,9999.000
202603131512,  10.973,9999.000,9999.000,9999.000,9999.000,9999.000,9999.000,9999.000,9999.000
202603131518,  11.072,9999.000,9999.000,9999.000,9999.000,9999.000,9999.000,9999.000,9999.000
202603131524,  11.166,9999.000,9999.000,9999.000,9999.000,9999.000,9999.000,9999.000,9999.000
202603131530,  11.257,9999.000,9999.000,9999.000,9999.000,9999.000,9999.000,9999.000,9999.000
202603131536,  11.343,9999.000,9999.000,9999.000,9999.000,9999.000,9999.000,9999.000,9999.000
202603131542,  11.425,9999.000,9999.000,9999.000,9999.000,9999.000,9999.000,9999.000,9999.000
202603131548,  11.502,9999.000,9999.000,9999.000,9999.000,9999.000,9999.000,9999.000,9999.000
202603131554,  11.574,9999.000,9999.000,9999.000,9999.000,9999.000,9999.000,9999.000,9999.000
202603131600,  11.641,9999.000,  -0.600,   0.395,  11.436,  -0.700,  11.336,  -0.400,  11.636
202603131606,  11.702,9999.000,9999.000,9999.000,9999.000,9999.000,9999.000,9999.000,9999.000
202603131612,  11.757,9999.000,9999.000,9999.000,9999.000,9999.000,9999.000,9999.000,9999.000
202603131618,  11.806,9999.000,9999.000,9999.000,9999.000,9999.000,9999.000,9999.000,9999.000
202603131624,  11.849,9999.000,9999.000,9999.000,9999.000,9999.000,9999.000,9999.000,9999.000
202603131630,  11.886,9999.000,9999.000,9999.000,9999.000,9999.000,9999.000,9999.000,9999.000
202603131636,  11.916,9999.000,9999.000,9999.000,9999.000,9999.000,9999.000,9999.000,9999.000
202603131642,  11.939,9999.000,9999.000,9999.000,9999.000,9999.000,9999.000,9999.000,9999.000
202603131648,  11.956,9999.000,9999.000,9999.000,9999.000,9999.000,9999.000,9999.000,9999.000
202603131654,  11.965,9999.000,9999.000,9999.000,9999.000,9999.000,9999.000,9999.000,9999.000
202603131700,  11.968,9999.000,  -0.600,   0.395,  11.763,  -0.700,  11.663,  -0.500,  11.863
202603131706,  11.963,9999.000,9999.000,9999.000,9999.000,9999.000,9999.000,9999.000,9999.000
202603131712,  11.951,9999.000,9999.000,9999.000,9999.000,9999.000,9999.000,9999.000,9999.000
202603131718,  11.931,9999.000,9999.000,9999.000,9999.000,9999.000,9999.000,9999.000,9999.000
202603131724,  11.905,9999.000,9999.000,9999.000,9999.000,9999.000,9999.000,9999.000,9999.000
202603131730,  11.870,9999.000,9999.000,9999.000,9999.000,9999.000,9999.000,9999.000,9999.000
202603131736,  11.829,9999.000,9999.000,9999.000,9999.000,9999.000,9999.000,9999.000,9999.000
202603131742,  11.780,9999.000,9999.000,9999.000,9999.000,9999.000,9999.000,9999.000,9999.000
202603131748,  11.723,9999.000,9999.000,9999.000,9999.000,9999.000,9999.000,9999.000,9999.000
202603131754,  11.659,9999.000,9999.000,9999.000,9999.000,9999.000,9999.000,9999.000,9999.000
202603131800,  11.588,9999.000,  -0.700,   0.395,  11.283,  -0.800,  11.183,  -0.600,  11.383
202603131806,  11.509,9999.000,9999.000,9999.000,9999.000,9999.000,9999.000,9999.000,9999.000
202603131812,  11.424,9999.000,9999.000,9999.000,9999.000,9999.000,9999.000,9999.000,9999.000
202603131818,  11.331,9999.000,9999.000,9999.000,9999.000,9999.000,9999.000,9999.000,9999.000
202603131824,  11.231,9999.000,9999.000,9999.000,9999.000,9999.000,9999.000,9999.000,9999.000
202603131830,  11.124,9999.000,9999.000,9999.000,9999.000,9999.000,9999.000,9999.000,9999.000
202603131836,  11.011,9999.000,9999.000,9999.000,9999.000,9999.000,9999.000,9999.000,9999.000
202603131842,  10.891,9999.000,9999.000,9999.000,9999.000,9999.000,9999.000,9999.000,9999.000
202603131848,  10.765,9999.000,9999.000,9999.000,9999.000,9999.000,9999.000,9999.000,9999.000
202603131854,  10.632,9999.000,9999.000,9999.000,9999.000,9999.000,9999.000,9999.000,9999.000
202603131900,  10.494,9999.000,  -0.700,   0.395,  10.189,  -0.900,   9.989,  -0.600,  10.289
202603131906,  10.350,9999.000,9999.000,9999.000,9999.000,9999.000,9999.000,9999.000,9999.000
202603131912,  10.201,9999.000,9999.000,9999.000,9999.000,9999.000,9999.000,9999.000,9999.000
202603131918,  10.046,9999.000,9999.000,9999.000,9999.000,9999.000,9999.000,9999.000,9999.000
202603131924,   9.886,9999.000,9999.000,9999.000,9999.000,9999.000,9999.000,9999.000,9999.000
202603131930,   9.722,9999.000,9999.000,9999.000,9999.000,9999.000,9999.000,9999.000,9999.000
202603131936,   9.553,9999.000,9999.000,9999.000,9999.000,9999.000,9999.000,9999.000,9999.000
202603131942,   9.380,9999.000,9999.000,9999.000,9999.000,9999.000,9999.000,9999.000,9999.000
202603131948,   9.203,9999.000,9999.000,9999.000,9999.000,9999.000,9999.000,9999.000,9999.000
202603131954,   9.023,9999.000,9999.000,9999.000,9999.000,9999.000,9999.000,9999.000,9999.000
202603132000,   8.839,9999.000,  -0.800,   0.395,   8.434,  -0.900,   8.334,  -0.600,   8.634
202603132006,   8.653,9999.000,9999.000,9999.000,9999.000,9999.000,9999.000,9999.000,9999.000
202603132012,   8.464,9999.000,9999.000,9999.000,9999.000,9999.000,9999.000,9999.000,9999.000
202603132018,   8.273,9999.000,9999.000,9999.000,9999.000,9999.000,9999.000,9999.000,9999.000
202603132024,   8.081,9999.000,9999.000,9999.000,9999.000,9999.000,9999.000,9999.000,9999.000
202603132030,   7.887,9999.000,9999.000,9999.000,9999.000,9999.000,9999.000,9999.000,9999.000
202603132036,   7.691,9999.000,9999.000,9999.000,9999.000,9999.000,9999.000,9999.000,9999.000
202603132042,   7.496,9999.000,9999.000,9999.000,9999.000,9999.000,9999.000,9999.000,9999.000
202603132048,   7.300,9999.000,9999.000,9999.000,9999.000,9999.000,9999.000,9999.000,9999.000
202603132054,   7.104,9999.000,9999.000,9999.000,9999.000,9999.000,9999.000,9999.000,9999.000
202603132100,   6.908,9999.000,  -0.700,   0.395,   6.603,  -0.900,   6.403,  -0.600,   6.703
202603132106,   6.714,9999.000,9999.000,9999.000,9999.000,9999.000,9999.000,9999.000,9999.000
202603132112,   6.520,9999.000,9999.000,9999.000,9999.000,9999.000,9999.000,9999.000,9999.000
202603132118,   6.329,9999.000,9999.000,9999.000,9999.000,9999.000,9999.000,9999.000,9999.000
202603132124,   6.139,9999.000,9999.000,9999.000,9999.000,9999.000,9999.000,9999.000,9999.000
202603132130,   5.951,9999.000,9999.000,9999.000,9999.000,9999.000,9999.000,9999.000,9999.000
202603132136,   5.767,9999.000,9999.000,9999.000,9999.000,9999.000,9999.000,9999.000,9999.000
202603132142,   5.585,9999.000,9999.000,9999.000,9999.000,9999.000,9999.000,9999.000,9999.000
202603132148,   5.407,9999.000,9999.000,9999.000,9999.000,9999.000,9999.000,9999.000,9999.000
202603132154,   5.233,9999.000,9999.000,9999.000,9999.000,9999.000,9999.000,9999.000,9999.000
202603132200,   5.063,9999.000,  -0.600,   0.395,   4.858,  -0.800,   4.658,  -0.500,   4.958
202603132206,   4.897,9999.000,9999.000,9999.000,9999.000,9999.000,9999.000,9999.000,9999.000
202603132212,   4.737,9999.000,9999.000,9999.000,9999.000,9999.000,9999.000,9999.000,9999.000
202603132218,   4.581,9999.000,9999.000,9999.000,9999.000,9999.000,9999.000,9999.000,9999.000
202603132224,   4.431,9999.000,9999.000,9999.000,9999.000,9999.000,9999.000,9999.000,9999.000
202603132230,   4.287,9999.000,9999.000,9999.000,9999.000,9999.000,9999.000,9999.000,9999.000
202603132236,   4.150,9999.000,9999.000,9999.000,9999.000,9999.000,9999.000,9999.000,9999.000
202603132242,   4.018,9999.000,9999.000,9999.000,9999.000,9999.000,9999.000,9999.000,9999.000
202603132248,   3.893,9999.000,9999.000,9999.000,9999.000,9999.000,9999.000,9999.000,9999.000
202603132254,   3.775,9999.000,9999.000,9999.000,9999.000,9999.000,9999.000,9999.000,9999.000
202603132300,   3.665,9999.000,  -0.500,   0.395,   3.560,  -0.700,   3.360,  -0.400,   3.660
202603132306,   3.561,9999.000,9999.000,9999.000,9999.000,9999.000,9999.000,9999.000,9999.000
202603132312,   3.466,9999.000,9999.000,9999.000,9999.000,9999.000,9999.000,9999.000,9999.000
202603132318,   3.378,9999.000,9999.000,9999.000,9999.000,9999.000,9999.000,9999.000,9999.000
202603132324,   3.298,9999.000,9999.000,9999.000,9999.000,9999.000,9999.000,9999.000,9999.000
202603132330,   3.226,9999.000,9999.000,9999.000,9999.000,9999.000,9999.000,9999.000,9999.000
202603132336,   3.163,9999.000,9999.000,9999.000,9999.000,9999.000,9999.000,9999.000,9999.000
202603132342,   3.108,9999.000,9999.000,9999.000,9999.000,9999.000,9999.000,9999.000,9999.000
202603132348,   3.062,9999.000,9999.000,9999.000,9999.000,9999.000,9999.000,9999.000,9999.000
202603132354,   3.024,9999.000,9999.000,9999.000,9999.000,9999.000,9999.000,9999.000,9999.000
202603140000,   2.996,9999.000,  -0.500,   0.395,   2.891,  -0.600,   2.791,  -0.300,   3.091
202603140006,   2.976,9999.000,9999.000,9999.000,9999.000,9999.000,9999.000,9999.000,9999.000
202603140012,   2.964,9999.000,9999.000,9999.000,9999.000,9999.000,9999.000,9999.000,9999.000
202603140018,   2.962,9999.000,9999.000,9999.000,9999.000,9999.000,9999.000,9999.000,9999.000
202603140024,   2.969,9999.000,9999.000,9999.000,9999.000,9999.000,9999.000,9999.000,9999.000
202603140030,   2.984,9999.000,9999.000,9999.000,9999.000,9999.000,9999.000,9999.000,9999.000
202603140036,   3.008,9999.000,9999.000,9999.000,9999.000,9999.000,9999.000,9999.000,9999.000
202603140042,   3.041,9999.000,9999.000,9999.000,9999.000,9999.000,9999.000,9999.000,9999.000
202603140048,   3.083,9999.000,9999.000,9999.000,9999.000,9999.000,9999.000,9999.000,9999.000
202603140054,   3.133,9999.000,9999.000,9999.000,9999.000,9999.000,9999.000,9999.000,9999.000
202603140100,   3.192,9999.000,  -0.400,   0.395,   3.187,  -0.500,   3.087,  -0.200,   3.387
202603140106,   3.259,9999.000,9999.000,9999.000,9999.000,9999.000,9999.000,9999.000,9999.000
202603140112,   3.334,9999.000,9999.000,9999.000,9999.000,9999.000,9999.000,9999.000,9999.000
202603140118,   3.418,9999.000,9999.000,9999.000,9999.000,9999.000,9999.000,9999.000,9999.000
202603140124,   3.509,9999.000,9999.000,9999.000,9999.000,9999.000,9999.000,9999.000,9999.000
202603140130,   3.608,9999.000,9999.000,9999.000,9999.000,9999.000,9999.000,9999.000,9999.000
202603140136,   3.714,9999.000,9999.000,9999.000,9999.000,9999.000,9999.000,9999.000,9999.000
202603140142,   3.827,9999.000,9999.000,9999.000,9999.000,9999.000,9999.000,9999.000,9999.000
202603140148,   3.947,9999.000,9999.000,9999.000,9999.000,9999.000,9999.000,9999.000,9999.000
202603140154,   4.074,9999.000,9999.000,9999.000,9999.000,9999.000,9999.000,9999.000,9999.000
202603140200,   4.207,9999.000,  -0.400,   0.395,   4.202,  -0.500,   4.102,  -0.200,   4.402
202603140206,   4.347,9999.000,9999.000,9999.000,9999.000,9999.000,9999.000,9999.000,9999.000
202603140212,   4.492,9999.000,9999.000,9999.000,9999.000,9999.000,9999.000,9999.000,9999.000
202603140218,   4.642,9999.000,9999.000,9999.000,9999.000,9999.000,9999.000,9999.000,9999.000
202603140224,   4.798,9999.000,9999.000,9999.000,9999.000,9999.000,9999.000,9999.000,9999.000
202603140230,   4.958,9999.000,9999.000,9999.000,9999.000,9999.000,9999.000,9999.000,9999.000
202603140236,   5.122,9999.000,9999.000,9999.000,9999.000,9999.000,9999.000,9999.000,9999.000
202603140242,   5.291,9999.000,9999.000,9999.000,9999.000,9999.000,9999.000,9999.000,9999.000
202603140248,   5.463,9999.000,9999.000,9999.000,9999.000,9999.000,9999.000,9999.000,9999.000
202603140254,   5.639,9999.000,9999.000,9999.000,9999.000,9999.000,9999.000,9999.000,9999.000
202603140300,   5.817,9999.000,  -0.400,   0.395,   5.812,  -0.500,   5.712,  -0.300,   5.912
202603140306,   5.998,9999.000,9999.000,9999.000,9999.000,9999.000,9999.000,9999.000,9999.000
202603140312,   6.180,9999.000,9999.000,9999.000,9999.000,9999.000,9999.000,9999.000,9999.000
202603140318,   6.365,9999.000,9999.000,9999.000,9999.000,9999.000,9999.000,9999.000,9999.000
202603140324,   6.550,9999.000,9999.000,9999.000,9999.000,9999.000,9999.000,9999.000,9999.000
202603140330,   6.737,9999.000,9999.000,9999.000,9999.000,9999.000,9999.000,9999.000,9999.000
202603140336,   6.923,9999.000,9999.000,9999.000,9999.000,9999.000,9999.000,9999.000,9999.000
202603140342,   7.110,9999.000,9999.000,9999.000,9999.000,9999.000,9999.000,9999.000,9999.000
202603140348,   7.296,9999.000,9999.000,9999.000,9999.000,9999.000,9999.000,9999.000,9999.000
202603140354,   7.482,9999.000,9999.000,9999.000,9999.000,9999.000,9999.000,9999.000,9999.000
202603140400,   7.666,9999.000,  -0.400,   0.395,   7.661,  -0.600,   7.461,  -0.300,   7.761
202603140406,   7.848,9999.000,9999.000,9999.000,9999.000,9999.000,9999.000,9999.000,9999.000
202603140412,   8.028,9999.000,9999.000,9999.000,9999.000,9999.000,9999.000,9999.000,9999.000
202603140418,   8.206,9999.000,9999.000,9999.000,9999.000,9999.000,9999.000,9999.000,9999.000
202603140424,   8.381,9999.000,9999.000,9999.000,9999.000,9999.000,9999.000,9999.000,9999.000
202603140430,   8.552,9999.000,9999.000,9999.000,9999.000,9999.000,9999.000,9999.000,9999.000
202603140436,   8.720,9999.000,9999.000,9999.000,9999.000,9999.000,9999.000,9999.000,9999.000
202603140442,   8.884,9999.000,9999.000,9999.000,9999.000,9999.000,9999.000,9999.000,9999.000
202603140448,   9.043,9999.000,9999.000,9999.000,9999.000,9999.000,9999.000,9999.000,9999.000
202603140454,   9.198,9999.000,9999.000,9999.000,9999.000,9999.000,9999.000,9999.000,9999.000
202603140500,   9.348,9999.000,  -0.500,   0.395,   9.243,  -0.600,   9.143,  -0.400,   9.343
202603140506,   9.492,9999.000,9999.000,9999.000,9999.000,9999.000,9999.000,9999.000,9999.000
202603140512,   9.630,9999.000,9999.000,9999.000,9999.000,9999.000,9999.000,9999.000,9999.000
202603140518,   9.763,9999.000,9999.000,9999.000,9999.000,9999.000,9999.000,9999.000,9999.000
202603140524,   9.889,9999.000,9999.000,9999.000,9999.000,9999.000,9999.000,9999.000,9999.000
202603140530,  10.009,9999.000,9999.000,9999.000,9999.000,9999.000,9999.000,9999.000,9999.000
202603140536,  10.121,9999.000,9999.000,9999.000,9999.000,9999.000,9999.000,9999.000,9999.000
202603140542,  10.227,9999.000,9999.000,9999.000,9999.000,9999.000,9999.000,9999.000,9999.000
202603140548,  10.326,9999.000,9999.000,9999.000,9999.000,9999.000,9999.000,9999.000,9999.000
202603140554,  10.417,9999.000,9999.000,9999.000,9999.000,9999.000,9999.000,9999.000,9999.000
202603140600,  10.501,9999.000,  -0.600,   0.395,  10.296,  -0.700,  10.196,  -0.500,  10.396
202603140606,  10.577,9999.000,9999.000,9999.000,9999.000,9999.000,9999.000,9999.000,9999.000
202603140612,  10.645,9999.000,9999.000,9999.000,9999.000,9999.000,9999.000,9999.000,9999.000
202603140618,  10.705,9999.000,9999.000,9999.000,9999.000,9999.000,9999.000,9999.000,9999.000
202603140624,  10.757,9999.000,9999.000,9999.000,9999.000,9999.000,9999.000,9999.000,9999.000
202603140630,  10.800,9999.000,9999.000,9999.000,9999.000,9999.000,9999.000,9999.000,9999.000
202603140636,  10.836,9999.000,9999.000,9999.000,9999.000,9999.000,9999.000,9999.000,9999.000
202603140642,  10.863,9999.000,9999.000,9999.000,9999.000,9999.000,9999.000,9999.000,9999.000
202603140648,  10.883,9999.000,9999.000,9999.000,9999.000,9999.000,9999.000,9999.000,9999.000
202603140654,  10.894,9999.000,9999.000,9999.000,9999.000,9999.000,9999.000,9999.000,9999.000
202603140700,  10.896,9999.000,  -0.700,   0.395,  10.591,  -0.800,  10.491,  -0.500,  10.791
202603140706,  10.891,9999.000,9999.000,9999.000,9999.000,9999.000,9999.000,9999.000,9999.000
202603140712,  10.878,9999.000,9999.000,9999.000,9999.000,9999.000,9999.000,9999.000,9999.000
202603140718,  10.856,9999.000,9999.000,9999.000,9999.000,9999.000,9999.000,9999.000,9999.000
202603140724,  10.827,9999.000,9999.000,9999.000,9999.000,9999.000,9999.000,9999.000,9999.000
202603140730,  10.791,9999.000,9999.000,9999.000,9999.000,9999.000,9999.000,9999.000,9999.000
202603140736,  10.746,9999.000,9999.000,9999.000,9999.000,9999.000,9999.000,9999.000,9999.000
202603140742,  10.695,9999.000,9999.000,9999.000,9999.000,9999.000,9999.000,9999.000,9999.000
202603140748,  10.637,9999.000,9999.000,9999.000,9999.000,9999.000,9999.000,9999.000,9999.000
202603140754,  10.571,9999.000,9999.000,9999.000,9999.000,9999.000,9999.000,9999.000,9999.000
202603140800,  10.499,9999.000,  -0.700,   0.395,  10.194,  -0.900,   9.994,  -0.500,  10.394
202603140806,  10.421,9999.000,9999.000,9999.000,9999.000,9999.000,9999.000,9999.000,9999.000
202603140812,  10.337,9999.000,9999.000,9999.000,9999.000,9999.000,9999.000,9999.000,9999.000
202603140818,  10.247,9999.000,9999.000,9999.000,9999.000,9999.000,9999.000,9999.000,9999.000
202603140824,  10.151,9999.000,9999.000,9999.000,9999.000,9999.000,9999.000,9999.000,9999.000
202603140830,  10.050,9999.000,9999.000,9999.000,9999.000,9999.000,9999.000,9999.000,9999.000
202603140836,   9.945,9999.000,9999.000,9999.000,9999.000,9999.000,9999.000,9999.000,9999.000
202603140842,   9.835,9999.000,9999.000,9999.000,9999.000,9999.000,9999.000,9999.000,9999.000
202603140848,   9.722,9999.000,9999.000,9999.000,9999.000,9999.000,9999.000,9999.000,9999.000
202603140854,   9.604,9999.000,9999.000,9999.000,9999.000,9999.000,9999.000,9999.000,9999.000
202603140900,   9.484,9999.000,  -0.700,   0.395,   9.179,  -0.900,   8.979,  -0.500,   9.379
202603140906,   9.360,9999.000,9999.000,9999.000,9999.000,9999.000,9999.000,9999.000,9999.000
202603140912,   9.235,9999.000,9999.000,9999.000,9999.000,9999.000,9999.000,9999.000,9999.000
202603140918,   9.107,9999.000,9999.000,9999.000,9999.000,9999.000,9999.000,9999.000,9999.000
202603140924,   8.978,9999.000,9999.000,9999.000,9999.000,9999.000,9999.000,9999.000,9999.000
202603140930,   8.847,9999.000,9999.000,9999.000,9999.000,9999.000,9999.000,9999.000,9999.000
202603140936,   8.716,9999.000,9999.000,9999.000,9999.000,9999.000,9999.000,9999.000,9999.000
202603140942,   8.585,9999.000,9999.000,9999.000,9999.000,9999.000,9999.000,9999.000,9999.000
202603140948,   8.454,9999.000,9999.000,9999.000,9999.000,9999.000,9999.000,9999.000,9999.000
202603140954,   8.324,9999.000,9999.000,9999.000,9999.000,9999.000,9999.000,9999.000,9999.000
202603141000,   8.194,9999.000,  -0.700,   0.395,   7.889,  -0.800,   7.789,  -0.500,   8.089
202603141006,   8.066,9999.000,9999.000,9999.000,9999.000,9999.000,9999.000,9999.000,9999.000
202603141012,   7.941,9999.000,9999.000,9999.000,9999.000,9999.000,9999.000,9999.000,9999.000
202603141018,   7.817,9999.000,9999.000,9999.000,9999.000,9999.000,9999.000,9999.000,9999.000
202603141024,   7.696,9999.000,9999.000,9999.000,9999.000,9999.000,9999.000,9999.000,9999.000
202603141030,   7.579,9999.000,9999.000,9999.000,9999.000,9999.000,9999.000,9999.000,9999.000
202603141036,   7.465,9999.000,9999.000,9999.000,9999.000,9999.000,9999.000,9999.000,9999.000
202603141042,   7.355,9999.000,9999.000,9999.000,9999.000,9999.000,9999.000,9999.000,9999.000
202603141048,   7.250,9999.000,9999.000,9999.000,9999.000,9999.000,9999.000,9999.000,9999.000
202603141054,   7.149,9999.000,9999.000,9999.000,9999.000,9999.000,9999.000,9999.000,9999.000
202603141100,   7.053,9999.000,  -0.600,   0.395,   6.848,  -0.800,   6.648,  -0.400,   7.048
202603141106,   6.963,9999.000,9999.000,9999.000,9999.000,9999.000,9999.000,9999.000,9999.000
202603141112,   6.879,9999.000,9999.000,9999.000,9999.000,9999.000,9999.000,9999.000,9999.000
202603141118,   6.801,9999.000,9999.000,9999.000,9999.000,9999.000,9999.000,9999.000,9999.000
202603141124,   6.729,9999.000,9999.000,9999.000,9999.000,9999.000,9999.000,9999.000,9999.000
202603141130,   6.664,9999.000,9999.000,9999.000,9999.000,9999.000,9999.000,9999.000,9999.000
202603141136,   6.605,9999.000,9999.000,9999.000,9999.000,9999.000,9999.000,9999.000,9999.000
202603141142,   6.554,9999.000,9999.000,9999.000,9999.000,9999.000,9999.000,9999.000,9999.000
202603141148,   6.510,9999.000,9999.000,9999.000,9999.000,9999.000,9999.000,9999.000,9999.000
202603141154,   6.474,9999.000,9999.000,9999.000,9999.000,9999.000,9999.000,9999.000,9999.000
202603141200,   6.445,9999.000,  -0.600,   0.395,   6.240,  -0.700,   6.140,  -0.400,   6.440
202603141206,   6.424,9999.000,9999.000,9999.000,9999.000,9999.000,9999.000,9999.000,9999.000
202603141212,   6.411,9999.000,9999.000,9999.000,9999.000,9999.000,9999.000,9999.000,9999.000
202603141218,   6.406,9999.000,9999.000,9999.000,9999.000,9999.000,9999.000,9999.000,9999.000
202603141224,   6.410,9999.000,9999.000,9999.000,9999.000,9999.000,9999.000,9999.000,9999.000
202603141230,   6.421,9999.000,9999.000,9999.000,9999.000,9999.000,9999.000,9999.000,9999.000
202603141236,   6.441,9999.000,9999.000,9999.000,9999.000,9999.000,9999.000,9999.000,9999.000
202603141242,   6.468,9999.000,9999.000,9999.000,9999.000,9999.000,9999.000,9999.000,9999.000
202603141248,   6.504,9999.000,9999.000,9999.000,9999.000,9999.000,9999.000,9999.000,9999.000
202603141254,   6.548,9999.000,9999.000,9999.000,9999.000,9999.000,9999.000,9999.000,9999.000
202603141300,   6.601,9999.000,  -0.500,   0.395,   6.496,  -0.700,   6.296,  -0.400,   6.596
202603141306,   6.661,9999.000,9999.000,9999.000,9999.000,9999.000,9999.000,9999.000,9999.000
202603141312,   6.728,9999.000,9999.000,9999.000,9999.000,9999.000,9999.000,9999.000,9999.000
202603141318,   6.804,9999.000,9999.000,9999.000,9999.000,9999.000,9999.000,9999.000,9999.000
202603141324,   6.887,9999.000,9999.000,9999.000,9999.000,9999.000,9999.000,9999.000,9999.000
202603141330,   6.977,9999.000,9999.000,9999.000,9999.000,9999.000,9999.000,9999.000,9999.000
202603141336,   7.075,9999.000,9999.000,9999.000,9999.000,9999.000,9999.000,9999.000,9999.000
202603141342,   7.179,9999.000,9999.000,9999.000,9999.000,9999.000,9999.000,9999.000,9999.000
202603141348,   7.290,9999.000,9999.000,9999.000,9999.000,9999.000,9999.000,9999.000,9999.000
202603141354,   7.407,9999.000,9999.000,9999.000,9999.000,9999.000,9999.000,9999.000,9999.000
202603141400,   7.530,9999.000,  -0.500,   0.395,   7.425,  -0.700,   7.225,  -0.400,   7.525
202603141406,   7.659,9999.000,9999.000,9999.000,9999.000,9999.000,9999.000,9999.000,9999.000
202603141412,   7.793,9999.000,9999.000,9999.000,9999.000,9999.000,9999.000,9999.000,9999.000
202603141418,   7.933,9999.000,9999.000,9999.000,9999.000,9999.000,9999.000,9999.000,9999.000
202603141424,   8.077,9999.000,9999.000,9999.000,9999.000,9999.000,9999.000,9999.000,9999.000
202603141430,   8.225,9999.000,9999.000,9999.000,9999.000,9999.000,9999.000,9999.000,9999.000
202603141436,   8.377,9999.000,9999.000,9999.000,9999.000,9999.000,9999.000,9999.000,9999.000
202603141442,   8.533,9999.000,9999.000,9999.000,9999.000,9999.000,9999.000,9999.000,9999.000
202603141448,   8.692,9999.000,9999.000,9999.000,9999.000,9999.000,9999.000,9999.000,9999.000
202603141454,   8.853,9999.000,9999.000,9999.000,9999.000,9999.000,9999.000,9999.000,9999.000
202603141500,   9.017,9999.000,  -0.600,   0.395,   8.812,  -0.700,   8.712,  -0.400,   9.012
202603141506,   9.182,9999.000,9999.000,9999.000,9999.000,9999.000,9999.000,9999.000,9999.000
202603141512,   9.349,9999.000,9999.000,9999.000,9999.000,9999.000,9999.000,9999.000,9999.000
202603141518,   9.517,9999.000,9999.000,9999.000,9999.000,9999.000,9999.000,9999.000,9999.000
202603141524,   9.685,9999.000,9999.000,9999.000,9999.000,9999.000,9999.000,9999.000,9999.000
202603141530,   9.853,9999.000,9999.000,9999.000,9999.000,9999.000,9999.000,9999.000,9999.000
202603141536,  10.020,9999.000,9999.000,9999.000,9999.000,9999.000,9999.000,9999.000,9999.000
202603141542,  10.187,9999.000,9999.000,9999.000,9999.000,9999.000,9999.000,9999.000,9999.000
202603141548,  10.352,9999.000,9999.000,9999.000,9999.000,9999.000,9999.000,9999.000,9999.000
202603141554,  10.515,9999.000,9999.000,9999.000,9999.000,9999.000,9999.000,9999.000,9999.000
202603141600,  10.675,9999.000,  -0.700,   0.395,  10.370,  -0.800,  10.270,  -0.500,  10.570
202603141606,  10.833,9999.000,9999.000,9999.000,9999.000,9999.000,9999.000,9999.000,9999.000
202603141612,  10.988,9999.000,9999.000,9999.000,9999.000,9999.000,9999.000,9999.000,9999.000
202603141618,  11.138,9999.000,9999.000,9999.000,9999.000,9999.000,9999.000,9999.000,9999.000
202603141624,  11.285,9999.000,9999.000,9999.000,9999.000,9999.000,9999.000,9999.000,9999.000
202603141630,  11.427,9999.000,9999.000,9999.000,9999.000,9999.000,9999.000,9999.000,9999.000
202603141636,  11.563,9999.000,9999.000,9999.000,9999.000,9999.000,9999.000,9999.000,9999.000
202603141642,  11.694,9999.000,9999.000,9999.000,9999.000,9999.000,9999.000,9999.000,9999.000
202603141648,  11.820,9999.000,9999.000,9999.000,9999.000,9999.000,9999.000,9999.000,9999.000
202603141654,  11.939,9999.000,9999.000,9999.000,9999.000,9999.000,9999.000,9999.000,9999.000
202603141700,  12.051,9999.000,  -0.700,   0.395,  11.746,  -0.900,  11.546,  -0.600,  11.846
202603141706,  12.157,9999.000,9999.000,9999.000,9999.000,9999.000,9999.000,9999.000,9999.000
202603141712,  12.254,9999.000,9999.000,9999.000,9999.000,9999.000,9999.000,9999.000,9999.000
202603141718,  12.345,9999.000,9999.000,9999.000,9999.000,9999.000,9999.000,9999.000,9999.000
202603141724,  12.427,9999.000,9999.000,9999.000,9999.000,9999.000,9999.000,9999.000,9999.000
202603141730,  12.501,9999.000,9999.000,9999.000,9999.000,9999.000,9999.000,9999.000,9999.000
202603141736,  12.566,9999.000,9999.000,9999.000,9999.000,9999.000,9999.000,9999.000,9999.000
202603141742,  12.622,9999.000,9999.000,9999.000,9999.000,9999.000,9999.000,9999.000,9999.000
202603141748,  12.669,9999.000,9999.000,9999.000,9999.000,9999.000,9999.000,9999.000,9999.000
202603141754,  12.707,9999.000,9999.000,9999.000,9999.000,9999.000,9999.000,9999.000,9999.000
202603141800,  12.736,9999.000,  -0.800,   0.395,  12.331,  -0.900,  12.231,  -0.600,  12.531
202603141806,  12.754,9999.000,9999.000,9999.000,9999.000,9999.000,9999.000,9999.000,9999.000
202603141812,  12.763,9999.000,9999.000,9999.000,9999.000,9999.000,9999.000,9999.000,9999.000
202603141818,  12.762,9999.000,9999.000,9999.000,9999.000,9999.000,9999.000,9999.000,9999.000
202603141824,  12.751,9999.000,9999.000,9999.000,9999.000,9999.000,9999.000,9999.000,9999.000
202603141830,  12.729,9999.000,9999.000,9999.000,9999.000,9999.000,9999.000,9999.000,9999.000
202603141836,  12.697,9999.000,9999.000,9999.000,9999.000,9999.000,9999.000,9999.000,9999.000
202603141842,  12.655,9999.000,9999.000,9999.000,9999.000,9999.000,9999.000,9999.000,9999.000
202603141848,  12.603,9999.000,9999.000,9999.000,9999.000,9999.000,9999.000,9999.000,9999.000
202603141854,  12.540,9999.000,9999.000,9999.000,9999.000,9999.000,9999.000,9999.000,9999.000
202603141900,  12.467,9999.000,  -0.800,   0.395,  12.062,  -1.000,  11.862,  -0.700,  12.162
202603141906,  12.384,9999.000,9999.000,9999.000,9999.000,9999.000,9999.000,9999.000,9999.000
202603141912,  12.291,9999.000,9999.000,9999.000,9999.000,9999.000,9999.000,9999.000,9999.000
202603141918,  12.188,9999.000,9999.000,9999.000,9999.000,9999.000,9999.000,9999.000,9999.000
202603141924,  12.075,9999.000,9999.000,9999.000,9999.000,9999.000,9999.000,9999.000,9999.000
202603141930,  11.952,9999.000,9999.000,9999.000,9999.000,9999.000,9999.000,9999.000,9999.000
202603141936,  11.820,9999.000,9999.000,9999.000,9999.000,9999.000,9999.000,9999.000,9999.000
202603141942,  11.678,9999.000,9999.000,9999.000,9999.000,9999.000,9999.000,9999.000,9999.000
202603141948,  11.527,9999.000,9999.000,9999.000,9999.000,9999.000,9999.000,9999.000,9999.000
202603141954,  11.368,9999.000,9999.000,9999.000,9999.000,9999.000,9999.000,9999.000,9999.000
202603142000,  11.199,9999.000,  -0.800,   0.395,  10.794,  -0.900,  10.694,  -0.700,  10.894
202603142006,  11.023,9999.000,9999.000,9999.000,9999.000,9999.000,9999.000,9999.000,9999.000
202603142012,  10.839,9999.000,9999.000,9999.000,9999.000,9999.000,9999.000,9999.000,9999.000
202603142018,  10.647,9999.000,9999.000,9999.000,9999.000,9999.000,9999.000,9999.000,9999.000
202603142024,  10.447,9999.000,9999.000,9999.000,9999.000,9999.000,9999.000,9999.000,9999.000
202603142030,  10.241,9999.000,9999.000,9999.000,9999.000,9999.000,9999.000,9999.000,9999.000
202603142036,  10.029,9999.000,9999.000,9999.000,9999.000,9999.000,9999.000,9999.000,9999.000
202603142042,   9.810,9999.000,9999.000,9999.000,9999.000,9999.000,9999.000,9999.000,9999.000
202603142048,   9.586,9999.000,9999.000,9999.000,9999.000,9999.000,9999.000,9999.000,9999.000
202603142054,   9.357,9999.000,9999.000,9999.000,9999.000,9999.000,9999.000,9999.000,9999.000
202603142100,   9.123,9999.000,  -0.800,   0.395,   8.718,  -0.900,   8.618,  -0.600,   8.918
202603142106,   8.885,9999.000,9999.000,9999.000,9999.000,9999.000,9999.000,9999.000,9999.000
202603142112,   8.643,9999.000,9999.000,9999.000,9999.000,9999.000,9999.000,9999.000,9999.000
202603142118,   8.398,9999.000,9999.000,9999.000,9999.000,9999.000,9999.000,9999.000,9999.000
202603142124,   8.150,9999.000,9999.000,9999.000,9999.000,9999.000,9999.000,9999.000,9999.000
202603142130,   7.900,9999.000,9999.000,9999.000,9999.000,9999.000,9999.000,9999.000,9999.000
202603142136,   7.648,9999.000,9999.000,9999.000,9999.000,9999.000,9999.000,9999.000,9999.000
202603142142,   7.396,9999.000,9999.000,9999.000,9999.000,9999.000,9999.000,9999.000,9999.000
202603142148,   7.143,9999.000,9999.000,9999.000,9999.000,9999.000,9999.000,9999.000,9999.000
202603142154,   6.889,9999.000,9999.000,9999.000,9999.000,9999.000,9999.000,9999.000,9999.000
202603142200,   6.637,9999.000,  -0.700,   0.395,   6.332,  -0.800,   6.232,  -0.600,   6.432
202603142206,   6.385,9999.000,9999.000,9999.000,9999.000,9999.000,9999.000,9999.000,9999.000
202603142212,   6.135,9999.000,9999.000,9999.000,9999.000,9999.000,9999.000,9999.000,9999.000
202603142218,   5.888,9999.000,9999.000,9999.000,9999.000,9999.000,9999.000,9999.000,9999.000
202603142224,   5.643,9999.000,9999.000,9999.000,9999.000,9999.000,9999.000,9999.000,9999.000
202603142230,   5.401,9999.000,9999.000,9999.000,9999.000,9999.000,9999.000,9999.000,9999.000
202603142236,   5.163,9999.000,9999.000,9999.000,9999.000,9999.000,9999.000,9999.000,9999.000
202603142242,   4.930,9999.000,9999.000,9999.000,9999.000,9999.000,9999.000,9999.000,9999.000
202603142248,   4.702,9999.000,9999.000,9999.000,9999.000,9999.000,9999.000,9999.000,9999.000
202603142254,   4.479,9999.000,9999.000,9999.000,9999.000,9999.000,9999.000,9999.000,9999.000
202603142300,   4.262,9999.000,  -0.600,   0.395,   4.057,  -0.700,   3.957,  -0.500,   4.157
202603142306,   4.051,9999.000,9999.000,9999.000,9999.000,9999.000,9999.000,9999.000,9999.000
202603142312,   3.848,9999.000,9999.000,9999.000,9999.000,9999.000,9999.000,9999.000,9999.000
202603142318,   3.651,9999.000,9999.000,9999.000,9999.000,9999.000,9999.000,9999.000,9999.000
202603142324,   3.463,9999.000,9999.000,9999.000,9999.000,9999.000,9999.000,9999.000,9999.000
202603142330,   3.283,9999.000,9999.000,9999.000,9999.000,9999.000,9999.000,9999.000,9999.000
202603142336,   3.112,9999.000,9999.000,9999.000,9999.000,9999.000,9999.000,9999.000,9999.000
202603142342,   2.949,9999.000,9999.000,9999.000,9999.000,9999.000,9999.000,9999.000,9999.000
202603142348,   2.796,9999.000,9999.000,9999.000,9999.000,9999.000,9999.000,9999.000,9999.000
202603142354,   2.653,9999.000,9999.000,9999.000,9999.000,9999.000,9999.000,9999.000,9999.000
202603150000,   2.520,9999.000,  -0.600,   0.395,   2.315,  -0.600,   2.315,  -0.400,   2.515
202603150006,   2.398,9999.000,9999.000,9999.000,9999.000,9999.000,9999.000,9999.000,9999.000
202603150012,   2.286,9999.000,9999.000,9999.000,9999.000,9999.000,9999.000,9999.000,9999.000
202603150018,   2.185,9999.000,9999.000,9999.000,9999.000,9999.000,9999.000,9999.000,9999.000
202603150024,   2.096,9999.000,9999.000,9999.000,9999.000,9999.000,9999.000,9999.000,9999.000
202603150030,   2.018,9999.000,9999.000,9999.000,9999.000,9999.000,9999.000,9999.000,9999.000
202603150036,   1.951,9999.000,9999.000,9999.000,9999.000,9999.000,9999.000,9999.000,9999.000
202603150042,   1.896,9999.000,9999.000,9999.000,9999.000,9999.000,9999.000,9999.000,9999.000
202603150048,   1.853,9999.000,9999.000,9999.000,9999.000,9999.000,9999.000,9999.000,9999.000
202603150054,   1.822,9999.000,9999.000,9999.000,9999.000,9999.000,9999.000,9999.000,9999.000
202603150100,   1.803,9999.000,  -0.500,   0.395,   1.698,  -0.600,   1.598,  -0.400,   1.798
202603150106,   1.797,9999.000,9999.000,9999.000,9999.000,9999.000,9999.000,9999.000,9999.000
202603150112,   1.802,9999.000,9999.000,9999.000,9999.000,9999.000,9999.000,9999.000,9999.000
202603150118,   1.819,9999.000,9999.000,9999.000,9999.000,9999.000,9999.000,9999.000,9999.000
202603150124,   1.849,9999.000,9999.000,9999.000,9999.000,9999.000,9999.000,9999.000,9999.000
202603150130,   1.890,9999.000,9999.000,9999.000,9999.000,9999.000,9999.000,9999.000,9999.000
202603150136,   1.943,9999.000,9999.000,9999.000,9999.000,9999.000,9999.000,9999.000,9999.000
202603150142,   2.008,9999.000,9999.000,9999.000,9999.000,9999.000,9999.000,9999.000,9999.000
202603150148,   2.085,9999.000,9999.000,9999.000,9999.000,9999.000,9999.000,9999.000,9999.000
202603150154,   2.172,9999.000,9999.000,9999.000,9999.000,9999.000,9999.000,9999.000,9999.000
202603150200,   2.271,9999.000,  -0.600,   0.395,   2.066,  -0.700,   1.966,  -0.400,   2.266
202603150206,   2.381,9999.000,9999.000,9999.000,9999.000,9999.000,9999.000,9999.000,9999.000
202603150212,   2.502,9999.000,9999.000,9999.000,9999.000,9999.000,9999.000,9999.000,9999.000
202603150218,   2.633,9999.000,9999.000,9999.000,9999.000,9999.000,9999.000,9999.000,9999.000
202603150224,   2.774,9999.000,9999.000,9999.000,9999.000,9999.000,9999.000,9999.000,9999.000
202603150230,   2.925,9999.000,9999.000,9999.000,9999.000,9999.000,9999.000,9999.000,9999.000
202603150236,   3.085,9999.000,9999.000,9999.000,9999.000,9999.000,9999.000,9999.000,9999.000
202603150242,   3.254,9999.000,9999.000,9999.000,9999.000,9999.000,9999.000,9999.000,9999.000
202603150248,   3.432,9999.000,9999.000,9999.000,9999.000,9999.000,9999.000,9999.000,9999.000
202603150254,   3.618,9999.000,9999.000,9999.000,9999.000,9999.000,9999.000,9999.000,9999.000
202603150300,   3.811,9999.000,  -0.600,   0.395,   3.606,  -0.800,   3.406,  -0.500,   3.706
202603150306,   4.012,9999.000,9999.000,9999.000,9999.000,9999.000,9999.000,9999.000,9999.000
202603150312,   4.220,9999.000,9999.000,9999.000,9999.000,9999.000,9999.000,9999.000,9999.000
202603150318,   4.434,9999.000,9999.000,9999.000,9999.000,9999.000,9999.000,9999.000,9999.000
202603150324,   4.654,9999.000,9999.000,9999.000,9999.000,9999.000,9999.000,9999.000,9999.000
202603150330,   4.879,9999.000,9999.000,9999.000,9999.000,9999.000,9999.000,9999.000,9999.000
202603150336,   5.109,9999.000,9999.000,9999.000,9999.000,9999.000,9999.000,9999.000,9999.000
202603150342,   5.343,9999.000,9999.000,9999.000,9999.000,9999.000,9999.000,9999.000,9999.000
202603150348,   5.581,9999.000,9999.000,9999.000,9999.000,9999.000,9999.000,9999.000,9999.000
202603150354,   5.822,9999.000,9999.000,9999.000,9999.000,9999.000,9999.000,9999.000,9999.000
202603150400,   6.066,9999.000,  -0.700,   0.395,   5.761,  -0.800,   5.661,  -0.600,   5.861
202603150406,   6.312,9999.000,9999.000,9999.000,9999.000,9999.000,9999.000,9999.000,9999.000
202603150412,   6.559,9999.000,9999.000,9999.000,9999.000,9999.000,9999.000,9999.000,9999.000
202603150418,   6.806,9999.000,9999.000,9999.000,9999.000,9999.000,9999.000,9999.000,9999.000
202603150424,   7.055,9999.000,9999.000,9999.000,9999.000,9999.000,9999.000,9999.000,9999.000
202603150430,   7.302,9999.000,9999.000,9999.000,9999.000,9999.000,9999.000,9999.000,9999.000
202603150436,   7.549,9999.000,9999.000,9999.000,9999.000,9999.000,9999.000,9999.000,9999.000
202603150442,   7.795,9999.000,9999.000,9999.000,9999.000,9999.000,9999.000,9999.000,9999.000
202603150448,   8.038,9999.000,9999.000,9999.000,9999.000,9999.000,9999.000,9999.000,9999.000
202603150454,   8.279,9999.000,9999.000,9999.000,9999.000,9999.000,9999.000,9999.000,9999.000
202603150500,   8.517,9999.000,  -0.800,   0.395,   8.112,  -0.900,   8.012,  -0.700,   8.212
202603150506,   8.751,9999.000,9999.000,9999.000,9999.000,9999.000,9999.000,9999.000,9999.000
202603150512,   8.981,9999.000,9999.000,9999.000,9999.000,9999.000,9999.000,9999.000,9999.000
202603150518,   9.206,9999.000,9999.000,9999.000,9999.000,9999.000,9999.000,9999.000,9999.000
202603150524,   9.426,9999.000,9999.000,9999.000,9999.000,9999.000,9999.000,9999.000,9999.000
202603150530,   9.640,9999.000,9999.000,9999.000,9999.000,9999.000,9999.000,9999.000,9999.000
202603150536,   9.847,9999.000,9999.000,9999.000,9999.000,9999.000,9999.000,9999.000,9999.000
202603150542,  10.048,9999.000,9999.000,9999.000,9999.000,9999.000,9999.000,9999.000,9999.000
202603150548,  10.242,9999.000,9999.000,9999.000,9999.000,9999.000,9999.000,9999.000,9999.000
202603150554,  10.428,9999.000,9999.000,9999.000,9999.000,9999.000,9999.000,9999.000,9999.000
202603150600,  10.606,9999.000,  -0.900,   0.395,  10.101,  -1.000,  10.001,  -0.700,  10.301
202603150606,  10.775,9999.000,9999.000,9999.000,9999.000,9999.000,9999.000,9999.000,9999.000
202603150612,  10.936,9999.000,9999.000,9999.000,9999.000,9999.000,9999.000,9999.000,9999.000
202603150618,  11.087,9999.000,9999.000,9999.000,9999.000,9999.000,9999.000,9999.000,9999.000
202603150624,  11.229,9999.000,9999.000,9999.000,9999.000,9999.000,9999.000,9999.000,9999.000
202603150630,  11.361,9999.000,9999.000,9999.000,9999.000,9999.000,9999.000,9999.000,9999.000
202603150636,  11.482,9999.000,9999.000,9999.000,9999.000,9999.000,9999.000,9999.000,9999.000
202603150642,  11.593,9999.000,9999.000,9999.000,9999.000,9999.000,9999.000,9999.000,9999.000
202603150648,  11.694,9999.000,9999.000,9999.000,9999.000,9999.000,9999.000,9999.000,9999.000
202603150654,  11.783,9999.000,9999.000,9999.000,9999.000,9999.000,9999.000,9999.000,9999.000
202603150700,  11.862,9999.000,  -0.900,   0.395,  11.357,  -1.100,  11.157,  -0.700,  11.557
202603150706,  11.929,9999.000,9999.000,9999.000,9999.000,9999.000,9999.000,9999.000,9999.000
202603150712,  11.985,9999.000,9999.000,9999.000,9999.000,9999.000,9999.000,9999.000,9999.000
202603150718,  12.029,9999.000,9999.000,9999.000,9999.000,9999.000,9999.000,9999.000,9999.000
202603150724,  12.062,9999.000,9999.000,9999.000,9999.000,9999.000,9999.000,9999.000,9999.000
202603150730,  12.083,9999.000,9999.000,9999.000,9999.000,9999.000,9999.000,9999.000,9999.000
202603150736,  12.093,9999.000,9999.000,9999.000,9999.000,9999.000,9999.000,9999.000,9999.000
202603150742,  12.091,9999.000,9999.000,9999.000,9999.000,9999.000,9999.000,9999.000,9999.000
202603150748,  12.078,9999.000,9999.000,9999.000,9999.000,9999.000,9999.000,9999.000,9999.000
202603150754,  12.053,9999.000,9999.000,9999.000,9999.000,9999.000,9999.000,9999.000,9999.000
202603150800,  12.017,9999.000,  -0.900,   0.395,  11.512,  -1.000,  11.412,  -0.700,  11.712
202603150806,  11.969,9999.000,9999.000,9999.000,9999.000,9999.000,9999.000,9999.000,9999.000
202603150812,  11.911,9999.000,9999.000,9999.000,9999.000,9999.000,9999.000,9999.000,9999.000
202603150818,  11.842,9999.000,9999.000,9999.000,9999.000,9999.000,9999.000,9999.000,9999.000
202603150824,  11.762,9999.000,9999.000,9999.000,9999.000,9999.000,9999.000,9999.000,9999.000
202603150830,  11.672,9999.000,9999.000,9999.000,9999.000,9999.000,9999.000,9999.000,9999.000
202603150836,  11.573,9999.000,9999.000,9999.000,9999.000,9999.000,9999.000,9999.000,9999.000
202603150842,  11.463,9999.000,9999.000,9999.000,9999.000,9999.000,9999.000,9999.000,9999.000
202603150848,  11.344,9999.000,9999.000,9999.000,9999.000,9999.000,9999.000,9999.000,9999.000
202603150854,  11.217,9999.000,9999.000,9999.000,9999.000,9999.000,9999.000,9999.000,9999.000
202603150900,  11.081,9999.000,  -0.800,   0.395,  10.676,  -1.000,  10.476,  -0.700,  10.776
202603150906,  10.937,9999.000,9999.000,9999.000,9999.000,9999.000,9999.000,9999.000,9999.000
202603150912,  10.785,9999.000,9999.000,9999.000,9999.000,9999.000,9999.000,9999.000,9999.000
202603150918,  10.626,9999.000,9999.000,9999.000,9999.000,9999.000,9999.000,9999.000,9999.000
202603150924,  10.460,9999.000,9999.000,9999.000,9999.000,9999.000,9999.000,9999.000,9999.000
202603150930,  10.289,9999.000,9999.000,9999.000,9999.000,9999.000,9999.000,9999.000,9999.000
202603150936,  10.111,9999.000,9999.000,9999.000,9999.000,9999.000,9999.000,9999.000,9999.000
202603150942,   9.929,9999.000,9999.000,9999.000,9999.000,9999.000,9999.000,9999.000,9999.000
202603150948,   9.742,9999.000,9999.000,9999.000,9999.000,9999.000,9999.000,9999.000,9999.000
202603150954,   9.552,9999.000,9999.000,9999.000,9999.000,9999.000,9999.000,9999.000,9999.000
202603151000,   9.358,9999.000,  -0.700,   0.395,   9.053,  -0.900,   8.853,  -0.600,   9.153
202603151006,   9.161,9999.000,9999.000,9999.000,9999.000,9999.000,9999.000,9999.000,9999.000
202603151012,   8.963,9999.000,9999.000,9999.000,9999.000,9999.000,9999.000,9999.000,9999.000
202603151018,   8.763,9999.000,9999.000,9999.000,9999.000,9999.000,9999.000,9999.000,9999.000
202603151024,   8.562,9999.000,9999.000,9999.000,9999.000,9999.000,9999.000,9999.000,9999.000
202603151030,   8.361,9999.000,9999.000,9999.000,9999.000,9999.000,9999.000,9999.000,9999.000
202603151036,   8.160,9999.000,9999.000,9999.000,9999.000,9999.000,9999.000,9999.000,9999.000
202603151042,   7.961,9999.000,9999.000,9999.000,9999.000,9999.000,9999.000,9999.000,9999.000
202603151048,   7.763,9999.000,9999.000,9999.000,9999.000,9999.000,9999.000,9999.000,9999.000
202603151054,   7.568,9999.000,9999.000,9999.000,9999.000,9999.000,9999.000,9999.000,9999.000
202603151100,   7.376,9999.000,  -0.600,   0.395,   7.171,  -0.700,   7.071,  -0.400,   7.371
202603151106,   7.187,9999.000,9999.000,9999.000,9999.000,9999.000,9999.000,9999.000,9999.000
202603151112,   7.002,9999.000,9999.000,9999.000,9999.000,9999.000,9999.000,9999.000,9999.000
202603151118,   6.822,9999.000,9999.000,9999.000,9999.000,9999.000,9999.000,9999.000,9999.000
202603151124,   6.648,9999.000,9999.000,9999.000,9999.000,9999.000,9999.000,9999.000,9999.000
202603151130,   6.479,9999.000,9999.000,9999.000,9999.000,9999.000,9999.000,9999.000,9999.000
202603151136,   6.317,9999.000,9999.000,9999.000,9999.000,9999.000,9999.000,9999.000,9999.000
202603151142,   6.162,9999.000,9999.000,9999.000,9999.000,9999.000,9999.000,9999.000,9999.000
202603151148,   6.014,9999.000,9999.000,9999.000,9999.000,9999.000,9999.000,9999.000,9999.000
202603151154,   5.875,9999.000,9999.000,9999.000,9999.000,9999.000,9999.000,9999.000,9999.000
202603151200,   5.744,9999.000,  -0.500,   0.395,   5.639,  -0.700,   5.439,  -0.300,   5.839
202603151206,   5.621,9999.000,9999.000,9999.000,9999.000,9999.000,9999.000,9999.000,9999.000
202603151212,   5.508,9999.000,9999.000,9999.000,9999.000,9999.000,9999.000,9999.000,9999.000
202603151218,   5.405,9999.000,9999.000,9999.000,9999.000,9999.000,9999.000,9999.000,9999.000
202603151224,   5.311,9999.000,9999.000,9999.000,9999.000,9999.000,9999.000,9999.000,9999.000
202603151230,   5.228,9999.000,9999.000,9999.000,9999.000,9999.000,9999.000,9999.000,9999.000
202603151236,   5.156,9999.000,9999.000,9999.000,9999.000,9999.000,9999.000,9999.000,9999.000
202603151242,   5.094,9999.000,9999.000,9999.000,9999.000,9999.000,9999.000,9999.000,9999.000
202603151248,   5.044,9999.000,9999.000,9999.000,9999.000,9999.000,9999.000,9999.000,9999.000
202603151254,   5.005,9999.000,9999.000,9999.000,9999.000,9999.000,9999.000,9999.000,9999.000
202603151300,   4.977,9999.000,  -0.400,   0.395,   4.972,  -0.600,   4.772,  -0.200,   5.172
202603151306,   4.961,9999.000,9999.000,9999.000,9999.000,9999.000,9999.000,9999.000,9999.000
202603151312,   4.956,9999.000,9999.000,9999.000,9999.000,9999.000,9999.000,9999.000,9999.000
202603151318,   4.964,9999.000,9999.000,9999.000,9999.000,9999.000,9999.000,9999.000,9999.000
202603151324,   4.983,9999.000,9999.000,9999.000,9999.000,9999.000,9999.000,9999.000,9999.000
202603151330,   5.014,9999.000,9999.000,9999.000,9999.000,9999.000,9999.000,9999.000,9999.000
202603151336,   5.056,9999.000,9999.000,9999.000,9999.000,9999.000,9999.000,9999.000,9999.000
202603151342,   5.110,9999.000,9999.000,9999.000,9999.000,9999.000,9999.000,9999.000,9999.000
202603151348,   5.176,9999.000,9999.000,9999.000,9999.000,9999.000,9999.000,9999.000,9999.000
202603151354,   5.253,9999.000,9999.000,9999.000,9999.000,9999.000,9999.000,9999.000,9999.000
202603151400,   5.341,9999.000,  -0.400,   0.395,   5.336,  -0.600,   5.136,  -0.100,   5.636
202603151406,   5.440,9999.000,9999.000,9999.000,9999.000,9999.000,9999.000,9999.000,9999.000
202603151412,   5.550,9999.000,9999.000,9999.000,9999.000,9999.000,9999.000,9999.000,9999.000
202603151418,   5.671,9999.000,9999.000,9999.000,9999.000,9999.000,9999.000,9999.000,9999.000
202603151424,   5.801,9999.000,9999.000,9999.000,9999.000,9999.000,9999.000,9999.000,9999.000
202603151430,   5.942,9999.000,9999.000,9999.000,9999.000,9999.000,9999.000,9999.000,9999.000
202603151436,   6.091,9999.000,9999.000,9999.000,9999.000,9999.000,9999.000,9999.000,9999.000
202603151442,   6.250,9999.000,9999.000,9999.000,9999.000,9999.000,9999.000,9999.000,9999.000
202603151448,   6.418,9999.000,9999.000,9999.000,9999.000,9999.000,9999.000,9999.000,9999.000
202603151454,   6.593,9999.000,9999.000,9999.000,9999.000,9999.000,9999.000,9999.000,9999.000
202603151500,   6.777,9999.000,  -0.400,   0.395,   6.772,  -0.600,   6.572,  -0.100,   7.072
202603151506,   6.967,9999.000,9999.000,9999.000,9999.000,9999.000,9999.000,9999.000,9999.000
202603151512,   7.164,9999.000,9999.000,9999.000,9999.000,9999.000,9999.000,9999.000,9999.000
202603151518,   7.368,9999.000,9999.000,9999.000,9999.000,9999.000,9999.000,9999.000,9999.000
202603151524,   7.577,9999.000,9999.000,9999.000,9999.000,9999.000,9999.000,9999.000,9999.000
202603151530,   7.791,9999.000,9999.000,9999.000,9999.000,9999.000,9999.000,9999.000,9999.000
202603151536,   8.010,9999.000,9999.000,9999.000,9999.000,9999.000,9999.000,9999.000,9999.000
202603151542,   8.233,9999.000,9999.000,9999.000,9999.000,9999.000,9999.000,9999.000,9999.000
202603151548,   8.459,9999.000,9999.000,9999.000,9999.000,9999.000,9999.000,9999.000,9999.000
202603151554,   8.688,9999.000,9999.000,9999.000,9999.000,9999.000,9999.000,9999.000,9999.000
202603151600,   8.919,9999.000,  -0.400,   0.395,   8.914,  -0.600,   8.714,  -0.200,   9.114
202603151606,   9.151,9999.000,9999.000,9999.000,9999.000,9999.000,9999.000,9999.000,9999.000
202603151612,   9.384,9999.000,9999.000,9999.000,9999.000,9999.000,9999.000,9999.000,9999.000
202603151618,   9.618,9999.000,9999.000,9999.000,9999.000,9999.000,9999.000,9999.000,9999.000
202603151624,   9.850,9999.000,9999.000,9999.000,9999.000,9999.000,9999.000,9999.000,9999.000
202603151630,  10.082,9999.000,9999.000,9999.000,9999.000,9999.000,9999.000,9999.000,9999.000
202603151636,  10.312,9999.000,9999.000,9999.000,9999.000,9999.000,9999.000,9999.000,9999.000
202603151642,  10.540,9999.000,9999.000,9999.000,9999.000,9999.000,9999.000,9999.000,9999.000
202603151648,  10.765,9999.000,9999.000,9999.000,9999.000,9999.000,9999.000,9999.000,9999.000
202603151654,  10.986,9999.000,9999.000,9999.000,9999.000,9999.000,9999.000,9999.000,9999.000
202603151700,  11.203,9999.000,  -0.500,   0.395,  11.098,  -0.700,  10.898,  -0.200,  11.398
202603151706,  11.415,9999.000,9999.000,9999.000,9999.000,9999.000,9999.000,9999.000,9999.000
202603151712,  11.622,9999.000,9999.000,9999.000,9999.000,9999.000,9999.000,9999.000,9999.000
202603151718,  11.823,9999.000,9999.000,9999.000,9999.000,9999.000,9999.000,9999.000,9999.000
202603151724,  12.017,9999.000,9999.000,9999.000,9999.000,9999.000,9999.000,9999.000,9999.000
202603151730,  12.204,9999.000,9999.000,9999.000,9999.000,9999.000,9999.000,9999.000,9999.000
202603151736,  12.383,9999.000,9999.000,9999.000,9999.000,9999.000,9999.000,9999.000,9999.000
202603151742,  12.554,9999.000,9999.000,9999.000,9999.000,9999.000,9999.000,9999.000,9999.000
202603151748,  12.716,9999.000,9999.000,9999.000,9999.000,9999.000,9999.000,9999.000,9999.000
202603151754,  12.869,9999.000,9999.000,9999.000,9999.000,9999.000,9999.000,9999.000,9999.000
202603151800,  13.012,9999.000,  -0.500,   0.395,  12.907,  -0.700,  12.707,  -0.200,  13.207
