        TIME,    TIDE,      OB,   SURGE,    BIAS,     TWL,SURGE90p,  TWL90p,SURGE10p,   TWL10p
202604291800,   1.283,   2.610,   0.900,   0.427,   2.610,   0.900,   2.610,   1.000,   2.710
202604291806,   1.274,9999.000,9999.000,9999.000,9999.000,9999.000,9999.000,9999.000,9999.000
202604291812,   1.264,   2.568,9999.000,9999.000,9999.000,9999.000,9999.000,9999.000,9999.000
202604291818,   1.252,9999.000,9999.000,9999.000,9999.000,9999.000,9999.000,9999.000,9999.000
202604291824,   1.238,   2.558,9999.000,9999.000,9999.000,9999.000,9999.000,9999.000,9999.000
202604291830,   1.224,9999.000,9999.000,9999.000,9999.000,9999.000,9999.000,9999.000,9999.000
202604291836,   1.208,   2.538,9999.000,9999.000,9999.000,9999.000,9999.000,9999.000,9999.000
202604291842,   1.191,9999.000,9999.000,9999.000,9999.000,9999.000,9999.000,9999.000,9999.000
202604291848,   1.173,   2.509,9999.000,9999.000,9999.000,9999.000,9999.000,9999.000,9999.000
202604291854,   1.154,9999.000,9999.000,9999.000,9999.000,9999.000,9999.000,9999.000,9999.000
202604291900,   1.134,   2.469,   0.900,   0.435,   2.469,   0.900,   2.469,   1.000,   2.569
202604291906,   1.113,   2.450,9999.000,9999.000,9999.000,9999.000,9999.000,9999.000,9999.000
202604291912,   1.092,   2.430,9999.000,9999.000,9999.000,9999.000,9999.000,9999.000,9999.000
202604291918,   1.070,   2.387,9999.000,9999.000,9999.000,9999.000,9999.000,9999.000,9999.000
202604291924,   1.047,   2.368,9999.000,9999.000,9999.000,9999.000,9999.000,9999.000,9999.000
202604291930,   1.023,   2.338,9999.000,9999.000,9999.000,9999.000,9999.000,9999.000,9999.000
202604291936,   0.999,   2.309,9999.000,9999.000,9999.000,9999.000,9999.000,9999.000,9999.000
202604291942,   0.974,   2.279,9999.000,9999.000,9999.000,9999.000,9999.000,9999.000,9999.000
202604291948,   0.949,   2.250,9999.000,9999.000,9999.000,9999.000,9999.000,9999.000,9999.000
202604291954,   0.924,   2.220,9999.000,9999.000,9999.000,9999.000,9999.000,9999.000,9999.000
202604292000,   0.898,   2.191,   1.000,   0.293,   2.191,   0.900,   2.091,   1.000,   2.191
202604292006,   0.872,   2.148,9999.000,9999.000,9999.000,9999.000,9999.000,9999.000,9999.000
202604292012,   0.846,   2.138,9999.000,9999.000,9999.000,9999.000,9999.000,9999.000,9999.000
202604292018,   0.820,   2.118,9999.000,9999.000,9999.000,9999.000,9999.000,9999.000,9999.000
202604292024,   0.793,   2.099,9999.000,9999.000,9999.000,9999.000,9999.000,9999.000,9999.000
202604292030,   0.766,   2.089,9999.000,9999.000,9999.000,9999.000,9999.000,9999.000,9999.000
202604292036,   0.739,   2.069,9999.000,9999.000,9999.000,9999.000,9999.000,9999.000,9999.000
202604292042,   0.712,   2.040,9999.000,9999.000,9999.000,9999.000,9999.000,9999.000,9999.000
202604292048,   0.684,   2.010,9999.000,9999.000,9999.000,9999.000,9999.000,9999.000,9999.000
202604292054,   0.657,   1.981,9999.000,9999.000,9999.000,9999.000,9999.000,9999.000,9999.000
202604292100,   0.630,   1.958,   1.000,   0.328,   1.958,   0.900,   1.858,   1.100,   2.058
202604292106,   0.602,   1.918,9999.000,9999.000,9999.000,9999.000,9999.000,9999.000,9999.000
202604292112,   0.575,   1.889,9999.000,9999.000,9999.000,9999.000,9999.000,9999.000,9999.000
202604292118,   0.548,   1.869,9999.000,9999.000,9999.000,9999.000,9999.000,9999.000,9999.000
202604292124,   0.521,   1.849,9999.000,9999.000,9999.000,9999.000,9999.000,9999.000,9999.000
202604292130,   0.494,   1.830,9999.000,9999.000,9999.000,9999.000,9999.000,9999.000,9999.000
202604292136,   0.467,   1.800,9999.000,9999.000,9999.000,9999.000,9999.000,9999.000,9999.000
202604292142,   0.441,   1.781,9999.000,9999.000,9999.000,9999.000,9999.000,9999.000,9999.000
202604292148,   0.415,   1.758,9999.000,9999.000,9999.000,9999.000,9999.000,9999.000,9999.000
202604292154,   0.389,   1.728,9999.000,9999.000,9999.000,9999.000,9999.000,9999.000,9999.000
202604292200,   0.364,   1.699,   1.000,   0.335,   1.699,   1.000,   1.699,   1.100,   1.799
202604292206,   0.340,   1.669,9999.000,9999.000,9999.000,9999.000,9999.000,9999.000,9999.000
202604292212,   0.316,   1.649,9999.000,9999.000,9999.000,9999.000,9999.000,9999.000,9999.000
202604292218,   0.293,   1.620,9999.000,9999.000,9999.000,9999.000,9999.000,9999.000,9999.000
202604292224,   0.271,   1.590,9999.000,9999.000,9999.000,9999.000,9999.000,9999.000,9999.000
202604292230,   0.249,   1.571,9999.000,9999.000,9999.000,9999.000,9999.000,9999.000,9999.000
202604292236,   0.229,   1.557,9999.000,9999.000,9999.000,9999.000,9999.000,9999.000,9999.000
202604292242,   0.210,   1.538,9999.000,9999.000,9999.000,9999.000,9999.000,9999.000,9999.000
202604292248,   0.192,   1.538,9999.000,9999.000,9999.000,9999.000,9999.000,9999.000,9999.000
202604292254,   0.176,   1.528,9999.000,9999.000,9999.000,9999.000,9999.000,9999.000,9999.000
202604292300,   0.161,   1.518,   1.100,   0.257,   1.518,   1.000,   1.418,   1.100,   1.518
202604292306,   0.148,   1.518,9999.000,9999.000,9999.000,9999.000,9999.000,9999.000,9999.000
202604292312,   0.136,   1.498,9999.000,9999.000,9999.000,9999.000,9999.000,9999.000,9999.000
202604292318,   0.126,   1.479,9999.000,9999.000,9999.000,9999.000,9999.000,9999.000,9999.000
202604292324,   0.117,   1.489,9999.000,9999.000,9999.000,9999.000,9999.000,9999.000,9999.000
202604292330,   0.111,   1.479,9999.000,9999.000,9999.000,9999.000,9999.000,9999.000,9999.000
202604292336,   0.106,   1.479,9999.000,9999.000,9999.000,9999.000,9999.000,9999.000,9999.000
202604292342,   0.103,   1.498,9999.000,9999.000,9999.000,9999.000,9999.000,9999.000,9999.000
202604292348,   0.103,   1.498,9999.000,9999.000,9999.000,9999.000,9999.000,9999.000,9999.000
202604292354,   0.104,   1.508,9999.000,9999.000,9999.000,9999.000,9999.000,9999.000,9999.000
202604300000,   0.107,   1.518,   1.000,   0.411,   1.518,   1.000,   1.518,   1.100,   1.618
202604300006,   0.113,   1.518,9999.000,9999.000,9999.000,9999.000,9999.000,9999.000,9999.000
202604300012,   0.120,   1.528,9999.000,9999.000,9999.000,9999.000,9999.000,9999.000,9999.000
202604300018,   0.130,   1.557,9999.000,9999.000,9999.000,9999.000,9999.000,9999.000,9999.000
202604300024,   0.141,   1.571,9999.000,9999.000,9999.000,9999.000,9999.000,9999.000,9999.000
202604300030,   0.154,   1.590,9999.000,9999.000,9999.000,9999.000,9999.000,9999.000,9999.000
202604300036,   0.170,   1.610,9999.000,9999.000,9999.000,9999.000,9999.000,9999.000,9999.000
202604300042,   0.187,   1.630,9999.000,9999.000,9999.000,9999.000,9999.000,9999.000,9999.000
202604300048,   0.206,   1.659,9999.000,9999.000,9999.000,9999.000,9999.000,9999.000,9999.000
202604300054,   0.226,   1.699,9999.000,9999.000,9999.000,9999.000,9999.000,9999.000,9999.000
202604300100,   0.249,   1.708,   1.100,   0.359,   1.708,   1.000,   1.608,   1.100,   1.708
202604300106,   0.273,   1.738,9999.000,9999.000,9999.000,9999.000,9999.000,9999.000,9999.000
202604300112,   0.298,   1.767,9999.000,9999.000,9999.000,9999.000,9999.000,9999.000,9999.000
202604300118,   0.325,   1.800,9999.000,9999.000,9999.000,9999.000,9999.000,9999.000,9999.000
202604300124,   0.353,   1.820,9999.000,9999.000,9999.000,9999.000,9999.000,9999.000,9999.000
202604300130,   0.382,   1.859,9999.000,9999.000,9999.000,9999.000,9999.000,9999.000,9999.000
202604300136,   0.413,   1.899,9999.000,9999.000,9999.000,9999.000,9999.000,9999.000,9999.000
202604300142,   0.444,   1.958,9999.000,9999.000,9999.000,9999.000,9999.000,9999.000,9999.000
202604300148,   0.477,   2.000,9999.000,9999.000,9999.000,9999.000,9999.000,9999.000,9999.000
202604300154,   0.510,   2.040,9999.000,9999.000,9999.000,9999.000,9999.000,9999.000,9999.000
202604300200,   0.544,   2.079,   1.100,   0.435,   2.079,   1.000,   1.979,   1.200,   2.179
202604300206,   0.578,   2.099,9999.000,9999.000,9999.000,9999.000,9999.000,9999.000,9999.000
202604300212,   0.613,   2.138,9999.000,9999.000,9999.000,9999.000,9999.000,9999.000,9999.000
202604300218,   0.648,   2.168,9999.000,9999.000,9999.000,9999.000,9999.000,9999.000,9999.000
202604300224,   0.684,   2.220,9999.000,9999.000,9999.000,9999.000,9999.000,9999.000,9999.000
202604300230,   0.720,   2.250,9999.000,9999.000,9999.000,9999.000,9999.000,9999.000,9999.000
202604300236,   0.756,   2.289,9999.000,9999.000,9999.000,9999.000,9999.000,9999.000,9999.000
202604300242,   0.792,   2.318,9999.000,9999.000,9999.000,9999.000,9999.000,9999.000,9999.000
202604300248,   0.829,   2.348,9999.000,9999.000,9999.000,9999.000,9999.000,9999.000,9999.000
202604300254,   0.865,   2.377,9999.000,9999.000,9999.000,9999.000,9999.000,9999.000,9999.000
202604300300,   0.901,   2.420,   1.100,   0.419,   2.420,   1.100,   2.420,   1.200,   2.520
202604300306,   0.937,   2.469,9999.000,9999.000,9999.000,9999.000,9999.000,9999.000,9999.000
202604300312,   0.972,   2.509,9999.000,9999.000,9999.000,9999.000,9999.000,9999.000,9999.000
202604300318,   1.007,   2.558,9999.000,9999.000,9999.000,9999.000,9999.000,9999.000,9999.000
202604300324,   1.042,   2.597,9999.000,9999.000,9999.000,9999.000,9999.000,9999.000,9999.000
202604300330,   1.076,   2.650,9999.000,9999.000,9999.000,9999.000,9999.000,9999.000,9999.000
202604300336,   1.109,   2.689,9999.000,9999.000,9999.000,9999.000,9999.000,9999.000,9999.000
202604300342,   1.142,   2.719,9999.000,9999.000,9999.000,9999.000,9999.000,9999.000,9999.000
202604300348,   1.174,   2.738,9999.000,9999.000,9999.000,9999.000,9999.000,9999.000,9999.000
202604300354,   1.206,   2.778,9999.000,9999.000,9999.000,9999.000,9999.000,9999.000,9999.000
202604300400,   1.236,   2.807,   1.100,   0.471,   2.807,   1.100,   2.807,   1.200,   2.907
202604300406,   1.266,   2.830,9999.000,9999.000,9999.000,9999.000,9999.000,9999.000,9999.000
202604300412,   1.295,   2.860,9999.000,9999.000,9999.000,9999.000,9999.000,9999.000,9999.000
202604300418,   1.322,   2.869,9999.000,9999.000,9999.000,9999.000,9999.000,9999.000,9999.000
202604300424,   1.349,   2.889,9999.000,9999.000,9999.000,9999.000,9999.000,9999.000,9999.000
202604300430,   1.374,   2.899,9999.000,9999.000,9999.000,9999.000,9999.000,9999.000,9999.000
202604300436,   1.398,   2.919,9999.000,9999.000,9999.000,9999.000,9999.000,9999.000,9999.000
202604300442,   1.421,   2.919,9999.000,9999.000,9999.000,9999.000,9999.000,9999.000,9999.000
202604300448,   1.443,   2.919,9999.000,9999.000,9999.000,9999.000,9999.000,9999.000,9999.000
202604300454,   1.462,   2.938,9999.000,9999.000,9999.000,9999.000,9999.000,9999.000,9999.000
202604300500,   1.481,   2.968,   1.100,   0.387,   2.968,   1.100,   2.968,   1.200,   3.068
202604300506,   1.498,   3.007,9999.000,9999.000,9999.000,9999.000,9999.000,9999.000,9999.000
202604300512,   1.513,   3.030,9999.000,9999.000,9999.000,9999.000,9999.000,9999.000,9999.000
202604300518,   1.527,   3.070,9999.000,9999.000,9999.000,9999.000,9999.000,9999.000,9999.000
202604300524,   1.539,   3.099,9999.000,9999.000,9999.000,9999.000,9999.000,9999.000,9999.000
202604300530,   1.550,   3.109,9999.000,9999.000,9999.000,9999.000,9999.000,9999.000,9999.000
202604300536,   1.558,   3.109,9999.000,9999.000,9999.000,9999.000,9999.000,9999.000,9999.000
202604300542,   1.565,   3.119,9999.000,9999.000,9999.000,9999.000,9999.000,9999.000,9999.000
202604300548,   1.571,   3.109,9999.000,9999.000,9999.000,9999.000,9999.000,9999.000,9999.000
202604300554,   1.574,   3.119,9999.000,9999.000,9999.000,9999.000,9999.000,9999.000,9999.000
202604300600,   1.576,   3.129,   1.100,   0.453,   3.129,   1.100,   3.129,   1.200,   3.229
202604300606,   1.576,   3.129,9999.000,9999.000,9999.000,9999.000,9999.000,9999.000,9999.000
202604300612,   1.575,   3.119,9999.000,9999.000,9999.000,9999.000,9999.000,9999.000,9999.000
202604300618,   1.572,   3.119,9999.000,9999.000,9999.000,9999.000,9999.000,9999.000,9999.000
202604300624,   1.567,   3.138,9999.000,9999.000,9999.000,9999.000,9999.000,9999.000,9999.000
202604300630,   1.560,   3.148,9999.000,9999.000,9999.000,9999.000,9999.000,9999.000,9999.000
202604300636,   1.552,   3.129,9999.000,9999.000,9999.000,9999.000,9999.000,9999.000,9999.000
202604300642,   1.543,   3.138,9999.000,9999.000,9999.000,9999.000,9999.000,9999.000,9999.000
202604300648,   1.532,   3.129,9999.000,9999.000,9999.000,9999.000,9999.000,9999.000,9999.000
202604300654,   1.520,   3.129,9999.000,9999.000,9999.000,9999.000,9999.000,9999.000,9999.000
202604300700,   1.507,   3.099,   1.100,   0.492,   3.099,   1.100,   3.099,   1.200,   3.199
202604300706,   1.492,   3.079,9999.000,9999.000,9999.000,9999.000,9999.000,9999.000,9999.000
202604300712,   1.476,   3.040,9999.000,9999.000,9999.000,9999.000,9999.000,9999.000,9999.000
202604300718,   1.459,   3.007,9999.000,9999.000,9999.000,9999.000,9999.000,9999.000,9999.000
202604300724,   1.441,   2.997,9999.000,9999.000,9999.000,9999.000,9999.000,9999.000,9999.000
202604300730,   1.422,   2.978,9999.000,9999.000,9999.000,9999.000,9999.000,9999.000,9999.000
202604300736,   1.402,   2.968,9999.000,9999.000,9999.000,9999.000,9999.000,9999.000,9999.000
202604300742,   1.382,   2.948,9999.000,9999.000,9999.000,9999.000,9999.000,9999.000,9999.000
202604300748,   1.360,   2.909,9999.000,9999.000,9999.000,9999.000,9999.000,9999.000,9999.000
202604300754,   1.338,   2.889,9999.000,9999.000,9999.000,9999.000,9999.000,9999.000,9999.000
202604300800,   1.315,   2.869,   1.100,   0.454,   2.869,   1.100,   2.869,   1.200,   2.969
202604300806,   1.292,   2.840,9999.000,9999.000,9999.000,9999.000,9999.000,9999.000,9999.000
202604300812,   1.268,   2.807,9999.000,9999.000,9999.000,9999.000,9999.000,9999.000,9999.000
202604300818,   1.244,   2.778,9999.000,9999.000,9999.000,9999.000,9999.000,9999.000,9999.000
202604300824,   1.219,   2.748,9999.000,9999.000,9999.000,9999.000,9999.000,9999.000,9999.000
202604300830,   1.193,   2.728,9999.000,9999.000,9999.000,9999.000,9999.000,9999.000,9999.000
202604300836,   1.167,   2.689,9999.000,9999.000,9999.000,9999.000,9999.000,9999.000,9999.000
202604300842,   1.141,   2.669,9999.000,9999.000,9999.000,9999.000,9999.000,9999.000,9999.000
202604300848,   1.115,   2.650,9999.000,9999.000,9999.000,9999.000,9999.000,9999.000,9999.000
202604300854,   1.088,   2.630,9999.000,9999.000,9999.000,9999.000,9999.000,9999.000,9999.000
202604300900,   1.060,   2.597,   1.100,   0.437,   2.597,   1.000,   2.497,   1.200,   2.697
202604300906,   1.033,   2.568,9999.000,9999.000,9999.000,9999.000,9999.000,9999.000,9999.000
202604300912,   1.005,   2.528,9999.000,9999.000,9999.000,9999.000,9999.000,9999.000,9999.000
202604300918,   0.977,   2.489,9999.000,9999.000,9999.000,9999.000,9999.000,9999.000,9999.000
202604300924,   0.949,   2.459,9999.000,9999.000,9999.000,9999.000,9999.000,9999.000,9999.000
202604300930,   0.920,   2.430,9999.000,9999.000,9999.000,9999.000,9999.000,9999.000,9999.000
202604300936,   0.892,   2.400,9999.000,9999.000,9999.000,9999.000,9999.000,9999.000,9999.000
202604300942,   0.863,   2.358,9999.000,9999.000,9999.000,9999.000,9999.000,9999.000,9999.000
202604300948,   0.834,   2.318,9999.000,9999.000,9999.000,9999.000,9999.000,9999.000,9999.000
202604300954,   0.805,   2.279,9999.000,9999.000,9999.000,9999.000,9999.000,9999.000,9999.000
202604301000,   0.776,   2.259,   1.100,   0.383,   2.259,   1.000,   2.159,   1.200,   2.359
202604301006,   0.748,   2.220,9999.000,9999.000,9999.000,9999.000,9999.000,9999.000,9999.000
202604301012,   0.719,   2.191,9999.000,9999.000,9999.000,9999.000,9999.000,9999.000,9999.000
202604301018,   0.691,   2.168,9999.000,9999.000,9999.000,9999.000,9999.000,9999.000,9999.000
202604301024,   0.662,   2.148,9999.000,9999.000,9999.000,9999.000,9999.000,9999.000,9999.000
202604301030,   0.635,   2.128,9999.000,9999.000,9999.000,9999.000,9999.000,9999.000,9999.000
202604301036,   0.607,   2.079,9999.000,9999.000,9999.000,9999.000,9999.000,9999.000,9999.000
202604301042,   0.580,   2.040,9999.000,9999.000,9999.000,9999.000,9999.000,9999.000,9999.000
202604301048,   0.554,   2.010,9999.000,9999.000,9999.000,9999.000,9999.000,9999.000,9999.000
202604301054,   0.529,   1.981,9999.000,9999.000,9999.000,9999.000,9999.000,9999.000,9999.000
202604301100,   0.504,   1.958,   1.000,   0.454,   1.958,   1.000,   1.958,   1.100,   2.058
202604301106,   0.480,   1.938,9999.000,9999.000,9999.000,9999.000,9999.000,9999.000,9999.000
202604301112,   0.457,   1.918,9999.000,9999.000,9999.000,9999.000,9999.000,9999.000,9999.000
202604301118,   0.436,   1.899,9999.000,9999.000,9999.000,9999.000,9999.000,9999.000,9999.000
202604301124,   0.415,   1.879,9999.000,9999.000,9999.000,9999.000,9999.000,9999.000,9999.000
202604301130,   0.396,   1.849,9999.000,9999.000,9999.000,9999.000,9999.000,9999.000,9999.000
202604301136,   0.378,   1.820,9999.000,9999.000,9999.000,9999.000,9999.000,9999.000,9999.000
202604301142,   0.362,   1.810,9999.000,9999.000,9999.000,9999.000,9999.000,9999.000,9999.000
202604301148,   0.347,   1.790,9999.000,9999.000,9999.000,9999.000,9999.000,9999.000,9999.000
202604301154,   0.334,   1.781,9999.000,9999.000,9999.000,9999.000,9999.000,9999.000,9999.000
202604301200,   0.322,   1.758,   1.000,   0.436,   1.758,   1.000,   1.758,   1.100,   1.858
202604301206,   0.313,   1.748,9999.000,9999.000,9999.000,9999.000,9999.000,9999.000,9999.000
202604301212,   0.305,   1.738,9999.000,9999.000,9999.000,9999.000,9999.000,9999.000,9999.000
202604301218,   0.299,   1.718,9999.000,9999.000,9999.000,9999.000,9999.000,9999.000,9999.000
202604301224,   0.295,   1.699,9999.000,9999.000,9999.000,9999.000,9999.000,9999.000,9999.000
202604301230,   0.292,   1.679,9999.000,9999.000,9999.000,9999.000,9999.000,9999.000,9999.000
202604301236,   0.292,   1.669,9999.000,9999.000,9999.000,9999.000,9999.000,9999.000,9999.000
202604301242,   0.293,   1.669,9999.000,9999.000,9999.000,9999.000,9999.000,9999.000,9999.000
202604301248,   0.297,   1.669,9999.000,9999.000,9999.000,9999.000,9999.000,9999.000,9999.000
202604301254,   0.302,   1.659,9999.000,9999.000,9999.000,9999.000,9999.000,9999.000,9999.000
202604301300,   0.309,   1.669,   1.000,   0.360,   1.669,   1.000,   1.669,   1.100,   1.769
202604301306,   0.317,   1.669,9999.000,9999.000,9999.000,9999.000,9999.000,9999.000,9999.000
202604301312,   0.328,   1.669,9999.000,9999.000,9999.000,9999.000,9999.000,9999.000,9999.000
202604301318,   0.340,   1.669,9999.000,9999.000,9999.000,9999.000,9999.000,9999.000,9999.000
202604301324,   0.353,   1.669,9999.000,9999.000,9999.000,9999.000,9999.000,9999.000,9999.000
202604301330,   0.369,   1.679,9999.000,9999.000,9999.000,9999.000,9999.000,9999.000,9999.000
202604301336,   0.385,   1.689,9999.000,9999.000,9999.000,9999.000,9999.000,9999.000,9999.000
202604301342,   0.403,   1.699,9999.000,9999.000,9999.000,9999.000,9999.000,9999.000,9999.000
202604301348,   0.422,   1.718,9999.000,9999.000,9999.000,9999.000,9999.000,9999.000,9999.000
202604301354,   0.442,   1.748,9999.000,9999.000,9999.000,9999.000,9999.000,9999.000,9999.000
202604301400,   0.464,   1.781,   1.000,   0.317,   1.781,   0.900,   1.681,   1.000,   1.781
202604301406,   0.486,   1.790,9999.000,9999.000,9999.000,9999.000,9999.000,9999.000,9999.000
202604301412,   0.510,   1.810,9999.000,9999.000,9999.000,9999.000,9999.000,9999.000,9999.000
202604301418,   0.534,   1.820,9999.000,9999.000,9999.000,9999.000,9999.000,9999.000,9999.000
202604301424,   0.558,   1.840,9999.000,9999.000,9999.000,9999.000,9999.000,9999.000,9999.000
202604301430,   0.584,   1.859,9999.000,9999.000,9999.000,9999.000,9999.000,9999.000,9999.000
202604301436,   0.610,   1.879,9999.000,9999.000,9999.000,9999.000,9999.000,9999.000,9999.000
202604301442,   0.636,   1.908,9999.000,9999.000,9999.000,9999.000,9999.000,9999.000,9999.000
202604301448,   0.663,   1.948,9999.000,9999.000,9999.000,9999.000,9999.000,9999.000,9999.000
202604301454,   0.690,   1.990,9999.000,9999.000,9999.000,9999.000,9999.000,9999.000,9999.000
202604301500,   0.717,   2.020,   1.000,   0.303,   2.020,   0.900,   1.920,   1.000,   2.020
202604301506,   0.744,   2.040,9999.000,9999.000,9999.000,9999.000,9999.000,9999.000,9999.000
202604301512,   0.772,   2.059,9999.000,9999.000,9999.000,9999.000,9999.000,9999.000,9999.000
202604301518,   0.799,   2.089,9999.000,9999.000,9999.000,9999.000,9999.000,9999.000,9999.000
202604301524,   0.826,   2.099,9999.000,9999.000,9999.000,9999.000,9999.000,9999.000,9999.000
202604301530,   0.854,   2.109,9999.000,9999.000,9999.000,9999.000,9999.000,9999.000,9999.000
202604301536,   0.880,   2.128,9999.000,9999.000,9999.000,9999.000,9999.000,9999.000,9999.000
202604301542,   0.907,   2.138,9999.000,9999.000,9999.000,9999.000,9999.000,9999.000,9999.000
202604301548,   0.933,   2.168,9999.000,9999.000,9999.000,9999.000,9999.000,9999.000,9999.000
202604301554,   0.959,   2.191,9999.000,9999.000,9999.000,9999.000,9999.000,9999.000,9999.000
202604301600,   0.984,   2.230,   0.900,   0.346,   2.230,   0.900,   2.230,   1.000,   2.330
202604301606,   1.009,   2.259,9999.000,9999.000,9999.000,9999.000,9999.000,9999.000,9999.000
202604301612,   1.033,   2.309,9999.000,9999.000,9999.000,9999.000,9999.000,9999.000,9999.000
202604301618,   1.057,   2.338,9999.000,9999.000,9999.000,9999.000,9999.000,9999.000,9999.000
202604301624,   1.079,   2.368,9999.000,9999.000,9999.000,9999.000,9999.000,9999.000,9999.000
202604301630,   1.101,   2.377,9999.000,9999.000,9999.000,9999.000,9999.000,9999.000,9999.000
202604301636,   1.123,   2.400,9999.000,9999.000,9999.000,9999.000,9999.000,9999.000,9999.000
202604301642,   1.143,   2.410,9999.000,9999.000,9999.000,9999.000,9999.000,9999.000,9999.000
202604301648,   1.162,   2.430,9999.000,9999.000,9999.000,9999.000,9999.000,9999.000,9999.000
202604301654,   1.180,   2.430,9999.000,9999.000,9999.000,9999.000,9999.000,9999.000,9999.000
202604301700,   1.197,   2.459,   0.900,   0.362,   2.459,   0.900,   2.459,   1.000,   2.559
202604301706,   1.213,   2.459,9999.000,9999.000,9999.000,9999.000,9999.000,9999.000,9999.000
202604301712,   1.227,   2.479,9999.000,9999.000,9999.000,9999.000,9999.000,9999.000,9999.000
202604301718,   1.240,   2.479,9999.000,9999.000,9999.000,9999.000,9999.000,9999.000,9999.000
202604301724,   1.252,   2.489,9999.000,9999.000,9999.000,9999.000,9999.000,9999.000,9999.000
202604301730,   1.263,   2.509,9999.000,9999.000,9999.000,9999.000,9999.000,9999.000,9999.000
202604301736,   1.272,   2.509,9999.000,9999.000,9999.000,9999.000,9999.000,9999.000,9999.000
202604301742,   1.279,   2.509,9999.000,9999.000,9999.000,9999.000,9999.000,9999.000,9999.000
202604301748,   1.285,   2.509,9999.000,9999.000,9999.000,9999.000,9999.000,9999.000,9999.000
202604301754,   1.290,   2.509,9999.000,9999.000,9999.000,9999.000,9999.000,9999.000,9999.000
202604301800,   1.292,   2.509,   0.900,   0.317,   2.509,   0.900,   2.509,   0.900,   2.509
202604301806,   1.294,   2.509,9999.000,9999.000,9999.000,9999.000,9999.000,9999.000,9999.000
202604301812,   1.293,   2.509,9999.000,9999.000,9999.000,9999.000,9999.000,9999.000,9999.000
202604301818,   1.291,   2.499,9999.000,9999.000,9999.000,9999.000,9999.000,9999.000,9999.000
202604301824,   1.288,   2.489,9999.000,9999.000,9999.000,9999.000,9999.000,9999.000,9999.000
202604301830,   1.283,   2.469,9999.000,9999.000,9999.000,9999.000,9999.000,9999.000,9999.000
202604301836,   1.276,   2.459,9999.000,9999.000,9999.000,9999.000,9999.000,9999.000,9999.000
202604301842,   1.268,   2.440,9999.000,9999.000,9999.000,9999.000,9999.000,9999.000,9999.000
202604301848,   1.258,   2.420,9999.000,9999.000,9999.000,9999.000,9999.000,9999.000,9999.000
202604301854,   1.247,   2.400,9999.000,9999.000,9999.000,9999.000,9999.000,9999.000,9999.000
202604301900,   1.235,   2.377,   0.900,   0.242,   2.377,   0.900,   2.377,   0.900,   2.377
202604301906,   1.221,   2.358,9999.000,9999.000,9999.000,9999.000,9999.000,9999.000,9999.000
202604301912,   1.205,   2.348,9999.000,9999.000,9999.000,9999.000,9999.000,9999.000,9999.000
202604301918,   1.189,   2.318,9999.000,9999.000,9999.000,9999.000,9999.000,9999.000,9999.000
202604301924,   1.171,   2.289,9999.000,9999.000,9999.000,9999.000,9999.000,9999.000,9999.000
202604301930,   1.153,   2.269,9999.000,9999.000,9999.000,9999.000,9999.000,9999.000,9999.000
202604301936,   1.133,   2.250,9999.000,9999.000,9999.000,9999.000,9999.000,9999.000,9999.000
202604301942,   1.112,   2.230,9999.000,9999.000,9999.000,9999.000,9999.000,9999.000,9999.000
202604301948,   1.091,   2.200,9999.000,9999.000,9999.000,9999.000,9999.000,9999.000,9999.000
202604301954,   1.069,   2.168,9999.000,9999.000,9999.000,9999.000,9999.000,9999.000,9999.000
202604302000,   1.046,   2.138,   0.900,   0.192,   2.138,   0.900,   2.138,   0.900,   2.138
202604302006,   1.022,   2.109,9999.000,9999.000,9999.000,9999.000,9999.000,9999.000,9999.000
202604302012,   0.998,   2.079,9999.000,9999.000,9999.000,9999.000,9999.000,9999.000,9999.000
202604302018,   0.973,   2.049,9999.000,9999.000,9999.000,9999.000,9999.000,9999.000,9999.000
202604302024,   0.948,   2.010,9999.000,9999.000,9999.000,9999.000,9999.000,9999.000,9999.000
202604302030,   0.922,   1.981,9999.000,9999.000,9999.000,9999.000,9999.000,9999.000,9999.000
202604302036,   0.896,   1.958,9999.000,9999.000,9999.000,9999.000,9999.000,9999.000,9999.000
202604302042,   0.870,   1.928,9999.000,9999.000,9999.000,9999.000,9999.000,9999.000,9999.000
202604302048,   0.843,   1.889,9999.000,9999.000,9999.000,9999.000,9999.000,9999.000,9999.000
202604302054,   0.817,   1.869,9999.000,9999.000,9999.000,9999.000,9999.000,9999.000,9999.000
202604302100,   0.790,   1.849,   0.900,   0.159,   1.849,   0.900,   1.849,   0.900,   1.849
202604302106,   0.763,   1.830,9999.000,9999.000,9999.000,9999.000,9999.000,9999.000,9999.000
202604302112,   0.736,   1.790,9999.000,9999.000,9999.000,9999.000,9999.000,9999.000,9999.000
202604302118,   0.709,   1.748,9999.000,9999.000,9999.000,9999.000,9999.000,9999.000,9999.000
202604302124,   0.681,   1.718,9999.000,9999.000,9999.000,9999.000,9999.000,9999.000,9999.000
202604302130,   0.654,   1.689,9999.000,9999.000,9999.000,9999.000,9999.000,9999.000,9999.000
202604302136,   0.627,   1.669,9999.000,9999.000,9999.000,9999.000,9999.000,9999.000,9999.000
202604302142,   0.600,   1.630,9999.000,9999.000,9999.000,9999.000,9999.000,9999.000,9999.000
202604302148,   0.573,   1.600,9999.000,9999.000,9999.000,9999.000,9999.000,9999.000,9999.000
202604302154,   0.547,   1.580,9999.000,9999.000,9999.000,9999.000,9999.000,9999.000,9999.000
202604302200,   0.520,   1.538,   0.900,   0.118,   1.538,   0.900,   1.538,   0.900,   1.538
202604302206,   0.494,   1.508,9999.000,9999.000,9999.000,9999.000,9999.000,9999.000,9999.000
202604302212,   0.468,   1.489,9999.000,9999.000,9999.000,9999.000,9999.000,9999.000,9999.000
202604302218,   0.442,   1.459,9999.000,9999.000,9999.000,9999.000,9999.000,9999.000,9999.000
202604302224,   0.416,   1.430,9999.000,9999.000,9999.000,9999.000,9999.000,9999.000,9999.000
202604302230,   0.392,   1.400,9999.000,9999.000,9999.000,9999.000,9999.000,9999.000,9999.000
202604302236,   0.367,   1.371,9999.000,9999.000,9999.000,9999.000,9999.000,9999.000,9999.000
202604302242,   0.343,   1.348,9999.000,9999.000,9999.000,9999.000,9999.000,9999.000,9999.000
202604302248,   0.320,   1.328,9999.000,9999.000,9999.000,9999.000,9999.000,9999.000,9999.000
202604302254,   0.297,   1.318,9999.000,9999.000,9999.000,9999.000,9999.000,9999.000,9999.000
202604302300,   0.276,   1.298,   0.900,   0.122,   1.298,   0.900,   1.298,   0.900,   1.298
202604302306,   0.255,   1.269,9999.000,9999.000,9999.000,9999.000,9999.000,9999.000,9999.000
202604302312,   0.235,   1.249,9999.000,9999.000,9999.000,9999.000,9999.000,9999.000,9999.000
202604302318,   0.216,   1.220,9999.000,9999.000,9999.000,9999.000,9999.000,9999.000,9999.000
202604302324,   0.199,   1.200,9999.000,9999.000,9999.000,9999.000,9999.000,9999.000,9999.000
202604302330,   0.182,   1.180,9999.000,9999.000,9999.000,9999.000,9999.000,9999.000,9999.000
202604302336,   0.167,   1.170,9999.000,9999.000,9999.000,9999.000,9999.000,9999.000,9999.000
202604302342,   0.154,   1.161,9999.000,9999.000,9999.000,9999.000,9999.000,9999.000,9999.000
202604302348,   0.142,   1.151,9999.000,9999.000,9999.000,9999.000,9999.000,9999.000,9999.000
202604302354,   0.131,   1.128,9999.000,9999.000,9999.000,9999.000,9999.000,9999.000,9999.000
202605010000,   0.122,   1.108,   0.900,   0.086,   1.108,   0.800,   1.008,   0.900,   1.108
202605010006,   0.115,   1.098,9999.000,9999.000,9999.000,9999.000,9999.000,9999.000,9999.000
202605010012,   0.110,   1.098,9999.000,9999.000,9999.000,9999.000,9999.000,9999.000,9999.000
202605010018,   0.107,   1.088,9999.000,9999.000,9999.000,9999.000,9999.000,9999.000,9999.000
202605010024,   0.105,   1.088,9999.000,9999.000,9999.000,9999.000,9999.000,9999.000,9999.000
202605010030,   0.106,   1.088,9999.000,9999.000,9999.000,9999.000,9999.000,9999.000,9999.000
202605010036,   0.109,   1.088,9999.000,9999.000,9999.000,9999.000,9999.000,9999.000,9999.000
202605010042,   0.113,   1.079,9999.000,9999.000,9999.000,9999.000,9999.000,9999.000,9999.000
202605010048,   0.120,   1.069,9999.000,9999.000,9999.000,9999.000,9999.000,9999.000,9999.000
202605010054,   0.129,   1.059,9999.000,9999.000,9999.000,9999.000,9999.000,9999.000,9999.000
202605010100,   0.139,   1.059,   0.900,   0.020,   1.059,   0.800,   0.959,   0.900,   1.059
202605010106,   0.152,   1.049,9999.000,9999.000,9999.000,9999.000,9999.000,9999.000,9999.000
202605010112,   0.167,   1.069,9999.000,9999.000,9999.000,9999.000,9999.000,9999.000,9999.000
202605010118,   0.183,   1.079,9999.000,9999.000,9999.000,9999.000,9999.000,9999.000,9999.000
202605010124,   0.202,   1.098,9999.000,9999.000,9999.000,9999.000,9999.000,9999.000,9999.000
202605010130,   0.222,   1.098,9999.000,9999.000,9999.000,9999.000,9999.000,9999.000,9999.000
202605010136,   0.244,   1.108,9999.000,9999.000,9999.000,9999.000,9999.000,9999.000,9999.000
202605010142,   0.268,   1.161,9999.000,9999.000,9999.000,9999.000,9999.000,9999.000,9999.000
202605010148,   0.293,   1.220,9999.000,9999.000,9999.000,9999.000,9999.000,9999.000,9999.000
202605010154,   0.320,   1.279,9999.000,9999.000,9999.000,9999.000,9999.000,9999.000,9999.000
202605010200,   0.348,   1.328,   0.900,   0.080,   1.328,   0.800,   1.228,   0.900,   1.328
202605010206,   0.377,   1.348,9999.000,9999.000,9999.000,9999.000,9999.000,9999.000,9999.000
202605010212,   0.408,   1.348,9999.000,9999.000,9999.000,9999.000,9999.000,9999.000,9999.000
202605010218,   0.439,   1.328,9999.000,9999.000,9999.000,9999.000,9999.000,9999.000,9999.000
202605010224,   0.472,   1.328,9999.000,9999.000,9999.000,9999.000,9999.000,9999.000,9999.000
202605010230,   0.505,   1.338,9999.000,9999.000,9999.000,9999.000,9999.000,9999.000,9999.000
202605010236,   0.539,   1.380,9999.000,9999.000,9999.000,9999.000,9999.000,9999.000,9999.000
202605010242,   0.574,   1.439,9999.000,9999.000,9999.000,9999.000,9999.000,9999.000,9999.000
202605010248,   0.609,   1.479,9999.000,9999.000,9999.000,9999.000,9999.000,9999.000,9999.000
202605010254,   0.645,   1.498,9999.000,9999.000,9999.000,9999.000,9999.000,9999.000,9999.000
202605010300,   0.681,   1.508,   0.800,   0.027,   1.508,   0.800,   1.508,   0.900,   1.608
202605010306,   0.717,   1.538,9999.000,9999.000,9999.000,9999.000,9999.000,9999.000,9999.000
202605010312,   0.754,   1.580,9999.000,9999.000,9999.000,9999.000,9999.000,9999.000,9999.000
202605010318,   0.790,   1.620,9999.000,9999.000,9999.000,9999.000,9999.000,9999.000,9999.000
202605010324,   0.827,   1.639,9999.000,9999.000,9999.000,9999.000,9999.000,9999.000,9999.000
202605010330,   0.863,   1.679,9999.000,9999.000,9999.000,9999.000,9999.000,9999.000,9999.000
202605010336,   0.899,   1.708,9999.000,9999.000,9999.000,9999.000,9999.000,9999.000,9999.000
202605010342,   0.935,   1.738,9999.000,9999.000,9999.000,9999.000,9999.000,9999.000,9999.000
202605010348,   0.970,   1.758,9999.000,9999.000,9999.000,9999.000,9999.000,9999.000,9999.000
202605010354,   1.005,   1.767,9999.000,9999.000,9999.000,9999.000,9999.000,9999.000,9999.000
202605010400,   1.040,   1.790,   0.800,  -0.050,   1.790,   0.800,   1.790,   0.800,   1.790
202605010406,   1.074,   1.820,9999.000,9999.000,9999.000,9999.000,9999.000,9999.000,9999.000
202605010412,   1.107,   1.830,9999.000,9999.000,9999.000,9999.000,9999.000,9999.000,9999.000
202605010418,   1.140,   1.840,9999.000,9999.000,9999.000,9999.000,9999.000,9999.000,9999.000
202605010424,   1.172,   1.869,9999.000,9999.000,9999.000,9999.000,9999.000,9999.000,9999.000
202605010430,   1.203,   1.889,9999.000,9999.000,9999.000,9999.000,9999.000,9999.000,9999.000
202605010436,   1.233,   1.908,9999.000,9999.000,9999.000,9999.000,9999.000,9999.000,9999.000
202605010442,   1.263,   1.938,9999.000,9999.000,9999.000,9999.000,9999.000,9999.000,9999.000
202605010448,   1.291,   1.948,9999.000,9999.000,9999.000,9999.000,9999.000,9999.000,9999.000
202605010454,   1.319,   1.967,9999.000,9999.000,9999.000,9999.000,9999.000,9999.000,9999.000
202605010500,   1.345,   1.981,   0.800,  -0.164,   1.981,   0.700,   1.881,   0.800,   1.981
202605010506,   1.370,   1.990,9999.000,9999.000,9999.000,9999.000,9999.000,9999.000,9999.000
202605010512,   1.395,   2.020,9999.000,9999.000,9999.000,9999.000,9999.000,9999.000,9999.000
202605010518,   1.417,   2.049,9999.000,9999.000,9999.000,9999.000,9999.000,9999.000,9999.000
202605010524,   1.439,   2.069,9999.000,9999.000,9999.000,9999.000,9999.000,9999.000,9999.000
202605010530,   1.459,   2.089,9999.000,9999.000,9999.000,9999.000,9999.000,9999.000,9999.000
202605010536,   1.478,   2.109,9999.000,9999.000,9999.000,9999.000,9999.000,9999.000,9999.000
202605010542,   1.495,   2.128,9999.000,9999.000,9999.000,9999.000,9999.000,9999.000,9999.000
202605010548,   1.511,   2.138,9999.000,9999.000,9999.000,9999.000,9999.000,9999.000,9999.000
202605010554,   1.525,   2.148,9999.000,9999.000,9999.000,9999.000,9999.000,9999.000,9999.000
202605010600,   1.538,   2.168,   0.800,  -0.170,   2.168,   0.700,   2.068,   0.800,   2.168
202605010606,   1.549,   2.177,9999.000,9999.000,9999.000,9999.000,9999.000,9999.000,9999.000
202605010612,   1.559,   2.191,9999.000,9999.000,9999.000,9999.000,9999.000,9999.000,9999.000
202605010618,   1.567,   2.177,9999.000,9999.000,9999.000,9999.000,9999.000,9999.000,9999.000
202605010624,   1.573,   2.177,9999.000,9999.000,9999.000,9999.000,9999.000,9999.000,9999.000
202605010630,   1.578,   2.177,9999.000,9999.000,9999.000,9999.000,9999.000,9999.000,9999.000
202605010636,   1.581,   2.168,9999.000,9999.000,9999.000,9999.000,9999.000,9999.000,9999.000
202605010642,   1.582,   2.148,9999.000,9999.000,9999.000,9999.000,9999.000,9999.000,9999.000
202605010648,   1.582,   2.138,9999.000,9999.000,9999.000,9999.000,9999.000,9999.000,9999.000
202605010654,   1.580,   2.118,9999.000,9999.000,9999.000,9999.000,9999.000,9999.000,9999.000
202605010700,   1.576,   2.109,   0.800,  -0.267,   2.109,   0.700,   2.009,   0.800,   2.109
202605010706,   1.571,   2.089,9999.000,9999.000,9999.000,9999.000,9999.000,9999.000,9999.000
202605010712,   1.564,   2.079,9999.000,9999.000,9999.000,9999.000,9999.000,9999.000,9999.000
202605010718,   1.555,   2.059,9999.000,9999.000,9999.000,9999.000,9999.000,9999.000,9999.000
202605010724,   1.546,   2.059,9999.000,9999.000,9999.000,9999.000,9999.000,9999.000,9999.000
202605010730,   1.534,   2.049,9999.000,9999.000,9999.000,9999.000,9999.000,9999.000,9999.000
202605010736,   1.522,   2.030,9999.000,9999.000,9999.000,9999.000,9999.000,9999.000,9999.000
202605010742,   1.508,   2.020,9999.000,9999.000,9999.000,9999.000,9999.000,9999.000,9999.000
202605010748,   1.493,   2.000,9999.000,9999.000,9999.000,9999.000,9999.000,9999.000,9999.000
202605010754,   1.477,   1.981,9999.000,9999.000,9999.000,9999.000,9999.000,9999.000,9999.000
202605010800,   1.459,   1.948,   0.700,  -0.211,   1.948,   0.700,   1.948,   0.800,   2.048
202605010806,   1.441,   1.918,9999.000,9999.000,9999.000,9999.000,9999.000,9999.000,9999.000
202605010812,   1.422,   1.899,9999.000,9999.000,9999.000,9999.000,9999.000,9999.000,9999.000
202605010818,   1.402,   1.879,9999.000,9999.000,9999.000,9999.000,9999.000,9999.000,9999.000
202605010824,   1.381,   1.859,9999.000,9999.000,9999.000,9999.000,9999.000,9999.000,9999.000
202605010830,   1.359,   1.830,9999.000,9999.000,9999.000,9999.000,9999.000,9999.000,9999.000
202605010836,   1.336,   1.810,9999.000,9999.000,9999.000,9999.000,9999.000,9999.000,9999.000
202605010842,   1.313,   1.781,9999.000,9999.000,9999.000,9999.000,9999.000,9999.000,9999.000
202605010848,   1.290,   1.748,9999.000,9999.000,9999.000,9999.000,9999.000,9999.000,9999.000
202605010854,   1.266,   1.718,9999.000,9999.000,9999.000,9999.000,9999.000,9999.000,9999.000
202605010900,   1.241,   1.708,   0.700,  -0.233,   1.708,   0.700,   1.708,   0.700,   1.708
202605010906,   1.216,   1.679,9999.000,9999.000,9999.000,9999.000,9999.000,9999.000,9999.000
202605010912,   1.190,   1.659,9999.000,9999.000,9999.000,9999.000,9999.000,9999.000,9999.000
202605010918,   1.164,   1.630,9999.000,9999.000,9999.000,9999.000,9999.000,9999.000,9999.000
202605010924,   1.138,   1.600,9999.000,9999.000,9999.000,9999.000,9999.000,9999.000,9999.000
202605010930,   1.112,   1.580,9999.000,9999.000,9999.000,9999.000,9999.000,9999.000,9999.000
202605010936,   1.085,   1.538,9999.000,9999.000,9999.000,9999.000,9999.000,9999.000,9999.000
202605010942,   1.058,   1.518,9999.000,9999.000,9999.000,9999.000,9999.000,9999.000,9999.000
202605010948,   1.031,   1.489,9999.000,9999.000,9999.000,9999.000,9999.000,9999.000,9999.000
202605010954,   1.003,   1.459,9999.000,9999.000,9999.000,9999.000,9999.000,9999.000,9999.000
202605011000,   0.975,   1.430,   0.700,  -0.245,   1.430,   0.700,   1.430,   0.700,   1.430
202605011006,   0.948,   1.400,9999.000,9999.000,9999.000,9999.000,9999.000,9999.000,9999.000
202605011012,   0.920,   1.371,9999.000,9999.000,9999.000,9999.000,9999.000,9999.000,9999.000
202605011018,   0.892,   1.338,9999.000,9999.000,9999.000,9999.000,9999.000,9999.000,9999.000
202605011024,   0.864,   1.308,9999.000,9999.000,9999.000,9999.000,9999.000,9999.000,9999.000
202605011030,   0.836,   1.298,9999.000,9999.000,9999.000,9999.000,9999.000,9999.000,9999.000
202605011036,   0.807,   1.279,9999.000,9999.000,9999.000,9999.000,9999.000,9999.000,9999.000
202605011042,   0.779,   1.249,9999.000,9999.000,9999.000,9999.000,9999.000,9999.000,9999.000
202605011048,   0.751,   1.210,9999.000,9999.000,9999.000,9999.000,9999.000,9999.000,9999.000
202605011054,   0.724,   1.200,9999.000,9999.000,9999.000,9999.000,9999.000,9999.000,9999.000
202605011100,   0.696,   1.180,   0.700,  -0.216,   1.180,   0.600,   1.080,   0.700,   1.180
202605011106,   0.669,   1.128,9999.000,9999.000,9999.000,9999.000,9999.000,9999.000,9999.000
202605011112,   0.642,   1.098,9999.000,9999.000,9999.000,9999.000,9999.000,9999.000,9999.000
202605011118,   0.615,   1.079,9999.000,9999.000,9999.000,9999.000,9999.000,9999.000,9999.000
202605011124,   0.589,   1.049,9999.000,9999.000,9999.000,9999.000,9999.000,9999.000,9999.000
202605011130,   0.564,   1.020,9999.000,9999.000,9999.000,9999.000,9999.000,9999.000,9999.000
202605011136,   0.539,   0.990,9999.000,9999.000,9999.000,9999.000,9999.000,9999.000,9999.000
202605011142,   0.515,   0.980,9999.000,9999.000,9999.000,9999.000,9999.000,9999.000,9999.000
202605011148,   0.492,   0.961,9999.000,9999.000,9999.000,9999.000,9999.000,9999.000,9999.000
202605011154,   0.470,   0.941,9999.000,9999.000,9999.000,9999.000,9999.000,9999.000,9999.000
202605011200,   0.449,   0.918,   0.700,  -0.231,   0.918,   0.700,   0.918,   0.800,   1.018
202605011206,   0.429,   0.908,9999.000,9999.000,9999.000,9999.000,9999.000,9999.000,9999.000
202605011212,   0.411,   0.898,9999.000,9999.000,9999.000,9999.000,9999.000,9999.000,9999.000
202605011218,   0.393,   0.869,9999.000,9999.000,9999.000,9999.000,9999.000,9999.000,9999.000
202605011224,   0.377,   0.849,9999.000,9999.000,9999.000,9999.000,9999.000,9999.000,9999.000
202605011230,   0.363,   0.839,9999.000,9999.000,9999.000,9999.000,9999.000,9999.000,9999.000
202605011236,   0.350,   0.829,9999.000,9999.000,9999.000,9999.000,9999.000,9999.000,9999.000
202605011242,   0.339,   0.819,9999.000,9999.000,9999.000,9999.000,9999.000,9999.000,9999.000
202605011248,   0.330,   0.810,9999.000,9999.000,9999.000,9999.000,9999.000,9999.000,9999.000
202605011254,   0.322,   0.800,9999.000,9999.000,9999.000,9999.000,9999.000,9999.000,9999.000
202605011300,   0.316,   0.800,   0.700,  -0.216,   0.800,   0.700,   0.800,   0.800,   0.900
202605011306,   0.312,   0.800,9999.000,9999.000,9999.000,9999.000,9999.000,9999.000,9999.000
202605011312,   0.310,   0.780,9999.000,9999.000,9999.000,9999.000,9999.000,9999.000,9999.000
202605011318,   0.309,   0.770,9999.000,9999.000,9999.000,9999.000,9999.000,9999.000,9999.000
202605011324,   0.311,   0.770,9999.000,9999.000,9999.000,9999.000,9999.000,9999.000,9999.000
202605011330,   0.314,   0.780,9999.000,9999.000,9999.000,9999.000,9999.000,9999.000,9999.000
202605011336,   0.319,   0.770,9999.000,9999.000,9999.000,9999.000,9999.000,9999.000,9999.000
202605011342,   0.326,   0.770,9999.000,9999.000,9999.000,9999.000,9999.000,9999.000,9999.000
202605011348,   0.335,   0.780,9999.000,9999.000,9999.000,9999.000,9999.000,9999.000,9999.000
202605011354,   0.345,   0.780,9999.000,9999.000,9999.000,9999.000,9999.000,9999.000,9999.000
202605011400,   0.357,   0.780,   0.700,  -0.277,   0.780,   0.700,   0.780,   0.800,   0.880
202605011406,   0.371,   0.800,9999.000,9999.000,9999.000,9999.000,9999.000,9999.000,9999.000
202605011412,   0.386,   0.810,9999.000,9999.000,9999.000,9999.000,9999.000,9999.000,9999.000
202605011418,   0.402,   0.819,9999.000,9999.000,9999.000,9999.000,9999.000,9999.000,9999.000
202605011424,   0.420,   0.829,9999.000,9999.000,9999.000,9999.000,9999.000,9999.000,9999.000
202605011430,   0.439,   0.849,9999.000,9999.000,9999.000,9999.000,9999.000,9999.000,9999.000
202605011436,   0.460,   0.879,9999.000,9999.000,9999.000,9999.000,9999.000,9999.000,9999.000
202605011442,   0.481,   0.898,9999.000,9999.000,9999.000,9999.000,9999.000,9999.000,9999.000
202605011448,   0.503,   0.928,9999.000,9999.000,9999.000,9999.000,9999.000,9999.000,9999.000
202605011454,   0.526,   0.951,9999.000,9999.000,9999.000,9999.000,9999.000,9999.000,9999.000
202605011500,   0.550,   0.970,   0.700,  -0.280,   0.970,   0.700,   0.970,   0.800,   1.070
202605011506,   0.575,   0.990,9999.000,9999.000,9999.000,9999.000,9999.000,9999.000,9999.000
202605011512,   0.600,   1.020,9999.000,9999.000,9999.000,9999.000,9999.000,9999.000,9999.000
202605011518,   0.626,   1.039,9999.000,9999.000,9999.000,9999.000,9999.000,9999.000,9999.000
202605011524,   0.652,   1.059,9999.000,9999.000,9999.000,9999.000,9999.000,9999.000,9999.000
202605011530,   0.678,   1.088,9999.000,9999.000,9999.000,9999.000,9999.000,9999.000,9999.000
202605011536,   0.705,   1.108,9999.000,9999.000,9999.000,9999.000,9999.000,9999.000,9999.000
202605011542,   0.731,   1.138,9999.000,9999.000,9999.000,9999.000,9999.000,9999.000,9999.000
202605011548,   0.758,   1.170,9999.000,9999.000,9999.000,9999.000,9999.000,9999.000,9999.000
202605011554,   0.785,   1.190,9999.000,9999.000,9999.000,9999.000,9999.000,9999.000,9999.000
202605011600,   0.812,   1.220,   0.700,  -0.292,   1.220,   0.700,   1.220,   0.800,   1.320
202605011606,   0.838,   1.249,9999.000,9999.000,9999.000,9999.000,9999.000,9999.000,9999.000
202605011612,   0.864,   1.279,9999.000,9999.000,9999.000,9999.000,9999.000,9999.000,9999.000
202605011618,   0.890,   1.298,9999.000,9999.000,9999.000,9999.000,9999.000,9999.000,9999.000
202605011624,   0.916,   1.328,9999.000,9999.000,9999.000,9999.000,9999.000,9999.000,9999.000
202605011630,   0.941,   1.371,9999.000,9999.000,9999.000,9999.000,9999.000,9999.000,9999.000
202605011636,   0.966,   1.400,9999.000,9999.000,9999.000,9999.000,9999.000,9999.000,9999.000
202605011642,   0.990,   1.430,9999.000,9999.000,9999.000,9999.000,9999.000,9999.000,9999.000
202605011648,   1.013,   1.449,9999.000,9999.000,9999.000,9999.000,9999.000,9999.000,9999.000
202605011654,   1.036,   1.469,9999.000,9999.000,9999.000,9999.000,9999.000,9999.000,9999.000
202605011700,   1.058,   1.498,   0.700,  -0.260,   1.498,   0.700,   1.498,   0.800,   1.598
202605011706,   1.080,   1.518,9999.000,9999.000,9999.000,9999.000,9999.000,9999.000,9999.000
202605011712,   1.101,   1.557,9999.000,9999.000,9999.000,9999.000,9999.000,9999.000,9999.000
202605011718,   1.120,   1.571,9999.000,9999.000,9999.000,9999.000,9999.000,9999.000,9999.000
202605011724,   1.139,   1.600,9999.000,9999.000,9999.000,9999.000,9999.000,9999.000,9999.000
202605011730,   1.157,   1.630,9999.000,9999.000,9999.000,9999.000,9999.000,9999.000,9999.000
202605011736,   1.174,   1.649,9999.000,9999.000,9999.000,9999.000,9999.000,9999.000,9999.000
202605011742,   1.190,   1.669,9999.000,9999.000,9999.000,9999.000,9999.000,9999.000,9999.000
202605011748,   1.204,   1.689,9999.000,9999.000,9999.000,9999.000,9999.000,9999.000,9999.000
202605011754,   1.218,   1.708,9999.000,9999.000,9999.000,9999.000,9999.000,9999.000,9999.000
202605011800,   1.230,   1.728,   0.600,  -0.102,   1.728,   0.600,   1.728,   0.700,   1.828
202605011806,   1.241,   1.738,9999.000,9999.000,9999.000,9999.000,9999.000,9999.000,9999.000
202605011812,   1.250,   1.748,9999.000,9999.000,9999.000,9999.000,9999.000,9999.000,9999.000
202605011818,   1.258,   1.758,9999.000,9999.000,9999.000,9999.000,9999.000,9999.000,9999.000
202605011824,   1.265,   1.781,9999.000,9999.000,9999.000,9999.000,9999.000,9999.000,9999.000
202605011830,   1.270,   1.781,9999.000,9999.000,9999.000,9999.000,9999.000,9999.000,9999.000
202605011836,   1.274,   1.800,9999.000,9999.000,9999.000,9999.000,9999.000,9999.000,9999.000
202605011842,   1.276,   1.800,9999.000,9999.000,9999.000,9999.000,9999.000,9999.000,9999.000
202605011848,   1.276,   1.800,9999.000,9999.000,9999.000,9999.000,9999.000,9999.000,9999.000
202605011854,   1.275,   1.810,9999.000,9999.000,9999.000,9999.000,9999.000,9999.000,9999.000
202605011900,   1.273,   1.800,   0.600,  -0.073,   1.800,   0.600,   1.800,   0.700,   1.900
202605011906,   1.269,   1.810,9999.000,9999.000,9999.000,9999.000,9999.000,9999.000,9999.000
202605011912,   1.263,   1.810,9999.000,9999.000,9999.000,9999.000,9999.000,9999.000,9999.000
202605011918,   1.256,   1.800,9999.000,9999.000,9999.000,9999.000,9999.000,9999.000,9999.000
202605011924,   1.247,   1.800,9999.000,9999.000,9999.000,9999.000,9999.000,9999.000,9999.000
202605011930,   1.237,   1.790,9999.000,9999.000,9999.000,9999.000,9999.000,9999.000,9999.000
202605011936,   1.226,   1.781,9999.000,9999.000,9999.000,9999.000,9999.000,9999.000,9999.000
202605011942,   1.213,   1.758,9999.000,9999.000,9999.000,9999.000,9999.000,9999.000,9999.000
202605011948,   1.198,   1.748,9999.000,9999.000,9999.000,9999.000,9999.000,9999.000,9999.000
202605011954,   1.182,   1.748,9999.000,9999.000,9999.000,9999.000,9999.000,9999.000,9999.000
202605012000,   1.166,   1.738,   0.600,  -0.028,   1.738,   0.600,   1.738,   0.700,   1.838
202605012006,   1.148,   1.718,9999.000,9999.000,9999.000,9999.000,9999.000,9999.000,9999.000
202605012012,   1.128,   1.708,9999.000,9999.000,9999.000,9999.000,9999.000,9999.000,9999.000
202605012018,   1.108,   1.699,9999.000,9999.000,9999.000,9999.000,9999.000,9999.000,9999.000
202605012024,   1.087,   1.679,9999.000,9999.000,9999.000,9999.000,9999.000,9999.000,9999.000
202605012030,   1.065,   1.649,9999.000,9999.000,9999.000,9999.000,9999.000,9999.000,9999.000
202605012036,   1.042,   1.630,9999.000,9999.000,9999.000,9999.000,9999.000,9999.000,9999.000
202605012042,   1.019,   1.620,9999.000,9999.000,9999.000,9999.000,9999.000,9999.000,9999.000
202605012048,   0.994,   1.590,9999.000,9999.000,9999.000,9999.000,9999.000,9999.000,9999.000
202605012054,   0.970,   1.571,9999.000,9999.000,9999.000,9999.000,9999.000,9999.000,9999.000
202605012100,   0.944,   1.528,   0.600,  -0.016,   1.528,   0.600,   1.528,   0.700,   1.628
202605012106,   0.919,   1.508,9999.000,9999.000,9999.000,9999.000,9999.000,9999.000,9999.000
202605012112,   0.893,   1.479,9999.000,9999.000,9999.000,9999.000,9999.000,9999.000,9999.000
202605012118,   0.866,   1.449,9999.000,9999.000,9999.000,9999.000,9999.000,9999.000,9999.000
202605012124,   0.840,   1.420,9999.000,9999.000,9999.000,9999.000,9999.000,9999.000,9999.000
202605012130,   0.813,   1.390,9999.000,9999.000,9999.000,9999.000,9999.000,9999.000,9999.000
202605012136,   0.786,   1.361,9999.000,9999.000,9999.000,9999.000,9999.000,9999.000,9999.000
202605012142,   0.760,   1.338,9999.000,9999.000,9999.000,9999.000,9999.000,9999.000,9999.000
202605012148,   0.733,   1.308,9999.000,9999.000,9999.000,9999.000,9999.000,9999.000,9999.000
202605012154,   0.706,   1.289,9999.000,9999.000,9999.000,9999.000,9999.000,9999.000,9999.000
202605012200,   0.679,   1.269,   0.600,  -0.010,   1.269,   0.600,   1.269,   0.700,   1.369
202605012206,   0.652,   1.259,9999.000,9999.000,9999.000,9999.000,9999.000,9999.000,9999.000
202605012212,   0.625,   1.239,9999.000,9999.000,9999.000,9999.000,9999.000,9999.000,9999.000
202605012218,   0.599,   1.210,9999.000,9999.000,9999.000,9999.000,9999.000,9999.000,9999.000
202605012224,   0.573,   1.190,9999.000,9999.000,9999.000,9999.000,9999.000,9999.000,9999.000
202605012230,   0.547,   1.170,9999.000,9999.000,9999.000,9999.000,9999.000,9999.000,9999.000
202605012236,   0.521,   1.151,9999.000,9999.000,9999.000,9999.000,9999.000,9999.000,9999.000
202605012242,   0.495,   1.138,9999.000,9999.000,9999.000,9999.000,9999.000,9999.000,9999.000
202605012248,   0.470,   1.108,9999.000,9999.000,9999.000,9999.000,9999.000,9999.000,9999.000
202605012254,   0.446,   1.088,9999.000,9999.000,9999.000,9999.000,9999.000,9999.000,9999.000
202605012300,   0.421,   1.059,   0.700,  -0.062,   1.059,   0.600,   0.959,   0.700,   1.059
202605012306,   0.398,   1.029,9999.000,9999.000,9999.000,9999.000,9999.000,9999.000,9999.000
202605012312,   0.374,   1.000,9999.000,9999.000,9999.000,9999.000,9999.000,9999.000,9999.000
202605012318,   0.352,   0.970,9999.000,9999.000,9999.000,9999.000,9999.000,9999.000,9999.000
202605012324,   0.330,   0.941,9999.000,9999.000,9999.000,9999.000,9999.000,9999.000,9999.000
202605012330,   0.308,   0.918,9999.000,9999.000,9999.000,9999.000,9999.000,9999.000,9999.000
202605012336,   0.288,   0.918,9999.000,9999.000,9999.000,9999.000,9999.000,9999.000,9999.000
202605012342,   0.268,   0.908,9999.000,9999.000,9999.000,9999.000,9999.000,9999.000,9999.000
202605012348,   0.250,   0.898,9999.000,9999.000,9999.000,9999.000,9999.000,9999.000,9999.000
202605012354,   0.232,   0.898,9999.000,9999.000,9999.000,9999.000,9999.000,9999.000,9999.000
202605020000,   0.215,   0.879,   0.600,   0.064,   0.879,   0.600,   0.879,   0.600,   0.879
202605020006,   0.200,   0.869,9999.000,9999.000,9999.000,9999.000,9999.000,9999.000,9999.000
202605020012,   0.186,   0.859,9999.000,9999.000,9999.000,9999.000,9999.000,9999.000,9999.000
202605020018,   0.173,   0.859,9999.000,9999.000,9999.000,9999.000,9999.000,9999.000,9999.000
202605020024,   0.161,   0.869,9999.000,9999.000,9999.000,9999.000,9999.000,9999.000,9999.000
202605020030,   0.151,   0.879,9999.000,9999.000,9999.000,9999.000,9999.000,9999.000,9999.000
202605020036,   0.143,   0.888,9999.000,9999.000,9999.000,9999.000,9999.000,9999.000,9999.000
202605020042,   0.136,   0.879,9999.000,9999.000,9999.000,9999.000,9999.000,9999.000,9999.000
202605020048,   0.131,   0.888,9999.000,9999.000,9999.000,9999.000,9999.000,9999.000,9999.000
202605020054,   0.128,   0.879,9999.000,9999.000,9999.000,9999.000,9999.000,9999.000,9999.000
202605020100,   0.126,   0.898,   0.600,   0.172,   0.898,   0.600,   0.898,   0.700,   0.998
202605020106,   0.127,   0.908,9999.000,9999.000,9999.000,9999.000,9999.000,9999.000,9999.000
202605020112,   0.129,   0.928,9999.000,9999.000,9999.000,9999.000,9999.000,9999.000,9999.000
202605020118,   0.134,   0.941,9999.000,9999.000,9999.000,9999.000,9999.000,9999.000,9999.000
202605020124,   0.140,   0.961,9999.000,9999.000,9999.000,9999.000,9999.000,9999.000,9999.000
202605020130,   0.148,   0.990,9999.000,9999.000,9999.000,9999.000,9999.000,9999.000,9999.000
202605020136,   0.158,   1.010,9999.000,9999.000,9999.000,9999.000,9999.000,9999.000,9999.000
202605020142,   0.171,   1.029,9999.000,9999.000,9999.000,9999.000,9999.000,9999.000,9999.000
202605020148,   0.185,   1.039,9999.000,9999.000,9999.000,9999.000,9999.000,9999.000,9999.000
202605020154,   0.201,   1.069,9999.000,9999.000,9999.000,9999.000,9999.000,9999.000,9999.000
202605020200,   0.219,   1.079,   0.700,   0.160,   1.079,   0.600,   0.979,   0.700,   1.079
202605020206,   0.238,   1.098,9999.000,9999.000,9999.000,9999.000,9999.000,9999.000,9999.000
202605020212,   0.260,   1.128,9999.000,9999.000,9999.000,9999.000,9999.000,9999.000,9999.000
202605020218,   0.283,   1.161,9999.000,9999.000,9999.000,9999.000,9999.000,9999.000,9999.000
202605020224,   0.308,   1.190,9999.000,9999.000,9999.000,9999.000,9999.000,9999.000,9999.000
202605020230,   0.334,   1.220,9999.000,9999.000,9999.000,9999.000,9999.000,9999.000,9999.000
202605020236,   0.361,   1.239,9999.000,9999.000,9999.000,9999.000,9999.000,9999.000,9999.000
202605020242,   0.390,   1.279,9999.000,9999.000,9999.000,9999.000,9999.000,9999.000,9999.000
202605020248,   0.420,   1.318,9999.000,9999.000,9999.000,9999.000,9999.000,9999.000,9999.000
202605020254,   0.452,   1.371,9999.000,9999.000,9999.000,9999.000,9999.000,9999.000,9999.000
202605020300,   0.484,   1.400,   0.700,   0.216,   1.400,   0.600,   1.300,   0.700,   1.400
202605020306,   0.517,   1.439,9999.000,9999.000,9999.000,9999.000,9999.000,9999.000,9999.000
202605020312,   0.551,   1.479,9999.000,9999.000,9999.000,9999.000,9999.000,9999.000,9999.000
202605020318,   0.585,   1.508,9999.000,9999.000,9999.000,9999.000,9999.000,9999.000,9999.000
202605020324,   0.620,   1.557,9999.000,9999.000,9999.000,9999.000,9999.000,9999.000,9999.000
202605020330,   0.655,   1.600,9999.000,9999.000,9999.000,9999.000,9999.000,9999.000,9999.000
202605020336,   0.691,   1.649,9999.000,9999.000,9999.000,9999.000,9999.000,9999.000,9999.000
202605020342,   0.727,   1.689,9999.000,9999.000,9999.000,9999.000,9999.000,9999.000,9999.000
202605020348,   0.763,   1.728,9999.000,9999.000,9999.000,9999.000,9999.000,9999.000,9999.000
202605020354,   0.799,   1.767,9999.000,9999.000,9999.000,9999.000,9999.000,9999.000,9999.000
202605020400,   0.835,   1.810,   0.700,   0.275,   1.810,   0.600,   1.710,   0.700,   1.810
202605020406,   0.870,   1.859,9999.000,9999.000,9999.000,9999.000,9999.000,9999.000,9999.000
202605020412,   0.906,   1.899,9999.000,9999.000,9999.000,9999.000,9999.000,9999.000,9999.000
202605020418,   0.941,   1.948,9999.000,9999.000,9999.000,9999.000,9999.000,9999.000,9999.000
202605020424,   0.976,   1.981,9999.000,9999.000,9999.000,9999.000,9999.000,9999.000,9999.000
202605020430,   1.010,   2.010,9999.000,9999.000,9999.000,9999.000,9999.000,9999.000,9999.000
202605020436,   1.044,   2.049,9999.000,9999.000,9999.000,9999.000,9999.000,9999.000,9999.000
202605020442,   1.077,   2.069,9999.000,9999.000,9999.000,9999.000,9999.000,9999.000,9999.000
202605020448,   1.109,   2.089,9999.000,9999.000,9999.000,9999.000,9999.000,9999.000,9999.000
202605020454,   1.141,   2.118,9999.000,9999.000,9999.000,9999.000,9999.000,9999.000,9999.000
202605020500,   1.172,   2.148,   0.700,   0.276,   2.148,   0.700,   2.148,   0.700,   2.148
202605020506,   1.202,   2.168,9999.000,9999.000,9999.000,9999.000,9999.000,9999.000,9999.000
202605020512,   1.231,   2.200,9999.000,9999.000,9999.000,9999.000,9999.000,9999.000,9999.000
202605020518,   1.260,   2.210,9999.000,9999.000,9999.000,9999.000,9999.000,9999.000,9999.000
202605020524,   1.287,   2.240,9999.000,9999.000,9999.000,9999.000,9999.000,9999.000,9999.000
202605020530,   1.313,   2.259,9999.000,9999.000,9999.000,9999.000,9999.000,9999.000,9999.000
202605020536,   1.339,   2.279,9999.000,9999.000,9999.000,9999.000,9999.000,9999.000,9999.000
202605020542,   1.363,   2.309,9999.000,9999.000,9999.000,9999.000,9999.000,9999.000,9999.000
202605020548,   1.386,   2.338,9999.000,9999.000,9999.000,9999.000,9999.000,9999.000,9999.000
202605020554,   1.408,   2.368,9999.000,9999.000,9999.000,9999.000,9999.000,9999.000,9999.000
202605020600,   1.429,   2.387,   0.700,   0.258,   2.387,   0.700,   2.387,   0.800,   2.487
202605020606,   1.449,   2.410,9999.000,9999.000,9999.000,9999.000,9999.000,9999.000,9999.000
202605020612,   1.467,   2.430,9999.000,9999.000,9999.000,9999.000,9999.000,9999.000,9999.000
202605020618,   1.484,   2.430,9999.000,9999.000,9999.000,9999.000,9999.000,9999.000,9999.000
202605020624,   1.499,   2.430,9999.000,9999.000,9999.000,9999.000,9999.000,9999.000,9999.000
202605020630,   1.513,   2.440,9999.000,9999.000,9999.000,9999.000,9999.000,9999.000,9999.000
202605020636,   1.526,   2.459,9999.000,9999.000,9999.000,9999.000,9999.000,9999.000,9999.000
202605020642,   1.537,   2.479,9999.000,9999.000,9999.000,9999.000,9999.000,9999.000,9999.000
202605020648,   1.547,   2.489,9999.000,9999.000,9999.000,9999.000,9999.000,9999.000,9999.000
202605020654,   1.555,   2.499,9999.000,9999.000,9999.000,9999.000,9999.000,9999.000,9999.000
202605020700,   1.561,   2.509,   0.700,   0.248,   2.509,   0.700,   2.509,   0.800,   2.609
202605020706,   1.566,   2.519,9999.000,9999.000,9999.000,9999.000,9999.000,9999.000,9999.000
202605020712,   1.570,   2.528,9999.000,9999.000,9999.000,9999.000,9999.000,9999.000,9999.000
202605020718,   1.572,   2.528,9999.000,9999.000,9999.000,9999.000,9999.000,9999.000,9999.000
202605020724,   1.572,   2.528,9999.000,9999.000,9999.000,9999.000,9999.000,9999.000,9999.000
202605020730,   1.570,   2.538,9999.000,9999.000,9999.000,9999.000,9999.000,9999.000,9999.000
202605020736,   1.567,   2.538,9999.000,9999.000,9999.000,9999.000,9999.000,9999.000,9999.000
202605020742,   1.563,   2.538,9999.000,9999.000,9999.000,9999.000,9999.000,9999.000,9999.000
202605020748,   1.557,   2.538,9999.000,9999.000,9999.000,9999.000,9999.000,9999.000,9999.000
202605020754,   1.549,   2.548,9999.000,9999.000,9999.000,9999.000,9999.000,9999.000,9999.000
202605020800,   1.540,   2.538,   0.700,   0.298,   2.538,   0.700,   2.538,   0.800,   2.638
202605020806,   1.530,   2.538,9999.000,9999.000,9999.000,9999.000,9999.000,9999.000,9999.000
202605020812,   1.518,   2.538,9999.000,9999.000,9999.000,9999.000,9999.000,9999.000,9999.000
202605020818,   1.505,   2.519,9999.000,9999.000,9999.000,9999.000,9999.000,9999.000,9999.000
202605020824,   1.490,   2.519,9999.000,9999.000,9999.000,9999.000,9999.000,9999.000,9999.000
202605020830,   1.475,   2.499,9999.000,9999.000,9999.000,9999.000,9999.000,9999.000,9999.000
202605020836,   1.458,   2.479,9999.000,9999.000,9999.000,9999.000,9999.000,9999.000,9999.000
202605020842,   1.440,   2.459,9999.000,9999.000,9999.000,9999.000,9999.000,9999.000,9999.000
202605020848,   1.421,   2.450,9999.000,9999.000,9999.000,9999.000,9999.000,9999.000,9999.000
202605020854,   1.402,   2.430,9999.000,9999.000,9999.000,9999.000,9999.000,9999.000,9999.000
202605020900,   1.381,   2.400,   0.700,   0.319,   2.400,   0.700,   2.400,   0.700,   2.400
202605020906,   1.360,   2.377,9999.000,9999.000,9999.000,9999.000,9999.000,9999.000,9999.000
202605020912,   1.338,   2.348,9999.000,9999.000,9999.000,9999.000,9999.000,9999.000,9999.000
202605020918,   1.315,   2.328,9999.000,9999.000,9999.000,9999.000,9999.000,9999.000,9999.000
202605020924,   1.291,   2.309,9999.000,9999.000,9999.000,9999.000,9999.000,9999.000,9999.000
202605020930,   1.267,   2.289,9999.000,9999.000,9999.000,9999.000,9999.000,9999.000,9999.000
202605020936,   1.243,   2.250,9999.000,9999.000,9999.000,9999.000,9999.000,9999.000,9999.000
202605020942,   1.218,   2.230,9999.000,9999.000,9999.000,9999.000,9999.000,9999.000,9999.000
202605020948,   1.193,   2.200,9999.000,9999.000,9999.000,9999.000,9999.000,9999.000,9999.000
202605020954,   1.168,   2.177,9999.000,9999.000,9999.000,9999.000,9999.000,9999.000,9999.000
202605021000,   1.142,   2.148,   0.700,   0.306,   2.148,   0.700,   2.148,   0.700,   2.148
202605021006,   1.116,   2.138,9999.000,9999.000,9999.000,9999.000,9999.000,9999.000,9999.000
202605021012,   1.090,   2.109,9999.000,9999.000,9999.000,9999.000,9999.000,9999.000,9999.000
202605021018,   1.063,   2.089,9999.000,9999.000,9999.000,9999.000,9999.000,9999.000,9999.000
202605021024,   1.037,   2.059,9999.000,9999.000,9999.000,9999.000,9999.000,9999.000,9999.000
202605021030,   1.010,   2.030,9999.000,9999.000,9999.000,9999.000,9999.000,9999.000,9999.000
202605021036,   0.983,   1.990,9999.000,9999.000,9999.000,9999.000,9999.000,9999.000,9999.000
202605021042,   0.956,   1.958,9999.000,9999.000,9999.000,9999.000,9999.000,9999.000,9999.000
202605021048,   0.930,   1.928,9999.000,9999.000,9999.000,9999.000,9999.000,9999.000,9999.000
202605021054,   0.903,   1.899,9999.000,9999.000,9999.000,9999.000,9999.000,9999.000,9999.000
202605021100,   0.876,   1.869,   0.700,   0.293,   1.869,   0.600,   1.769,   0.700,   1.869
202605021106,   0.849,   1.849,9999.000,9999.000,9999.000,9999.000,9999.000,9999.000,9999.000
202605021112,   0.822,   1.820,9999.000,9999.000,9999.000,9999.000,9999.000,9999.000,9999.000
202605021118,   0.795,   1.790,9999.000,9999.000,9999.000,9999.000,9999.000,9999.000,9999.000
202605021124,   0.769,   1.758,9999.000,9999.000,9999.000,9999.000,9999.000,9999.000,9999.000
202605021130,   0.743,   1.738,9999.000,9999.000,9999.000,9999.000,9999.000,9999.000,9999.000
202605021136,   0.716,   1.699,9999.000,9999.000,9999.000,9999.000,9999.000,9999.000,9999.000
202605021142,   0.690,   1.669,9999.000,9999.000,9999.000,9999.000,9999.000,9999.000,9999.000
202605021148,   0.665,   1.639,9999.000,9999.000,9999.000,9999.000,9999.000,9999.000,9999.000
202605021154,   0.640,   1.610,9999.000,9999.000,9999.000,9999.000,9999.000,9999.000,9999.000
202605021200,   0.615,   1.580,   0.800,   0.165,   1.580,   0.700,   1.480,   0.800,   1.580
202605021206,   0.591,   1.548,9999.000,9999.000,9999.000,9999.000,9999.000,9999.000,9999.000
202605021212,   0.567,   1.518,9999.000,9999.000,9999.000,9999.000,9999.000,9999.000,9999.000
202605021218,   0.544,   1.489,9999.000,9999.000,9999.000,9999.000,9999.000,9999.000,9999.000
202605021224,   0.522,   1.459,9999.000,9999.000,9999.000,9999.000,9999.000,9999.000,9999.000
202605021230,   0.501,   1.430,9999.000,9999.000,9999.000,9999.000,9999.000,9999.000,9999.000
202605021236,   0.480,   1.400,9999.000,9999.000,9999.000,9999.000,9999.000,9999.000,9999.000
202605021242,   0.461,   1.380,9999.000,9999.000,9999.000,9999.000,9999.000,9999.000,9999.000
202605021248,   0.442,   1.371,9999.000,9999.000,9999.000,9999.000,9999.000,9999.000,9999.000
202605021254,   0.425,   1.348,9999.000,9999.000,9999.000,9999.000,9999.000,9999.000,9999.000
202605021300,   0.409,   1.318,   0.700,   0.209,   1.318,   0.700,   1.318,   0.800,   1.418
202605021306,   0.395,   1.298,9999.000,9999.000,9999.000,9999.000,9999.000,9999.000,9999.000
202605021312,   0.381,   1.279,9999.000,9999.000,9999.000,9999.000,9999.000,9999.000,9999.000
202605021318,   0.370,   1.279,9999.000,9999.000,9999.000,9999.000,9999.000,9999.000,9999.000
202605021324,   0.360,   1.259,9999.000,9999.000,9999.000,9999.000,9999.000,9999.000,9999.000
202605021330,   0.351,   1.249,9999.000,9999.000,9999.000,9999.000,9999.000,9999.000,9999.000
202605021336,   0.344,   1.229,9999.000,9999.000,9999.000,9999.000,9999.000,9999.000,9999.000
202605021342,   0.339,   1.210,9999.000,9999.000,9999.000,9999.000,9999.000,9999.000,9999.000
202605021348,   0.336,   1.200,9999.000,9999.000,9999.000,9999.000,9999.000,9999.000,9999.000
202605021354,   0.334,   1.190,9999.000,9999.000,9999.000,9999.000,9999.000,9999.000,9999.000
202605021400,   0.334,   1.170,   0.700,   0.136,   1.170,   0.700,   1.170,   0.700,   1.170
202605021406,   0.336,   1.170,9999.000,9999.000,9999.000,9999.000,9999.000,9999.000,9999.000
202605021412,   0.340,   1.161,9999.000,9999.000,9999.000,9999.000,9999.000,9999.000,9999.000
202605021418,   0.345,   1.151,9999.000,9999.000,9999.000,9999.000,9999.000,9999.000,9999.000
202605021424,   0.352,   1.138,9999.000,9999.000,9999.000,9999.000,9999.000,9999.000,9999.000
202605021430,   0.361,   1.138,9999.000,9999.000,9999.000,9999.000,9999.000,9999.000,9999.000
202605021436,   0.371,   1.138,9999.000,9999.000,9999.000,9999.000,9999.000,9999.000,9999.000
202605021442,   0.383,   1.138,9999.000,9999.000,9999.000,9999.000,9999.000,9999.000,9999.000
202605021448,   0.397,   1.108,9999.000,9999.000,9999.000,9999.000,9999.000,9999.000,9999.000
202605021454,   0.412,   1.118,9999.000,9999.000,9999.000,9999.000,9999.000,9999.000,9999.000
202605021500,   0.428,   1.118,   0.700,  -0.010,   1.118,   0.700,   1.118,   0.700,   1.118
202605021506,   0.446,   1.138,9999.000,9999.000,9999.000,9999.000,9999.000,9999.000,9999.000
202605021512,   0.465,   1.128,9999.000,9999.000,9999.000,9999.000,9999.000,9999.000,9999.000
202605021518,   0.485,   1.128,9999.000,9999.000,9999.000,9999.000,9999.000,9999.000,9999.000
202605021524,   0.506,   1.138,9999.000,9999.000,9999.000,9999.000,9999.000,9999.000,9999.000
202605021530,   0.528,   1.151,9999.000,9999.000,9999.000,9999.000,9999.000,9999.000,9999.000
202605021536,   0.551,   1.161,9999.000,9999.000,9999.000,9999.000,9999.000,9999.000,9999.000
202605021542,   0.574,   1.170,9999.000,9999.000,9999.000,9999.000,9999.000,9999.000,9999.000
202605021548,   0.598,   1.180,9999.000,9999.000,9999.000,9999.000,9999.000,9999.000,9999.000
202605021554,   0.623,   1.200,9999.000,9999.000,9999.000,9999.000,9999.000,9999.000,9999.000
202605021600,   0.648,   1.200,   0.700,  -0.148,   1.200,   0.600,   1.100,   0.700,   1.200
202605021606,   0.673,   1.220,9999.000,9999.000,9999.000,9999.000,9999.000,9999.000,9999.000
202605021612,   0.699,   1.229,9999.000,9999.000,9999.000,9999.000,9999.000,9999.000,9999.000
202605021618,   0.724,   1.229,9999.000,9999.000,9999.000,9999.000,9999.000,9999.000,9999.000
202605021624,   0.750,   1.239,9999.000,9999.000,9999.000,9999.000,9999.000,9999.000,9999.000
202605021630,   0.776,   1.259,9999.000,9999.000,9999.000,9999.000,9999.000,9999.000,9999.000
202605021636,   0.801,   1.279,9999.000,9999.000,9999.000,9999.000,9999.000,9999.000,9999.000
202605021642,   0.827,   1.289,9999.000,9999.000,9999.000,9999.000,9999.000,9999.000,9999.000
202605021648,   0.852,   1.308,9999.000,9999.000,9999.000,9999.000,9999.000,9999.000,9999.000
202605021654,   0.877,   1.318,9999.000,9999.000,9999.000,9999.000,9999.000,9999.000,9999.000
202605021700,   0.902,   1.338,   0.600,  -0.164,   1.338,   0.600,   1.338,   0.700,   1.438
202605021706,   0.926,   1.371,9999.000,9999.000,9999.000,9999.000,9999.000,9999.000,9999.000
202605021712,   0.949,   1.390,9999.000,9999.000,9999.000,9999.000,9999.000,9999.000,9999.000
202605021718,   0.973,   1.420,9999.000,9999.000,9999.000,9999.000,9999.000,9999.000,9999.000
202605021724,   0.995,   1.439,9999.000,9999.000,9999.000,9999.000,9999.000,9999.000,9999.000
202605021730,   1.017,   1.469,9999.000,9999.000,9999.000,9999.000,9999.000,9999.000,9999.000
202605021736,   1.039,   1.489,9999.000,9999.000,9999.000,9999.000,9999.000,9999.000,9999.000
202605021742,   1.059,   1.498,9999.000,9999.000,9999.000,9999.000,9999.000,9999.000,9999.000
202605021748,   1.079,   1.518,9999.000,9999.000,9999.000,9999.000,9999.000,9999.000,9999.000
202605021754,   1.098,   1.538,9999.000,9999.000,9999.000,9999.000,9999.000,9999.000,9999.000
202605021800,   1.116,   1.557,   0.600,  -0.159,   1.557,   0.600,   1.557,   0.700,   1.657
202605021806,   1.134,   1.580,9999.000,9999.000,9999.000,9999.000,9999.000,9999.000,9999.000
202605021812,   1.150,   1.600,9999.000,9999.000,9999.000,9999.000,9999.000,9999.000,9999.000
202605021818,   1.165,   1.630,9999.000,9999.000,9999.000,9999.000,9999.000,9999.000,9999.000
202605021824,   1.180,   1.630,9999.000,9999.000,9999.000,9999.000,9999.000,9999.000,9999.000
202605021830,   1.193,   1.639,9999.000,9999.000,9999.000,9999.000,9999.000,9999.000,9999.000
202605021836,   1.205,   1.649,9999.000,9999.000,9999.000,9999.000,9999.000,9999.000,9999.000
202605021842,   1.216,   1.639,9999.000,9999.000,9999.000,9999.000,9999.000,9999.000,9999.000
202605021848,   1.226,   1.639,9999.000,9999.000,9999.000,9999.000,9999.000,9999.000,9999.000
202605021854,   1.234,   1.649,9999.000,9999.000,9999.000,9999.000,9999.000,9999.000,9999.000
202605021900,   1.241,   1.649,   0.600,  -0.192,   1.649,   0.600,   1.649,   0.600,   1.649
202605021906,   1.247,   1.659,9999.000,9999.000,9999.000,9999.000,9999.000,9999.000,9999.000
202605021912,   1.251,   1.659,9999.000,9999.000,9999.000,9999.000,9999.000,9999.000,9999.000
202605021918,   1.254,   1.649,9999.000,9999.000,9999.000,9999.000,9999.000,9999.000,9999.000
202605021924,   1.255,   1.649,9999.000,9999.000,9999.000,9999.000,9999.000,9999.000,9999.000
202605021930,   1.255,   1.630,9999.000,9999.000,9999.000,9999.000,9999.000,9999.000,9999.000
202605021936,   1.254,   1.630,9999.000,9999.000,9999.000,9999.000,9999.000,9999.000,9999.000
202605021942,   1.251,   1.630,9999.000,9999.000,9999.000,9999.000,9999.000,9999.000,9999.000
202605021948,   1.246,   1.610,9999.000,9999.000,9999.000,9999.000,9999.000,9999.000,9999.000
202605021954,   1.240,   1.590,9999.000,9999.000,9999.000,9999.000,9999.000,9999.000,9999.000
202605022000,   1.233,   1.590,   0.600,  -0.243,   1.590,   0.600,   1.590,   0.600,   1.590
202605022006,   1.224,   1.571,9999.000,9999.000,9999.000,9999.000,9999.000,9999.000,9999.000
202605022012,   1.214,   1.548,9999.000,9999.000,9999.000,9999.000,9999.000,9999.000,9999.000
202605022018,   1.202,   1.528,9999.000,9999.000,9999.000,9999.000,9999.000,9999.000,9999.000
202605022024,   1.189,   1.518,9999.000,9999.000,9999.000,9999.000,9999.000,9999.000,9999.000
202605022030,   1.174,   1.498,9999.000,9999.000,9999.000,9999.000,9999.000,9999.000,9999.000
202605022036,   1.158,   1.479,9999.000,9999.000,9999.000,9999.000,9999.000,9999.000,9999.000
202605022042,   1.141,   1.459,9999.000,9999.000,9999.000,9999.000,9999.000,9999.000,9999.000
202605022048,   1.123,   1.430,9999.000,9999.000,9999.000,9999.000,9999.000,9999.000,9999.000
202605022054,   1.103,   1.400,9999.000,9999.000,9999.000,9999.000,9999.000,9999.000,9999.000
202605022100,   1.083,   1.380,   0.600,  -0.303,   1.380,   0.500,   1.280,   0.600,   1.380
202605022106,   1.062,   1.348,9999.000,9999.000,9999.000,9999.000,9999.000,9999.000,9999.000
202605022112,   1.040,   1.328,9999.000,9999.000,9999.000,9999.000,9999.000,9999.000,9999.000
202605022118,   1.017,   1.298,9999.000,9999.000,9999.000,9999.000,9999.000,9999.000,9999.000
202605022124,   0.993,   1.269,9999.000,9999.000,9999.000,9999.000,9999.000,9999.000,9999.000
202605022130,   0.969,   1.229,9999.000,9999.000,9999.000,9999.000,9999.000,9999.000,9999.000
202605022136,   0.944,   1.200,9999.000,9999.000,9999.000,9999.000,9999.000,9999.000,9999.000
202605022142,   0.918,   1.161,9999.000,9999.000,9999.000,9999.000,9999.000,9999.000,9999.000
202605022148,   0.893,   1.118,9999.000,9999.000,9999.000,9999.000,9999.000,9999.000,9999.000
202605022154,   0.867,   1.098,9999.000,9999.000,9999.000,9999.000,9999.000,9999.000,9999.000
202605022200,   0.840,   1.069,   0.600,  -0.371,   1.069,   0.500,   0.969,   0.600,   1.069
202605022206,   0.814,   1.049,9999.000,9999.000,9999.000,9999.000,9999.000,9999.000,9999.000
202605022212,   0.787,   1.020,9999.000,9999.000,9999.000,9999.000,9999.000,9999.000,9999.000
202605022218,   0.761,   1.000,9999.000,9999.000,9999.000,9999.000,9999.000,9999.000,9999.000
202605022224,   0.734,   0.970,9999.000,9999.000,9999.000,9999.000,9999.000,9999.000,9999.000
202605022230,   0.708,   0.941,9999.000,9999.000,9999.000,9999.000,9999.000,9999.000,9999.000
202605022236,   0.681,   0.898,9999.000,9999.000,9999.000,9999.000,9999.000,9999.000,9999.000
202605022242,   0.655,   0.879,9999.000,9999.000,9999.000,9999.000,9999.000,9999.000,9999.000
202605022248,   0.629,   0.849,9999.000,9999.000,9999.000,9999.000,9999.000,9999.000,9999.000
202605022254,   0.603,   0.829,9999.000,9999.000,9999.000,9999.000,9999.000,9999.000,9999.000
202605022300,   0.578,   0.800,   0.600,  -0.378,   0.800,   0.500,   0.700,   0.600,   0.800
202605022306,   0.552,   0.770,9999.000,9999.000,9999.000,9999.000,9999.000,9999.000,9999.000
202605022312,   0.528,   0.741,9999.000,9999.000,9999.000,9999.000,9999.000,9999.000,9999.000
202605022318,   0.503,   0.708,9999.000,9999.000,9999.000,9999.000,9999.000,9999.000,9999.000
202605022324,   0.479,   0.698,9999.000,9999.000,9999.000,9999.000,9999.000,9999.000,9999.000
202605022330,   0.456,   0.669,9999.000,9999.000,9999.000,9999.000,9999.000,9999.000,9999.000
202605022336,   0.433,   0.639,9999.000,9999.000,9999.000,9999.000,9999.000,9999.000,9999.000
202605022342,   0.411,   0.610,9999.000,9999.000,9999.000,9999.000,9999.000,9999.000,9999.000
202605022348,   0.389,   0.590,9999.000,9999.000,9999.000,9999.000,9999.000,9999.000,9999.000
202605022354,   0.368,   0.580,9999.000,9999.000,9999.000,9999.000,9999.000,9999.000,9999.000
202605030000,   0.347,   0.551,   0.500,  -0.296,   0.551,   0.500,   0.551,   0.500,   0.551
202605030006,   0.327,   0.541,9999.000,9999.000,9999.000,9999.000,9999.000,9999.000,9999.000
202605030012,   0.308,   0.518,9999.000,9999.000,9999.000,9999.000,9999.000,9999.000,9999.000
202605030018,   0.290,   0.498,9999.000,9999.000,9999.000,9999.000,9999.000,9999.000,9999.000
202605030024,   0.273,   0.478,9999.000,9999.000,9999.000,9999.000,9999.000,9999.000,9999.000
202605030030,   0.256,   0.469,9999.000,9999.000,9999.000,9999.000,9999.000,9999.000,9999.000
202605030036,   0.241,   0.459,9999.000,9999.000,9999.000,9999.000,9999.000,9999.000,9999.000
202605030042,   0.227,   0.459,9999.000,9999.000,9999.000,9999.000,9999.000,9999.000,9999.000
202605030048,   0.214,   0.439,9999.000,9999.000,9999.000,9999.000,9999.000,9999.000,9999.000
202605030054,   0.202,   0.429,9999.000,9999.000,9999.000,9999.000,9999.000,9999.000,9999.000
202605030100,   0.192,   0.419,   0.500,  -0.273,   0.419,   0.500,   0.419,   0.500,   0.419
202605030106,   0.183,   0.400,9999.000,9999.000,9999.000,9999.000,9999.000,9999.000,9999.000
202605030112,   0.175,   0.390,9999.000,9999.000,9999.000,9999.000,9999.000,9999.000,9999.000
202605030118,   0.169,   0.390,9999.000,9999.000,9999.000,9999.000,9999.000,9999.000,9999.000
202605030124,   0.164,   0.390,9999.000,9999.000,9999.000,9999.000,9999.000,9999.000,9999.000
202605030130,   0.161,   0.390,9999.000,9999.000,9999.000,9999.000,9999.000,9999.000,9999.000
202605030136,   0.160,   0.400,9999.000,9999.000,9999.000,9999.000,9999.000,9999.000,9999.000
202605030142,   0.160,   0.409,9999.000,9999.000,9999.000,9999.000,9999.000,9999.000,9999.000
202605030148,   0.163,   0.419,9999.000,9999.000,9999.000,9999.000,9999.000,9999.000,9999.000
202605030154,   0.167,   0.439,9999.000,9999.000,9999.000,9999.000,9999.000,9999.000,9999.000
202605030200,   0.173,   0.449,   0.500,  -0.224,   0.449,   0.500,   0.449,   0.500,   0.449
202605030206,   0.180,   0.459,9999.000,9999.000,9999.000,9999.000,9999.000,9999.000,9999.000
202605030212,   0.190,   0.469,9999.000,9999.000,9999.000,9999.000,9999.000,9999.000,9999.000
202605030218,   0.202,   0.478,9999.000,9999.000,9999.000,9999.000,9999.000,9999.000,9999.000
202605030224,   0.215,   0.498,9999.000,9999.000,9999.000,9999.000,9999.000,9999.000,9999.000
202605030230,   0.230,   0.518,9999.000,9999.000,9999.000,9999.000,9999.000,9999.000,9999.000
202605030236,   0.247,   0.541,9999.000,9999.000,9999.000,9999.000,9999.000,9999.000,9999.000
202605030242,   0.266,   0.560,9999.000,9999.000,9999.000,9999.000,9999.000,9999.000,9999.000
202605030248,   0.286,   0.580,9999.000,9999.000,9999.000,9999.000,9999.000,9999.000,9999.000
202605030254,   0.308,   0.590,9999.000,9999.000,9999.000,9999.000,9999.000,9999.000,9999.000
202605030300,   0.332,   0.610,   0.500,  -0.222,   0.610,   0.500,   0.610,   0.500,   0.610
202605030306,   0.357,   0.629,9999.000,9999.000,9999.000,9999.000,9999.000,9999.000,9999.000
202605030312,   0.384,   0.639,9999.000,9999.000,9999.000,9999.000,9999.000,9999.000,9999.000
202605030318,   0.412,   0.669,9999.000,9999.000,9999.000,9999.000,9999.000,9999.000,9999.000
202605030324,   0.441,   0.688,9999.000,9999.000,9999.000,9999.000,9999.000,9999.000,9999.000
202605030330,   0.471,   0.708,9999.000,9999.000,9999.000,9999.000,9999.000,9999.000,9999.000
202605030336,   0.502,   0.731,9999.000,9999.000,9999.000,9999.000,9999.000,9999.000,9999.000
202605030342,   0.534,   0.760,9999.000,9999.000,9999.000,9999.000,9999.000,9999.000,9999.000
202605030348,   0.567,   0.780,9999.000,9999.000,9999.000,9999.000,9999.000,9999.000,9999.000
202605030354,   0.601,   0.810,9999.000,9999.000,9999.000,9999.000,9999.000,9999.000,9999.000
202605030400,   0.635,   0.819,   0.500,  -0.316,   0.819,   0.500,   0.819,   0.500,   0.819
202605030406,   0.669,   0.849,9999.000,9999.000,9999.000,9999.000,9999.000,9999.000,9999.000
202605030412,   0.704,   0.888,9999.000,9999.000,9999.000,9999.000,9999.000,9999.000,9999.000
202605030418,   0.739,   0.928,9999.000,9999.000,9999.000,9999.000,9999.000,9999.000,9999.000
202605030424,   0.774,   0.970,9999.000,9999.000,9999.000,9999.000,9999.000,9999.000,9999.000
202605030430,   0.809,   0.990,9999.000,9999.000,9999.000,9999.000,9999.000,9999.000,9999.000
202605030436,   0.844,   1.029,9999.000,9999.000,9999.000,9999.000,9999.000,9999.000,9999.000
202605030442,   0.879,   1.049,9999.000,9999.000,9999.000,9999.000,9999.000,9999.000,9999.000
202605030448,   0.913,   1.079,9999.000,9999.000,9999.000,9999.000,9999.000,9999.000,9999.000
202605030454,   0.947,   1.118,9999.000,9999.000,9999.000,9999.000,9999.000,9999.000,9999.000
202605030500,   0.981,   1.138,   0.500,  -0.343,   1.138,   0.500,   1.138,   0.500,   1.138
202605030506,   1.014,   1.161,9999.000,9999.000,9999.000,9999.000,9999.000,9999.000,9999.000
202605030512,   1.046,   1.190,9999.000,9999.000,9999.000,9999.000,9999.000,9999.000,9999.000
202605030518,   1.078,   1.210,9999.000,9999.000,9999.000,9999.000,9999.000,9999.000,9999.000
202605030524,   1.109,   1.249,9999.000,9999.000,9999.000,9999.000,9999.000,9999.000,9999.000
202605030530,   1.140,   1.259,9999.000,9999.000,9999.000,9999.000,9999.000,9999.000,9999.000
202605030536,   1.169,   1.289,9999.000,9999.000,9999.000,9999.000,9999.000,9999.000,9999.000
202605030542,   1.198,   1.308,9999.000,9999.000,9999.000,9999.000,9999.000,9999.000,9999.000
202605030548,   1.226,   1.318,9999.000,9999.000,9999.000,9999.000,9999.000,9999.000,9999.000
202605030554,   1.253,   1.338,9999.000,9999.000,9999.000,9999.000,9999.000,9999.000,9999.000
202605030600,   1.279,   1.371,   0.300,  -0.208,   1.371,   0.300,   1.371,   0.300,   1.371
202605030606,   1.304,   1.361,9999.000,9999.000,9999.000,9999.000,9999.000,9999.000,9999.000
202605030612,   1.328,   1.371,9999.000,9999.000,9999.000,9999.000,9999.000,9999.000,9999.000
202605030618,   1.351,   1.380,9999.000,9999.000,9999.000,9999.000,9999.000,9999.000,9999.000
202605030624,   1.373,   1.380,9999.000,9999.000,9999.000,9999.000,9999.000,9999.000,9999.000
202605030630,   1.394,   1.400,9999.000,9999.000,9999.000,9999.000,9999.000,9999.000,9999.000
202605030636,   1.413,   1.430,9999.000,9999.000,9999.000,9999.000,9999.000,9999.000,9999.000
202605030642,   1.432,   1.439,9999.000,9999.000,9999.000,9999.000,9999.000,9999.000,9999.000
202605030648,   1.449,   1.459,9999.000,9999.000,9999.000,9999.000,9999.000,9999.000,9999.000
202605030654,   1.465,   1.459,9999.000,9999.000,9999.000,9999.000,9999.000,9999.000,9999.000
202605030700,   1.480,   1.459,   0.300,  -0.321,   1.459,   0.200,   1.359,   0.300,   1.459
202605030706,   1.493,   1.459,9999.000,9999.000,9999.000,9999.000,9999.000,9999.000,9999.000
202605030712,   1.505,   1.479,9999.000,9999.000,9999.000,9999.000,9999.000,9999.000,9999.000
202605030718,   1.516,   1.489,9999.000,9999.000,9999.000,9999.000,9999.000,9999.000,9999.000
202605030724,   1.525,   1.489,9999.000,9999.000,9999.000,9999.000,9999.000,9999.000,9999.000
202605030730,   1.533,   1.479,9999.000,9999.000,9999.000,9999.000,9999.000,9999.000,9999.000
202605030736,   1.540,   1.479,9999.000,9999.000,9999.000,9999.000,9999.000,9999.000,9999.000
202605030742,   1.545,   1.479,9999.000,9999.000,9999.000,9999.000,9999.000,9999.000,9999.000
202605030748,   1.548,   1.469,9999.000,9999.000,9999.000,9999.000,9999.000,9999.000,9999.000
202605030754,   1.550,   1.469,9999.000,9999.000,9999.000,9999.000,9999.000,9999.000,9999.000
202605030800,   1.551,   1.469,   0.200,  -0.282,   1.469,   0.200,   1.469,   0.300,   1.569
202605030806,   1.550,   1.459,9999.000,9999.000,9999.000,9999.000,9999.000,9999.000,9999.000
202605030812,   1.547,   1.449,9999.000,9999.000,9999.000,9999.000,9999.000,9999.000,9999.000
202605030818,   1.543,   1.439,9999.000,9999.000,9999.000,9999.000,9999.000,9999.000,9999.000
202605030824,   1.538,   1.420,9999.000,9999.000,9999.000,9999.000,9999.000,9999.000,9999.000
202605030830,   1.531,   1.420,9999.000,9999.000,9999.000,9999.000,9999.000,9999.000,9999.000
202605030836,   1.523,   1.410,9999.000,9999.000,9999.000,9999.000,9999.000,9999.000,9999.000
202605030842,   1.513,   1.400,9999.000,9999.000,9999.000,9999.000,9999.000,9999.000,9999.000
202605030848,   1.502,   1.380,9999.000,9999.000,9999.000,9999.000,9999.000,9999.000,9999.000
202605030854,   1.489,   1.371,9999.000,9999.000,9999.000,9999.000,9999.000,9999.000,9999.000
202605030900,   1.476,   1.361,   0.200,  -0.315,   1.361,   0.200,   1.361,   0.300,   1.461
202605030906,   1.461,   1.348,9999.000,9999.000,9999.000,9999.000,9999.000,9999.000,9999.000
202605030912,   1.445,   1.328,9999.000,9999.000,9999.000,9999.000,9999.000,9999.000,9999.000
202605030918,   1.428,   1.318,9999.000,9999.000,9999.000,9999.000,9999.000,9999.000,9999.000
202605030924,   1.409,   1.298,9999.000,9999.000,9999.000,9999.000,9999.000,9999.000,9999.000
202605030930,   1.390,   1.279,9999.000,9999.000,9999.000,9999.000,9999.000,9999.000,9999.000
202605030936,   1.370,   1.259,9999.000,9999.000,9999.000,9999.000,9999.000,9999.000,9999.000
202605030942,   1.349,   1.229,9999.000,9999.000,9999.000,9999.000,9999.000,9999.000,9999.000
202605030948,   1.328,   1.210,9999.000,9999.000,9999.000,9999.000,9999.000,9999.000,9999.000
202605030954,   1.305,   1.180,9999.000,9999.000,9999.000,9999.000,9999.000,9999.000,9999.000
202605031000,   1.283,   1.161,   0.200,  -0.322,   1.161,   0.100,   1.061,   0.200,   1.161
202605031006,   1.259,   1.128,9999.000,9999.000,9999.000,9999.000,9999.000,9999.000,9999.000
202605031012,   1.235,   1.098,9999.000,9999.000,9999.000,9999.000,9999.000,9999.000,9999.000
202605031018,   1.211,   1.079,9999.000,9999.000,9999.000,9999.000,9999.000,9999.000,9999.000
202605031024,   1.186,   1.049,9999.000,9999.000,9999.000,9999.000,9999.000,9999.000,9999.000
202605031030,   1.161,   1.029,9999.000,9999.000,9999.000,9999.000,9999.000,9999.000,9999.000
202605031036,   1.136,   1.010,9999.000,9999.000,9999.000,9999.000,9999.000,9999.000,9999.000
202605031042,   1.111,   0.990,9999.000,9999.000,9999.000,9999.000,9999.000,9999.000,9999.000
202605031048,   1.085,   0.970,9999.000,9999.000,9999.000,9999.000,9999.000,9999.000,9999.000
202605031054,   1.059,   0.951,9999.000,9999.000,9999.000,9999.000,9999.000,9999.000,9999.000
202605031100,   1.034,   0.918,   0.200,  -0.316,   0.918,   0.100,   0.818,   0.200,   0.918
202605031106,   1.008,   0.888,9999.000,9999.000,9999.000,9999.000,9999.000,9999.000,9999.000
202605031112,   0.982,   0.879,9999.000,9999.000,9999.000,9999.000,9999.000,9999.000,9999.000
202605031118,   0.956,   0.849,9999.000,9999.000,9999.000,9999.000,9999.000,9999.000,9999.000
202605031124,   0.931,   0.819,9999.000,9999.000,9999.000,9999.000,9999.000,9999.000,9999.000
202605031130,   0.905,   0.800,9999.000,9999.000,9999.000,9999.000,9999.000,9999.000,9999.000
202605031136,   0.880,   0.790,9999.000,9999.000,9999.000,9999.000,9999.000,9999.000,9999.000
202605031142,   0.854,   0.760,9999.000,9999.000,9999.000,9999.000,9999.000,9999.000,9999.000
202605031148,   0.829,   0.741,9999.000,9999.000,9999.000,9999.000,9999.000,9999.000,9999.000
202605031154,   0.804,   0.708,9999.000,9999.000,9999.000,9999.000,9999.000,9999.000,9999.000
202605031200,   0.779,   0.678,   0.100,  -0.201,   0.678,   0.000,   0.578,   0.100,   0.678
202605031206,   0.754,   0.659,9999.000,9999.000,9999.000,9999.000,9999.000,9999.000,9999.000
202605031212,   0.730,   0.639,9999.000,9999.000,9999.000,9999.000,9999.000,9999.000,9999.000
202605031218,   0.706,   0.610,9999.000,9999.000,9999.000,9999.000,9999.000,9999.000,9999.000
202605031224,   0.682,   0.590,9999.000,9999.000,9999.000,9999.000,9999.000,9999.000,9999.000
202605031230,   0.659,   0.570,9999.000,9999.000,9999.000,9999.000,9999.000,9999.000,9999.000
202605031236,   0.636,   0.551,9999.000,9999.000,9999.000,9999.000,9999.000,9999.000,9999.000
202605031242,   0.613,   0.531,9999.000,9999.000,9999.000,9999.000,9999.000,9999.000,9999.000
202605031248,   0.591,   0.508,9999.000,9999.000,9999.000,9999.000,9999.000,9999.000,9999.000
202605031254,   0.570,   0.478,9999.000,9999.000,9999.000,9999.000,9999.000,9999.000,9999.000
202605031300,   0.549,   0.469,   0.000,  -0.080,   0.469,   0.000,   0.469,   0.100,   0.569
202605031306,   0.529,   0.459,9999.000,9999.000,9999.000,9999.000,9999.000,9999.000,9999.000
202605031312,   0.510,   0.439,9999.000,9999.000,9999.000,9999.000,9999.000,9999.000,9999.000
202605031318,   0.491,   0.429,9999.000,9999.000,9999.000,9999.000,9999.000,9999.000,9999.000
202605031324,   0.474,   0.439,9999.000,9999.000,9999.000,9999.000,9999.000,9999.000,9999.000
202605031330,   0.457,   0.429,9999.000,9999.000,9999.000,9999.000,9999.000,9999.000,9999.000
202605031336,   0.442,   0.419,9999.000,9999.000,9999.000,9999.000,9999.000,9999.000,9999.000
202605031342,   0.428,   0.409,9999.000,9999.000,9999.000,9999.000,9999.000,9999.000,9999.000
202605031348,   0.415,   0.390,9999.000,9999.000,9999.000,9999.000,9999.000,9999.000,9999.000
202605031354,   0.403,   0.380,9999.000,9999.000,9999.000,9999.000,9999.000,9999.000,9999.000
202605031400,   0.393,   0.380,   0.000,  -0.013,   0.380,   0.000,   0.380,   0.100,   0.480
202605031406,   0.384,   0.390,9999.000,9999.000,9999.000,9999.000,9999.000,9999.000,9999.000
202605031412,   0.376,   0.390,9999.000,9999.000,9999.000,9999.000,9999.000,9999.000,9999.000
202605031418,   0.370,   0.400,9999.000,9999.000,9999.000,9999.000,9999.000,9999.000,9999.000
202605031424,   0.366,   0.400,9999.000,9999.000,9999.000,9999.000,9999.000,9999.000,9999.000
202605031430,   0.364,   0.380,9999.000,9999.000,9999.000,9999.000,9999.000,9999.000,9999.000
202605031436,   0.362,   0.370,9999.000,9999.000,9999.000,9999.000,9999.000,9999.000,9999.000
202605031442,   0.363,   0.380,9999.000,9999.000,9999.000,9999.000,9999.000,9999.000,9999.000
202605031448,   0.365,   0.380,9999.000,9999.000,9999.000,9999.000,9999.000,9999.000,9999.000
202605031454,   0.369,   0.370,9999.000,9999.000,9999.000,9999.000,9999.000,9999.000,9999.000
202605031500,   0.375,   0.370,   0.000,  -0.005,   0.370,   0.000,   0.370,   0.000,   0.370
202605031506,   0.382,   0.370,9999.000,9999.000,9999.000,9999.000,9999.000,9999.000,9999.000
202605031512,   0.391,   0.360,9999.000,9999.000,9999.000,9999.000,9999.000,9999.000,9999.000
202605031518,   0.401,   0.360,9999.000,9999.000,9999.000,9999.000,9999.000,9999.000,9999.000
202605031524,   0.413,   0.360,9999.000,9999.000,9999.000,9999.000,9999.000,9999.000,9999.000
202605031530,   0.427,   0.350,9999.000,9999.000,9999.000,9999.000,9999.000,9999.000,9999.000
202605031536,   0.441,   0.350,9999.000,9999.000,9999.000,9999.000,9999.000,9999.000,9999.000
202605031542,   0.457,   0.360,9999.000,9999.000,9999.000,9999.000,9999.000,9999.000,9999.000
202605031548,   0.475,   0.380,9999.000,9999.000,9999.000,9999.000,9999.000,9999.000,9999.000
202605031554,   0.493,   0.390,9999.000,9999.000,9999.000,9999.000,9999.000,9999.000,9999.000
202605031600,   0.512,   0.390,   0.000,  -0.122,   0.390,   0.000,   0.390,   0.000,   0.390
202605031606,   0.533,   0.400,9999.000,9999.000,9999.000,9999.000,9999.000,9999.000,9999.000
202605031612,   0.554,   0.419,9999.000,9999.000,9999.000,9999.000,9999.000,9999.000,9999.000
202605031618,   0.576,   0.449,9999.000,9999.000,9999.000,9999.000,9999.000,9999.000,9999.000
202605031624,   0.599,   0.469,9999.000,9999.000,9999.000,9999.000,9999.000,9999.000,9999.000
202605031630,   0.622,   0.488,9999.000,9999.000,9999.000,9999.000,9999.000,9999.000,9999.000
202605031636,   0.645,   0.508,9999.000,9999.000,9999.000,9999.000,9999.000,9999.000,9999.000
202605031642,   0.669,   0.518,9999.000,9999.000,9999.000,9999.000,9999.000,9999.000,9999.000
202605031648,   0.694,   0.541,9999.000,9999.000,9999.000,9999.000,9999.000,9999.000,9999.000
202605031654,   0.718,   0.541,9999.000,9999.000,9999.000,9999.000,9999.000,9999.000,9999.000
202605031700,   0.743,   0.570,   0.000,  -0.173,   0.570,   0.000,   0.570,   0.000,   0.570
202605031706,   0.767,   0.600,9999.000,9999.000,9999.000,9999.000,9999.000,9999.000,9999.000
202605031712,   0.792,   0.629,9999.000,9999.000,9999.000,9999.000,9999.000,9999.000,9999.000
202605031718,   0.816,   0.659,9999.000,9999.000,9999.000,9999.000,9999.000,9999.000,9999.000
202605031724,   0.840,   0.678,9999.000,9999.000,9999.000,9999.000,9999.000,9999.000,9999.000
202605031730,   0.864,   0.698,9999.000,9999.000,9999.000,9999.000,9999.000,9999.000,9999.000
202605031736,   0.888,   0.731,9999.000,9999.000,9999.000,9999.000,9999.000,9999.000,9999.000
202605031742,   0.911,   0.751,9999.000,9999.000,9999.000,9999.000,9999.000,9999.000,9999.000
202605031748,   0.934,   0.780,9999.000,9999.000,9999.000,9999.000,9999.000,9999.000,9999.000
202605031754,   0.956,   0.819,9999.000,9999.000,9999.000,9999.000,9999.000,9999.000,9999.000
202605031800,   0.977,   0.839,   0.000,  -0.138,   0.839,  -0.100,   0.739,   0.000,   0.839
202605031806,   0.998,   0.859,9999.000,9999.000,9999.000,9999.000,9999.000,9999.000,9999.000
202605031812,   1.019,   0.879,9999.000,9999.000,9999.000,9999.000,9999.000,9999.000,9999.000
202605031818,   1.039,   0.898,9999.000,9999.000,9999.000,9999.000,9999.000,9999.000,9999.000
202605031824,   1.058,   0.908,9999.000,9999.000,9999.000,9999.000,9999.000,9999.000,9999.000
202605031830,   1.076,   0.908,9999.000,9999.000,9999.000,9999.000,9999.000,9999.000,9999.000
202605031836,   1.093,   0.928,9999.000,9999.000,9999.000,9999.000,9999.000,9999.000,9999.000
202605031842,   1.110,   0.961,9999.000,9999.000,9999.000,9999.000,9999.000,9999.000,9999.000
202605031848,   1.126,   0.980,9999.000,9999.000,9999.000,9999.000,9999.000,9999.000,9999.000
202605031854,   1.140,   0.980,9999.000,9999.000,9999.000,9999.000,9999.000,9999.000,9999.000
202605031900,   1.154,   0.990,   0.000,  -0.164,   0.990,  -0.100,   0.890,   0.000,   0.990
202605031906,   1.167,   1.000,9999.000,9999.000,9999.000,9999.000,9999.000,9999.000,9999.000
202605031912,   1.179,   1.000,9999.000,9999.000,9999.000,9999.000,9999.000,9999.000,9999.000
202605031918,   1.190,   0.990,9999.000,9999.000,9999.000,9999.000,9999.000,9999.000,9999.000
202605031924,   1.200,   1.010,9999.000,9999.000,9999.000,9999.000,9999.000,9999.000,9999.000
202605031930,   1.208,   1.010,9999.000,9999.000,9999.000,9999.000,9999.000,9999.000,9999.000
202605031936,   1.216,   1.020,9999.000,9999.000,9999.000,9999.000,9999.000,9999.000,9999.000
202605031942,   1.222,   1.029,9999.000,9999.000,9999.000,9999.000,9999.000,9999.000,9999.000
202605031948,   1.227,   1.029,9999.000,9999.000,9999.000,9999.000,9999.000,9999.000,9999.000
202605031954,   1.230,   1.020,9999.000,9999.000,9999.000,9999.000,9999.000,9999.000,9999.000
202605032000,   1.233,   1.039,   0.000,  -0.194,   1.039,  -0.100,   0.939,   0.000,   1.039
202605032006,   1.234,   1.039,9999.000,9999.000,9999.000,9999.000,9999.000,9999.000,9999.000
202605032012,   1.233,   1.039,9999.000,9999.000,9999.000,9999.000,9999.000,9999.000,9999.000
202605032018,   1.231,   1.049,9999.000,9999.000,9999.000,9999.000,9999.000,9999.000,9999.000
202605032024,   1.228,   1.029,9999.000,9999.000,9999.000,9999.000,9999.000,9999.000,9999.000
202605032030,   1.223,   1.020,9999.000,9999.000,9999.000,9999.000,9999.000,9999.000,9999.000
202605032036,   1.217,   1.010,9999.000,9999.000,9999.000,9999.000,9999.000,9999.000,9999.000
202605032042,   1.210,   1.000,9999.000,9999.000,9999.000,9999.000,9999.000,9999.000,9999.000
202605032048,   1.201,   1.000,9999.000,9999.000,9999.000,9999.000,9999.000,9999.000,9999.000
202605032054,   1.190,   0.980,9999.000,9999.000,9999.000,9999.000,9999.000,9999.000,9999.000
202605032100,   1.179,   0.970,   0.000,  -0.209,   0.970,  -0.100,   0.870,   0.000,   0.970
202605032106,   1.165,   0.961,9999.000,9999.000,9999.000,9999.000,9999.000,9999.000,9999.000
202605032112,   1.151,   0.951,9999.000,9999.000,9999.000,9999.000,9999.000,9999.000,9999.000
202605032118,   1.135,   0.941,9999.000,9999.000,9999.000,9999.000,9999.000,9999.000,9999.000
202605032124,   1.119,   0.928,9999.000,9999.000,9999.000,9999.000,9999.000,9999.000,9999.000
202605032130,   1.101,   0.918,9999.000,9999.000,9999.000,9999.000,9999.000,9999.000,9999.000
202605032136,   1.082,   0.888,9999.000,9999.000,9999.000,9999.000,9999.000,9999.000,9999.000
202605032142,   1.062,   0.869,9999.000,9999.000,9999.000,9999.000,9999.000,9999.000,9999.000
202605032148,   1.040,   0.849,9999.000,9999.000,9999.000,9999.000,9999.000,9999.000,9999.000
202605032154,   1.019,   0.829,9999.000,9999.000,9999.000,9999.000,9999.000,9999.000,9999.000
202605032200,   0.996,   0.819,   0.000,  -0.177,   0.819,  -0.100,   0.719,   0.000,   0.819
202605032206,   0.973,   0.800,9999.000,9999.000,9999.000,9999.000,9999.000,9999.000,9999.000
202605032212,   0.949,   0.770,9999.000,9999.000,9999.000,9999.000,9999.000,9999.000,9999.000
202605032218,   0.924,   0.751,9999.000,9999.000,9999.000,9999.000,9999.000,9999.000,9999.000
202605032224,   0.899,   0.718,9999.000,9999.000,9999.000,9999.000,9999.000,9999.000,9999.000
202605032230,   0.874,   0.708,9999.000,9999.000,9999.000,9999.000,9999.000,9999.000,9999.000
202605032236,   0.848,   0.688,9999.000,9999.000,9999.000,9999.000,9999.000,9999.000,9999.000
202605032242,   0.822,   0.669,9999.000,9999.000,9999.000,9999.000,9999.000,9999.000,9999.000
202605032248,   0.796,   0.659,9999.000,9999.000,9999.000,9999.000,9999.000,9999.000,9999.000
202605032254,   0.770,   0.639,9999.000,9999.000,9999.000,9999.000,9999.000,9999.000,9999.000
202605032300,   0.744,   0.619,   0.000,  -0.125,   0.619,  -0.100,   0.519,   0.000,   0.619
202605032306,   0.718,   0.590,9999.000,9999.000,9999.000,9999.000,9999.000,9999.000,9999.000
202605032312,   0.693,   0.570,9999.000,9999.000,9999.000,9999.000,9999.000,9999.000,9999.000
202605032318,   0.667,   0.551,9999.000,9999.000,9999.000,9999.000,9999.000,9999.000,9999.000
202605032324,   0.642,   0.531,9999.000,9999.000,9999.000,9999.000,9999.000,9999.000,9999.000
202605032330,   0.617,   0.508,9999.000,9999.000,9999.000,9999.000,9999.000,9999.000,9999.000
202605032336,   0.592,   0.488,9999.000,9999.000,9999.000,9999.000,9999.000,9999.000,9999.000
202605032342,   0.568,   0.469,9999.000,9999.000,9999.000,9999.000,9999.000,9999.000,9999.000
202605032348,   0.544,   0.449,9999.000,9999.000,9999.000,9999.000,9999.000,9999.000,9999.000
202605032354,   0.520,   0.429,9999.000,9999.000,9999.000,9999.000,9999.000,9999.000,9999.000
202605040000,   0.498,   0.409,   0.000,  -0.089,   0.409,  -0.100,   0.309,   0.000,   0.409
202605040006,   0.475,   0.390,9999.000,9999.000,9999.000,9999.000,9999.000,9999.000,9999.000
202605040012,   0.454,   0.370,9999.000,9999.000,9999.000,9999.000,9999.000,9999.000,9999.000
202605040018,   0.432,   0.350,9999.000,9999.000,9999.000,9999.000,9999.000,9999.000,9999.000
202605040024,   0.412,   0.341,9999.000,9999.000,9999.000,9999.000,9999.000,9999.000,9999.000
202605040030,   0.392,   0.331,9999.000,9999.000,9999.000,9999.000,9999.000,9999.000,9999.000
202605040036,   0.373,   0.308,9999.000,9999.000,9999.000,9999.000,9999.000,9999.000,9999.000
202605040042,   0.355,   0.288,9999.000,9999.000,9999.000,9999.000,9999.000,9999.000,9999.000
202605040048,   0.337,   0.278,9999.000,9999.000,9999.000,9999.000,9999.000,9999.000,9999.000
202605040054,   0.320,   0.259,9999.000,9999.000,9999.000,9999.000,9999.000,9999.000,9999.000
202605040100,   0.304,   0.249,   0.000,  -0.055,   0.249,   0.000,   0.249,   0.000,   0.249
202605040106,   0.289,   0.239,9999.000,9999.000,9999.000,9999.000,9999.000,9999.000,9999.000
202605040112,   0.275,   0.229,9999.000,9999.000,9999.000,9999.000,9999.000,9999.000,9999.000
202605040118,   0.262,   0.219,9999.000,9999.000,9999.000,9999.000,9999.000,9999.000,9999.000
202605040124,   0.250,   0.209,9999.000,9999.000,9999.000,9999.000,9999.000,9999.000,9999.000
202605040130,   0.240,   0.209,9999.000,9999.000,9999.000,9999.000,9999.000,9999.000,9999.000
202605040136,   0.230,   0.209,9999.000,9999.000,9999.000,9999.000,9999.000,9999.000,9999.000
202605040142,   0.222,   0.200,9999.000,9999.000,9999.000,9999.000,9999.000,9999.000,9999.000
202605040148,   0.215,   0.209,9999.000,9999.000,9999.000,9999.000,9999.000,9999.000,9999.000
202605040154,   0.209,   0.209,9999.000,9999.000,9999.000,9999.000,9999.000,9999.000,9999.000
202605040200,   0.205,   0.209,   0.000,   0.004,   0.209,   0.000,   0.209,   0.000,   0.209
202605040206,   0.202,   0.219,9999.000,9999.000,9999.000,9999.000,9999.000,9999.000,9999.000
202605040212,   0.200,   0.229,9999.000,9999.000,9999.000,9999.000,9999.000,9999.000,9999.000
202605040218,   0.201,   0.239,9999.000,9999.000,9999.000,9999.000,9999.000,9999.000,9999.000
202605040224,   0.203,   0.249,9999.000,9999.000,9999.000,9999.000,9999.000,9999.000,9999.000
202605040230,   0.206,   0.259,9999.000,9999.000,9999.000,9999.000,9999.000,9999.000,9999.000
202605040236,   0.211,   0.278,9999.000,9999.000,9999.000,9999.000,9999.000,9999.000,9999.000
202605040242,   0.218,   0.298,9999.000,9999.000,9999.000,9999.000,9999.000,9999.000,9999.000
202605040248,   0.227,   0.321,9999.000,9999.000,9999.000,9999.000,9999.000,9999.000,9999.000
202605040254,   0.237,   0.331,9999.000,9999.000,9999.000,9999.000,9999.000,9999.000,9999.000
202605040300,   0.250,   0.360,   0.000,   0.110,   0.360,   0.000,   0.360,   0.000,   0.360
202605040306,   0.263,   0.390,9999.000,9999.000,9999.000,9999.000,9999.000,9999.000,9999.000
202605040312,   0.279,   0.419,9999.000,9999.000,9999.000,9999.000,9999.000,9999.000,9999.000
202605040318,   0.296,   0.439,9999.000,9999.000,9999.000,9999.000,9999.000,9999.000,9999.000
202605040324,   0.315,   0.469,9999.000,9999.000,9999.000,9999.000,9999.000,9999.000,9999.000
202605040330,   0.336,   0.498,9999.000,9999.000,9999.000,9999.000,9999.000,9999.000,9999.000
202605040336,   0.358,   0.541,9999.000,9999.000,9999.000,9999.000,9999.000,9999.000,9999.000
202605040342,   0.381,   0.580,9999.000,9999.000,9999.000,9999.000,9999.000,9999.000,9999.000
202605040348,   0.406,   0.610,9999.000,9999.000,9999.000,9999.000,9999.000,9999.000,9999.000
202605040354,   0.433,   0.649,9999.000,9999.000,9999.000,9999.000,9999.000,9999.000,9999.000
202605040400,   0.460,   0.688,   0.000,   0.228,   0.688,   0.000,   0.688,   0.000,   0.688
202605040406,   0.489,   0.731,9999.000,9999.000,9999.000,9999.000,9999.000,9999.000,9999.000
202605040412,   0.518,   0.760,9999.000,9999.000,9999.000,9999.000,9999.000,9999.000,9999.000
202605040418,   0.549,   0.800,9999.000,9999.000,9999.000,9999.000,9999.000,9999.000,9999.000
202605040424,   0.580,   0.849,9999.000,9999.000,9999.000,9999.000,9999.000,9999.000,9999.000
202605040430,   0.612,   0.879,9999.000,9999.000,9999.000,9999.000,9999.000,9999.000,9999.000
202605040436,   0.645,   0.908,9999.000,9999.000,9999.000,9999.000,9999.000,9999.000,9999.000
202605040442,   0.678,   0.941,9999.000,9999.000,9999.000,9999.000,9999.000,9999.000,9999.000
202605040448,   0.711,   0.970,9999.000,9999.000,9999.000,9999.000,9999.000,9999.000,9999.000
202605040454,   0.745,   1.000,9999.000,9999.000,9999.000,9999.000,9999.000,9999.000,9999.000
202605040500,   0.779,   1.039,   0.000,   0.260,   1.039,   0.000,   1.039,   0.000,   1.039
202605040506,   0.813,   1.069,9999.000,9999.000,9999.000,9999.000,9999.000,9999.000,9999.000
202605040512,   0.846,   1.098,9999.000,9999.000,9999.000,9999.000,9999.000,9999.000,9999.000
202605040518,   0.880,   1.138,9999.000,9999.000,9999.000,9999.000,9999.000,9999.000,9999.000
202605040524,   0.913,   1.170,9999.000,9999.000,9999.000,9999.000,9999.000,9999.000,9999.000
202605040530,   0.946,   1.210,9999.000,9999.000,9999.000,9999.000,9999.000,9999.000,9999.000
202605040536,   0.978,   1.239,9999.000,9999.000,9999.000,9999.000,9999.000,9999.000,9999.000
202605040542,   1.010,   1.279,9999.000,9999.000,9999.000,9999.000,9999.000,9999.000,9999.000
202605040548,   1.042,   1.308,9999.000,9999.000,9999.000,9999.000,9999.000,9999.000,9999.000
202605040554,   1.072,   1.348,9999.000,9999.000,9999.000,9999.000,9999.000,9999.000,9999.000
202605040600,   1.102,   1.400,   0.000,   0.298,   1.400,   0.000,   1.400,   0.000,   1.400
202605040606,   1.131,   1.439,9999.000,9999.000,9999.000,9999.000,9999.000,9999.000,9999.000
202605040612,   1.160,   1.479,9999.000,9999.000,9999.000,9999.000,9999.000,9999.000,9999.000
202605040618,   1.187,   1.518,9999.000,9999.000,9999.000,9999.000,9999.000,9999.000,9999.000
202605040624,   1.214,   1.557,9999.000,9999.000,9999.000,9999.000,9999.000,9999.000,9999.000
202605040630,   1.240,   1.590,9999.000,9999.000,9999.000,9999.000,9999.000,9999.000,9999.000
202605040636,   1.264,   1.620,9999.000,9999.000,9999.000,9999.000,9999.000,9999.000,9999.000
202605040642,   1.288,   1.639,9999.000,9999.000,9999.000,9999.000,9999.000,9999.000,9999.000
202605040648,   1.311,   1.659,9999.000,9999.000,9999.000,9999.000,9999.000,9999.000,9999.000
202605040654,   1.333,   1.679,9999.000,9999.000,9999.000,9999.000,9999.000,9999.000,9999.000
202605040700,   1.353,   1.689,   0.000,   0.336,   1.689,   0.000,   1.689,   0.100,   1.789
202605040706,   1.373,   1.699,9999.000,9999.000,9999.000,9999.000,9999.000,9999.000,9999.000
202605040712,   1.391,   1.708,9999.000,9999.000,9999.000,9999.000,9999.000,9999.000,9999.000
202605040718,   1.409,   1.718,9999.000,9999.000,9999.000,9999.000,9999.000,9999.000,9999.000
202605040724,   1.425,   1.728,9999.000,9999.000,9999.000,9999.000,9999.000,9999.000,9999.000
202605040730,   1.440,   1.738,9999.000,9999.000,9999.000,9999.000,9999.000,9999.000,9999.000
202605040736,   1.454,   1.748,9999.000,9999.000,9999.000,9999.000,9999.000,9999.000,9999.000
202605040742,   1.466,   1.758,9999.000,9999.000,9999.000,9999.000,9999.000,9999.000,9999.000
202605040748,   1.478,   1.767,9999.000,9999.000,9999.000,9999.000,9999.000,9999.000,9999.000
202605040754,   1.488,   1.790,9999.000,9999.000,9999.000,9999.000,9999.000,9999.000,9999.000
202605040800,   1.497,   1.800,   0.100,   0.203,   1.800,   0.000,   1.700,   0.100,   1.800
202605040806,   1.504,   1.800,9999.000,9999.000,9999.000,9999.000,9999.000,9999.000,9999.000
202605040812,   1.511,   1.810,9999.000,9999.000,9999.000,9999.000,9999.000,9999.000,9999.000
202605040818,   1.516,   1.810,9999.000,9999.000,9999.000,9999.000,9999.000,9999.000,9999.000
202605040824,   1.519,   1.820,9999.000,9999.000,9999.000,9999.000,9999.000,9999.000,9999.000
202605040830,   1.521,   1.830,9999.000,9999.000,9999.000,9999.000,9999.000,9999.000,9999.000
202605040836,   1.522,   1.830,9999.000,9999.000,9999.000,9999.000,9999.000,9999.000,9999.000
202605040842,   1.522,   1.830,9999.000,9999.000,9999.000,9999.000,9999.000,9999.000,9999.000
202605040848,   1.520,   1.820,9999.000,9999.000,9999.000,9999.000,9999.000,9999.000,9999.000
202605040854,   1.516,   1.820,9999.000,9999.000,9999.000,9999.000,9999.000,9999.000,9999.000
202605040900,   1.512,   1.820,   0.100,   0.208,   1.820,   0.000,   1.720,   0.100,   1.820
202605040906,   1.506,   1.820,9999.000,9999.000,9999.000,9999.000,9999.000,9999.000,9999.000
202605040912,   1.498,   1.810,9999.000,9999.000,9999.000,9999.000,9999.000,9999.000,9999.000
202605040918,   1.489,   1.810,9999.000,9999.000,9999.000,9999.000,9999.000,9999.000,9999.000
202605040924,   1.479,   1.810,9999.000,9999.000,9999.000,9999.000,9999.000,9999.000,9999.000
202605040930,   1.468,   1.810,9999.000,9999.000,9999.000,9999.000,9999.000,9999.000,9999.000
202605040936,   1.455,   1.800,9999.000,9999.000,9999.000,9999.000,9999.000,9999.000,9999.000
202605040942,   1.441,   1.790,9999.000,9999.000,9999.000,9999.000,9999.000,9999.000,9999.000
202605040948,   1.426,   1.790,9999.000,9999.000,9999.000,9999.000,9999.000,9999.000,9999.000
202605040954,   1.410,   1.790,9999.000,9999.000,9999.000,9999.000,9999.000,9999.000,9999.000
202605041000,   1.393,   1.781,   0.100,   0.288,   1.781,   0.000,   1.681,   0.100,   1.781
202605041006,   1.374,   1.781,9999.000,9999.000,9999.000,9999.000,9999.000,9999.000,9999.000
202605041012,   1.355,   1.767,9999.000,9999.000,9999.000,9999.000,9999.000,9999.000,9999.000
202605041018,   1.335,   1.758,9999.000,9999.000,9999.000,9999.000,9999.000,9999.000,9999.000
202605041024,   1.314,   1.748,9999.000,9999.000,9999.000,9999.000,9999.000,9999.000,9999.000
202605041030,   1.293,   1.728,9999.000,9999.000,9999.000,9999.000,9999.000,9999.000,9999.000
202605041036,   1.271,   1.718,9999.000,9999.000,9999.000,9999.000,9999.000,9999.000,9999.000
202605041042,   1.248,   1.708,9999.000,9999.000,9999.000,9999.000,9999.000,9999.000,9999.000
202605041048,   1.225,   1.689,9999.000,9999.000,9999.000,9999.000,9999.000,9999.000,9999.000
202605041054,   1.202,   1.679,9999.000,9999.000,9999.000,9999.000,9999.000,9999.000,9999.000
202605041100,   1.178,   1.659,   0.100,   0.381,   1.659,   0.000,   1.559,   0.100,   1.659
202605041106,   1.153,   1.639,9999.000,9999.000,9999.000,9999.000,9999.000,9999.000,9999.000
202605041112,   1.129,   1.620,9999.000,9999.000,9999.000,9999.000,9999.000,9999.000,9999.000
202605041118,   1.104,   1.600,9999.000,9999.000,9999.000,9999.000,9999.000,9999.000,9999.000
202605041124,   1.080,   1.580,9999.000,9999.000,9999.000,9999.000,9999.000,9999.000,9999.000
202605041130,   1.055,   1.548,9999.000,9999.000,9999.000,9999.000,9999.000,9999.000,9999.000
202605041136,   1.030,   1.528,9999.000,9999.000,9999.000,9999.000,9999.000,9999.000,9999.000
202605041142,   1.005,   1.508,9999.000,9999.000,9999.000,9999.000,9999.000,9999.000,9999.000
202605041148,   0.981,   1.489,9999.000,9999.000,9999.000,9999.000,9999.000,9999.000,9999.000
202605041154,   0.956,   1.469,9999.000,9999.000,9999.000,9999.000,9999.000,9999.000,9999.000
202605041200,   0.931,   1.439,   0.200,   0.308,   1.439,   0.100,   1.339,   0.200,   1.439
202605041206,   0.907,   1.410,9999.000,9999.000,9999.000,9999.000,9999.000,9999.000,9999.000
202605041212,   0.883,   1.390,9999.000,9999.000,9999.000,9999.000,9999.000,9999.000,9999.000
202605041218,   0.859,   1.371,9999.000,9999.000,9999.000,9999.000,9999.000,9999.000,9999.000
202605041224,   0.835,   1.348,9999.000,9999.000,9999.000,9999.000,9999.000,9999.000,9999.000
202605041230,   0.812,   1.328,9999.000,9999.000,9999.000,9999.000,9999.000,9999.000,9999.000
202605041236,   0.788,   1.308,9999.000,9999.000,9999.000,9999.000,9999.000,9999.000,9999.000
202605041242,   0.765,   1.289,9999.000,9999.000,9999.000,9999.000,9999.000,9999.000,9999.000
202605041248,   0.743,   1.279,9999.000,9999.000,9999.000,9999.000,9999.000,9999.000,9999.000
202605041254,   0.720,   1.259,9999.000,9999.000,9999.000,9999.000,9999.000,9999.000,9999.000
202605041300,   0.698,   1.239,   0.200,   0.341,   1.239,   0.100,   1.139,   0.200,   1.239
202605041306,   0.677,   1.210,9999.000,9999.000,9999.000,9999.000,9999.000,9999.000,9999.000
202605041312,   0.656,   1.190,9999.000,9999.000,9999.000,9999.000,9999.000,9999.000,9999.000
202605041318,   0.635,   1.180,9999.000,9999.000,9999.000,9999.000,9999.000,9999.000,9999.000
202605041324,   0.614,   1.161,9999.000,9999.000,9999.000,9999.000,9999.000,9999.000,9999.000
202605041330,   0.595,   1.161,9999.000,9999.000,9999.000,9999.000,9999.000,9999.000,9999.000
202605041336,   0.575,   1.151,9999.000,9999.000,9999.000,9999.000,9999.000,9999.000,9999.000
202605041342,   0.557,   1.138,9999.000,9999.000,9999.000,9999.000,9999.000,9999.000,9999.000
202605041348,   0.539,   1.128,9999.000,9999.000,9999.000,9999.000,9999.000,9999.000,9999.000
202605041354,   0.522,   1.108,9999.000,9999.000,9999.000,9999.000,9999.000,9999.000,9999.000
202605041400,   0.505,   1.098,   0.200,   0.393,   1.098,   0.200,   1.098,   0.200,   1.098
202605041406,   0.490,   1.088,9999.000,9999.000,9999.000,9999.000,9999.000,9999.000,9999.000
202605041412,   0.475,   1.079,9999.000,9999.000,9999.000,9999.000,9999.000,9999.000,9999.000
202605041418,   0.461,   1.079,9999.000,9999.000,9999.000,9999.000,9999.000,9999.000,9999.000
202605041424,   0.449,   1.088,9999.000,9999.000,9999.000,9999.000,9999.000,9999.000,9999.000
202605041430,   0.437,   1.079,9999.000,9999.000,9999.000,9999.000,9999.000,9999.000,9999.000
202605041436,   0.427,   1.079,9999.000,9999.000,9999.000,9999.000,9999.000,9999.000,9999.000
202605041442,   0.418,   1.069,9999.000,9999.000,9999.000,9999.000,9999.000,9999.000,9999.000
202605041448,   0.410,   1.059,9999.000,9999.000,9999.000,9999.000,9999.000,9999.000,9999.000
202605041454,   0.403,   1.059,9999.000,9999.000,9999.000,9999.000,9999.000,9999.000,9999.000
202605041500,   0.398,   1.059,   0.200,   0.461,   1.059,   0.200,   1.059,   0.200,   1.059
202605041506,   0.394,   1.059,9999.000,9999.000,9999.000,9999.000,9999.000,9999.000,9999.000
202605041512,   0.392,   1.069,9999.000,9999.000,9999.000,9999.000,9999.000,9999.000,9999.000
202605041518,   0.392,   1.079,9999.000,9999.000,9999.000,9999.000,9999.000,9999.000,9999.000
202605041524,   0.393,   1.069,9999.000,9999.000,9999.000,9999.000,9999.000,9999.000,9999.000
202605041530,   0.395,   1.069,9999.000,9999.000,9999.000,9999.000,9999.000,9999.000,9999.000
202605041536,   0.399,   1.069,9999.000,9999.000,9999.000,9999.000,9999.000,9999.000,9999.000
202605041542,   0.404,   1.079,9999.000,9999.000,9999.000,9999.000,9999.000,9999.000,9999.000
202605041548,   0.412,   1.079,9999.000,9999.000,9999.000,9999.000,9999.000,9999.000,9999.000
202605041554,   0.420,   1.088,9999.000,9999.000,9999.000,9999.000,9999.000,9999.000,9999.000
202605041600,   0.430,   1.098,   0.200,   0.468,   1.098,   0.200,   1.098,   0.200,   1.098
202605041606,   0.441,   1.108,9999.000,9999.000,9999.000,9999.000,9999.000,9999.000,9999.000
202605041612,   0.454,   1.128,9999.000,9999.000,9999.000,9999.000,9999.000,9999.000,9999.000
202605041618,   0.468,   1.138,9999.000,9999.000,9999.000,9999.000,9999.000,9999.000,9999.000
202605041624,   0.484,   1.161,9999.000,9999.000,9999.000,9999.000,9999.000,9999.000,9999.000
202605041630,   0.500,   1.161,9999.000,9999.000,9999.000,9999.000,9999.000,9999.000,9999.000
202605041636,   0.518,   1.180,9999.000,9999.000,9999.000,9999.000,9999.000,9999.000,9999.000
202605041642,   0.536,   1.200,9999.000,9999.000,9999.000,9999.000,9999.000,9999.000,9999.000
202605041648,   0.556,   1.210,9999.000,9999.000,9999.000,9999.000,9999.000,9999.000,9999.000
202605041654,   0.576,   1.229,9999.000,9999.000,9999.000,9999.000,9999.000,9999.000,9999.000
202605041700,   0.597,   1.259,   0.200,   0.462,   1.259,   0.200,   1.259,   0.200,   1.259
202605041706,   0.619,   1.298,9999.000,9999.000,9999.000,9999.000,9999.000,9999.000,9999.000
202605041712,   0.641,   1.328,9999.000,9999.000,9999.000,9999.000,9999.000,9999.000,9999.000
202605041718,   0.664,   1.348,9999.000,9999.000,9999.000,9999.000,9999.000,9999.000,9999.000
202605041724,   0.687,   1.380,9999.000,9999.000,9999.000,9999.000,9999.000,9999.000,9999.000
202605041730,   0.710,   1.400,9999.000,9999.000,9999.000,9999.000,9999.000,9999.000,9999.000
202605041736,   0.734,   1.430,9999.000,9999.000,9999.000,9999.000,9999.000,9999.000,9999.000
202605041742,   0.757,   1.449,9999.000,9999.000,9999.000,9999.000,9999.000,9999.000,9999.000
202605041748,   0.780,   1.479,9999.000,9999.000,9999.000,9999.000,9999.000,9999.000,9999.000
202605041754,   0.804,   1.508,9999.000,9999.000,9999.000,9999.000,9999.000,9999.000,9999.000
202605041800,   0.827,   1.538,   0.400,   0.311,   1.538,   0.400,   1.538,   0.500,   1.638
202605041806,   0.850,   1.557,9999.000,9999.000,9999.000,9999.000,9999.000,9999.000,9999.000
202605041812,   0.872,   1.580,9999.000,9999.000,9999.000,9999.000,9999.000,9999.000,9999.000
202605041818,   0.895,   1.610,9999.000,9999.000,9999.000,9999.000,9999.000,9999.000,9999.000
202605041824,   0.916,   1.630,9999.000,9999.000,9999.000,9999.000,9999.000,9999.000,9999.000
202605041830,   0.938,   1.649,9999.000,9999.000,9999.000,9999.000,9999.000,9999.000,9999.000
202605041836,   0.959,   1.659,9999.000,9999.000,9999.000,9999.000,9999.000,9999.000,9999.000
202605041842,   0.979,   1.679,9999.000,9999.000,9999.000,9999.000,9999.000,9999.000,9999.000
202605041848,   0.998,   1.689,9999.000,9999.000,9999.000,9999.000,9999.000,9999.000,9999.000
202605041854,   1.017,   1.699,9999.000,9999.000,9999.000,9999.000,9999.000,9999.000,9999.000
202605041900,   1.036,   1.728,   0.400,   0.292,   1.728,   0.400,   1.728,   0.500,   1.828
202605041906,   1.053,   1.748,9999.000,9999.000,9999.000,9999.000,9999.000,9999.000,9999.000
202605041912,   1.070,   1.767,9999.000,9999.000,9999.000,9999.000,9999.000,9999.000,9999.000
202605041918,   1.086,   1.767,9999.000,9999.000,9999.000,9999.000,9999.000,9999.000,9999.000
202605041924,   1.101,   1.790,9999.000,9999.000,9999.000,9999.000,9999.000,9999.000,9999.000
202605041930,   1.116,   1.800,9999.000,9999.000,9999.000,9999.000,9999.000,9999.000,9999.000
202605041936,   1.129,   1.810,9999.000,9999.000,9999.000,9999.000,9999.000,9999.000,9999.000
202605041942,   1.142,   1.810,9999.000,9999.000,9999.000,9999.000,9999.000,9999.000,9999.000
202605041948,   1.154,   1.830,9999.000,9999.000,9999.000,9999.000,9999.000,9999.000,9999.000
202605041954,   1.164,   1.840,9999.000,9999.000,9999.000,9999.000,9999.000,9999.000,9999.000
202605042000,   1.174,   1.840,   0.400,   0.266,   1.840,   0.400,   1.840,   0.400,   1.840
202605042006,   1.183,   1.849,9999.000,9999.000,9999.000,9999.000,9999.000,9999.000,9999.000
202605042012,   1.190,   1.849,9999.000,9999.000,9999.000,9999.000,9999.000,9999.000,9999.000
202605042018,   1.197,   1.859,9999.000,9999.000,9999.000,9999.000,9999.000,9999.000,9999.000
202605042024,   1.202,   1.859,9999.000,9999.000,9999.000,9999.000,9999.000,9999.000,9999.000
202605042030,   1.207,   1.859,9999.000,9999.000,9999.000,9999.000,9999.000,9999.000,9999.000
202605042036,   1.210,   1.869,9999.000,9999.000,9999.000,9999.000,9999.000,9999.000,9999.000
202605042042,   1.212,   1.869,9999.000,9999.000,9999.000,9999.000,9999.000,9999.000,9999.000
202605042048,   1.212,   1.859,9999.000,9999.000,9999.000,9999.000,9999.000,9999.000,9999.000
202605042054,   1.212,   1.859,9999.000,9999.000,9999.000,9999.000,9999.000,9999.000,9999.000
202605042100,   1.210,   1.859,   0.400,   0.249,   1.859,   0.300,   1.759,   0.400,   1.859
202605042106,   1.206,   1.859,9999.000,9999.000,9999.000,9999.000,9999.000,9999.000,9999.000
202605042112,   1.202,   1.849,9999.000,9999.000,9999.000,9999.000,9999.000,9999.000,9999.000
202605042118,   1.196,   1.849,9999.000,9999.000,9999.000,9999.000,9999.000,9999.000,9999.000
202605042124,   1.188,   1.849,9999.000,9999.000,9999.000,9999.000,9999.000,9999.000,9999.000
202605042130,   1.180,   1.820,9999.000,9999.000,9999.000,9999.000,9999.000,9999.000,9999.000
202605042136,   1.170,   1.800,9999.000,9999.000,9999.000,9999.000,9999.000,9999.000,9999.000
202605042142,   1.159,   1.781,9999.000,9999.000,9999.000,9999.000,9999.000,9999.000,9999.000
202605042148,   1.146,   1.758,9999.000,9999.000,9999.000,9999.000,9999.000,9999.000,9999.000
202605042154,   1.132,   1.738,9999.000,9999.000,9999.000,9999.000,9999.000,9999.000,9999.000
202605042200,   1.117,   1.718,   0.400,   0.201,   1.718,   0.300,   1.618,   0.400,   1.718
202605042206,   1.101,   1.689,9999.000,9999.000,9999.000,9999.000,9999.000,9999.000,9999.000
202605042212,   1.084,   1.669,9999.000,9999.000,9999.000,9999.000,9999.000,9999.000,9999.000
202605042218,   1.066,   1.630,9999.000,9999.000,9999.000,9999.000,9999.000,9999.000,9999.000
202605042224,   1.046,   1.600,9999.000,9999.000,9999.000,9999.000,9999.000,9999.000,9999.000
202605042230,   1.026,   1.557,9999.000,9999.000,9999.000,9999.000,9999.000,9999.000,9999.000
202605042236,   1.005,   1.528,9999.000,9999.000,9999.000,9999.000,9999.000,9999.000,9999.000
202605042242,   0.983,   1.508,9999.000,9999.000,9999.000,9999.000,9999.000,9999.000,9999.000
202605042248,   0.961,   1.479,9999.000,9999.000,9999.000,9999.000,9999.000,9999.000,9999.000
202605042254,   0.938,   1.439,9999.000,9999.000,9999.000,9999.000,9999.000,9999.000,9999.000
202605042300,   0.914,   1.410,   0.400,   0.096,   1.410,   0.300,   1.310,   0.400,   1.410
202605042306,   0.890,   1.371,9999.000,9999.000,9999.000,9999.000,9999.000,9999.000,9999.000
202605042312,   0.865,   1.348,9999.000,9999.000,9999.000,9999.000,9999.000,9999.000,9999.000
202605042318,   0.841,   1.318,9999.000,9999.000,9999.000,9999.000,9999.000,9999.000,9999.000
202605042324,   0.816,   1.298,9999.000,9999.000,9999.000,9999.000,9999.000,9999.000,9999.000
202605042330,   0.791,   1.279,9999.000,9999.000,9999.000,9999.000,9999.000,9999.000,9999.000
202605042336,   0.765,   1.249,9999.000,9999.000,9999.000,9999.000,9999.000,9999.000,9999.000
202605042342,   0.740,9999.000,9999.000,9999.000,9999.000,9999.000,9999.000,9999.000,9999.000
202605042348,   0.715,9999.000,9999.000,9999.000,9999.000,9999.000,9999.000,9999.000,9999.000
202605042354,   0.691,9999.000,9999.000,9999.000,9999.000,9999.000,9999.000,9999.000,9999.000
202605050000,   0.666,9999.000,   0.400,   0.094,   1.160,   0.300,   1.060,   0.400,   1.160
202605050006,   0.642,9999.000,9999.000,9999.000,9999.000,9999.000,9999.000,9999.000,9999.000
202605050012,   0.618,9999.000,9999.000,9999.000,9999.000,9999.000,9999.000,9999.000,9999.000
202605050018,   0.595,9999.000,9999.000,9999.000,9999.000,9999.000,9999.000,9999.000,9999.000
202605050024,   0.572,9999.000,9999.000,9999.000,9999.000,9999.000,9999.000,9999.000,9999.000
202605050030,   0.549,9999.000,9999.000,9999.000,9999.000,9999.000,9999.000,9999.000,9999.000
202605050036,   0.527,9999.000,9999.000,9999.000,9999.000,9999.000,9999.000,9999.000,9999.000
202605050042,   0.506,9999.000,9999.000,9999.000,9999.000,9999.000,9999.000,9999.000,9999.000
202605050048,   0.485,9999.000,9999.000,9999.000,9999.000,9999.000,9999.000,9999.000,9999.000
202605050054,   0.465,9999.000,9999.000,9999.000,9999.000,9999.000,9999.000,9999.000,9999.000
202605050100,   0.446,9999.000,   0.400,   0.093,   0.939,   0.300,   0.839,   0.400,   0.939
202605050106,   0.427,9999.000,9999.000,9999.000,9999.000,9999.000,9999.000,9999.000,9999.000
202605050112,   0.409,9999.000,9999.000,9999.000,9999.000,9999.000,9999.000,9999.000,9999.000
202605050118,   0.392,9999.000,9999.000,9999.000,9999.000,9999.000,9999.000,9999.000,9999.000
202605050124,   0.375,9999.000,9999.000,9999.000,9999.000,9999.000,9999.000,9999.000,9999.000
202605050130,   0.359,9999.000,9999.000,9999.000,9999.000,9999.000,9999.000,9999.000,9999.000
202605050136,   0.344,9999.000,9999.000,9999.000,9999.000,9999.000,9999.000,9999.000,9999.000
202605050142,   0.330,9999.000,9999.000,9999.000,9999.000,9999.000,9999.000,9999.000,9999.000
202605050148,   0.317,9999.000,9999.000,9999.000,9999.000,9999.000,9999.000,9999.000,9999.000
202605050154,   0.305,9999.000,9999.000,9999.000,9999.000,9999.000,9999.000,9999.000,9999.000
202605050200,   0.294,9999.000,   0.300,   0.091,   0.685,   0.300,   0.685,   0.400,   0.785
202605050206,   0.283,9999.000,9999.000,9999.000,9999.000,9999.000,9999.000,9999.000,9999.000
202605050212,   0.274,9999.000,9999.000,9999.000,9999.000,9999.000,9999.000,9999.000,9999.000
202605050218,   0.266,9999.000,9999.000,9999.000,9999.000,9999.000,9999.000,9999.000,9999.000
202605050224,   0.259,9999.000,9999.000,9999.000,9999.000,9999.000,9999.000,9999.000,9999.000
202605050230,   0.253,9999.000,9999.000,9999.000,9999.000,9999.000,9999.000,9999.000,9999.000
202605050236,   0.249,9999.000,9999.000,9999.000,9999.000,9999.000,9999.000,9999.000,9999.000
202605050242,   0.246,9999.000,9999.000,9999.000,9999.000,9999.000,9999.000,9999.000,9999.000
202605050248,   0.244,9999.000,9999.000,9999.000,9999.000,9999.000,9999.000,9999.000,9999.000
202605050254,   0.244,9999.000,9999.000,9999.000,9999.000,9999.000,9999.000,9999.000,9999.000
202605050300,   0.245,9999.000,   0.300,   0.090,   0.635,   0.300,   0.635,   0.400,   0.735
202605050306,   0.247,9999.000,9999.000,9999.000,9999.000,9999.000,9999.000,9999.000,9999.000
202605050312,   0.251,9999.000,9999.000,9999.000,9999.000,9999.000,9999.000,9999.000,9999.000
202605050318,   0.257,9999.000,9999.000,9999.000,9999.000,9999.000,9999.000,9999.000,9999.000
202605050324,   0.264,9999.000,9999.000,9999.000,9999.000,9999.000,9999.000,9999.000,9999.000
202605050330,   0.273,9999.000,9999.000,9999.000,9999.000,9999.000,9999.000,9999.000,9999.000
202605050336,   0.283,9999.000,9999.000,9999.000,9999.000,9999.000,9999.000,9999.000,9999.000
202605050342,   0.295,9999.000,9999.000,9999.000,9999.000,9999.000,9999.000,9999.000,9999.000
202605050348,   0.309,9999.000,9999.000,9999.000,9999.000,9999.000,9999.000,9999.000,9999.000
202605050354,   0.324,9999.000,9999.000,9999.000,9999.000,9999.000,9999.000,9999.000,9999.000
202605050400,   0.341,9999.000,   0.300,   0.088,   0.729,   0.300,   0.729,   0.400,   0.829
202605050406,   0.359,9999.000,9999.000,9999.000,9999.000,9999.000,9999.000,9999.000,9999.000
202605050412,   0.379,9999.000,9999.000,9999.000,9999.000,9999.000,9999.000,9999.000,9999.000
202605050418,   0.401,9999.000,9999.000,9999.000,9999.000,9999.000,9999.000,9999.000,9999.000
202605050424,   0.423,9999.000,9999.000,9999.000,9999.000,9999.000,9999.000,9999.000,9999.000
202605050430,   0.447,9999.000,9999.000,9999.000,9999.000,9999.000,9999.000,9999.000,9999.000
202605050436,   0.473,9999.000,9999.000,9999.000,9999.000,9999.000,9999.000,9999.000,9999.000
202605050442,   0.499,9999.000,9999.000,9999.000,9999.000,9999.000,9999.000,9999.000,9999.000
202605050448,   0.527,9999.000,9999.000,9999.000,9999.000,9999.000,9999.000,9999.000,9999.000
202605050454,   0.555,9999.000,9999.000,9999.000,9999.000,9999.000,9999.000,9999.000,9999.000
202605050500,   0.585,9999.000,   0.300,   0.087,   0.972,   0.200,   0.872,   0.400,   1.072
202605050506,   0.615,9999.000,9999.000,9999.000,9999.000,9999.000,9999.000,9999.000,9999.000
202605050512,   0.646,9999.000,9999.000,9999.000,9999.000,9999.000,9999.000,9999.000,9999.000
202605050518,   0.677,9999.000,9999.000,9999.000,9999.000,9999.000,9999.000,9999.000,9999.000
202605050524,   0.709,9999.000,9999.000,9999.000,9999.000,9999.000,9999.000,9999.000,9999.000
202605050530,   0.741,9999.000,9999.000,9999.000,9999.000,9999.000,9999.000,9999.000,9999.000
202605050536,   0.773,9999.000,9999.000,9999.000,9999.000,9999.000,9999.000,9999.000,9999.000
202605050542,   0.805,9999.000,9999.000,9999.000,9999.000,9999.000,9999.000,9999.000,9999.000
202605050548,   0.838,9999.000,9999.000,9999.000,9999.000,9999.000,9999.000,9999.000,9999.000
202605050554,   0.870,9999.000,9999.000,9999.000,9999.000,9999.000,9999.000,9999.000,9999.000
202605050600,   0.902,9999.000,   0.300,   0.085,   1.287,   0.200,   1.187,   0.400,   1.387
202605050606,   0.934,9999.000,9999.000,9999.000,9999.000,9999.000,9999.000,9999.000,9999.000
202605050612,   0.965,9999.000,9999.000,9999.000,9999.000,9999.000,9999.000,9999.000,9999.000
202605050618,   0.996,9999.000,9999.000,9999.000,9999.000,9999.000,9999.000,9999.000,9999.000
202605050624,   1.027,9999.000,9999.000,9999.000,9999.000,9999.000,9999.000,9999.000,9999.000
202605050630,   1.056,9999.000,9999.000,9999.000,9999.000,9999.000,9999.000,9999.000,9999.000
202605050636,   1.085,9999.000,9999.000,9999.000,9999.000,9999.000,9999.000,9999.000,9999.000
202605050642,   1.113,9999.000,9999.000,9999.000,9999.000,9999.000,9999.000,9999.000,9999.000
202605050648,   1.141,9999.000,9999.000,9999.000,9999.000,9999.000,9999.000,9999.000,9999.000
202605050654,   1.167,9999.000,9999.000,9999.000,9999.000,9999.000,9999.000,9999.000,9999.000
202605050700,   1.193,9999.000,   0.300,   0.083,   1.576,   0.200,   1.476,   0.400,   1.676
202605050706,   1.218,9999.000,9999.000,9999.000,9999.000,9999.000,9999.000,9999.000,9999.000
202605050712,   1.242,9999.000,9999.000,9999.000,9999.000,9999.000,9999.000,9999.000,9999.000
202605050718,   1.264,9999.000,9999.000,9999.000,9999.000,9999.000,9999.000,9999.000,9999.000
202605050724,   1.286,9999.000,9999.000,9999.000,9999.000,9999.000,9999.000,9999.000,9999.000
202605050730,   1.307,9999.000,9999.000,9999.000,9999.000,9999.000,9999.000,9999.000,9999.000
202605050736,   1.327,9999.000,9999.000,9999.000,9999.000,9999.000,9999.000,9999.000,9999.000
202605050742,   1.345,9999.000,9999.000,9999.000,9999.000,9999.000,9999.000,9999.000,9999.000
202605050748,   1.363,9999.000,9999.000,9999.000,9999.000,9999.000,9999.000,9999.000,9999.000
202605050754,   1.379,9999.000,9999.000,9999.000,9999.000,9999.000,9999.000,9999.000,9999.000
202605050800,   1.395,9999.000,   0.300,   0.082,   1.777,   0.200,   1.677,   0.300,   1.777
202605050806,   1.409,9999.000,9999.000,9999.000,9999.000,9999.000,9999.000,9999.000,9999.000
202605050812,   1.422,9999.000,9999.000,9999.000,9999.000,9999.000,9999.000,9999.000,9999.000
202605050818,   1.434,9999.000,9999.000,9999.000,9999.000,9999.000,9999.000,9999.000,9999.000
202605050824,   1.445,9999.000,9999.000,9999.000,9999.000,9999.000,9999.000,9999.000,9999.000
202605050830,   1.455,9999.000,9999.000,9999.000,9999.000,9999.000,9999.000,9999.000,9999.000
202605050836,   1.464,9999.000,9999.000,9999.000,9999.000,9999.000,9999.000,9999.000,9999.000
202605050842,   1.471,9999.000,9999.000,9999.000,9999.000,9999.000,9999.000,9999.000,9999.000
202605050848,   1.477,9999.000,9999.000,9999.000,9999.000,9999.000,9999.000,9999.000,9999.000
202605050854,   1.482,9999.000,9999.000,9999.000,9999.000,9999.000,9999.000,9999.000,9999.000
202605050900,   1.486,9999.000,   0.300,   0.080,   1.866,   0.200,   1.766,   0.300,   1.866
202605050906,   1.488,9999.000,9999.000,9999.000,9999.000,9999.000,9999.000,9999.000,9999.000
202605050912,   1.490,9999.000,9999.000,9999.000,9999.000,9999.000,9999.000,9999.000,9999.000
202605050918,   1.490,9999.000,9999.000,9999.000,9999.000,9999.000,9999.000,9999.000,9999.000
202605050924,   1.488,9999.000,9999.000,9999.000,9999.000,9999.000,9999.000,9999.000,9999.000
202605050930,   1.486,9999.000,9999.000,9999.000,9999.000,9999.000,9999.000,9999.000,9999.000
202605050936,   1.482,9999.000,9999.000,9999.000,9999.000,9999.000,9999.000,9999.000,9999.000
202605050942,   1.477,9999.000,9999.000,9999.000,9999.000,9999.000,9999.000,9999.000,9999.000
202605050948,   1.470,9999.000,9999.000,9999.000,9999.000,9999.000,9999.000,9999.000,9999.000
202605050954,   1.463,9999.000,9999.000,9999.000,9999.000,9999.000,9999.000,9999.000,9999.000
202605051000,   1.454,9999.000,   0.200,   0.079,   1.733,   0.200,   1.733,   0.300,   1.833
202605051006,   1.443,9999.000,9999.000,9999.000,9999.000,9999.000,9999.000,9999.000,9999.000
202605051012,   1.432,9999.000,9999.000,9999.000,9999.000,9999.000,9999.000,9999.000,9999.000
202605051018,   1.419,9999.000,9999.000,9999.000,9999.000,9999.000,9999.000,9999.000,9999.000
202605051024,   1.406,9999.000,9999.000,9999.000,9999.000,9999.000,9999.000,9999.000,9999.000
202605051030,   1.391,9999.000,9999.000,9999.000,9999.000,9999.000,9999.000,9999.000,9999.000
202605051036,   1.375,9999.000,9999.000,9999.000,9999.000,9999.000,9999.000,9999.000,9999.000
202605051042,   1.358,9999.000,9999.000,9999.000,9999.000,9999.000,9999.000,9999.000,9999.000
202605051048,   1.341,9999.000,9999.000,9999.000,9999.000,9999.000,9999.000,9999.000,9999.000
202605051054,   1.322,9999.000,9999.000,9999.000,9999.000,9999.000,9999.000,9999.000,9999.000
202605051100,   1.302,9999.000,   0.200,   0.077,   1.579,   0.100,   1.479,   0.300,   1.679
202605051106,   1.282,9999.000,9999.000,9999.000,9999.000,9999.000,9999.000,9999.000,9999.000
202605051112,   1.261,9999.000,9999.000,9999.000,9999.000,9999.000,9999.000,9999.000,9999.000
202605051118,   1.240,9999.000,9999.000,9999.000,9999.000,9999.000,9999.000,9999.000,9999.000
202605051124,   1.218,9999.000,9999.000,9999.000,9999.000,9999.000,9999.000,9999.000,9999.000
202605051130,   1.195,9999.000,9999.000,9999.000,9999.000,9999.000,9999.000,9999.000,9999.000
202605051136,   1.173,9999.000,9999.000,9999.000,9999.000,9999.000,9999.000,9999.000,9999.000
202605051142,   1.149,9999.000,9999.000,9999.000,9999.000,9999.000,9999.000,9999.000,9999.000
202605051148,   1.126,9999.000,9999.000,9999.000,9999.000,9999.000,9999.000,9999.000,9999.000
202605051154,   1.102,9999.000,9999.000,9999.000,9999.000,9999.000,9999.000,9999.000,9999.000
202605051200,   1.079,9999.000,   0.200,   0.077,   1.356,   0.100,   1.256,   0.300,   1.456
202605051206,   1.055,9999.000,9999.000,9999.000,9999.000,9999.000,9999.000,9999.000,9999.000
202605051212,   1.031,9999.000,9999.000,9999.000,9999.000,9999.000,9999.000,9999.000,9999.000
202605051218,   1.007,9999.000,9999.000,9999.000,9999.000,9999.000,9999.000,9999.000,9999.000
202605051224,   0.984,9999.000,9999.000,9999.000,9999.000,9999.000,9999.000,9999.000,9999.000
202605051230,   0.960,9999.000,9999.000,9999.000,9999.000,9999.000,9999.000,9999.000,9999.000
202605051236,   0.936,9999.000,9999.000,9999.000,9999.000,9999.000,9999.000,9999.000,9999.000
202605051242,   0.913,9999.000,9999.000,9999.000,9999.000,9999.000,9999.000,9999.000,9999.000
202605051248,   0.890,9999.000,9999.000,9999.000,9999.000,9999.000,9999.000,9999.000,9999.000
202605051254,   0.867,9999.000,9999.000,9999.000,9999.000,9999.000,9999.000,9999.000,9999.000
202605051300,   0.845,9999.000,   0.200,   0.077,   1.122,   0.100,   1.022,   0.200,   1.122
202605051306,   0.823,9999.000,9999.000,9999.000,9999.000,9999.000,9999.000,9999.000,9999.000
202605051312,   0.801,9999.000,9999.000,9999.000,9999.000,9999.000,9999.000,9999.000,9999.000
202605051318,   0.779,9999.000,9999.000,9999.000,9999.000,9999.000,9999.000,9999.000,9999.000
202605051324,   0.758,9999.000,9999.000,9999.000,9999.000,9999.000,9999.000,9999.000,9999.000
202605051330,   0.737,9999.000,9999.000,9999.000,9999.000,9999.000,9999.000,9999.000,9999.000
202605051336,   0.716,9999.000,9999.000,9999.000,9999.000,9999.000,9999.000,9999.000,9999.000
202605051342,   0.696,9999.000,9999.000,9999.000,9999.000,9999.000,9999.000,9999.000,9999.000
202605051348,   0.676,9999.000,9999.000,9999.000,9999.000,9999.000,9999.000,9999.000,9999.000
202605051354,   0.657,9999.000,9999.000,9999.000,9999.000,9999.000,9999.000,9999.000,9999.000
202605051400,   0.638,9999.000,   0.100,   0.077,   0.815,   0.100,   0.815,   0.200,   0.915
202605051406,   0.619,9999.000,9999.000,9999.000,9999.000,9999.000,9999.000,9999.000,9999.000
202605051412,   0.601,9999.000,9999.000,9999.000,9999.000,9999.000,9999.000,9999.000,9999.000
202605051418,   0.584,9999.000,9999.000,9999.000,9999.000,9999.000,9999.000,9999.000,9999.000
202605051424,   0.567,9999.000,9999.000,9999.000,9999.000,9999.000,9999.000,9999.000,9999.000
202605051430,   0.551,9999.000,9999.000,9999.000,9999.000,9999.000,9999.000,9999.000,9999.000
202605051436,   0.535,9999.000,9999.000,9999.000,9999.000,9999.000,9999.000,9999.000,9999.000
202605051442,   0.520,9999.000,9999.000,9999.000,9999.000,9999.000,9999.000,9999.000,9999.000
202605051448,   0.506,9999.000,9999.000,9999.000,9999.000,9999.000,9999.000,9999.000,9999.000
202605051454,   0.493,9999.000,9999.000,9999.000,9999.000,9999.000,9999.000,9999.000,9999.000
202605051500,   0.481,9999.000,   0.100,   0.077,   0.658,   0.000,   0.558,   0.200,   0.758
202605051506,   0.469,9999.000,9999.000,9999.000,9999.000,9999.000,9999.000,9999.000,9999.000
202605051512,   0.459,9999.000,9999.000,9999.000,9999.000,9999.000,9999.000,9999.000,9999.000
202605051518,   0.449,9999.000,9999.000,9999.000,9999.000,9999.000,9999.000,9999.000,9999.000
202605051524,   0.441,9999.000,9999.000,9999.000,9999.000,9999.000,9999.000,9999.000,9999.000
202605051530,   0.434,9999.000,9999.000,9999.000,9999.000,9999.000,9999.000,9999.000,9999.000
202605051536,   0.428,9999.000,9999.000,9999.000,9999.000,9999.000,9999.000,9999.000,9999.000
202605051542,   0.423,9999.000,9999.000,9999.000,9999.000,9999.000,9999.000,9999.000,9999.000
202605051548,   0.420,9999.000,9999.000,9999.000,9999.000,9999.000,9999.000,9999.000,9999.000
202605051554,   0.418,9999.000,9999.000,9999.000,9999.000,9999.000,9999.000,9999.000,9999.000
202605051600,   0.417,9999.000,   0.100,   0.077,   0.594,   0.000,   0.494,   0.200,   0.694
202605051606,   0.418,9999.000,9999.000,9999.000,9999.000,9999.000,9999.000,9999.000,9999.000
202605051612,   0.420,9999.000,9999.000,9999.000,9999.000,9999.000,9999.000,9999.000,9999.000
202605051618,   0.424,9999.000,9999.000,9999.000,9999.000,9999.000,9999.000,9999.000,9999.000
202605051624,   0.429,9999.000,9999.000,9999.000,9999.000,9999.000,9999.000,9999.000,9999.000
202605051630,   0.436,9999.000,9999.000,9999.000,9999.000,9999.000,9999.000,9999.000,9999.000
202605051636,   0.443,9999.000,9999.000,9999.000,9999.000,9999.000,9999.000,9999.000,9999.000
202605051642,   0.453,9999.000,9999.000,9999.000,9999.000,9999.000,9999.000,9999.000,9999.000
202605051648,   0.464,9999.000,9999.000,9999.000,9999.000,9999.000,9999.000,9999.000,9999.000
202605051654,   0.476,9999.000,9999.000,9999.000,9999.000,9999.000,9999.000,9999.000,9999.000
202605051700,   0.489,9999.000,   0.100,   0.077,   0.666,   0.000,   0.566,   0.200,   0.766
202605051706,   0.504,9999.000,9999.000,9999.000,9999.000,9999.000,9999.000,9999.000,9999.000
202605051712,   0.519,9999.000,9999.000,9999.000,9999.000,9999.000,9999.000,9999.000,9999.000
202605051718,   0.536,9999.000,9999.000,9999.000,9999.000,9999.000,9999.000,9999.000,9999.000
202605051724,   0.554,9999.000,9999.000,9999.000,9999.000,9999.000,9999.000,9999.000,9999.000
202605051730,   0.572,9999.000,9999.000,9999.000,9999.000,9999.000,9999.000,9999.000,9999.000
202605051736,   0.592,9999.000,9999.000,9999.000,9999.000,9999.000,9999.000,9999.000,9999.000
202605051742,   0.612,9999.000,9999.000,9999.000,9999.000,9999.000,9999.000,9999.000,9999.000
202605051748,   0.633,9999.000,9999.000,9999.000,9999.000,9999.000,9999.000,9999.000,9999.000
202605051754,   0.654,9999.000,9999.000,9999.000,9999.000,9999.000,9999.000,9999.000,9999.000
202605051800,   0.676,9999.000,   0.100,   0.077,   0.853,   0.000,   0.753,   0.200,   0.953
202605051806,   0.698,9999.000,9999.000,9999.000,9999.000,9999.000,9999.000,9999.000,9999.000
202605051812,   0.720,9999.000,9999.000,9999.000,9999.000,9999.000,9999.000,9999.000,9999.000
202605051818,   0.743,9999.000,9999.000,9999.000,9999.000,9999.000,9999.000,9999.000,9999.000
202605051824,   0.765,9999.000,9999.000,9999.000,9999.000,9999.000,9999.000,9999.000,9999.000
202605051830,   0.787,9999.000,9999.000,9999.000,9999.000,9999.000,9999.000,9999.000,9999.000
202605051836,   0.810,9999.000,9999.000,9999.000,9999.000,9999.000,9999.000,9999.000,9999.000
202605051842,   0.832,9999.000,9999.000,9999.000,9999.000,9999.000,9999.000,9999.000,9999.000
202605051848,   0.854,9999.000,9999.000,9999.000,9999.000,9999.000,9999.000,9999.000,9999.000
202605051854,   0.876,9999.000,9999.000,9999.000,9999.000,9999.000,9999.000,9999.000,9999.000
202605051900,   0.897,9999.000,   0.100,   0.077,   1.074,   0.000,   0.974,   0.100,   1.074
202605051906,   0.918,9999.000,9999.000,9999.000,9999.000,9999.000,9999.000,9999.000,9999.000
202605051912,   0.938,9999.000,9999.000,9999.000,9999.000,9999.000,9999.000,9999.000,9999.000
202605051918,   0.958,9999.000,9999.000,9999.000,9999.000,9999.000,9999.000,9999.000,9999.000
202605051924,   0.977,9999.000,9999.000,9999.000,9999.000,9999.000,9999.000,9999.000,9999.000
202605051930,   0.995,9999.000,9999.000,9999.000,9999.000,9999.000,9999.000,9999.000,9999.000
202605051936,   1.013,9999.000,9999.000,9999.000,9999.000,9999.000,9999.000,9999.000,9999.000
202605051942,   1.030,9999.000,9999.000,9999.000,9999.000,9999.000,9999.000,9999.000,9999.000
202605051948,   1.047,9999.000,9999.000,9999.000,9999.000,9999.000,9999.000,9999.000,9999.000
202605051954,   1.062,9999.000,9999.000,9999.000,9999.000,9999.000,9999.000,9999.000,9999.000
202605052000,   1.077,9999.000,   0.100,   0.077,   1.254,   0.000,   1.154,   0.100,   1.254
202605052006,   1.092,9999.000,9999.000,9999.000,9999.000,9999.000,9999.000,9999.000,9999.000
202605052012,   1.105,9999.000,9999.000,9999.000,9999.000,9999.000,9999.000,9999.000,9999.000
202605052018,   1.117,9999.000,9999.000,9999.000,9999.000,9999.000,9999.000,9999.000,9999.000
202605052024,   1.129,9999.000,9999.000,9999.000,9999.000,9999.000,9999.000,9999.000,9999.000
202605052030,   1.140,9999.000,9999.000,9999.000,9999.000,9999.000,9999.000,9999.000,9999.000
202605052036,   1.150,9999.000,9999.000,9999.000,9999.000,9999.000,9999.000,9999.000,9999.000
202605052042,   1.159,9999.000,9999.000,9999.000,9999.000,9999.000,9999.000,9999.000,9999.000
202605052048,   1.167,9999.000,9999.000,9999.000,9999.000,9999.000,9999.000,9999.000,9999.000
202605052054,   1.174,9999.000,9999.000,9999.000,9999.000,9999.000,9999.000,9999.000,9999.000
202605052100,   1.180,9999.000,   0.100,   0.077,   1.357,   0.000,   1.257,   0.200,   1.457
202605052106,   1.185,9999.000,9999.000,9999.000,9999.000,9999.000,9999.000,9999.000,9999.000
202605052112,   1.189,9999.000,9999.000,9999.000,9999.000,9999.000,9999.000,9999.000,9999.000
202605052118,   1.191,9999.000,9999.000,9999.000,9999.000,9999.000,9999.000,9999.000,9999.000
202605052124,   1.193,9999.000,9999.000,9999.000,9999.000,9999.000,9999.000,9999.000,9999.000
202605052130,   1.194,9999.000,9999.000,9999.000,9999.000,9999.000,9999.000,9999.000,9999.000
202605052136,   1.193,9999.000,9999.000,9999.000,9999.000,9999.000,9999.000,9999.000,9999.000
202605052142,   1.191,9999.000,9999.000,9999.000,9999.000,9999.000,9999.000,9999.000,9999.000
202605052148,   1.188,9999.000,9999.000,9999.000,9999.000,9999.000,9999.000,9999.000,9999.000
202605052154,   1.184,9999.000,9999.000,9999.000,9999.000,9999.000,9999.000,9999.000,9999.000
202605052200,   1.179,9999.000,   0.100,   0.077,   1.356,   0.000,   1.256,   0.200,   1.456
202605052206,   1.172,9999.000,9999.000,9999.000,9999.000,9999.000,9999.000,9999.000,9999.000
202605052212,   1.164,9999.000,9999.000,9999.000,9999.000,9999.000,9999.000,9999.000,9999.000
202605052218,   1.155,9999.000,9999.000,9999.000,9999.000,9999.000,9999.000,9999.000,9999.000
202605052224,   1.145,9999.000,9999.000,9999.000,9999.000,9999.000,9999.000,9999.000,9999.000
202605052230,   1.133,9999.000,9999.000,9999.000,9999.000,9999.000,9999.000,9999.000,9999.000
202605052236,   1.121,9999.000,9999.000,9999.000,9999.000,9999.000,9999.000,9999.000,9999.000
202605052242,   1.107,9999.000,9999.000,9999.000,9999.000,9999.000,9999.000,9999.000,9999.000
202605052248,   1.092,9999.000,9999.000,9999.000,9999.000,9999.000,9999.000,9999.000,9999.000
202605052254,   1.076,9999.000,9999.000,9999.000,9999.000,9999.000,9999.000,9999.000,9999.000
202605052300,   1.059,9999.000,   0.100,   0.077,   1.236,   0.000,   1.136,   0.200,   1.336
202605052306,   1.041,9999.000,9999.000,9999.000,9999.000,9999.000,9999.000,9999.000,9999.000
202605052312,   1.022,9999.000,9999.000,9999.000,9999.000,9999.000,9999.000,9999.000,9999.000
202605052318,   1.002,9999.000,9999.000,9999.000,9999.000,9999.000,9999.000,9999.000,9999.000
202605052324,   0.982,9999.000,9999.000,9999.000,9999.000,9999.000,9999.000,9999.000,9999.000
202605052330,   0.960,9999.000,9999.000,9999.000,9999.000,9999.000,9999.000,9999.000,9999.000
202605052336,   0.939,9999.000,9999.000,9999.000,9999.000,9999.000,9999.000,9999.000,9999.000
202605052342,   0.916,9999.000,9999.000,9999.000,9999.000,9999.000,9999.000,9999.000,9999.000
202605052348,   0.893,9999.000,9999.000,9999.000,9999.000,9999.000,9999.000,9999.000,9999.000
202605052354,   0.870,9999.000,9999.000,9999.000,9999.000,9999.000,9999.000,9999.000,9999.000
202605060000,   0.847,9999.000,   0.100,   0.077,   1.024,   0.000,   0.924,   0.300,   1.224
202605060006,   0.823,9999.000,9999.000,9999.000,9999.000,9999.000,9999.000,9999.000,9999.000
202605060012,   0.799,9999.000,9999.000,9999.000,9999.000,9999.000,9999.000,9999.000,9999.000
202605060018,   0.776,9999.000,9999.000,9999.000,9999.000,9999.000,9999.000,9999.000,9999.000
202605060024,   0.752,9999.000,9999.000,9999.000,9999.000,9999.000,9999.000,9999.000,9999.000
202605060030,   0.728,9999.000,9999.000,9999.000,9999.000,9999.000,9999.000,9999.000,9999.000
202605060036,   0.705,9999.000,9999.000,9999.000,9999.000,9999.000,9999.000,9999.000,9999.000
202605060042,   0.681,9999.000,9999.000,9999.000,9999.000,9999.000,9999.000,9999.000,9999.000
202605060048,   0.658,9999.000,9999.000,9999.000,9999.000,9999.000,9999.000,9999.000,9999.000
202605060054,   0.636,9999.000,9999.000,9999.000,9999.000,9999.000,9999.000,9999.000,9999.000
202605060100,   0.613,9999.000,   0.100,   0.077,   0.790,   0.000,   0.690,   0.300,   0.990
202605060106,   0.592,9999.000,9999.000,9999.000,9999.000,9999.000,9999.000,9999.000,9999.000
202605060112,   0.570,9999.000,9999.000,9999.000,9999.000,9999.000,9999.000,9999.000,9999.000
202605060118,   0.550,9999.000,9999.000,9999.000,9999.000,9999.000,9999.000,9999.000,9999.000
202605060124,   0.530,9999.000,9999.000,9999.000,9999.000,9999.000,9999.000,9999.000,9999.000
202605060130,   0.510,9999.000,9999.000,9999.000,9999.000,9999.000,9999.000,9999.000,9999.000
202605060136,   0.491,9999.000,9999.000,9999.000,9999.000,9999.000,9999.000,9999.000,9999.000
202605060142,   0.473,9999.000,9999.000,9999.000,9999.000,9999.000,9999.000,9999.000,9999.000
202605060148,   0.455,9999.000,9999.000,9999.000,9999.000,9999.000,9999.000,9999.000,9999.000
202605060154,   0.439,9999.000,9999.000,9999.000,9999.000,9999.000,9999.000,9999.000,9999.000
202605060200,   0.423,9999.000,   0.100,   0.077,   0.600,   0.000,   0.500,   0.300,   0.800
202605060206,   0.407,9999.000,9999.000,9999.000,9999.000,9999.000,9999.000,9999.000,9999.000
202605060212,   0.393,9999.000,9999.000,9999.000,9999.000,9999.000,9999.000,9999.000,9999.000
202605060218,   0.379,9999.000,9999.000,9999.000,9999.000,9999.000,9999.000,9999.000,9999.000
202605060224,   0.366,9999.000,9999.000,9999.000,9999.000,9999.000,9999.000,9999.000,9999.000
202605060230,   0.354,9999.000,9999.000,9999.000,9999.000,9999.000,9999.000,9999.000,9999.000
202605060236,   0.343,9999.000,9999.000,9999.000,9999.000,9999.000,9999.000,9999.000,9999.000
202605060242,   0.332,9999.000,9999.000,9999.000,9999.000,9999.000,9999.000,9999.000,9999.000
202605060248,   0.323,9999.000,9999.000,9999.000,9999.000,9999.000,9999.000,9999.000,9999.000
202605060254,   0.315,9999.000,9999.000,9999.000,9999.000,9999.000,9999.000,9999.000,9999.000
202605060300,   0.307,9999.000,   0.100,   0.077,   0.484,   0.000,   0.384,   0.300,   0.684
202605060306,   0.301,9999.000,9999.000,9999.000,9999.000,9999.000,9999.000,9999.000,9999.000
202605060312,   0.296,9999.000,9999.000,9999.000,9999.000,9999.000,9999.000,9999.000,9999.000
202605060318,   0.292,9999.000,9999.000,9999.000,9999.000,9999.000,9999.000,9999.000,9999.000
202605060324,   0.289,9999.000,9999.000,9999.000,9999.000,9999.000,9999.000,9999.000,9999.000
202605060330,   0.288,9999.000,9999.000,9999.000,9999.000,9999.000,9999.000,9999.000,9999.000
202605060336,   0.287,9999.000,9999.000,9999.000,9999.000,9999.000,9999.000,9999.000,9999.000
202605060342,   0.288,9999.000,9999.000,9999.000,9999.000,9999.000,9999.000,9999.000,9999.000
202605060348,   0.291,9999.000,9999.000,9999.000,9999.000,9999.000,9999.000,9999.000,9999.000
202605060354,   0.294,9999.000,9999.000,9999.000,9999.000,9999.000,9999.000,9999.000,9999.000
202605060400,   0.300,9999.000,   0.100,   0.077,   0.477,   0.000,   0.377,   0.300,   0.677
202605060406,   0.306,9999.000,9999.000,9999.000,9999.000,9999.000,9999.000,9999.000,9999.000
202605060412,   0.314,9999.000,9999.000,9999.000,9999.000,9999.000,9999.000,9999.000,9999.000
202605060418,   0.324,9999.000,9999.000,9999.000,9999.000,9999.000,9999.000,9999.000,9999.000
202605060424,   0.335,9999.000,9999.000,9999.000,9999.000,9999.000,9999.000,9999.000,9999.000
202605060430,   0.348,9999.000,9999.000,9999.000,9999.000,9999.000,9999.000,9999.000,9999.000
202605060436,   0.362,9999.000,9999.000,9999.000,9999.000,9999.000,9999.000,9999.000,9999.000
202605060442,   0.378,9999.000,9999.000,9999.000,9999.000,9999.000,9999.000,9999.000,9999.000
202605060448,   0.395,9999.000,9999.000,9999.000,9999.000,9999.000,9999.000,9999.000,9999.000
202605060454,   0.413,9999.000,9999.000,9999.000,9999.000,9999.000,9999.000,9999.000,9999.000
202605060500,   0.433,9999.000,   0.100,   0.077,   0.610,   0.000,   0.510,   0.300,   0.810
202605060506,   0.455,9999.000,9999.000,9999.000,9999.000,9999.000,9999.000,9999.000,9999.000
202605060512,   0.477,9999.000,9999.000,9999.000,9999.000,9999.000,9999.000,9999.000,9999.000
202605060518,   0.501,9999.000,9999.000,9999.000,9999.000,9999.000,9999.000,9999.000,9999.000
202605060524,   0.526,9999.000,9999.000,9999.000,9999.000,9999.000,9999.000,9999.000,9999.000
202605060530,   0.552,9999.000,9999.000,9999.000,9999.000,9999.000,9999.000,9999.000,9999.000
202605060536,   0.579,9999.000,9999.000,9999.000,9999.000,9999.000,9999.000,9999.000,9999.000
202605060542,   0.607,9999.000,9999.000,9999.000,9999.000,9999.000,9999.000,9999.000,9999.000
202605060548,   0.635,9999.000,9999.000,9999.000,9999.000,9999.000,9999.000,9999.000,9999.000
202605060554,   0.665,9999.000,9999.000,9999.000,9999.000,9999.000,9999.000,9999.000,9999.000
202605060600,   0.695,9999.000,   0.100,   0.077,   0.872,   0.000,   0.772,   0.300,   1.072
202605060606,   0.725,9999.000,9999.000,9999.000,9999.000,9999.000,9999.000,9999.000,9999.000
202605060612,   0.756,9999.000,9999.000,9999.000,9999.000,9999.000,9999.000,9999.000,9999.000
202605060618,   0.786,9999.000,9999.000,9999.000,9999.000,9999.000,9999.000,9999.000,9999.000
202605060624,   0.817,9999.000,9999.000,9999.000,9999.000,9999.000,9999.000,9999.000,9999.000
202605060630,   0.848,9999.000,9999.000,9999.000,9999.000,9999.000,9999.000,9999.000,9999.000
202605060636,   0.879,9999.000,9999.000,9999.000,9999.000,9999.000,9999.000,9999.000,9999.000
202605060642,   0.910,9999.000,9999.000,9999.000,9999.000,9999.000,9999.000,9999.000,9999.000
202605060648,   0.940,9999.000,9999.000,9999.000,9999.000,9999.000,9999.000,9999.000,9999.000
202605060654,   0.970,9999.000,9999.000,9999.000,9999.000,9999.000,9999.000,9999.000,9999.000
202605060700,   1.000,9999.000,   0.100,   0.077,   1.177,   0.000,   1.077,   0.200,   1.277
202605060706,   1.028,9999.000,9999.000,9999.000,9999.000,9999.000,9999.000,9999.000,9999.000
202605060712,   1.057,9999.000,9999.000,9999.000,9999.000,9999.000,9999.000,9999.000,9999.000
202605060718,   1.084,9999.000,9999.000,9999.000,9999.000,9999.000,9999.000,9999.000,9999.000
202605060724,   1.111,9999.000,9999.000,9999.000,9999.000,9999.000,9999.000,9999.000,9999.000
202605060730,   1.137,9999.000,9999.000,9999.000,9999.000,9999.000,9999.000,9999.000,9999.000
202605060736,   1.162,9999.000,9999.000,9999.000,9999.000,9999.000,9999.000,9999.000,9999.000
202605060742,   1.186,9999.000,9999.000,9999.000,9999.000,9999.000,9999.000,9999.000,9999.000
202605060748,   1.210,9999.000,9999.000,9999.000,9999.000,9999.000,9999.000,9999.000,9999.000
202605060754,   1.232,9999.000,9999.000,9999.000,9999.000,9999.000,9999.000,9999.000,9999.000
202605060800,   1.253,9999.000,   0.000,   0.077,   1.330,   0.000,   1.330,   0.200,   1.530
202605060806,   1.273,9999.000,9999.000,9999.000,9999.000,9999.000,9999.000,9999.000,9999.000
202605060812,   1.293,9999.000,9999.000,9999.000,9999.000,9999.000,9999.000,9999.000,9999.000
202605060818,   1.311,9999.000,9999.000,9999.000,9999.000,9999.000,9999.000,9999.000,9999.000
202605060824,   1.328,9999.000,9999.000,9999.000,9999.000,9999.000,9999.000,9999.000,9999.000
202605060830,   1.344,9999.000,9999.000,9999.000,9999.000,9999.000,9999.000,9999.000,9999.000
202605060836,   1.359,9999.000,9999.000,9999.000,9999.000,9999.000,9999.000,9999.000,9999.000
202605060842,   1.373,9999.000,9999.000,9999.000,9999.000,9999.000,9999.000,9999.000,9999.000
202605060848,   1.386,9999.000,9999.000,9999.000,9999.000,9999.000,9999.000,9999.000,9999.000
202605060854,   1.398,9999.000,9999.000,9999.000,9999.000,9999.000,9999.000,9999.000,9999.000
202605060900,   1.408,9999.000,   0.000,   0.077,   1.485,   0.000,   1.485,   0.200,   1.685
202605060906,   1.418,9999.000,9999.000,9999.000,9999.000,9999.000,9999.000,9999.000,9999.000
202605060912,   1.427,9999.000,9999.000,9999.000,9999.000,9999.000,9999.000,9999.000,9999.000
202605060918,   1.434,9999.000,9999.000,9999.000,9999.000,9999.000,9999.000,9999.000,9999.000
202605060924,   1.440,9999.000,9999.000,9999.000,9999.000,9999.000,9999.000,9999.000,9999.000
202605060930,   1.446,9999.000,9999.000,9999.000,9999.000,9999.000,9999.000,9999.000,9999.000
202605060936,   1.450,9999.000,9999.000,9999.000,9999.000,9999.000,9999.000,9999.000,9999.000
202605060942,   1.453,9999.000,9999.000,9999.000,9999.000,9999.000,9999.000,9999.000,9999.000
202605060948,   1.455,9999.000,9999.000,9999.000,9999.000,9999.000,9999.000,9999.000,9999.000
202605060954,   1.455,9999.000,9999.000,9999.000,9999.000,9999.000,9999.000,9999.000,9999.000
202605061000,   1.455,9999.000,   0.000,   0.077,   1.532,  -0.100,   1.432,   0.100,   1.632
202605061006,   1.453,9999.000,9999.000,9999.000,9999.000,9999.000,9999.000,9999.000,9999.000
202605061012,   1.451,9999.000,9999.000,9999.000,9999.000,9999.000,9999.000,9999.000,9999.000
202605061018,   1.447,9999.000,9999.000,9999.000,9999.000,9999.000,9999.000,9999.000,9999.000
202605061024,   1.441,9999.000,9999.000,9999.000,9999.000,9999.000,9999.000,9999.000,9999.000
202605061030,   1.435,9999.000,9999.000,9999.000,9999.000,9999.000,9999.000,9999.000,9999.000
202605061036,   1.428,9999.000,9999.000,9999.000,9999.000,9999.000,9999.000,9999.000,9999.000
202605061042,   1.419,9999.000,9999.000,9999.000,9999.000,9999.000,9999.000,9999.000,9999.000
202605061048,   1.409,9999.000,9999.000,9999.000,9999.000,9999.000,9999.000,9999.000,9999.000
202605061054,   1.399,9999.000,9999.000,9999.000,9999.000,9999.000,9999.000,9999.000,9999.000
202605061100,   1.387,9999.000,   0.000,   0.077,   1.464,  -0.100,   1.364,   0.100,   1.564
202605061106,   1.374,9999.000,9999.000,9999.000,9999.000,9999.000,9999.000,9999.000,9999.000
202605061112,   1.360,9999.000,9999.000,9999.000,9999.000,9999.000,9999.000,9999.000,9999.000
202605061118,   1.345,9999.000,9999.000,9999.000,9999.000,9999.000,9999.000,9999.000,9999.000
202605061124,   1.329,9999.000,9999.000,9999.000,9999.000,9999.000,9999.000,9999.000,9999.000
202605061130,   1.312,9999.000,9999.000,9999.000,9999.000,9999.000,9999.000,9999.000,9999.000
202605061136,   1.294,9999.000,9999.000,9999.000,9999.000,9999.000,9999.000,9999.000,9999.000
202605061142,   1.276,9999.000,9999.000,9999.000,9999.000,9999.000,9999.000,9999.000,9999.000
202605061148,   1.256,9999.000,9999.000,9999.000,9999.000,9999.000,9999.000,9999.000,9999.000
202605061154,   1.237,9999.000,9999.000,9999.000,9999.000,9999.000,9999.000,9999.000,9999.000
202605061200,   1.216,9999.000,   0.000,   0.077,   1.293,  -0.100,   1.193,   0.100,   1.393
202605061206,   1.195,9999.000,9999.000,9999.000,9999.000,9999.000,9999.000,9999.000,9999.000
202605061212,   1.174,9999.000,9999.000,9999.000,9999.000,9999.000,9999.000,9999.000,9999.000
202605061218,   1.152,9999.000,9999.000,9999.000,9999.000,9999.000,9999.000,9999.000,9999.000
202605061224,   1.130,9999.000,9999.000,9999.000,9999.000,9999.000,9999.000,9999.000,9999.000
202605061230,   1.107,9999.000,9999.000,9999.000,9999.000,9999.000,9999.000,9999.000,9999.000
202605061236,   1.085,9999.000,9999.000,9999.000,9999.000,9999.000,9999.000,9999.000,9999.000
202605061242,   1.062,9999.000,9999.000,9999.000,9999.000,9999.000,9999.000,9999.000,9999.000
202605061248,   1.039,9999.000,9999.000,9999.000,9999.000,9999.000,9999.000,9999.000,9999.000
202605061254,   1.016,9999.000,9999.000,9999.000,9999.000,9999.000,9999.000,9999.000,9999.000
202605061300,   0.993,9999.000,   0.000,   0.077,   1.070,  -0.100,   0.970,   0.100,   1.170
202605061306,   0.971,9999.000,9999.000,9999.000,9999.000,9999.000,9999.000,9999.000,9999.000
202605061312,   0.948,9999.000,9999.000,9999.000,9999.000,9999.000,9999.000,9999.000,9999.000
202605061318,   0.926,9999.000,9999.000,9999.000,9999.000,9999.000,9999.000,9999.000,9999.000
202605061324,   0.903,9999.000,9999.000,9999.000,9999.000,9999.000,9999.000,9999.000,9999.000
202605061330,   0.881,9999.000,9999.000,9999.000,9999.000,9999.000,9999.000,9999.000,9999.000
202605061336,   0.860,9999.000,9999.000,9999.000,9999.000,9999.000,9999.000,9999.000,9999.000
202605061342,   0.838,9999.000,9999.000,9999.000,9999.000,9999.000,9999.000,9999.000,9999.000
202605061348,   0.817,9999.000,9999.000,9999.000,9999.000,9999.000,9999.000,9999.000,9999.000
202605061354,   0.796,9999.000,9999.000,9999.000,9999.000,9999.000,9999.000,9999.000,9999.000
202605061400,   0.776,9999.000,   0.000,   0.077,   0.853,  -0.100,   0.753,   0.000,   0.853
202605061406,   0.756,9999.000,9999.000,9999.000,9999.000,9999.000,9999.000,9999.000,9999.000
202605061412,   0.736,9999.000,9999.000,9999.000,9999.000,9999.000,9999.000,9999.000,9999.000
202605061418,   0.717,9999.000,9999.000,9999.000,9999.000,9999.000,9999.000,9999.000,9999.000
202605061424,   0.698,9999.000,9999.000,9999.000,9999.000,9999.000,9999.000,9999.000,9999.000
202605061430,   0.679,9999.000,9999.000,9999.000,9999.000,9999.000,9999.000,9999.000,9999.000
202605061436,   0.661,9999.000,9999.000,9999.000,9999.000,9999.000,9999.000,9999.000,9999.000
202605061442,   0.643,9999.000,9999.000,9999.000,9999.000,9999.000,9999.000,9999.000,9999.000
202605061448,   0.626,9999.000,9999.000,9999.000,9999.000,9999.000,9999.000,9999.000,9999.000
202605061454,   0.609,9999.000,9999.000,9999.000,9999.000,9999.000,9999.000,9999.000,9999.000
202605061500,   0.593,9999.000,   0.000,   0.077,   0.670,  -0.100,   0.570,   0.000,   0.670
202605061506,   0.577,9999.000,9999.000,9999.000,9999.000,9999.000,9999.000,9999.000,9999.000
202605061512,   0.562,9999.000,9999.000,9999.000,9999.000,9999.000,9999.000,9999.000,9999.000
202605061518,   0.547,9999.000,9999.000,9999.000,9999.000,9999.000,9999.000,9999.000,9999.000
202605061524,   0.533,9999.000,9999.000,9999.000,9999.000,9999.000,9999.000,9999.000,9999.000
202605061530,   0.520,9999.000,9999.000,9999.000,9999.000,9999.000,9999.000,9999.000,9999.000
202605061536,   0.508,9999.000,9999.000,9999.000,9999.000,9999.000,9999.000,9999.000,9999.000
202605061542,   0.496,9999.000,9999.000,9999.000,9999.000,9999.000,9999.000,9999.000,9999.000
202605061548,   0.485,9999.000,9999.000,9999.000,9999.000,9999.000,9999.000,9999.000,9999.000
202605061554,   0.475,9999.000,9999.000,9999.000,9999.000,9999.000,9999.000,9999.000,9999.000
202605061600,   0.466,9999.000,  -0.100,   0.077,   0.443,  -0.200,   0.343,   0.000,   0.543
202605061606,   0.458,9999.000,9999.000,9999.000,9999.000,9999.000,9999.000,9999.000,9999.000
202605061612,   0.451,9999.000,9999.000,9999.000,9999.000,9999.000,9999.000,9999.000,9999.000
202605061618,   0.445,9999.000,9999.000,9999.000,9999.000,9999.000,9999.000,9999.000,9999.000
202605061624,   0.441,9999.000,9999.000,9999.000,9999.000,9999.000,9999.000,9999.000,9999.000
202605061630,   0.437,9999.000,9999.000,9999.000,9999.000,9999.000,9999.000,9999.000,9999.000
202605061636,   0.435,9999.000,9999.000,9999.000,9999.000,9999.000,9999.000,9999.000,9999.000
202605061642,   0.434,9999.000,9999.000,9999.000,9999.000,9999.000,9999.000,9999.000,9999.000
202605061648,   0.435,9999.000,9999.000,9999.000,9999.000,9999.000,9999.000,9999.000,9999.000
202605061654,   0.437,9999.000,9999.000,9999.000,9999.000,9999.000,9999.000,9999.000,9999.000
202605061700,   0.440,9999.000,  -0.100,   0.077,   0.417,  -0.200,   0.317,   0.000,   0.517
202605061706,   0.444,9999.000,9999.000,9999.000,9999.000,9999.000,9999.000,9999.000,9999.000
202605061712,   0.450,9999.000,9999.000,9999.000,9999.000,9999.000,9999.000,9999.000,9999.000
202605061718,   0.458,9999.000,9999.000,9999.000,9999.000,9999.000,9999.000,9999.000,9999.000
202605061724,   0.466,9999.000,9999.000,9999.000,9999.000,9999.000,9999.000,9999.000,9999.000
202605061730,   0.476,9999.000,9999.000,9999.000,9999.000,9999.000,9999.000,9999.000,9999.000
202605061736,   0.487,9999.000,9999.000,9999.000,9999.000,9999.000,9999.000,9999.000,9999.000
202605061742,   0.500,9999.000,9999.000,9999.000,9999.000,9999.000,9999.000,9999.000,9999.000
202605061748,   0.514,9999.000,9999.000,9999.000,9999.000,9999.000,9999.000,9999.000,9999.000
202605061754,   0.529,9999.000,9999.000,9999.000,9999.000,9999.000,9999.000,9999.000,9999.000
202605061800,   0.544,9999.000,  -0.100,   0.077,   0.521,  -0.200,   0.421,   0.000,   0.621
202605061806,   0.561,9999.000,9999.000,9999.000,9999.000,9999.000,9999.000,9999.000,9999.000
202605061812,   0.579,9999.000,9999.000,9999.000,9999.000,9999.000,9999.000,9999.000,9999.000
202605061818,   0.598,9999.000,9999.000,9999.000,9999.000,9999.000,9999.000,9999.000,9999.000
202605061824,   0.617,9999.000,9999.000,9999.000,9999.000,9999.000,9999.000,9999.000,9999.000
202605061830,   0.637,9999.000,9999.000,9999.000,9999.000,9999.000,9999.000,9999.000,9999.000
202605061836,   0.658,9999.000,9999.000,9999.000,9999.000,9999.000,9999.000,9999.000,9999.000
202605061842,   0.679,9999.000,9999.000,9999.000,9999.000,9999.000,9999.000,9999.000,9999.000
202605061848,   0.700,9999.000,9999.000,9999.000,9999.000,9999.000,9999.000,9999.000,9999.000
202605061854,   0.722,9999.000,9999.000,9999.000,9999.000,9999.000,9999.000,9999.000,9999.000
202605061900,   0.744,9999.000,  -0.100,   0.077,   0.721,  -0.200,   0.621,   0.000,   0.821
202605061906,   0.765,9999.000,9999.000,9999.000,9999.000,9999.000,9999.000,9999.000,9999.000
202605061912,   0.787,9999.000,9999.000,9999.000,9999.000,9999.000,9999.000,9999.000,9999.000
202605061918,   0.809,9999.000,9999.000,9999.000,9999.000,9999.000,9999.000,9999.000,9999.000
202605061924,   0.831,9999.000,9999.000,9999.000,9999.000,9999.000,9999.000,9999.000,9999.000
202605061930,   0.852,9999.000,9999.000,9999.000,9999.000,9999.000,9999.000,9999.000,9999.000
202605061936,   0.873,9999.000,9999.000,9999.000,9999.000,9999.000,9999.000,9999.000,9999.000
202605061942,   0.894,9999.000,9999.000,9999.000,9999.000,9999.000,9999.000,9999.000,9999.000
202605061948,   0.914,9999.000,9999.000,9999.000,9999.000,9999.000,9999.000,9999.000,9999.000
202605061954,   0.933,9999.000,9999.000,9999.000,9999.000,9999.000,9999.000,9999.000,9999.000
202605062000,   0.952,9999.000,  -0.100,   0.077,   0.929,  -0.200,   0.829,   0.000,   1.029
202605062006,   0.971,9999.000,9999.000,9999.000,9999.000,9999.000,9999.000,9999.000,9999.000
202605062012,   0.989,9999.000,9999.000,9999.000,9999.000,9999.000,9999.000,9999.000,9999.000
202605062018,   1.006,9999.000,9999.000,9999.000,9999.000,9999.000,9999.000,9999.000,9999.000
202605062024,   1.022,9999.000,9999.000,9999.000,9999.000,9999.000,9999.000,9999.000,9999.000
202605062030,   1.038,9999.000,9999.000,9999.000,9999.000,9999.000,9999.000,9999.000,9999.000
202605062036,   1.053,9999.000,9999.000,9999.000,9999.000,9999.000,9999.000,9999.000,9999.000
202605062042,   1.068,9999.000,9999.000,9999.000,9999.000,9999.000,9999.000,9999.000,9999.000
202605062048,   1.081,9999.000,9999.000,9999.000,9999.000,9999.000,9999.000,9999.000,9999.000
202605062054,   1.094,9999.000,9999.000,9999.000,9999.000,9999.000,9999.000,9999.000,9999.000
202605062100,   1.106,9999.000,  -0.100,   0.077,   1.083,  -0.200,   0.983,   0.000,   1.183
202605062106,   1.117,9999.000,9999.000,9999.000,9999.000,9999.000,9999.000,9999.000,9999.000
202605062112,   1.127,9999.000,9999.000,9999.000,9999.000,9999.000,9999.000,9999.000,9999.000
202605062118,   1.137,9999.000,9999.000,9999.000,9999.000,9999.000,9999.000,9999.000,9999.000
202605062124,   1.145,9999.000,9999.000,9999.000,9999.000,9999.000,9999.000,9999.000,9999.000
202605062130,   1.153,9999.000,9999.000,9999.000,9999.000,9999.000,9999.000,9999.000,9999.000
202605062136,   1.160,9999.000,9999.000,9999.000,9999.000,9999.000,9999.000,9999.000,9999.000
202605062142,   1.165,9999.000,9999.000,9999.000,9999.000,9999.000,9999.000,9999.000,9999.000
202605062148,   1.170,9999.000,9999.000,9999.000,9999.000,9999.000,9999.000,9999.000,9999.000
202605062154,   1.174,9999.000,9999.000,9999.000,9999.000,9999.000,9999.000,9999.000,9999.000
202605062200,   1.177,9999.000,  -0.100,   0.077,   1.154,  -0.200,   1.054,   0.000,   1.254
202605062206,   1.179,9999.000,9999.000,9999.000,9999.000,9999.000,9999.000,9999.000,9999.000
202605062212,   1.180,9999.000,9999.000,9999.000,9999.000,9999.000,9999.000,9999.000,9999.000
202605062218,   1.180,9999.000,9999.000,9999.000,9999.000,9999.000,9999.000,9999.000,9999.000
202605062224,   1.179,9999.000,9999.000,9999.000,9999.000,9999.000,9999.000,9999.000,9999.000
202605062230,   1.177,9999.000,9999.000,9999.000,9999.000,9999.000,9999.000,9999.000,9999.000
202605062236,   1.173,9999.000,9999.000,9999.000,9999.000,9999.000,9999.000,9999.000,9999.000
202605062242,   1.169,9999.000,9999.000,9999.000,9999.000,9999.000,9999.000,9999.000,9999.000
202605062248,   1.163,9999.000,9999.000,9999.000,9999.000,9999.000,9999.000,9999.000,9999.000
202605062254,   1.157,9999.000,9999.000,9999.000,9999.000,9999.000,9999.000,9999.000,9999.000
202605062300,   1.149,9999.000,  -0.100,   0.077,   1.126,  -0.200,   1.026,   0.000,   1.226
202605062306,   1.140,9999.000,9999.000,9999.000,9999.000,9999.000,9999.000,9999.000,9999.000
202605062312,   1.130,9999.000,9999.000,9999.000,9999.000,9999.000,9999.000,9999.000,9999.000
202605062318,   1.119,9999.000,9999.000,9999.000,9999.000,9999.000,9999.000,9999.000,9999.000
202605062324,   1.107,9999.000,9999.000,9999.000,9999.000,9999.000,9999.000,9999.000,9999.000
202605062330,   1.093,9999.000,9999.000,9999.000,9999.000,9999.000,9999.000,9999.000,9999.000
202605062336,   1.079,9999.000,9999.000,9999.000,9999.000,9999.000,9999.000,9999.000,9999.000
202605062342,   1.064,9999.000,9999.000,9999.000,9999.000,9999.000,9999.000,9999.000,9999.000
202605062348,   1.048,9999.000,9999.000,9999.000,9999.000,9999.000,9999.000,9999.000,9999.000
202605062354,   1.030,9999.000,9999.000,9999.000,9999.000,9999.000,9999.000,9999.000,9999.000
202605070000,   1.013,9999.000,  -0.100,   0.077,   0.990,  -0.200,   0.890,   0.000,   1.090
202605070006,   0.994,9999.000,9999.000,9999.000,9999.000,9999.000,9999.000,9999.000,9999.000
202605070012,   0.974,9999.000,9999.000,9999.000,9999.000,9999.000,9999.000,9999.000,9999.000
202605070018,   0.954,9999.000,9999.000,9999.000,9999.000,9999.000,9999.000,9999.000,9999.000
202605070024,   0.934,9999.000,9999.000,9999.000,9999.000,9999.000,9999.000,9999.000,9999.000
202605070030,   0.913,9999.000,9999.000,9999.000,9999.000,9999.000,9999.000,9999.000,9999.000
202605070036,   0.891,9999.000,9999.000,9999.000,9999.000,9999.000,9999.000,9999.000,9999.000
202605070042,   0.869,9999.000,9999.000,9999.000,9999.000,9999.000,9999.000,9999.000,9999.000
202605070048,   0.847,9999.000,9999.000,9999.000,9999.000,9999.000,9999.000,9999.000,9999.000
202605070054,   0.825,9999.000,9999.000,9999.000,9999.000,9999.000,9999.000,9999.000,9999.000
202605070100,   0.802,9999.000,  -0.100,   0.077,   0.779,  -0.200,   0.679,   0.000,   0.879
202605070106,   0.780,9999.000,9999.000,9999.000,9999.000,9999.000,9999.000,9999.000,9999.000
202605070112,   0.758,9999.000,9999.000,9999.000,9999.000,9999.000,9999.000,9999.000,9999.000
202605070118,   0.735,9999.000,9999.000,9999.000,9999.000,9999.000,9999.000,9999.000,9999.000
202605070124,   0.713,9999.000,9999.000,9999.000,9999.000,9999.000,9999.000,9999.000,9999.000
202605070130,   0.691,9999.000,9999.000,9999.000,9999.000,9999.000,9999.000,9999.000,9999.000
202605070136,   0.670,9999.000,9999.000,9999.000,9999.000,9999.000,9999.000,9999.000,9999.000
202605070142,   0.649,9999.000,9999.000,9999.000,9999.000,9999.000,9999.000,9999.000,9999.000
202605070148,   0.628,9999.000,9999.000,9999.000,9999.000,9999.000,9999.000,9999.000,9999.000
202605070154,   0.607,9999.000,9999.000,9999.000,9999.000,9999.000,9999.000,9999.000,9999.000
202605070200,   0.588,9999.000,  -0.100,   0.077,   0.565,  -0.200,   0.465,   0.000,   0.665
202605070206,   0.568,9999.000,9999.000,9999.000,9999.000,9999.000,9999.000,9999.000,9999.000
202605070212,   0.550,9999.000,9999.000,9999.000,9999.000,9999.000,9999.000,9999.000,9999.000
202605070218,   0.531,9999.000,9999.000,9999.000,9999.000,9999.000,9999.000,9999.000,9999.000
202605070224,   0.514,9999.000,9999.000,9999.000,9999.000,9999.000,9999.000,9999.000,9999.000
202605070230,   0.497,9999.000,9999.000,9999.000,9999.000,9999.000,9999.000,9999.000,9999.000
202605070236,   0.481,9999.000,9999.000,9999.000,9999.000,9999.000,9999.000,9999.000,9999.000
202605070242,   0.465,9999.000,9999.000,9999.000,9999.000,9999.000,9999.000,9999.000,9999.000
202605070248,   0.450,9999.000,9999.000,9999.000,9999.000,9999.000,9999.000,9999.000,9999.000
202605070254,   0.436,9999.000,9999.000,9999.000,9999.000,9999.000,9999.000,9999.000,9999.000
202605070300,   0.423,9999.000,  -0.100,   0.077,   0.400,  -0.200,   0.300,   0.000,   0.500
202605070306,   0.410,9999.000,9999.000,9999.000,9999.000,9999.000,9999.000,9999.000,9999.000
202605070312,   0.399,9999.000,9999.000,9999.000,9999.000,9999.000,9999.000,9999.000,9999.000
202605070318,   0.388,9999.000,9999.000,9999.000,9999.000,9999.000,9999.000,9999.000,9999.000
202605070324,   0.378,9999.000,9999.000,9999.000,9999.000,9999.000,9999.000,9999.000,9999.000
202605070330,   0.368,9999.000,9999.000,9999.000,9999.000,9999.000,9999.000,9999.000,9999.000
202605070336,   0.360,9999.000,9999.000,9999.000,9999.000,9999.000,9999.000,9999.000,9999.000
202605070342,   0.353,9999.000,9999.000,9999.000,9999.000,9999.000,9999.000,9999.000,9999.000
202605070348,   0.346,9999.000,9999.000,9999.000,9999.000,9999.000,9999.000,9999.000,9999.000
202605070354,   0.341,9999.000,9999.000,9999.000,9999.000,9999.000,9999.000,9999.000,9999.000
202605070400,   0.336,9999.000,  -0.200,   0.077,   0.213,  -0.300,   0.113,   0.000,   0.413
202605070406,   0.333,9999.000,9999.000,9999.000,9999.000,9999.000,9999.000,9999.000,9999.000
202605070412,   0.331,9999.000,9999.000,9999.000,9999.000,9999.000,9999.000,9999.000,9999.000
202605070418,   0.330,9999.000,9999.000,9999.000,9999.000,9999.000,9999.000,9999.000,9999.000
202605070424,   0.330,9999.000,9999.000,9999.000,9999.000,9999.000,9999.000,9999.000,9999.000
202605070430,   0.331,9999.000,9999.000,9999.000,9999.000,9999.000,9999.000,9999.000,9999.000
202605070436,   0.334,9999.000,9999.000,9999.000,9999.000,9999.000,9999.000,9999.000,9999.000
202605070442,   0.338,9999.000,9999.000,9999.000,9999.000,9999.000,9999.000,9999.000,9999.000
202605070448,   0.344,9999.000,9999.000,9999.000,9999.000,9999.000,9999.000,9999.000,9999.000
202605070454,   0.351,9999.000,9999.000,9999.000,9999.000,9999.000,9999.000,9999.000,9999.000
202605070500,   0.359,9999.000,  -0.200,   0.077,   0.236,  -0.300,   0.136,  -0.100,   0.336
202605070506,   0.368,9999.000,9999.000,9999.000,9999.000,9999.000,9999.000,9999.000,9999.000
202605070512,   0.379,9999.000,9999.000,9999.000,9999.000,9999.000,9999.000,9999.000,9999.000
202605070518,   0.392,9999.000,9999.000,9999.000,9999.000,9999.000,9999.000,9999.000,9999.000
202605070524,   0.406,9999.000,9999.000,9999.000,9999.000,9999.000,9999.000,9999.000,9999.000
202605070530,   0.421,9999.000,9999.000,9999.000,9999.000,9999.000,9999.000,9999.000,9999.000
202605070536,   0.438,9999.000,9999.000,9999.000,9999.000,9999.000,9999.000,9999.000,9999.000
202605070542,   0.456,9999.000,9999.000,9999.000,9999.000,9999.000,9999.000,9999.000,9999.000
202605070548,   0.475,9999.000,9999.000,9999.000,9999.000,9999.000,9999.000,9999.000,9999.000
202605070554,   0.496,9999.000,9999.000,9999.000,9999.000,9999.000,9999.000,9999.000,9999.000
202605070600,   0.518,9999.000,  -0.200,   0.077,   0.395,  -0.300,   0.295,  -0.100,   0.495
202605070606,   0.541,9999.000,9999.000,9999.000,9999.000,9999.000,9999.000,9999.000,9999.000
202605070612,   0.565,9999.000,9999.000,9999.000,9999.000,9999.000,9999.000,9999.000,9999.000
202605070618,   0.590,9999.000,9999.000,9999.000,9999.000,9999.000,9999.000,9999.000,9999.000
202605070624,   0.616,9999.000,9999.000,9999.000,9999.000,9999.000,9999.000,9999.000,9999.000
202605070630,   0.643,9999.000,9999.000,9999.000,9999.000,9999.000,9999.000,9999.000,9999.000
202605070636,   0.670,9999.000,9999.000,9999.000,9999.000,9999.000,9999.000,9999.000,9999.000
202605070642,   0.699,9999.000,9999.000,9999.000,9999.000,9999.000,9999.000,9999.000,9999.000
202605070648,   0.727,9999.000,9999.000,9999.000,9999.000,9999.000,9999.000,9999.000,9999.000
202605070654,   0.756,9999.000,9999.000,9999.000,9999.000,9999.000,9999.000,9999.000,9999.000
202605070700,   0.785,9999.000,  -0.200,   0.077,   0.662,  -0.300,   0.562,  -0.100,   0.762
202605070706,   0.815,9999.000,9999.000,9999.000,9999.000,9999.000,9999.000,9999.000,9999.000
202605070712,   0.844,9999.000,9999.000,9999.000,9999.000,9999.000,9999.000,9999.000,9999.000
202605070718,   0.874,9999.000,9999.000,9999.000,9999.000,9999.000,9999.000,9999.000,9999.000
202605070724,   0.903,9999.000,9999.000,9999.000,9999.000,9999.000,9999.000,9999.000,9999.000
202605070730,   0.932,9999.000,9999.000,9999.000,9999.000,9999.000,9999.000,9999.000,9999.000
202605070736,   0.961,9999.000,9999.000,9999.000,9999.000,9999.000,9999.000,9999.000,9999.000
202605070742,   0.989,9999.000,9999.000,9999.000,9999.000,9999.000,9999.000,9999.000,9999.000
202605070748,   1.017,9999.000,9999.000,9999.000,9999.000,9999.000,9999.000,9999.000,9999.000
202605070754,   1.044,9999.000,9999.000,9999.000,9999.000,9999.000,9999.000,9999.000,9999.000
202605070800,   1.070,9999.000,  -0.300,   0.077,   0.847,  -0.400,   0.747,  -0.100,   1.047
202605070806,   1.096,9999.000,9999.000,9999.000,9999.000,9999.000,9999.000,9999.000,9999.000
202605070812,   1.121,9999.000,9999.000,9999.000,9999.000,9999.000,9999.000,9999.000,9999.000
202605070818,   1.145,9999.000,9999.000,9999.000,9999.000,9999.000,9999.000,9999.000,9999.000
202605070824,   1.168,9999.000,9999.000,9999.000,9999.000,9999.000,9999.000,9999.000,9999.000
202605070830,   1.190,9999.000,9999.000,9999.000,9999.000,9999.000,9999.000,9999.000,9999.000
202605070836,   1.211,9999.000,9999.000,9999.000,9999.000,9999.000,9999.000,9999.000,9999.000
202605070842,   1.231,9999.000,9999.000,9999.000,9999.000,9999.000,9999.000,9999.000,9999.000
202605070848,   1.250,9999.000,9999.000,9999.000,9999.000,9999.000,9999.000,9999.000,9999.000
202605070854,   1.269,9999.000,9999.000,9999.000,9999.000,9999.000,9999.000,9999.000,9999.000
202605070900,   1.286,9999.000,  -0.300,   0.077,   1.063,  -0.400,   0.963,  -0.200,   1.163
202605070906,   1.302,9999.000,9999.000,9999.000,9999.000,9999.000,9999.000,9999.000,9999.000
202605070912,   1.317,9999.000,9999.000,9999.000,9999.000,9999.000,9999.000,9999.000,9999.000
202605070918,   1.331,9999.000,9999.000,9999.000,9999.000,9999.000,9999.000,9999.000,9999.000
202605070924,   1.344,9999.000,9999.000,9999.000,9999.000,9999.000,9999.000,9999.000,9999.000
202605070930,   1.356,9999.000,9999.000,9999.000,9999.000,9999.000,9999.000,9999.000,9999.000
202605070936,   1.367,9999.000,9999.000,9999.000,9999.000,9999.000,9999.000,9999.000,9999.000
202605070942,   1.377,9999.000,9999.000,9999.000,9999.000,9999.000,9999.000,9999.000,9999.000
202605070948,   1.386,9999.000,9999.000,9999.000,9999.000,9999.000,9999.000,9999.000,9999.000
202605070954,   1.394,9999.000,9999.000,9999.000,9999.000,9999.000,9999.000,9999.000,9999.000
202605071000,   1.401,9999.000,  -0.300,   0.077,   1.178,  -0.500,   0.978,  -0.200,   1.278
202605071006,   1.407,9999.000,9999.000,9999.000,9999.000,9999.000,9999.000,9999.000,9999.000
202605071012,   1.412,9999.000,9999.000,9999.000,9999.000,9999.000,9999.000,9999.000,9999.000
202605071018,   1.415,9999.000,9999.000,9999.000,9999.000,9999.000,9999.000,9999.000,9999.000
202605071024,   1.418,9999.000,9999.000,9999.000,9999.000,9999.000,9999.000,9999.000,9999.000
202605071030,   1.420,9999.000,9999.000,9999.000,9999.000,9999.000,9999.000,9999.000,9999.000
202605071036,   1.421,9999.000,9999.000,9999.000,9999.000,9999.000,9999.000,9999.000,9999.000
202605071042,   1.420,9999.000,9999.000,9999.000,9999.000,9999.000,9999.000,9999.000,9999.000
202605071048,   1.419,9999.000,9999.000,9999.000,9999.000,9999.000,9999.000,9999.000,9999.000
202605071054,   1.417,9999.000,9999.000,9999.000,9999.000,9999.000,9999.000,9999.000,9999.000
202605071100,   1.413,9999.000,  -0.300,   0.077,   1.190,  -0.500,   0.990,  -0.200,   1.290
202605071106,   1.409,9999.000,9999.000,9999.000,9999.000,9999.000,9999.000,9999.000,9999.000
202605071112,   1.403,9999.000,9999.000,9999.000,9999.000,9999.000,9999.000,9999.000,9999.000
202605071118,   1.397,9999.000,9999.000,9999.000,9999.000,9999.000,9999.000,9999.000,9999.000
202605071124,   1.389,9999.000,9999.000,9999.000,9999.000,9999.000,9999.000,9999.000,9999.000
202605071130,   1.380,9999.000,9999.000,9999.000,9999.000,9999.000,9999.000,9999.000,9999.000
202605071136,   1.370,9999.000,9999.000,9999.000,9999.000,9999.000,9999.000,9999.000,9999.000
202605071142,   1.359,9999.000,9999.000,9999.000,9999.000,9999.000,9999.000,9999.000,9999.000
202605071148,   1.348,9999.000,9999.000,9999.000,9999.000,9999.000,9999.000,9999.000,9999.000
202605071154,   1.335,9999.000,9999.000,9999.000,9999.000,9999.000,9999.000,9999.000,9999.000
202605071200,   1.321,9999.000,  -0.400,   0.077,   0.998,  -0.600,   0.798,  -0.200,   1.198
202605071206,   1.306,9999.000,9999.000,9999.000,9999.000,9999.000,9999.000,9999.000,9999.000
202605071212,   1.291,9999.000,9999.000,9999.000,9999.000,9999.000,9999.000,9999.000,9999.000
202605071218,   1.274,9999.000,9999.000,9999.000,9999.000,9999.000,9999.000,9999.000,9999.000
202605071224,   1.257,9999.000,9999.000,9999.000,9999.000,9999.000,9999.000,9999.000,9999.000
202605071230,   1.239,9999.000,9999.000,9999.000,9999.000,9999.000,9999.000,9999.000,9999.000
202605071236,   1.221,9999.000,9999.000,9999.000,9999.000,9999.000,9999.000,9999.000,9999.000
202605071242,   1.201,9999.000,9999.000,9999.000,9999.000,9999.000,9999.000,9999.000,9999.000
202605071248,   1.182,9999.000,9999.000,9999.000,9999.000,9999.000,9999.000,9999.000,9999.000
202605071254,   1.161,9999.000,9999.000,9999.000,9999.000,9999.000,9999.000,9999.000,9999.000
202605071300,   1.140,9999.000,  -0.400,   0.077,   0.817,  -0.600,   0.617,  -0.200,   1.017
202605071306,   1.119,9999.000,9999.000,9999.000,9999.000,9999.000,9999.000,9999.000,9999.000
202605071312,   1.098,9999.000,9999.000,9999.000,9999.000,9999.000,9999.000,9999.000,9999.000
202605071318,   1.076,9999.000,9999.000,9999.000,9999.000,9999.000,9999.000,9999.000,9999.000
202605071324,   1.054,9999.000,9999.000,9999.000,9999.000,9999.000,9999.000,9999.000,9999.000
202605071330,   1.032,9999.000,9999.000,9999.000,9999.000,9999.000,9999.000,9999.000,9999.000
202605071336,   1.010,9999.000,9999.000,9999.000,9999.000,9999.000,9999.000,9999.000,9999.000
202605071342,   0.988,9999.000,9999.000,9999.000,9999.000,9999.000,9999.000,9999.000,9999.000
202605071348,   0.966,9999.000,9999.000,9999.000,9999.000,9999.000,9999.000,9999.000,9999.000
202605071354,   0.944,9999.000,9999.000,9999.000,9999.000,9999.000,9999.000,9999.000,9999.000
202605071400,   0.922,9999.000,  -0.400,   0.077,   0.599,  -0.600,   0.399,  -0.300,   0.699
202605071406,   0.901,9999.000,9999.000,9999.000,9999.000,9999.000,9999.000,9999.000,9999.000
202605071412,   0.879,9999.000,9999.000,9999.000,9999.000,9999.000,9999.000,9999.000,9999.000
202605071418,   0.858,9999.000,9999.000,9999.000,9999.000,9999.000,9999.000,9999.000,9999.000
202605071424,   0.837,9999.000,9999.000,9999.000,9999.000,9999.000,9999.000,9999.000,9999.000
202605071430,   0.817,9999.000,9999.000,9999.000,9999.000,9999.000,9999.000,9999.000,9999.000
202605071436,   0.796,9999.000,9999.000,9999.000,9999.000,9999.000,9999.000,9999.000,9999.000
202605071442,   0.776,9999.000,9999.000,9999.000,9999.000,9999.000,9999.000,9999.000,9999.000
202605071448,   0.757,9999.000,9999.000,9999.000,9999.000,9999.000,9999.000,9999.000,9999.000
202605071454,   0.737,9999.000,9999.000,9999.000,9999.000,9999.000,9999.000,9999.000,9999.000
202605071500,   0.719,9999.000,  -0.400,   0.077,   0.396,  -0.600,   0.196,  -0.300,   0.496
202605071506,   0.700,9999.000,9999.000,9999.000,9999.000,9999.000,9999.000,9999.000,9999.000
202605071512,   0.682,9999.000,9999.000,9999.000,9999.000,9999.000,9999.000,9999.000,9999.000
202605071518,   0.664,9999.000,9999.000,9999.000,9999.000,9999.000,9999.000,9999.000,9999.000
202605071524,   0.647,9999.000,9999.000,9999.000,9999.000,9999.000,9999.000,9999.000,9999.000
202605071530,   0.630,9999.000,9999.000,9999.000,9999.000,9999.000,9999.000,9999.000,9999.000
202605071536,   0.614,9999.000,9999.000,9999.000,9999.000,9999.000,9999.000,9999.000,9999.000
202605071542,   0.598,9999.000,9999.000,9999.000,9999.000,9999.000,9999.000,9999.000,9999.000
202605071548,   0.583,9999.000,9999.000,9999.000,9999.000,9999.000,9999.000,9999.000,9999.000
202605071554,   0.568,9999.000,9999.000,9999.000,9999.000,9999.000,9999.000,9999.000,9999.000
202605071600,   0.554,9999.000,  -0.400,   0.077,   0.231,  -0.600,   0.031,  -0.300,   0.331
202605071606,   0.540,9999.000,9999.000,9999.000,9999.000,9999.000,9999.000,9999.000,9999.000
202605071612,   0.527,9999.000,9999.000,9999.000,9999.000,9999.000,9999.000,9999.000,9999.000
202605071618,   0.515,9999.000,9999.000,9999.000,9999.000,9999.000,9999.000,9999.000,9999.000
202605071624,   0.503,9999.000,9999.000,9999.000,9999.000,9999.000,9999.000,9999.000,9999.000
202605071630,   0.492,9999.000,9999.000,9999.000,9999.000,9999.000,9999.000,9999.000,9999.000
202605071636,   0.483,9999.000,9999.000,9999.000,9999.000,9999.000,9999.000,9999.000,9999.000
202605071642,   0.474,9999.000,9999.000,9999.000,9999.000,9999.000,9999.000,9999.000,9999.000
202605071648,   0.465,9999.000,9999.000,9999.000,9999.000,9999.000,9999.000,9999.000,9999.000
202605071654,   0.458,9999.000,9999.000,9999.000,9999.000,9999.000,9999.000,9999.000,9999.000
202605071700,   0.452,9999.000,  -0.400,   0.077,   0.129,  -0.600,  -0.071,  -0.200,   0.329
202605071706,   0.447,9999.000,9999.000,9999.000,9999.000,9999.000,9999.000,9999.000,9999.000
202605071712,   0.444,9999.000,9999.000,9999.000,9999.000,9999.000,9999.000,9999.000,9999.000
202605071718,   0.441,9999.000,9999.000,9999.000,9999.000,9999.000,9999.000,9999.000,9999.000
202605071724,   0.440,9999.000,9999.000,9999.000,9999.000,9999.000,9999.000,9999.000,9999.000
202605071730,   0.440,9999.000,9999.000,9999.000,9999.000,9999.000,9999.000,9999.000,9999.000
202605071736,   0.441,9999.000,9999.000,9999.000,9999.000,9999.000,9999.000,9999.000,9999.000
202605071742,   0.443,9999.000,9999.000,9999.000,9999.000,9999.000,9999.000,9999.000,9999.000
202605071748,   0.447,9999.000,9999.000,9999.000,9999.000,9999.000,9999.000,9999.000,9999.000
202605071754,   0.453,9999.000,9999.000,9999.000,9999.000,9999.000,9999.000,9999.000,9999.000
202605071800,   0.459,9999.000,  -0.400,   0.077,   0.136,  -0.600,  -0.064,  -0.300,   0.236
202605071806,   0.467,9999.000,9999.000,9999.000,9999.000,9999.000,9999.000,9999.000,9999.000
202605071812,   0.476,9999.000,9999.000,9999.000,9999.000,9999.000,9999.000,9999.000,9999.000
202605071818,   0.487,9999.000,9999.000,9999.000,9999.000,9999.000,9999.000,9999.000,9999.000
202605071824,   0.498,9999.000,9999.000,9999.000,9999.000,9999.000,9999.000,9999.000,9999.000
202605071830,   0.511,9999.000,9999.000,9999.000,9999.000,9999.000,9999.000,9999.000,9999.000
202605071836,   0.526,9999.000,9999.000,9999.000,9999.000,9999.000,9999.000,9999.000,9999.000
202605071842,   0.541,9999.000,9999.000,9999.000,9999.000,9999.000,9999.000,9999.000,9999.000
202605071848,   0.557,9999.000,9999.000,9999.000,9999.000,9999.000,9999.000,9999.000,9999.000
202605071854,   0.574,9999.000,9999.000,9999.000,9999.000,9999.000,9999.000,9999.000,9999.000
202605071900,   0.592,9999.000,  -0.400,   0.077,   0.269,  -0.500,   0.169,  -0.300,   0.369
202605071906,   0.611,9999.000,9999.000,9999.000,9999.000,9999.000,9999.000,9999.000,9999.000
202605071912,   0.630,9999.000,9999.000,9999.000,9999.000,9999.000,9999.000,9999.000,9999.000
202605071918,   0.650,9999.000,9999.000,9999.000,9999.000,9999.000,9999.000,9999.000,9999.000
202605071924,   0.671,9999.000,9999.000,9999.000,9999.000,9999.000,9999.000,9999.000,9999.000
202605071930,   0.692,9999.000,9999.000,9999.000,9999.000,9999.000,9999.000,9999.000,9999.000
202605071936,   0.713,9999.000,9999.000,9999.000,9999.000,9999.000,9999.000,9999.000,9999.000
202605071942,   0.735,9999.000,9999.000,9999.000,9999.000,9999.000,9999.000,9999.000,9999.000
202605071948,   0.756,9999.000,9999.000,9999.000,9999.000,9999.000,9999.000,9999.000,9999.000
202605071954,   0.778,9999.000,9999.000,9999.000,9999.000,9999.000,9999.000,9999.000,9999.000
202605072000,   0.800,9999.000,  -0.400,   0.077,   0.477,  -0.500,   0.377,  -0.300,   0.577
202605072006,   0.821,9999.000,9999.000,9999.000,9999.000,9999.000,9999.000,9999.000,9999.000
202605072012,   0.842,9999.000,9999.000,9999.000,9999.000,9999.000,9999.000,9999.000,9999.000
202605072018,   0.863,9999.000,9999.000,9999.000,9999.000,9999.000,9999.000,9999.000,9999.000
202605072024,   0.884,9999.000,9999.000,9999.000,9999.000,9999.000,9999.000,9999.000,9999.000
202605072030,   0.904,9999.000,9999.000,9999.000,9999.000,9999.000,9999.000,9999.000,9999.000
202605072036,   0.923,9999.000,9999.000,9999.000,9999.000,9999.000,9999.000,9999.000,9999.000
202605072042,   0.942,9999.000,9999.000,9999.000,9999.000,9999.000,9999.000,9999.000,9999.000
202605072048,   0.961,9999.000,9999.000,9999.000,9999.000,9999.000,9999.000,9999.000,9999.000
202605072054,   0.978,9999.000,9999.000,9999.000,9999.000,9999.000,9999.000,9999.000,9999.000
202605072100,   0.996,9999.000,  -0.400,   0.077,   0.673,  -0.500,   0.573,  -0.200,   0.873
202605072106,   1.012,9999.000,9999.000,9999.000,9999.000,9999.000,9999.000,9999.000,9999.000
202605072112,   1.028,9999.000,9999.000,9999.000,9999.000,9999.000,9999.000,9999.000,9999.000
202605072118,   1.043,9999.000,9999.000,9999.000,9999.000,9999.000,9999.000,9999.000,9999.000
202605072124,   1.057,9999.000,9999.000,9999.000,9999.000,9999.000,9999.000,9999.000,9999.000
202605072130,   1.071,9999.000,9999.000,9999.000,9999.000,9999.000,9999.000,9999.000,9999.000
202605072136,   1.083,9999.000,9999.000,9999.000,9999.000,9999.000,9999.000,9999.000,9999.000
202605072142,   1.095,9999.000,9999.000,9999.000,9999.000,9999.000,9999.000,9999.000,9999.000
202605072148,   1.106,9999.000,9999.000,9999.000,9999.000,9999.000,9999.000,9999.000,9999.000
202605072154,   1.117,9999.000,9999.000,9999.000,9999.000,9999.000,9999.000,9999.000,9999.000
202605072200,   1.126,9999.000,  -0.400,   0.077,   0.803,  -0.500,   0.703,  -0.200,   1.003
202605072206,   1.135,9999.000,9999.000,9999.000,9999.000,9999.000,9999.000,9999.000,9999.000
202605072212,   1.143,9999.000,9999.000,9999.000,9999.000,9999.000,9999.000,9999.000,9999.000
202605072218,   1.150,9999.000,9999.000,9999.000,9999.000,9999.000,9999.000,9999.000,9999.000
202605072224,   1.156,9999.000,9999.000,9999.000,9999.000,9999.000,9999.000,9999.000,9999.000
202605072230,   1.162,9999.000,9999.000,9999.000,9999.000,9999.000,9999.000,9999.000,9999.000
202605072236,   1.166,9999.000,9999.000,9999.000,9999.000,9999.000,9999.000,9999.000,9999.000
202605072242,   1.170,9999.000,9999.000,9999.000,9999.000,9999.000,9999.000,9999.000,9999.000
202605072248,   1.173,9999.000,9999.000,9999.000,9999.000,9999.000,9999.000,9999.000,9999.000
202605072254,   1.175,9999.000,9999.000,9999.000,9999.000,9999.000,9999.000,9999.000,9999.000
202605072300,   1.176,9999.000,  -0.300,   0.077,   0.953,  -0.500,   0.753,  -0.200,   1.053
202605072306,   1.176,9999.000,9999.000,9999.000,9999.000,9999.000,9999.000,9999.000,9999.000
202605072312,   1.175,9999.000,9999.000,9999.000,9999.000,9999.000,9999.000,9999.000,9999.000
202605072318,   1.173,9999.000,9999.000,9999.000,9999.000,9999.000,9999.000,9999.000,9999.000
202605072324,   1.170,9999.000,9999.000,9999.000,9999.000,9999.000,9999.000,9999.000,9999.000
202605072330,   1.166,9999.000,9999.000,9999.000,9999.000,9999.000,9999.000,9999.000,9999.000
202605072336,   1.161,9999.000,9999.000,9999.000,9999.000,9999.000,9999.000,9999.000,9999.000
202605072342,   1.155,9999.000,9999.000,9999.000,9999.000,9999.000,9999.000,9999.000,9999.000
202605072348,   1.148,9999.000,9999.000,9999.000,9999.000,9999.000,9999.000,9999.000,9999.000
202605072354,   1.140,9999.000,9999.000,9999.000,9999.000,9999.000,9999.000,9999.000,9999.000
202605080000,   1.131,9999.000,  -0.300,   0.077,   0.908,  -0.500,   0.708,  -0.200,   1.008
202605080006,   1.121,9999.000,9999.000,9999.000,9999.000,9999.000,9999.000,9999.000,9999.000
202605080012,   1.110,9999.000,9999.000,9999.000,9999.000,9999.000,9999.000,9999.000,9999.000
202605080018,   1.097,9999.000,9999.000,9999.000,9999.000,9999.000,9999.000,9999.000,9999.000
202605080024,   1.084,9999.000,9999.000,9999.000,9999.000,9999.000,9999.000,9999.000,9999.000
202605080030,   1.070,9999.000,9999.000,9999.000,9999.000,9999.000,9999.000,9999.000,9999.000
202605080036,   1.055,9999.000,9999.000,9999.000,9999.000,9999.000,9999.000,9999.000,9999.000
202605080042,   1.040,9999.000,9999.000,9999.000,9999.000,9999.000,9999.000,9999.000,9999.000
202605080048,   1.023,9999.000,9999.000,9999.000,9999.000,9999.000,9999.000,9999.000,9999.000
202605080054,   1.006,9999.000,9999.000,9999.000,9999.000,9999.000,9999.000,9999.000,9999.000
202605080100,   0.988,9999.000,  -0.300,   0.077,   0.765,  -0.500,   0.565,  -0.200,   0.865
202605080106,   0.969,9999.000,9999.000,9999.000,9999.000,9999.000,9999.000,9999.000,9999.000
202605080112,   0.950,9999.000,9999.000,9999.000,9999.000,9999.000,9999.000,9999.000,9999.000
202605080118,   0.930,9999.000,9999.000,9999.000,9999.000,9999.000,9999.000,9999.000,9999.000
202605080124,   0.910,9999.000,9999.000,9999.000,9999.000,9999.000,9999.000,9999.000,9999.000
202605080130,   0.889,9999.000,9999.000,9999.000,9999.000,9999.000,9999.000,9999.000,9999.000
202605080136,   0.868,9999.000,9999.000,9999.000,9999.000,9999.000,9999.000,9999.000,9999.000
202605080142,   0.847,9999.000,9999.000,9999.000,9999.000,9999.000,9999.000,9999.000,9999.000
202605080148,   0.826,9999.000,9999.000,9999.000,9999.000,9999.000,9999.000,9999.000,9999.000
202605080154,   0.805,9999.000,9999.000,9999.000,9999.000,9999.000,9999.000,9999.000,9999.000
202605080200,   0.784,9999.000,  -0.300,   0.077,   0.561,  -0.400,   0.461,  -0.100,   0.761
202605080206,   0.762,9999.000,9999.000,9999.000,9999.000,9999.000,9999.000,9999.000,9999.000
202605080212,   0.741,9999.000,9999.000,9999.000,9999.000,9999.000,9999.000,9999.000,9999.000
202605080218,   0.721,9999.000,9999.000,9999.000,9999.000,9999.000,9999.000,9999.000,9999.000
202605080224,   0.700,9999.000,9999.000,9999.000,9999.000,9999.000,9999.000,9999.000,9999.000
202605080230,   0.680,9999.000,9999.000,9999.000,9999.000,9999.000,9999.000,9999.000,9999.000
202605080236,   0.660,9999.000,9999.000,9999.000,9999.000,9999.000,9999.000,9999.000,9999.000
202605080242,   0.640,9999.000,9999.000,9999.000,9999.000,9999.000,9999.000,9999.000,9999.000
202605080248,   0.621,9999.000,9999.000,9999.000,9999.000,9999.000,9999.000,9999.000,9999.000
202605080254,   0.603,9999.000,9999.000,9999.000,9999.000,9999.000,9999.000,9999.000,9999.000
202605080300,   0.585,9999.000,  -0.300,   0.077,   0.362,  -0.400,   0.262,  -0.100,   0.562
202605080306,   0.567,9999.000,9999.000,9999.000,9999.000,9999.000,9999.000,9999.000,9999.000
202605080312,   0.550,9999.000,9999.000,9999.000,9999.000,9999.000,9999.000,9999.000,9999.000
202605080318,   0.534,9999.000,9999.000,9999.000,9999.000,9999.000,9999.000,9999.000,9999.000
202605080324,   0.518,9999.000,9999.000,9999.000,9999.000,9999.000,9999.000,9999.000,9999.000
202605080330,   0.503,9999.000,9999.000,9999.000,9999.000,9999.000,9999.000,9999.000,9999.000
202605080336,   0.489,9999.000,9999.000,9999.000,9999.000,9999.000,9999.000,9999.000,9999.000
202605080342,   0.475,9999.000,9999.000,9999.000,9999.000,9999.000,9999.000,9999.000,9999.000
202605080348,   0.462,9999.000,9999.000,9999.000,9999.000,9999.000,9999.000,9999.000,9999.000
202605080354,   0.450,9999.000,9999.000,9999.000,9999.000,9999.000,9999.000,9999.000,9999.000
202605080400,   0.439,9999.000,  -0.300,   0.077,   0.216,  -0.400,   0.116,  -0.100,   0.416
202605080406,   0.428,9999.000,9999.000,9999.000,9999.000,9999.000,9999.000,9999.000,9999.000
202605080412,   0.418,9999.000,9999.000,9999.000,9999.000,9999.000,9999.000,9999.000,9999.000
202605080418,   0.409,9999.000,9999.000,9999.000,9999.000,9999.000,9999.000,9999.000,9999.000
202605080424,   0.401,9999.000,9999.000,9999.000,9999.000,9999.000,9999.000,9999.000,9999.000
202605080430,   0.393,9999.000,9999.000,9999.000,9999.000,9999.000,9999.000,9999.000,9999.000
202605080436,   0.387,9999.000,9999.000,9999.000,9999.000,9999.000,9999.000,9999.000,9999.000
202605080442,   0.381,9999.000,9999.000,9999.000,9999.000,9999.000,9999.000,9999.000,9999.000
202605080448,   0.377,9999.000,9999.000,9999.000,9999.000,9999.000,9999.000,9999.000,9999.000
202605080454,   0.373,9999.000,9999.000,9999.000,9999.000,9999.000,9999.000,9999.000,9999.000
202605080500,   0.371,9999.000,  -0.200,   0.077,   0.248,  -0.400,   0.048,  -0.100,   0.348
202605080506,   0.370,9999.000,9999.000,9999.000,9999.000,9999.000,9999.000,9999.000,9999.000
202605080512,   0.370,9999.000,9999.000,9999.000,9999.000,9999.000,9999.000,9999.000,9999.000
202605080518,   0.371,9999.000,9999.000,9999.000,9999.000,9999.000,9999.000,9999.000,9999.000
202605080524,   0.373,9999.000,9999.000,9999.000,9999.000,9999.000,9999.000,9999.000,9999.000
202605080530,   0.377,9999.000,9999.000,9999.000,9999.000,9999.000,9999.000,9999.000,9999.000
202605080536,   0.381,9999.000,9999.000,9999.000,9999.000,9999.000,9999.000,9999.000,9999.000
202605080542,   0.388,9999.000,9999.000,9999.000,9999.000,9999.000,9999.000,9999.000,9999.000
202605080548,   0.395,9999.000,9999.000,9999.000,9999.000,9999.000,9999.000,9999.000,9999.000
202605080554,   0.404,9999.000,9999.000,9999.000,9999.000,9999.000,9999.000,9999.000,9999.000
202605080600,   0.414,9999.000,  -0.200,   0.077,   0.291,  -0.400,   0.091,   0.000,   0.491
202605080606,   0.426,9999.000,9999.000,9999.000,9999.000,9999.000,9999.000,9999.000,9999.000
202605080612,   0.439,9999.000,9999.000,9999.000,9999.000,9999.000,9999.000,9999.000,9999.000
202605080618,   0.454,9999.000,9999.000,9999.000,9999.000,9999.000,9999.000,9999.000,9999.000
202605080624,   0.469,9999.000,9999.000,9999.000,9999.000,9999.000,9999.000,9999.000,9999.000
202605080630,   0.486,9999.000,9999.000,9999.000,9999.000,9999.000,9999.000,9999.000,9999.000
202605080636,   0.505,9999.000,9999.000,9999.000,9999.000,9999.000,9999.000,9999.000,9999.000
202605080642,   0.524,9999.000,9999.000,9999.000,9999.000,9999.000,9999.000,9999.000,9999.000
202605080648,   0.545,9999.000,9999.000,9999.000,9999.000,9999.000,9999.000,9999.000,9999.000
202605080654,   0.567,9999.000,9999.000,9999.000,9999.000,9999.000,9999.000,9999.000,9999.000
202605080700,   0.590,9999.000,  -0.200,   0.077,   0.467,  -0.400,   0.267,   0.000,   0.667
202605080706,   0.613,9999.000,9999.000,9999.000,9999.000,9999.000,9999.000,9999.000,9999.000
202605080712,   0.638,9999.000,9999.000,9999.000,9999.000,9999.000,9999.000,9999.000,9999.000
202605080718,   0.664,9999.000,9999.000,9999.000,9999.000,9999.000,9999.000,9999.000,9999.000
202605080724,   0.690,9999.000,9999.000,9999.000,9999.000,9999.000,9999.000,9999.000,9999.000
202605080730,   0.716,9999.000,9999.000,9999.000,9999.000,9999.000,9999.000,9999.000,9999.000
202605080736,   0.744,9999.000,9999.000,9999.000,9999.000,9999.000,9999.000,9999.000,9999.000
202605080742,   0.771,9999.000,9999.000,9999.000,9999.000,9999.000,9999.000,9999.000,9999.000
202605080748,   0.799,9999.000,9999.000,9999.000,9999.000,9999.000,9999.000,9999.000,9999.000
202605080754,   0.827,9999.000,9999.000,9999.000,9999.000,9999.000,9999.000,9999.000,9999.000
202605080800,   0.855,9999.000,  -0.200,   0.077,   0.732,  -0.400,   0.532,   0.000,   0.932
202605080806,   0.883,9999.000,9999.000,9999.000,9999.000,9999.000,9999.000,9999.000,9999.000
202605080812,   0.910,9999.000,9999.000,9999.000,9999.000,9999.000,9999.000,9999.000,9999.000
202605080818,   0.938,9999.000,9999.000,9999.000,9999.000,9999.000,9999.000,9999.000,9999.000
202605080824,   0.965,9999.000,9999.000,9999.000,9999.000,9999.000,9999.000,9999.000,9999.000
202605080830,   0.991,9999.000,9999.000,9999.000,9999.000,9999.000,9999.000,9999.000,9999.000
202605080836,   1.018,9999.000,9999.000,9999.000,9999.000,9999.000,9999.000,9999.000,9999.000
202605080842,   1.043,9999.000,9999.000,9999.000,9999.000,9999.000,9999.000,9999.000,9999.000
202605080848,   1.068,9999.000,9999.000,9999.000,9999.000,9999.000,9999.000,9999.000,9999.000
202605080854,   1.092,9999.000,9999.000,9999.000,9999.000,9999.000,9999.000,9999.000,9999.000
202605080900,   1.115,9999.000,  -0.200,   0.077,   0.992,  -0.300,   0.892,   0.000,   1.192
202605080906,   1.137,9999.000,9999.000,9999.000,9999.000,9999.000,9999.000,9999.000,9999.000
202605080912,   1.159,9999.000,9999.000,9999.000,9999.000,9999.000,9999.000,9999.000,9999.000
202605080918,   1.180,9999.000,9999.000,9999.000,9999.000,9999.000,9999.000,9999.000,9999.000
202605080924,   1.199,9999.000,9999.000,9999.000,9999.000,9999.000,9999.000,9999.000,9999.000
202605080930,   1.218,9999.000,9999.000,9999.000,9999.000,9999.000,9999.000,9999.000,9999.000
202605080936,   1.236,9999.000,9999.000,9999.000,9999.000,9999.000,9999.000,9999.000,9999.000
202605080942,   1.252,9999.000,9999.000,9999.000,9999.000,9999.000,9999.000,9999.000,9999.000
202605080948,   1.268,9999.000,9999.000,9999.000,9999.000,9999.000,9999.000,9999.000,9999.000
202605080954,   1.283,9999.000,9999.000,9999.000,9999.000,9999.000,9999.000,9999.000,9999.000
202605081000,   1.297,9999.000,  -0.200,   0.077,   1.174,  -0.300,   1.074,   0.000,   1.374
202605081006,   1.309,9999.000,9999.000,9999.000,9999.000,9999.000,9999.000,9999.000,9999.000
202605081012,   1.321,9999.000,9999.000,9999.000,9999.000,9999.000,9999.000,9999.000,9999.000
202605081018,   1.332,9999.000,9999.000,9999.000,9999.000,9999.000,9999.000,9999.000,9999.000
202605081024,   1.342,9999.000,9999.000,9999.000,9999.000,9999.000,9999.000,9999.000,9999.000
202605081030,   1.351,9999.000,9999.000,9999.000,9999.000,9999.000,9999.000,9999.000,9999.000
202605081036,   1.359,9999.000,9999.000,9999.000,9999.000,9999.000,9999.000,9999.000,9999.000
202605081042,   1.366,9999.000,9999.000,9999.000,9999.000,9999.000,9999.000,9999.000,9999.000
202605081048,   1.372,9999.000,9999.000,9999.000,9999.000,9999.000,9999.000,9999.000,9999.000
202605081054,   1.377,9999.000,9999.000,9999.000,9999.000,9999.000,9999.000,9999.000,9999.000
202605081100,   1.381,9999.000,  -0.100,   0.077,   1.358,  -0.400,   1.058,   0.000,   1.458
202605081106,   1.385,9999.000,9999.000,9999.000,9999.000,9999.000,9999.000,9999.000,9999.000
202605081112,   1.387,9999.000,9999.000,9999.000,9999.000,9999.000,9999.000,9999.000,9999.000
202605081118,   1.388,9999.000,9999.000,9999.000,9999.000,9999.000,9999.000,9999.000,9999.000
202605081124,   1.389,9999.000,9999.000,9999.000,9999.000,9999.000,9999.000,9999.000,9999.000
202605081130,   1.388,9999.000,9999.000,9999.000,9999.000,9999.000,9999.000,9999.000,9999.000
202605081136,   1.387,9999.000,9999.000,9999.000,9999.000,9999.000,9999.000,9999.000,9999.000
202605081142,   1.384,9999.000,9999.000,9999.000,9999.000,9999.000,9999.000,9999.000,9999.000
202605081148,   1.381,9999.000,9999.000,9999.000,9999.000,9999.000,9999.000,9999.000,9999.000
202605081154,   1.377,9999.000,9999.000,9999.000,9999.000,9999.000,9999.000,9999.000,9999.000
202605081200,   1.371,9999.000,  -0.100,   0.077,   1.348,  -0.400,   1.048,   0.000,   1.448
202605081206,   1.365,9999.000,9999.000,9999.000,9999.000,9999.000,9999.000,9999.000,9999.000
202605081212,   1.357,9999.000,9999.000,9999.000,9999.000,9999.000,9999.000,9999.000,9999.000
202605081218,   1.349,9999.000,9999.000,9999.000,9999.000,9999.000,9999.000,9999.000,9999.000
202605081224,   1.340,9999.000,9999.000,9999.000,9999.000,9999.000,9999.000,9999.000,9999.000
202605081230,   1.329,9999.000,9999.000,9999.000,9999.000,9999.000,9999.000,9999.000,9999.000
202605081236,   1.318,9999.000,9999.000,9999.000,9999.000,9999.000,9999.000,9999.000,9999.000
202605081242,   1.306,9999.000,9999.000,9999.000,9999.000,9999.000,9999.000,9999.000,9999.000
202605081248,   1.293,9999.000,9999.000,9999.000,9999.000,9999.000,9999.000,9999.000,9999.000
202605081254,   1.279,9999.000,9999.000,9999.000,9999.000,9999.000,9999.000,9999.000,9999.000
202605081300,   1.264,9999.000,  -0.100,   0.077,   1.241,  -0.400,   0.941,   0.000,   1.341
202605081306,   1.248,9999.000,9999.000,9999.000,9999.000,9999.000,9999.000,9999.000,9999.000
202605081312,   1.231,9999.000,9999.000,9999.000,9999.000,9999.000,9999.000,9999.000,9999.000
202605081318,   1.214,9999.000,9999.000,9999.000,9999.000,9999.000,9999.000,9999.000,9999.000
202605081324,   1.196,9999.000,9999.000,9999.000,9999.000,9999.000,9999.000,9999.000,9999.000
202605081330,   1.177,9999.000,9999.000,9999.000,9999.000,9999.000,9999.000,9999.000,9999.000
202605081336,   1.158,9999.000,9999.000,9999.000,9999.000,9999.000,9999.000,9999.000,9999.000
202605081342,   1.138,9999.000,9999.000,9999.000,9999.000,9999.000,9999.000,9999.000,9999.000
202605081348,   1.118,9999.000,9999.000,9999.000,9999.000,9999.000,9999.000,9999.000,9999.000
202605081354,   1.097,9999.000,9999.000,9999.000,9999.000,9999.000,9999.000,9999.000,9999.000
202605081400,   1.076,9999.000,  -0.100,   0.077,   1.053,  -0.400,   0.753,   0.000,   1.153
202605081406,   1.055,9999.000,9999.000,9999.000,9999.000,9999.000,9999.000,9999.000,9999.000
202605081412,   1.033,9999.000,9999.000,9999.000,9999.000,9999.000,9999.000,9999.000,9999.000
202605081418,   1.012,9999.000,9999.000,9999.000,9999.000,9999.000,9999.000,9999.000,9999.000
202605081424,   0.990,9999.000,9999.000,9999.000,9999.000,9999.000,9999.000,9999.000,9999.000
202605081430,   0.968,9999.000,9999.000,9999.000,9999.000,9999.000,9999.000,9999.000,9999.000
202605081436,   0.946,9999.000,9999.000,9999.000,9999.000,9999.000,9999.000,9999.000,9999.000
202605081442,   0.924,9999.000,9999.000,9999.000,9999.000,9999.000,9999.000,9999.000,9999.000
202605081448,   0.903,9999.000,9999.000,9999.000,9999.000,9999.000,9999.000,9999.000,9999.000
202605081454,   0.881,9999.000,9999.000,9999.000,9999.000,9999.000,9999.000,9999.000,9999.000
202605081500,   0.860,9999.000,  -0.100,   0.077,   0.837,  -0.400,   0.537,   0.000,   0.937
202605081506,   0.839,9999.000,9999.000,9999.000,9999.000,9999.000,9999.000,9999.000,9999.000
202605081512,   0.818,9999.000,9999.000,9999.000,9999.000,9999.000,9999.000,9999.000,9999.000
202605081518,   0.797,9999.000,9999.000,9999.000,9999.000,9999.000,9999.000,9999.000,9999.000
202605081524,   0.777,9999.000,9999.000,9999.000,9999.000,9999.000,9999.000,9999.000,9999.000
202605081530,   0.757,9999.000,9999.000,9999.000,9999.000,9999.000,9999.000,9999.000,9999.000
202605081536,   0.738,9999.000,9999.000,9999.000,9999.000,9999.000,9999.000,9999.000,9999.000
202605081542,   0.718,9999.000,9999.000,9999.000,9999.000,9999.000,9999.000,9999.000,9999.000
202605081548,   0.700,9999.000,9999.000,9999.000,9999.000,9999.000,9999.000,9999.000,9999.000
202605081554,   0.681,9999.000,9999.000,9999.000,9999.000,9999.000,9999.000,9999.000,9999.000
202605081600,   0.663,9999.000,  -0.100,   0.077,   0.640,  -0.300,   0.440,   0.000,   0.740
202605081606,   0.646,9999.000,9999.000,9999.000,9999.000,9999.000,9999.000,9999.000,9999.000
202605081612,   0.628,9999.000,9999.000,9999.000,9999.000,9999.000,9999.000,9999.000,9999.000
202605081618,   0.612,9999.000,9999.000,9999.000,9999.000,9999.000,9999.000,9999.000,9999.000
202605081624,   0.596,9999.000,9999.000,9999.000,9999.000,9999.000,9999.000,9999.000,9999.000
202605081630,   0.580,9999.000,9999.000,9999.000,9999.000,9999.000,9999.000,9999.000,9999.000
202605081636,   0.565,9999.000,9999.000,9999.000,9999.000,9999.000,9999.000,9999.000,9999.000
202605081642,   0.550,9999.000,9999.000,9999.000,9999.000,9999.000,9999.000,9999.000,9999.000
202605081648,   0.537,9999.000,9999.000,9999.000,9999.000,9999.000,9999.000,9999.000,9999.000
202605081654,   0.523,9999.000,9999.000,9999.000,9999.000,9999.000,9999.000,9999.000,9999.000
202605081700,   0.511,9999.000,  -0.100,   0.077,   0.488,  -0.300,   0.288,   0.000,   0.588
202605081706,   0.499,9999.000,9999.000,9999.000,9999.000,9999.000,9999.000,9999.000,9999.000
202605081712,   0.488,9999.000,9999.000,9999.000,9999.000,9999.000,9999.000,9999.000,9999.000
202605081718,   0.478,9999.000,9999.000,9999.000,9999.000,9999.000,9999.000,9999.000,9999.000
202605081724,   0.468,9999.000,9999.000,9999.000,9999.000,9999.000,9999.000,9999.000,9999.000
202605081730,   0.460,9999.000,9999.000,9999.000,9999.000,9999.000,9999.000,9999.000,9999.000
202605081736,   0.452,9999.000,9999.000,9999.000,9999.000,9999.000,9999.000,9999.000,9999.000
202605081742,   0.446,9999.000,9999.000,9999.000,9999.000,9999.000,9999.000,9999.000,9999.000
202605081748,   0.440,9999.000,9999.000,9999.000,9999.000,9999.000,9999.000,9999.000,9999.000
202605081754,   0.436,9999.000,9999.000,9999.000,9999.000,9999.000,9999.000,9999.000,9999.000
202605081800,   0.433,9999.000,  -0.100,   0.077,   0.410,  -0.300,   0.210,   0.000,   0.510
202605081806,   0.431,9999.000,9999.000,9999.000,9999.000,9999.000,9999.000,9999.000,9999.000
202605081812,   0.430,9999.000,9999.000,9999.000,9999.000,9999.000,9999.000,9999.000,9999.000
202605081818,   0.431,9999.000,9999.000,9999.000,9999.000,9999.000,9999.000,9999.000,9999.000
202605081824,   0.432,9999.000,9999.000,9999.000,9999.000,9999.000,9999.000,9999.000,9999.000
202605081830,   0.436,9999.000,9999.000,9999.000,9999.000,9999.000,9999.000,9999.000,9999.000
202605081836,   0.440,9999.000,9999.000,9999.000,9999.000,9999.000,9999.000,9999.000,9999.000
202605081842,   0.446,9999.000,9999.000,9999.000,9999.000,9999.000,9999.000,9999.000,9999.000
202605081848,   0.453,9999.000,9999.000,9999.000,9999.000,9999.000,9999.000,9999.000,9999.000
202605081854,   0.461,9999.000,9999.000,9999.000,9999.000,9999.000,9999.000,9999.000,9999.000
202605081900,   0.471,9999.000,   0.000,   0.077,   0.548,  -0.200,   0.348,   0.000,   0.548
202605081906,   0.482,9999.000,9999.000,9999.000,9999.000,9999.000,9999.000,9999.000,9999.000
202605081912,   0.495,9999.000,9999.000,9999.000,9999.000,9999.000,9999.000,9999.000,9999.000
202605081918,   0.508,9999.000,9999.000,9999.000,9999.000,9999.000,9999.000,9999.000,9999.000
202605081924,   0.523,9999.000,9999.000,9999.000,9999.000,9999.000,9999.000,9999.000,9999.000
202605081930,   0.538,9999.000,9999.000,9999.000,9999.000,9999.000,9999.000,9999.000,9999.000
202605081936,   0.555,9999.000,9999.000,9999.000,9999.000,9999.000,9999.000,9999.000,9999.000
202605081942,   0.573,9999.000,9999.000,9999.000,9999.000,9999.000,9999.000,9999.000,9999.000
202605081948,   0.591,9999.000,9999.000,9999.000,9999.000,9999.000,9999.000,9999.000,9999.000
202605081954,   0.610,9999.000,9999.000,9999.000,9999.000,9999.000,9999.000,9999.000,9999.000
202605082000,   0.630,9999.000,   0.000,   0.077,   0.707,  -0.200,   0.507,   0.100,   0.807
202605082006,   0.651,9999.000,9999.000,9999.000,9999.000,9999.000,9999.000,9999.000,9999.000
202605082012,   0.672,9999.000,9999.000,9999.000,9999.000,9999.000,9999.000,9999.000,9999.000
202605082018,   0.693,9999.000,9999.000,9999.000,9999.000,9999.000,9999.000,9999.000,9999.000
202605082024,   0.714,9999.000,9999.000,9999.000,9999.000,9999.000,9999.000,9999.000,9999.000
202605082030,   0.736,9999.000,9999.000,9999.000,9999.000,9999.000,9999.000,9999.000,9999.000
202605082036,   0.758,9999.000,9999.000,9999.000,9999.000,9999.000,9999.000,9999.000,9999.000
202605082042,   0.780,9999.000,9999.000,9999.000,9999.000,9999.000,9999.000,9999.000,9999.000
202605082048,   0.802,9999.000,9999.000,9999.000,9999.000,9999.000,9999.000,9999.000,9999.000
202605082054,   0.823,9999.000,9999.000,9999.000,9999.000,9999.000,9999.000,9999.000,9999.000
202605082100,   0.845,9999.000,   0.000,   0.077,   0.922,  -0.100,   0.822,   0.100,   1.022
202605082106,   0.866,9999.000,9999.000,9999.000,9999.000,9999.000,9999.000,9999.000,9999.000
202605082112,   0.886,9999.000,9999.000,9999.000,9999.000,9999.000,9999.000,9999.000,9999.000
202605082118,   0.906,9999.000,9999.000,9999.000,9999.000,9999.000,9999.000,9999.000,9999.000
202605082124,   0.926,9999.000,9999.000,9999.000,9999.000,9999.000,9999.000,9999.000,9999.000
202605082130,   0.945,9999.000,9999.000,9999.000,9999.000,9999.000,9999.000,9999.000,9999.000
202605082136,   0.964,9999.000,9999.000,9999.000,9999.000,9999.000,9999.000,9999.000,9999.000
202605082142,   0.982,9999.000,9999.000,9999.000,9999.000,9999.000,9999.000,9999.000,9999.000
202605082148,   0.999,9999.000,9999.000,9999.000,9999.000,9999.000,9999.000,9999.000,9999.000
202605082154,   1.015,9999.000,9999.000,9999.000,9999.000,9999.000,9999.000,9999.000,9999.000
202605082200,   1.031,9999.000,   0.000,   0.077,   1.108,  -0.100,   1.008,   0.100,   1.208
202605082206,   1.046,9999.000,9999.000,9999.000,9999.000,9999.000,9999.000,9999.000,9999.000
202605082212,   1.061,9999.000,9999.000,9999.000,9999.000,9999.000,9999.000,9999.000,9999.000
202605082218,   1.074,9999.000,9999.000,9999.000,9999.000,9999.000,9999.000,9999.000,9999.000
202605082224,   1.087,9999.000,9999.000,9999.000,9999.000,9999.000,9999.000,9999.000,9999.000
202605082230,   1.099,9999.000,9999.000,9999.000,9999.000,9999.000,9999.000,9999.000,9999.000
202605082236,   1.111,9999.000,9999.000,9999.000,9999.000,9999.000,9999.000,9999.000,9999.000
202605082242,   1.121,9999.000,9999.000,9999.000,9999.000,9999.000,9999.000,9999.000,9999.000
202605082248,   1.131,9999.000,9999.000,9999.000,9999.000,9999.000,9999.000,9999.000,9999.000
202605082254,   1.140,9999.000,9999.000,9999.000,9999.000,9999.000,9999.000,9999.000,9999.000
202605082300,   1.149,9999.000,   0.000,   0.077,   1.226,  -0.100,   1.126,   0.100,   1.326
202605082306,   1.156,9999.000,9999.000,9999.000,9999.000,9999.000,9999.000,9999.000,9999.000
202605082312,   1.163,9999.000,9999.000,9999.000,9999.000,9999.000,9999.000,9999.000,9999.000
202605082318,   1.169,9999.000,9999.000,9999.000,9999.000,9999.000,9999.000,9999.000,9999.000
202605082324,   1.174,9999.000,9999.000,9999.000,9999.000,9999.000,9999.000,9999.000,9999.000
202605082330,   1.179,9999.000,9999.000,9999.000,9999.000,9999.000,9999.000,9999.000,9999.000
202605082336,   1.182,9999.000,9999.000,9999.000,9999.000,9999.000,9999.000,9999.000,9999.000
202605082342,   1.185,9999.000,9999.000,9999.000,9999.000,9999.000,9999.000,9999.000,9999.000
202605082348,   1.187,9999.000,9999.000,9999.000,9999.000,9999.000,9999.000,9999.000,9999.000
202605082354,   1.188,9999.000,9999.000,9999.000,9999.000,9999.000,9999.000,9999.000,9999.000
202605090000,   1.188,9999.000,   0.000,   0.077,   1.265,   0.000,   1.265,   0.100,   1.365
