        TIME,    TIDE,      OB,   SURGE,    BIAS,     TWL,SURGE90p,  TWL90p,SURGE10p,   TWL10p
202603290000,   1.711,   1.859,   0.200,  -0.052,   1.859,   0.100,   1.759,   0.200,   1.859
202603290006,   1.657,9999.000,9999.000,9999.000,9999.000,9999.000,9999.000,9999.000,9999.000
202603290012,   1.603,   1.728,9999.000,9999.000,9999.000,9999.000,9999.000,9999.000,9999.000
202603290018,   1.547,9999.000,9999.000,9999.000,9999.000,9999.000,9999.000,9999.000,9999.000
202603290024,   1.491,   1.600,9999.000,9999.000,9999.000,9999.000,9999.000,9999.000,9999.000
202603290030,   1.435,9999.000,9999.000,9999.000,9999.000,9999.000,9999.000,9999.000,9999.000
202603290036,   1.378,   1.459,9999.000,9999.000,9999.000,9999.000,9999.000,9999.000,9999.000
202603290042,   1.321,9999.000,9999.000,9999.000,9999.000,9999.000,9999.000,9999.000,9999.000
202603290048,   1.263,   1.348,9999.000,9999.000,9999.000,9999.000,9999.000,9999.000,9999.000
202603290054,   1.206,9999.000,9999.000,9999.000,9999.000,9999.000,9999.000,9999.000,9999.000
202603290100,   1.150,   1.200,   0.200,  -0.150,   1.200,   0.100,   1.100,   0.200,   1.200
202603290106,   1.093,   1.128,9999.000,9999.000,9999.000,9999.000,9999.000,9999.000,9999.000
202603290112,   1.037,   1.079,9999.000,9999.000,9999.000,9999.000,9999.000,9999.000,9999.000
202603290118,   0.982,   1.000,9999.000,9999.000,9999.000,9999.000,9999.000,9999.000,9999.000
202603290124,   0.928,   0.941,9999.000,9999.000,9999.000,9999.000,9999.000,9999.000,9999.000
202603290130,   0.875,   0.888,9999.000,9999.000,9999.000,9999.000,9999.000,9999.000,9999.000
202603290136,   0.824,   0.839,9999.000,9999.000,9999.000,9999.000,9999.000,9999.000,9999.000
202603290142,   0.774,   0.790,9999.000,9999.000,9999.000,9999.000,9999.000,9999.000,9999.000
202603290148,   0.725,   0.708,9999.000,9999.000,9999.000,9999.000,9999.000,9999.000,9999.000
202603290154,   0.678,   0.639,9999.000,9999.000,9999.000,9999.000,9999.000,9999.000,9999.000
202603290200,   0.633,   0.590,   0.100,  -0.143,   0.590,   0.100,   0.590,   0.200,   0.690
202603290206,   0.590,   0.580,9999.000,9999.000,9999.000,9999.000,9999.000,9999.000,9999.000
202603290212,   0.549,   0.541,9999.000,9999.000,9999.000,9999.000,9999.000,9999.000,9999.000
202603290218,   0.510,   0.488,9999.000,9999.000,9999.000,9999.000,9999.000,9999.000,9999.000
202603290224,   0.473,   0.409,9999.000,9999.000,9999.000,9999.000,9999.000,9999.000,9999.000
202603290230,   0.439,   0.380,9999.000,9999.000,9999.000,9999.000,9999.000,9999.000,9999.000
202603290236,   0.408,   0.341,9999.000,9999.000,9999.000,9999.000,9999.000,9999.000,9999.000
202603290242,   0.379,   0.331,9999.000,9999.000,9999.000,9999.000,9999.000,9999.000,9999.000
202603290248,   0.353,   0.288,9999.000,9999.000,9999.000,9999.000,9999.000,9999.000,9999.000
202603290254,   0.329,   0.278,9999.000,9999.000,9999.000,9999.000,9999.000,9999.000,9999.000
202603290300,   0.309,   0.239,   0.100,  -0.170,   0.239,   0.000,   0.139,   0.100,   0.239
202603290306,   0.291,   0.219,9999.000,9999.000,9999.000,9999.000,9999.000,9999.000,9999.000
202603290312,   0.277,   0.200,9999.000,9999.000,9999.000,9999.000,9999.000,9999.000,9999.000
202603290318,   0.265,   0.200,9999.000,9999.000,9999.000,9999.000,9999.000,9999.000,9999.000
202603290324,   0.257,   0.219,9999.000,9999.000,9999.000,9999.000,9999.000,9999.000,9999.000
202603290330,   0.251,   0.219,9999.000,9999.000,9999.000,9999.000,9999.000,9999.000,9999.000
202603290336,   0.249,   0.219,9999.000,9999.000,9999.000,9999.000,9999.000,9999.000,9999.000
202603290342,   0.250,   0.239,9999.000,9999.000,9999.000,9999.000,9999.000,9999.000,9999.000
202603290348,   0.254,   0.239,9999.000,9999.000,9999.000,9999.000,9999.000,9999.000,9999.000
202603290354,   0.261,   0.249,9999.000,9999.000,9999.000,9999.000,9999.000,9999.000,9999.000
202603290400,   0.271,   0.278,   0.000,   0.007,   0.278,   0.000,   0.278,   0.100,   0.378
202603290406,   0.284,   0.308,9999.000,9999.000,9999.000,9999.000,9999.000,9999.000,9999.000
202603290412,   0.300,   0.370,9999.000,9999.000,9999.000,9999.000,9999.000,9999.000,9999.000
202603290418,   0.319,   0.409,9999.000,9999.000,9999.000,9999.000,9999.000,9999.000,9999.000
202603290424,   0.341,   0.459,9999.000,9999.000,9999.000,9999.000,9999.000,9999.000,9999.000
202603290430,   0.366,   0.498,9999.000,9999.000,9999.000,9999.000,9999.000,9999.000,9999.000
202603290436,   0.394,   0.541,9999.000,9999.000,9999.000,9999.000,9999.000,9999.000,9999.000
202603290442,   0.425,   0.590,9999.000,9999.000,9999.000,9999.000,9999.000,9999.000,9999.000
202603290448,   0.458,   0.619,9999.000,9999.000,9999.000,9999.000,9999.000,9999.000,9999.000
202603290454,   0.494,   0.669,9999.000,9999.000,9999.000,9999.000,9999.000,9999.000,9999.000
202603290500,   0.533,   0.718,   0.000,   0.185,   0.718,   0.000,   0.718,   0.000,   0.718
202603290506,   0.574,   0.780,9999.000,9999.000,9999.000,9999.000,9999.000,9999.000,9999.000
202603290512,   0.618,   0.829,9999.000,9999.000,9999.000,9999.000,9999.000,9999.000,9999.000
202603290518,   0.664,   0.879,9999.000,9999.000,9999.000,9999.000,9999.000,9999.000,9999.000
202603290524,   0.713,   0.918,9999.000,9999.000,9999.000,9999.000,9999.000,9999.000,9999.000
202603290530,   0.764,   0.970,9999.000,9999.000,9999.000,9999.000,9999.000,9999.000,9999.000
202603290536,   0.816,   1.010,9999.000,9999.000,9999.000,9999.000,9999.000,9999.000,9999.000
202603290542,   0.871,   1.069,9999.000,9999.000,9999.000,9999.000,9999.000,9999.000,9999.000
202603290548,   0.929,   1.128,9999.000,9999.000,9999.000,9999.000,9999.000,9999.000,9999.000
202603290554,   0.987,   1.180,9999.000,9999.000,9999.000,9999.000,9999.000,9999.000,9999.000
202603290600,   1.048,   1.239,   0.000,   0.191,   1.239,   0.000,   1.239,   0.000,   1.239
202603290606,   1.111,   1.298,9999.000,9999.000,9999.000,9999.000,9999.000,9999.000,9999.000
202603290612,   1.175,   1.371,9999.000,9999.000,9999.000,9999.000,9999.000,9999.000,9999.000
202603290618,   1.240,   1.439,9999.000,9999.000,9999.000,9999.000,9999.000,9999.000,9999.000
202603290624,   1.307,   1.498,9999.000,9999.000,9999.000,9999.000,9999.000,9999.000,9999.000
202603290630,   1.375,   1.580,9999.000,9999.000,9999.000,9999.000,9999.000,9999.000,9999.000
202603290636,   1.444,   1.639,9999.000,9999.000,9999.000,9999.000,9999.000,9999.000,9999.000
202603290642,   1.513,   1.728,9999.000,9999.000,9999.000,9999.000,9999.000,9999.000,9999.000
202603290648,   1.584,   1.790,9999.000,9999.000,9999.000,9999.000,9999.000,9999.000,9999.000
202603290654,   1.654,   1.859,9999.000,9999.000,9999.000,9999.000,9999.000,9999.000,9999.000
202603290700,   1.725,   1.928,   0.000,   0.203,   1.928,   0.000,   1.928,   0.000,   1.928
202603290706,   1.796,   2.000,9999.000,9999.000,9999.000,9999.000,9999.000,9999.000,9999.000
202603290712,   1.866,   2.089,9999.000,9999.000,9999.000,9999.000,9999.000,9999.000,9999.000
202603290718,   1.936,   2.148,9999.000,9999.000,9999.000,9999.000,9999.000,9999.000,9999.000
202603290724,   2.005,   2.220,9999.000,9999.000,9999.000,9999.000,9999.000,9999.000,9999.000
202603290730,   2.074,   2.289,9999.000,9999.000,9999.000,9999.000,9999.000,9999.000,9999.000
202603290736,   2.140,   2.358,9999.000,9999.000,9999.000,9999.000,9999.000,9999.000,9999.000
202603290742,   2.206,   2.410,9999.000,9999.000,9999.000,9999.000,9999.000,9999.000,9999.000
202603290748,   2.269,   2.479,9999.000,9999.000,9999.000,9999.000,9999.000,9999.000,9999.000
202603290754,   2.331,   2.538,9999.000,9999.000,9999.000,9999.000,9999.000,9999.000,9999.000
202603290800,   2.390,   2.587,   0.000,   0.197,   2.587,   0.000,   2.587,   0.000,   2.587
202603290806,   2.447,   2.669,9999.000,9999.000,9999.000,9999.000,9999.000,9999.000,9999.000
202603290812,   2.502,   2.699,9999.000,9999.000,9999.000,9999.000,9999.000,9999.000,9999.000
202603290818,   2.553,   2.748,9999.000,9999.000,9999.000,9999.000,9999.000,9999.000,9999.000
202603290824,   2.602,   2.820,9999.000,9999.000,9999.000,9999.000,9999.000,9999.000,9999.000
202603290830,   2.648,   2.869,9999.000,9999.000,9999.000,9999.000,9999.000,9999.000,9999.000
202603290836,   2.690,   2.889,9999.000,9999.000,9999.000,9999.000,9999.000,9999.000,9999.000
202603290842,   2.729,   2.929,9999.000,9999.000,9999.000,9999.000,9999.000,9999.000,9999.000
202603290848,   2.765,   2.988,9999.000,9999.000,9999.000,9999.000,9999.000,9999.000,9999.000
202603290854,   2.797,   2.997,9999.000,9999.000,9999.000,9999.000,9999.000,9999.000,9999.000
202603290900,   2.826,   3.017,   0.000,   0.191,   3.017,  -0.100,   2.917,   0.000,   3.017
202603290906,   2.852,   3.050,9999.000,9999.000,9999.000,9999.000,9999.000,9999.000,9999.000
202603290912,   2.874,   3.060,9999.000,9999.000,9999.000,9999.000,9999.000,9999.000,9999.000
202603290918,   2.892,   3.089,9999.000,9999.000,9999.000,9999.000,9999.000,9999.000,9999.000
202603290924,   2.907,   3.089,9999.000,9999.000,9999.000,9999.000,9999.000,9999.000,9999.000
202603290930,   2.919,   3.060,9999.000,9999.000,9999.000,9999.000,9999.000,9999.000,9999.000
202603290936,   2.927,   3.070,9999.000,9999.000,9999.000,9999.000,9999.000,9999.000,9999.000
202603290942,   2.932,   3.060,9999.000,9999.000,9999.000,9999.000,9999.000,9999.000,9999.000
202603290948,   2.934,   3.060,9999.000,9999.000,9999.000,9999.000,9999.000,9999.000,9999.000
202603290954,   2.933,   3.017,9999.000,9999.000,9999.000,9999.000,9999.000,9999.000,9999.000
202603291000,   2.928,   3.017,   0.000,   0.089,   3.017,  -0.100,   2.917,   0.000,   3.017
202603291006,   2.921,   2.997,9999.000,9999.000,9999.000,9999.000,9999.000,9999.000,9999.000
202603291012,   2.910,   2.948,9999.000,9999.000,9999.000,9999.000,9999.000,9999.000,9999.000
202603291018,   2.897,   2.938,9999.000,9999.000,9999.000,9999.000,9999.000,9999.000,9999.000
202603291024,   2.881,   2.899,9999.000,9999.000,9999.000,9999.000,9999.000,9999.000,9999.000
202603291030,   2.862,   2.869,9999.000,9999.000,9999.000,9999.000,9999.000,9999.000,9999.000
202603291036,   2.840,   2.830,9999.000,9999.000,9999.000,9999.000,9999.000,9999.000,9999.000
202603291042,   2.816,   2.787,9999.000,9999.000,9999.000,9999.000,9999.000,9999.000,9999.000
202603291048,   2.789,   2.738,9999.000,9999.000,9999.000,9999.000,9999.000,9999.000,9999.000
202603291054,   2.759,   2.679,9999.000,9999.000,9999.000,9999.000,9999.000,9999.000,9999.000
202603291100,   2.727,   2.650,   0.000,  -0.077,   2.650,  -0.100,   2.550,   0.000,   2.650
202603291106,   2.693,   2.597,9999.000,9999.000,9999.000,9999.000,9999.000,9999.000,9999.000
202603291112,   2.656,   2.558,9999.000,9999.000,9999.000,9999.000,9999.000,9999.000,9999.000
202603291118,   2.616,   2.519,9999.000,9999.000,9999.000,9999.000,9999.000,9999.000,9999.000
202603291124,   2.574,   2.450,9999.000,9999.000,9999.000,9999.000,9999.000,9999.000,9999.000
202603291130,   2.530,   2.400,9999.000,9999.000,9999.000,9999.000,9999.000,9999.000,9999.000
202603291136,   2.483,   2.348,9999.000,9999.000,9999.000,9999.000,9999.000,9999.000,9999.000
202603291142,   2.435,   2.279,9999.000,9999.000,9999.000,9999.000,9999.000,9999.000,9999.000
202603291148,   2.384,   2.220,9999.000,9999.000,9999.000,9999.000,9999.000,9999.000,9999.000
202603291154,   2.331,   2.191,9999.000,9999.000,9999.000,9999.000,9999.000,9999.000,9999.000
202603291200,   2.276,   2.118,   0.000,  -0.158,   2.118,   0.000,   2.118,   0.000,   2.118
202603291206,   2.219,   2.030,9999.000,9999.000,9999.000,9999.000,9999.000,9999.000,9999.000
202603291212,   2.160,   1.981,9999.000,9999.000,9999.000,9999.000,9999.000,9999.000,9999.000
202603291218,   2.100,   1.918,9999.000,9999.000,9999.000,9999.000,9999.000,9999.000,9999.000
202603291224,   2.038,   1.840,9999.000,9999.000,9999.000,9999.000,9999.000,9999.000,9999.000
202603291230,   1.975,   1.767,9999.000,9999.000,9999.000,9999.000,9999.000,9999.000,9999.000
202603291236,   1.911,   1.708,9999.000,9999.000,9999.000,9999.000,9999.000,9999.000,9999.000
202603291242,   1.845,   1.659,9999.000,9999.000,9999.000,9999.000,9999.000,9999.000,9999.000
202603291248,   1.779,   1.590,9999.000,9999.000,9999.000,9999.000,9999.000,9999.000,9999.000
202603291254,   1.711,   1.508,9999.000,9999.000,9999.000,9999.000,9999.000,9999.000,9999.000
202603291300,   1.644,   1.439,   0.000,  -0.205,   1.439,   0.000,   1.439,   0.000,   1.439
202603291306,   1.575,   1.390,9999.000,9999.000,9999.000,9999.000,9999.000,9999.000,9999.000
202603291312,   1.507,   1.318,9999.000,9999.000,9999.000,9999.000,9999.000,9999.000,9999.000
202603291318,   1.438,   1.249,9999.000,9999.000,9999.000,9999.000,9999.000,9999.000,9999.000
202603291324,   1.370,   1.161,9999.000,9999.000,9999.000,9999.000,9999.000,9999.000,9999.000
202603291330,   1.302,   1.088,9999.000,9999.000,9999.000,9999.000,9999.000,9999.000,9999.000
202603291336,   1.234,   1.049,9999.000,9999.000,9999.000,9999.000,9999.000,9999.000,9999.000
202603291342,   1.168,   0.980,9999.000,9999.000,9999.000,9999.000,9999.000,9999.000,9999.000
202603291348,   1.101,   0.898,9999.000,9999.000,9999.000,9999.000,9999.000,9999.000,9999.000
202603291354,   1.036,   0.829,9999.000,9999.000,9999.000,9999.000,9999.000,9999.000,9999.000
202603291400,   0.973,   0.770,   0.000,  -0.203,   0.770,   0.000,   0.770,   0.000,   0.770
202603291406,   0.910,   0.708,9999.000,9999.000,9999.000,9999.000,9999.000,9999.000,9999.000
202603291412,   0.849,   0.639,9999.000,9999.000,9999.000,9999.000,9999.000,9999.000,9999.000
202603291418,   0.790,   0.580,9999.000,9999.000,9999.000,9999.000,9999.000,9999.000,9999.000
202603291424,   0.732,   0.518,9999.000,9999.000,9999.000,9999.000,9999.000,9999.000,9999.000
202603291430,   0.677,   0.469,9999.000,9999.000,9999.000,9999.000,9999.000,9999.000,9999.000
202603291436,   0.623,   0.419,9999.000,9999.000,9999.000,9999.000,9999.000,9999.000,9999.000
202603291442,   0.572,   0.380,9999.000,9999.000,9999.000,9999.000,9999.000,9999.000,9999.000
202603291448,   0.523,   0.341,9999.000,9999.000,9999.000,9999.000,9999.000,9999.000,9999.000
202603291454,   0.477,   0.278,9999.000,9999.000,9999.000,9999.000,9999.000,9999.000,9999.000
202603291500,   0.433,   0.239,   0.000,  -0.194,   0.239,   0.000,   0.239,   0.000,   0.239
202603291506,   0.392,   0.209,9999.000,9999.000,9999.000,9999.000,9999.000,9999.000,9999.000
202603291512,   0.353,   0.200,9999.000,9999.000,9999.000,9999.000,9999.000,9999.000,9999.000
202603291518,   0.318,   0.150,9999.000,9999.000,9999.000,9999.000,9999.000,9999.000,9999.000
202603291524,   0.286,   0.111,9999.000,9999.000,9999.000,9999.000,9999.000,9999.000,9999.000
202603291530,   0.256,   0.088,9999.000,9999.000,9999.000,9999.000,9999.000,9999.000,9999.000
202603291536,   0.230,   0.088,9999.000,9999.000,9999.000,9999.000,9999.000,9999.000,9999.000
202603291542,   0.207,   0.078,9999.000,9999.000,9999.000,9999.000,9999.000,9999.000,9999.000
202603291548,   0.187,   0.059,9999.000,9999.000,9999.000,9999.000,9999.000,9999.000,9999.000
202603291554,   0.170,   0.029,9999.000,9999.000,9999.000,9999.000,9999.000,9999.000,9999.000
202603291600,   0.156,   0.039,   0.000,  -0.117,   0.039,   0.000,   0.039,   0.000,   0.039
202603291606,   0.146,   0.039,9999.000,9999.000,9999.000,9999.000,9999.000,9999.000,9999.000
202603291612,   0.139,   0.078,9999.000,9999.000,9999.000,9999.000,9999.000,9999.000,9999.000
202603291618,   0.136,   0.059,9999.000,9999.000,9999.000,9999.000,9999.000,9999.000,9999.000
202603291624,   0.136,   0.049,9999.000,9999.000,9999.000,9999.000,9999.000,9999.000,9999.000
202603291630,   0.139,   0.078,9999.000,9999.000,9999.000,9999.000,9999.000,9999.000,9999.000
202603291636,   0.145,   0.098,9999.000,9999.000,9999.000,9999.000,9999.000,9999.000,9999.000
202603291642,   0.154,   0.121,9999.000,9999.000,9999.000,9999.000,9999.000,9999.000,9999.000
202603291648,   0.167,   0.160,9999.000,9999.000,9999.000,9999.000,9999.000,9999.000,9999.000
202603291654,   0.183,   0.200,9999.000,9999.000,9999.000,9999.000,9999.000,9999.000,9999.000
202603291700,   0.202,   0.219,   0.000,   0.017,   0.219,   0.000,   0.219,   0.000,   0.219
202603291706,   0.224,   0.249,9999.000,9999.000,9999.000,9999.000,9999.000,9999.000,9999.000
202603291712,   0.249,   0.278,9999.000,9999.000,9999.000,9999.000,9999.000,9999.000,9999.000
202603291718,   0.277,   0.308,9999.000,9999.000,9999.000,9999.000,9999.000,9999.000,9999.000
202603291724,   0.308,   0.341,9999.000,9999.000,9999.000,9999.000,9999.000,9999.000,9999.000
202603291730,   0.342,   0.370,9999.000,9999.000,9999.000,9999.000,9999.000,9999.000,9999.000
202603291736,   0.379,   0.429,9999.000,9999.000,9999.000,9999.000,9999.000,9999.000,9999.000
202603291742,   0.419,   0.469,9999.000,9999.000,9999.000,9999.000,9999.000,9999.000,9999.000
202603291748,   0.461,   0.560,9999.000,9999.000,9999.000,9999.000,9999.000,9999.000,9999.000
202603291754,   0.506,   0.629,9999.000,9999.000,9999.000,9999.000,9999.000,9999.000,9999.000
202603291800,   0.553,   0.669,   0.000,   0.116,   0.669,   0.000,   0.669,   0.000,   0.669
202603291806,   0.603,   0.718,9999.000,9999.000,9999.000,9999.000,9999.000,9999.000,9999.000
202603291812,   0.655,   0.790,9999.000,9999.000,9999.000,9999.000,9999.000,9999.000,9999.000
202603291818,   0.709,   0.859,9999.000,9999.000,9999.000,9999.000,9999.000,9999.000,9999.000
202603291824,   0.766,   0.928,9999.000,9999.000,9999.000,9999.000,9999.000,9999.000,9999.000
202603291830,   0.825,   0.980,9999.000,9999.000,9999.000,9999.000,9999.000,9999.000,9999.000
202603291836,   0.885,   1.049,9999.000,9999.000,9999.000,9999.000,9999.000,9999.000,9999.000
202603291842,   0.948,   1.128,9999.000,9999.000,9999.000,9999.000,9999.000,9999.000,9999.000
202603291848,   1.012,   1.200,9999.000,9999.000,9999.000,9999.000,9999.000,9999.000,9999.000
202603291854,   1.077,   1.289,9999.000,9999.000,9999.000,9999.000,9999.000,9999.000,9999.000
202603291900,   1.144,   1.328,   0.000,   0.184,   1.328,   0.000,   1.328,   0.000,   1.328
202603291906,   1.212,   1.390,9999.000,9999.000,9999.000,9999.000,9999.000,9999.000,9999.000
202603291912,   1.281,   1.459,9999.000,9999.000,9999.000,9999.000,9999.000,9999.000,9999.000
202603291918,   1.351,   1.557,9999.000,9999.000,9999.000,9999.000,9999.000,9999.000,9999.000
202603291924,   1.421,   1.620,9999.000,9999.000,9999.000,9999.000,9999.000,9999.000,9999.000
202603291930,   1.492,   1.689,9999.000,9999.000,9999.000,9999.000,9999.000,9999.000,9999.000
202603291936,   1.562,   1.781,9999.000,9999.000,9999.000,9999.000,9999.000,9999.000,9999.000
202603291942,   1.632,   1.869,9999.000,9999.000,9999.000,9999.000,9999.000,9999.000,9999.000
202603291948,   1.702,   1.928,9999.000,9999.000,9999.000,9999.000,9999.000,9999.000,9999.000
202603291954,   1.771,   2.010,9999.000,9999.000,9999.000,9999.000,9999.000,9999.000,9999.000
202603292000,   1.839,   2.079,   0.000,   0.240,   2.079,   0.000,   2.079,   0.000,   2.079
202603292006,   1.906,   2.138,9999.000,9999.000,9999.000,9999.000,9999.000,9999.000,9999.000
202603292012,   1.972,   2.220,9999.000,9999.000,9999.000,9999.000,9999.000,9999.000,9999.000
202603292018,   2.035,   2.309,9999.000,9999.000,9999.000,9999.000,9999.000,9999.000,9999.000
202603292024,   2.097,   2.368,9999.000,9999.000,9999.000,9999.000,9999.000,9999.000,9999.000
202603292030,   2.156,   2.420,9999.000,9999.000,9999.000,9999.000,9999.000,9999.000,9999.000
202603292036,   2.213,   2.489,9999.000,9999.000,9999.000,9999.000,9999.000,9999.000,9999.000
202603292042,   2.268,   2.538,9999.000,9999.000,9999.000,9999.000,9999.000,9999.000,9999.000
202603292048,   2.319,   2.610,9999.000,9999.000,9999.000,9999.000,9999.000,9999.000,9999.000
202603292054,   2.368,   2.660,9999.000,9999.000,9999.000,9999.000,9999.000,9999.000,9999.000
202603292100,   2.413,   2.709,   0.000,   0.296,   2.709,   0.000,   2.709,   0.000,   2.709
202603292106,   2.456,   2.758,9999.000,9999.000,9999.000,9999.000,9999.000,9999.000,9999.000
202603292112,   2.495,   2.820,9999.000,9999.000,9999.000,9999.000,9999.000,9999.000,9999.000
202603292118,   2.531,   2.860,9999.000,9999.000,9999.000,9999.000,9999.000,9999.000,9999.000
202603292124,   2.563,   2.899,9999.000,9999.000,9999.000,9999.000,9999.000,9999.000,9999.000
202603292130,   2.592,   2.938,9999.000,9999.000,9999.000,9999.000,9999.000,9999.000,9999.000
202603292136,   2.617,   2.968,9999.000,9999.000,9999.000,9999.000,9999.000,9999.000,9999.000
202603292142,   2.639,   2.997,9999.000,9999.000,9999.000,9999.000,9999.000,9999.000,9999.000
202603292148,   2.658,   3.017,9999.000,9999.000,9999.000,9999.000,9999.000,9999.000,9999.000
202603292154,   2.673,   3.017,9999.000,9999.000,9999.000,9999.000,9999.000,9999.000,9999.000
202603292200,   2.685,   3.030,   0.000,   0.345,   3.030,  -0.100,   2.930,   0.000,   3.030
202603292206,   2.693,   3.060,9999.000,9999.000,9999.000,9999.000,9999.000,9999.000,9999.000
202603292212,   2.699,   3.040,9999.000,9999.000,9999.000,9999.000,9999.000,9999.000,9999.000
202603292218,   2.701,   3.050,9999.000,9999.000,9999.000,9999.000,9999.000,9999.000,9999.000
202603292224,   2.700,   3.007,9999.000,9999.000,9999.000,9999.000,9999.000,9999.000,9999.000
202603292230,   2.696,   3.017,9999.000,9999.000,9999.000,9999.000,9999.000,9999.000,9999.000
202603292236,   2.688,   3.007,9999.000,9999.000,9999.000,9999.000,9999.000,9999.000,9999.000
202603292242,   2.678,   2.978,9999.000,9999.000,9999.000,9999.000,9999.000,9999.000,9999.000
202603292248,   2.665,   2.978,9999.000,9999.000,9999.000,9999.000,9999.000,9999.000,9999.000
202603292254,   2.650,   2.938,9999.000,9999.000,9999.000,9999.000,9999.000,9999.000,9999.000
202603292300,   2.631,   2.909,   0.000,   0.278,   2.909,  -0.100,   2.809,   0.000,   2.909
202603292306,   2.610,   2.889,9999.000,9999.000,9999.000,9999.000,9999.000,9999.000,9999.000
202603292312,   2.586,   2.860,9999.000,9999.000,9999.000,9999.000,9999.000,9999.000,9999.000
202603292318,   2.560,   2.820,9999.000,9999.000,9999.000,9999.000,9999.000,9999.000,9999.000
202603292324,   2.530,   2.768,9999.000,9999.000,9999.000,9999.000,9999.000,9999.000,9999.000
202603292330,   2.499,   2.748,9999.000,9999.000,9999.000,9999.000,9999.000,9999.000,9999.000
202603292336,   2.465,   2.699,9999.000,9999.000,9999.000,9999.000,9999.000,9999.000,9999.000
202603292342,   2.428,   2.630,9999.000,9999.000,9999.000,9999.000,9999.000,9999.000,9999.000
202603292348,   2.389,   2.587,9999.000,9999.000,9999.000,9999.000,9999.000,9999.000,9999.000
202603292354,   2.348,   2.548,9999.000,9999.000,9999.000,9999.000,9999.000,9999.000,9999.000
202603300000,   2.304,   2.489,   0.000,   0.185,   2.489,  -0.100,   2.389,   0.000,   2.489
202603300006,   2.259,   2.459,9999.000,9999.000,9999.000,9999.000,9999.000,9999.000,9999.000
202603300012,   2.211,   2.387,9999.000,9999.000,9999.000,9999.000,9999.000,9999.000,9999.000
202603300018,   2.161,   2.309,9999.000,9999.000,9999.000,9999.000,9999.000,9999.000,9999.000
202603300024,   2.109,   2.240,9999.000,9999.000,9999.000,9999.000,9999.000,9999.000,9999.000
202603300030,   2.055,   2.200,9999.000,9999.000,9999.000,9999.000,9999.000,9999.000,9999.000
202603300036,   2.000,   2.118,9999.000,9999.000,9999.000,9999.000,9999.000,9999.000,9999.000
202603300042,   1.943,   2.049,9999.000,9999.000,9999.000,9999.000,9999.000,9999.000,9999.000
202603300048,   1.884,   1.981,9999.000,9999.000,9999.000,9999.000,9999.000,9999.000,9999.000
202603300054,   1.824,   1.899,9999.000,9999.000,9999.000,9999.000,9999.000,9999.000,9999.000
202603300100,   1.763,   1.820,  -0.100,   0.157,   1.820,  -0.100,   1.820,   0.000,   1.920
202603300106,   1.701,   1.758,9999.000,9999.000,9999.000,9999.000,9999.000,9999.000,9999.000
202603300112,   1.637,   1.689,9999.000,9999.000,9999.000,9999.000,9999.000,9999.000,9999.000
202603300118,   1.574,   1.610,9999.000,9999.000,9999.000,9999.000,9999.000,9999.000,9999.000
202603300124,   1.509,   1.538,9999.000,9999.000,9999.000,9999.000,9999.000,9999.000,9999.000
202603300130,   1.444,   1.469,9999.000,9999.000,9999.000,9999.000,9999.000,9999.000,9999.000
202603300136,   1.379,   1.410,9999.000,9999.000,9999.000,9999.000,9999.000,9999.000,9999.000
202603300142,   1.314,   1.328,9999.000,9999.000,9999.000,9999.000,9999.000,9999.000,9999.000
202603300148,   1.250,   1.269,9999.000,9999.000,9999.000,9999.000,9999.000,9999.000,9999.000
202603300154,   1.185,   1.190,9999.000,9999.000,9999.000,9999.000,9999.000,9999.000,9999.000
202603300200,   1.121,   1.151,  -0.100,   0.130,   1.151,  -0.100,   1.151,   0.000,   1.251
202603300206,   1.058,   1.088,9999.000,9999.000,9999.000,9999.000,9999.000,9999.000,9999.000
202603300212,   0.996,   1.049,9999.000,9999.000,9999.000,9999.000,9999.000,9999.000,9999.000
202603300218,   0.935,   0.970,9999.000,9999.000,9999.000,9999.000,9999.000,9999.000,9999.000
202603300224,   0.875,   0.918,9999.000,9999.000,9999.000,9999.000,9999.000,9999.000,9999.000
202603300230,   0.816,   0.849,9999.000,9999.000,9999.000,9999.000,9999.000,9999.000,9999.000
202603300236,   0.759,   0.770,9999.000,9999.000,9999.000,9999.000,9999.000,9999.000,9999.000
202603300242,   0.704,   0.708,9999.000,9999.000,9999.000,9999.000,9999.000,9999.000,9999.000
202603300248,   0.650,   0.659,9999.000,9999.000,9999.000,9999.000,9999.000,9999.000,9999.000
202603300254,   0.599,   0.619,9999.000,9999.000,9999.000,9999.000,9999.000,9999.000,9999.000
202603300300,   0.549,   0.580,  -0.100,   0.131,   0.580,  -0.200,   0.480,  -0.100,   0.580
202603300306,   0.502,   0.518,9999.000,9999.000,9999.000,9999.000,9999.000,9999.000,9999.000
202603300312,   0.458,   0.478,9999.000,9999.000,9999.000,9999.000,9999.000,9999.000,9999.000
202603300318,   0.416,   0.409,9999.000,9999.000,9999.000,9999.000,9999.000,9999.000,9999.000
202603300324,   0.376,   0.370,9999.000,9999.000,9999.000,9999.000,9999.000,9999.000,9999.000
202603300330,   0.340,   0.321,9999.000,9999.000,9999.000,9999.000,9999.000,9999.000,9999.000
202603300336,   0.306,   0.288,9999.000,9999.000,9999.000,9999.000,9999.000,9999.000,9999.000
202603300342,   0.275,   0.249,9999.000,9999.000,9999.000,9999.000,9999.000,9999.000,9999.000
202603300348,   0.247,   0.219,9999.000,9999.000,9999.000,9999.000,9999.000,9999.000,9999.000
202603300354,   0.222,   0.190,9999.000,9999.000,9999.000,9999.000,9999.000,9999.000,9999.000
202603300400,   0.200,   0.160,  -0.100,   0.060,   0.160,  -0.200,   0.060,  -0.100,   0.160
202603300406,   0.182,   0.141,9999.000,9999.000,9999.000,9999.000,9999.000,9999.000,9999.000
202603300412,   0.167,   0.098,9999.000,9999.000,9999.000,9999.000,9999.000,9999.000,9999.000
202603300418,   0.155,   0.078,9999.000,9999.000,9999.000,9999.000,9999.000,9999.000,9999.000
202603300424,   0.146,   0.059,9999.000,9999.000,9999.000,9999.000,9999.000,9999.000,9999.000
202603300430,   0.141,   0.068,9999.000,9999.000,9999.000,9999.000,9999.000,9999.000,9999.000
202603300436,   0.139,   0.078,9999.000,9999.000,9999.000,9999.000,9999.000,9999.000,9999.000
202603300442,   0.140,   0.068,9999.000,9999.000,9999.000,9999.000,9999.000,9999.000,9999.000
202603300448,   0.145,   0.049,9999.000,9999.000,9999.000,9999.000,9999.000,9999.000,9999.000
202603300454,   0.153,   0.068,9999.000,9999.000,9999.000,9999.000,9999.000,9999.000,9999.000
202603300500,   0.165,   0.098,  -0.200,   0.133,   0.098,  -0.200,   0.098,  -0.100,   0.198
202603300506,   0.180,   0.121,9999.000,9999.000,9999.000,9999.000,9999.000,9999.000,9999.000
202603300512,   0.198,   0.150,9999.000,9999.000,9999.000,9999.000,9999.000,9999.000,9999.000
202603300518,   0.219,   0.209,9999.000,9999.000,9999.000,9999.000,9999.000,9999.000,9999.000
202603300524,   0.244,   0.288,9999.000,9999.000,9999.000,9999.000,9999.000,9999.000,9999.000
202603300530,   0.271,   0.331,9999.000,9999.000,9999.000,9999.000,9999.000,9999.000,9999.000
202603300536,   0.302,   0.370,9999.000,9999.000,9999.000,9999.000,9999.000,9999.000,9999.000
202603300542,   0.336,   0.400,9999.000,9999.000,9999.000,9999.000,9999.000,9999.000,9999.000
202603300548,   0.373,   0.439,9999.000,9999.000,9999.000,9999.000,9999.000,9999.000,9999.000
202603300554,   0.413,   0.508,9999.000,9999.000,9999.000,9999.000,9999.000,9999.000,9999.000
202603300600,   0.455,   0.580,  -0.100,   0.225,   0.580,  -0.200,   0.480,  -0.100,   0.580
202603300606,   0.501,   0.639,9999.000,9999.000,9999.000,9999.000,9999.000,9999.000,9999.000
202603300612,   0.549,   0.659,9999.000,9999.000,9999.000,9999.000,9999.000,9999.000,9999.000
202603300618,   0.599,   0.731,9999.000,9999.000,9999.000,9999.000,9999.000,9999.000,9999.000
202603300624,   0.653,   0.790,9999.000,9999.000,9999.000,9999.000,9999.000,9999.000,9999.000
202603300630,   0.709,   0.869,9999.000,9999.000,9999.000,9999.000,9999.000,9999.000,9999.000
202603300636,   0.767,   0.928,9999.000,9999.000,9999.000,9999.000,9999.000,9999.000,9999.000
202603300642,   0.828,   0.970,9999.000,9999.000,9999.000,9999.000,9999.000,9999.000,9999.000
202603300648,   0.890,   1.039,9999.000,9999.000,9999.000,9999.000,9999.000,9999.000,9999.000
202603300654,   0.955,   1.108,9999.000,9999.000,9999.000,9999.000,9999.000,9999.000,9999.000
202603300700,   1.022,   1.200,  -0.100,   0.278,   1.200,  -0.200,   1.100,  -0.100,   1.200
202603300706,   1.091,   1.269,9999.000,9999.000,9999.000,9999.000,9999.000,9999.000,9999.000
202603300712,   1.161,   1.318,9999.000,9999.000,9999.000,9999.000,9999.000,9999.000,9999.000
202603300718,   1.233,   1.380,9999.000,9999.000,9999.000,9999.000,9999.000,9999.000,9999.000
202603300724,   1.306,   1.459,9999.000,9999.000,9999.000,9999.000,9999.000,9999.000,9999.000
202603300730,   1.380,   1.557,9999.000,9999.000,9999.000,9999.000,9999.000,9999.000,9999.000
202603300736,   1.455,   1.620,9999.000,9999.000,9999.000,9999.000,9999.000,9999.000,9999.000
202603300742,   1.530,   1.679,9999.000,9999.000,9999.000,9999.000,9999.000,9999.000,9999.000
202603300748,   1.606,   1.758,9999.000,9999.000,9999.000,9999.000,9999.000,9999.000,9999.000
202603300754,   1.683,   1.830,9999.000,9999.000,9999.000,9999.000,9999.000,9999.000,9999.000
202603300800,   1.759,   1.918,  -0.100,   0.259,   1.918,  -0.200,   1.818,  -0.100,   1.918
202603300806,   1.835,   1.990,9999.000,9999.000,9999.000,9999.000,9999.000,9999.000,9999.000
202603300812,   1.910,   2.069,9999.000,9999.000,9999.000,9999.000,9999.000,9999.000,9999.000
202603300818,   1.985,   2.148,9999.000,9999.000,9999.000,9999.000,9999.000,9999.000,9999.000
202603300824,   2.058,   2.230,9999.000,9999.000,9999.000,9999.000,9999.000,9999.000,9999.000
202603300830,   2.130,   2.279,9999.000,9999.000,9999.000,9999.000,9999.000,9999.000,9999.000
202603300836,   2.200,   2.358,9999.000,9999.000,9999.000,9999.000,9999.000,9999.000,9999.000
202603300842,   2.268,   2.440,9999.000,9999.000,9999.000,9999.000,9999.000,9999.000,9999.000
202603300848,   2.334,   2.479,9999.000,9999.000,9999.000,9999.000,9999.000,9999.000,9999.000
202603300854,   2.398,   2.538,9999.000,9999.000,9999.000,9999.000,9999.000,9999.000,9999.000
202603300900,   2.459,   2.620,  -0.100,   0.261,   2.620,  -0.200,   2.520,  -0.100,   2.620
202603300906,   2.517,   2.679,9999.000,9999.000,9999.000,9999.000,9999.000,9999.000,9999.000
202603300912,   2.572,   2.728,9999.000,9999.000,9999.000,9999.000,9999.000,9999.000,9999.000
202603300918,   2.624,   2.758,9999.000,9999.000,9999.000,9999.000,9999.000,9999.000,9999.000
202603300924,   2.672,   2.797,9999.000,9999.000,9999.000,9999.000,9999.000,9999.000,9999.000
202603300930,   2.717,   2.860,9999.000,9999.000,9999.000,9999.000,9999.000,9999.000,9999.000
202603300936,   2.759,   2.889,9999.000,9999.000,9999.000,9999.000,9999.000,9999.000,9999.000
202603300942,   2.796,   2.929,9999.000,9999.000,9999.000,9999.000,9999.000,9999.000,9999.000
202603300948,   2.830,   2.968,9999.000,9999.000,9999.000,9999.000,9999.000,9999.000,9999.000
202603300954,   2.861,   2.997,9999.000,9999.000,9999.000,9999.000,9999.000,9999.000,9999.000
202603301000,   2.887,   3.017,  -0.100,   0.230,   3.017,  -0.200,   2.917,  -0.100,   3.017
202603301006,   2.910,   3.050,9999.000,9999.000,9999.000,9999.000,9999.000,9999.000,9999.000
202603301012,   2.929,   3.079,9999.000,9999.000,9999.000,9999.000,9999.000,9999.000,9999.000
202603301018,   2.944,   3.089,9999.000,9999.000,9999.000,9999.000,9999.000,9999.000,9999.000
202603301024,   2.955,   3.060,9999.000,9999.000,9999.000,9999.000,9999.000,9999.000,9999.000
202603301030,   2.963,   3.089,9999.000,9999.000,9999.000,9999.000,9999.000,9999.000,9999.000
202603301036,   2.967,   3.079,9999.000,9999.000,9999.000,9999.000,9999.000,9999.000,9999.000
202603301042,   2.968,   3.079,9999.000,9999.000,9999.000,9999.000,9999.000,9999.000,9999.000
202603301048,   2.965,   3.050,9999.000,9999.000,9999.000,9999.000,9999.000,9999.000,9999.000
202603301054,   2.959,   3.017,9999.000,9999.000,9999.000,9999.000,9999.000,9999.000,9999.000
202603301100,   2.949,   3.007,  -0.100,   0.158,   3.007,  -0.200,   2.907,  -0.100,   3.007
202603301106,   2.936,   2.988,9999.000,9999.000,9999.000,9999.000,9999.000,9999.000,9999.000
202603301112,   2.920,   2.929,9999.000,9999.000,9999.000,9999.000,9999.000,9999.000,9999.000
202603301118,   2.901,   2.869,9999.000,9999.000,9999.000,9999.000,9999.000,9999.000,9999.000
202603301124,   2.879,   2.840,9999.000,9999.000,9999.000,9999.000,9999.000,9999.000,9999.000
202603301130,   2.854,   2.807,9999.000,9999.000,9999.000,9999.000,9999.000,9999.000,9999.000
202603301136,   2.826,   2.738,9999.000,9999.000,9999.000,9999.000,9999.000,9999.000,9999.000
202603301142,   2.795,   2.689,9999.000,9999.000,9999.000,9999.000,9999.000,9999.000,9999.000
202603301148,   2.761,   2.650,9999.000,9999.000,9999.000,9999.000,9999.000,9999.000,9999.000
202603301154,   2.725,   2.620,9999.000,9999.000,9999.000,9999.000,9999.000,9999.000,9999.000
202603301200,   2.685,   2.587,  -0.100,   0.002,   2.587,  -0.200,   2.487,   0.000,   2.687
202603301206,   2.644,   2.538,9999.000,9999.000,9999.000,9999.000,9999.000,9999.000,9999.000
202603301212,   2.599,   2.499,9999.000,9999.000,9999.000,9999.000,9999.000,9999.000,9999.000
202603301218,   2.552,   2.450,9999.000,9999.000,9999.000,9999.000,9999.000,9999.000,9999.000
202603301224,   2.503,   2.420,9999.000,9999.000,9999.000,9999.000,9999.000,9999.000,9999.000
202603301230,   2.451,   2.368,9999.000,9999.000,9999.000,9999.000,9999.000,9999.000,9999.000
202603301236,   2.397,   2.309,9999.000,9999.000,9999.000,9999.000,9999.000,9999.000,9999.000
202603301242,   2.341,   2.259,9999.000,9999.000,9999.000,9999.000,9999.000,9999.000,9999.000
202603301248,   2.283,   2.191,9999.000,9999.000,9999.000,9999.000,9999.000,9999.000,9999.000
202603301254,   2.223,   2.128,9999.000,9999.000,9999.000,9999.000,9999.000,9999.000,9999.000
202603301300,   2.161,   2.069,  -0.100,   0.008,   2.069,  -0.200,   1.969,  -0.100,   2.069
202603301306,   2.097,   2.020,9999.000,9999.000,9999.000,9999.000,9999.000,9999.000,9999.000
202603301312,   2.031,   1.958,9999.000,9999.000,9999.000,9999.000,9999.000,9999.000,9999.000
202603301318,   1.965,   1.879,9999.000,9999.000,9999.000,9999.000,9999.000,9999.000,9999.000
202603301324,   1.897,   1.790,9999.000,9999.000,9999.000,9999.000,9999.000,9999.000,9999.000
202603301330,   1.828,   1.738,9999.000,9999.000,9999.000,9999.000,9999.000,9999.000,9999.000
202603301336,   1.757,   1.659,9999.000,9999.000,9999.000,9999.000,9999.000,9999.000,9999.000
202603301342,   1.687,   1.590,9999.000,9999.000,9999.000,9999.000,9999.000,9999.000,9999.000
202603301348,   1.615,   1.518,9999.000,9999.000,9999.000,9999.000,9999.000,9999.000,9999.000
202603301354,   1.543,   1.439,9999.000,9999.000,9999.000,9999.000,9999.000,9999.000,9999.000
202603301400,   1.471,   1.371,  -0.100,   0.000,   1.371,  -0.300,   1.171,  -0.100,   1.371
202603301406,   1.399,   1.318,9999.000,9999.000,9999.000,9999.000,9999.000,9999.000,9999.000
202603301412,   1.328,   1.249,9999.000,9999.000,9999.000,9999.000,9999.000,9999.000,9999.000
202603301418,   1.256,   1.180,9999.000,9999.000,9999.000,9999.000,9999.000,9999.000,9999.000
202603301424,   1.185,   1.098,9999.000,9999.000,9999.000,9999.000,9999.000,9999.000,9999.000
202603301430,   1.115,   1.020,9999.000,9999.000,9999.000,9999.000,9999.000,9999.000,9999.000
202603301436,   1.046,   0.961,9999.000,9999.000,9999.000,9999.000,9999.000,9999.000,9999.000
202603301442,   0.978,   0.898,9999.000,9999.000,9999.000,9999.000,9999.000,9999.000,9999.000
202603301448,   0.911,   0.839,9999.000,9999.000,9999.000,9999.000,9999.000,9999.000,9999.000
202603301454,   0.845,   0.760,9999.000,9999.000,9999.000,9999.000,9999.000,9999.000,9999.000
202603301500,   0.781,   0.708,  -0.200,   0.127,   0.708,  -0.300,   0.608,  -0.100,   0.808
202603301506,   0.719,   0.639,9999.000,9999.000,9999.000,9999.000,9999.000,9999.000,9999.000
202603301512,   0.659,   0.580,9999.000,9999.000,9999.000,9999.000,9999.000,9999.000,9999.000
202603301518,   0.601,   0.508,9999.000,9999.000,9999.000,9999.000,9999.000,9999.000,9999.000
202603301524,   0.545,   0.449,9999.000,9999.000,9999.000,9999.000,9999.000,9999.000,9999.000
202603301530,   0.492,   0.400,9999.000,9999.000,9999.000,9999.000,9999.000,9999.000,9999.000
202603301536,   0.441,   0.360,9999.000,9999.000,9999.000,9999.000,9999.000,9999.000,9999.000
202603301542,   0.393,   0.308,9999.000,9999.000,9999.000,9999.000,9999.000,9999.000,9999.000
202603301548,   0.347,   0.259,9999.000,9999.000,9999.000,9999.000,9999.000,9999.000,9999.000
202603301554,   0.304,   0.209,9999.000,9999.000,9999.000,9999.000,9999.000,9999.000,9999.000
202603301600,   0.265,   0.160,  -0.200,   0.095,   0.160,  -0.300,   0.060,  -0.100,   0.260
202603301606,   0.228,   0.131,9999.000,9999.000,9999.000,9999.000,9999.000,9999.000,9999.000
202603301612,   0.194,   0.098,9999.000,9999.000,9999.000,9999.000,9999.000,9999.000,9999.000
202603301618,   0.164,   0.068,9999.000,9999.000,9999.000,9999.000,9999.000,9999.000,9999.000
202603301624,   0.137,   0.029,9999.000,9999.000,9999.000,9999.000,9999.000,9999.000,9999.000
202603301630,   0.113,   0.000,9999.000,9999.000,9999.000,9999.000,9999.000,9999.000,9999.000
202603301636,   0.093,  -0.019,9999.000,9999.000,9999.000,9999.000,9999.000,9999.000,9999.000
202603301642,   0.076,  -0.029,9999.000,9999.000,9999.000,9999.000,9999.000,9999.000,9999.000
202603301648,   0.063,  -0.039,9999.000,9999.000,9999.000,9999.000,9999.000,9999.000,9999.000
202603301654,   0.053,  -0.059,9999.000,9999.000,9999.000,9999.000,9999.000,9999.000,9999.000
202603301700,   0.047,  -0.078,  -0.300,   0.175,  -0.078,  -0.300,  -0.078,  -0.200,   0.022
202603301706,   0.045,  -0.088,9999.000,9999.000,9999.000,9999.000,9999.000,9999.000,9999.000
202603301712,   0.046,  -0.078,9999.000,9999.000,9999.000,9999.000,9999.000,9999.000,9999.000
202603301718,   0.050,  -0.068,9999.000,9999.000,9999.000,9999.000,9999.000,9999.000,9999.000
202603301724,   0.058,  -0.059,9999.000,9999.000,9999.000,9999.000,9999.000,9999.000,9999.000
202603301730,   0.070,  -0.029,9999.000,9999.000,9999.000,9999.000,9999.000,9999.000,9999.000
202603301736,   0.085,  -0.039,9999.000,9999.000,9999.000,9999.000,9999.000,9999.000,9999.000
202603301742,   0.104,   0.000,9999.000,9999.000,9999.000,9999.000,9999.000,9999.000,9999.000
202603301748,   0.126,   0.019,9999.000,9999.000,9999.000,9999.000,9999.000,9999.000,9999.000
202603301754,   0.151,   0.059,9999.000,9999.000,9999.000,9999.000,9999.000,9999.000,9999.000
202603301800,   0.180,   0.098,  -0.100,   0.018,   0.098,  -0.300,  -0.102,   0.000,   0.198
202603301806,   0.212,   0.121,9999.000,9999.000,9999.000,9999.000,9999.000,9999.000,9999.000
202603301812,   0.247,   0.160,9999.000,9999.000,9999.000,9999.000,9999.000,9999.000,9999.000
202603301818,   0.285,   0.219,9999.000,9999.000,9999.000,9999.000,9999.000,9999.000,9999.000
202603301824,   0.327,   0.278,9999.000,9999.000,9999.000,9999.000,9999.000,9999.000,9999.000
202603301830,   0.371,   0.331,9999.000,9999.000,9999.000,9999.000,9999.000,9999.000,9999.000
202603301836,   0.419,   0.370,9999.000,9999.000,9999.000,9999.000,9999.000,9999.000,9999.000
202603301842,   0.469,   0.439,9999.000,9999.000,9999.000,9999.000,9999.000,9999.000,9999.000
202603301848,   0.522,   0.488,9999.000,9999.000,9999.000,9999.000,9999.000,9999.000,9999.000
202603301854,   0.578,   0.560,9999.000,9999.000,9999.000,9999.000,9999.000,9999.000,9999.000
202603301900,   0.637,   0.600,  -0.200,   0.163,   0.600,  -0.300,   0.500,   0.000,   0.800
202603301906,   0.698,   0.669,9999.000,9999.000,9999.000,9999.000,9999.000,9999.000,9999.000
202603301912,   0.761,   0.741,9999.000,9999.000,9999.000,9999.000,9999.000,9999.000,9999.000
202603301918,   0.827,   0.819,9999.000,9999.000,9999.000,9999.000,9999.000,9999.000,9999.000
202603301924,   0.894,   0.869,9999.000,9999.000,9999.000,9999.000,9999.000,9999.000,9999.000
202603301930,   0.964,   0.970,9999.000,9999.000,9999.000,9999.000,9999.000,9999.000,9999.000
202603301936,   1.036,   1.039,9999.000,9999.000,9999.000,9999.000,9999.000,9999.000,9999.000
202603301942,   1.109,   1.108,9999.000,9999.000,9999.000,9999.000,9999.000,9999.000,9999.000
202603301948,   1.184,   1.180,9999.000,9999.000,9999.000,9999.000,9999.000,9999.000,9999.000
202603301954,   1.259,   1.249,9999.000,9999.000,9999.000,9999.000,9999.000,9999.000,9999.000
202603302000,   1.336,   1.338,  -0.200,   0.202,   1.338,  -0.300,   1.238,  -0.100,   1.438
202603302006,   1.414,   1.410,9999.000,9999.000,9999.000,9999.000,9999.000,9999.000,9999.000
202603302012,   1.492,   1.489,9999.000,9999.000,9999.000,9999.000,9999.000,9999.000,9999.000
202603302018,   1.571,   1.590,9999.000,9999.000,9999.000,9999.000,9999.000,9999.000,9999.000
202603302024,   1.649,   1.679,9999.000,9999.000,9999.000,9999.000,9999.000,9999.000,9999.000
202603302030,   1.727,   1.758,9999.000,9999.000,9999.000,9999.000,9999.000,9999.000,9999.000
202603302036,   1.805,   1.859,9999.000,9999.000,9999.000,9999.000,9999.000,9999.000,9999.000
202603302042,   1.882,   1.958,9999.000,9999.000,9999.000,9999.000,9999.000,9999.000,9999.000
202603302048,   1.958,   2.030,9999.000,9999.000,9999.000,9999.000,9999.000,9999.000,9999.000
202603302054,   2.032,   2.099,9999.000,9999.000,9999.000,9999.000,9999.000,9999.000,9999.000
202603302100,   2.105,   2.191,  -0.200,   0.286,   2.191,  -0.400,   1.991,  -0.100,   2.291
202603302106,   2.176,   2.269,9999.000,9999.000,9999.000,9999.000,9999.000,9999.000,9999.000
202603302112,   2.245,   2.348,9999.000,9999.000,9999.000,9999.000,9999.000,9999.000,9999.000
202603302118,   2.311,   2.450,9999.000,9999.000,9999.000,9999.000,9999.000,9999.000,9999.000
202603302124,   2.374,   2.499,9999.000,9999.000,9999.000,9999.000,9999.000,9999.000,9999.000
202603302130,   2.435,   2.578,9999.000,9999.000,9999.000,9999.000,9999.000,9999.000,9999.000
202603302136,   2.492,   2.640,9999.000,9999.000,9999.000,9999.000,9999.000,9999.000,9999.000
202603302142,   2.546,   2.699,9999.000,9999.000,9999.000,9999.000,9999.000,9999.000,9999.000
202603302148,   2.597,   2.748,9999.000,9999.000,9999.000,9999.000,9999.000,9999.000,9999.000
202603302154,   2.644,   2.820,9999.000,9999.000,9999.000,9999.000,9999.000,9999.000,9999.000
202603302200,   2.688,   2.889,  -0.300,   0.501,   2.889,  -0.400,   2.789,  -0.100,   3.089
202603302206,   2.728,   2.938,9999.000,9999.000,9999.000,9999.000,9999.000,9999.000,9999.000
202603302212,   2.764,   2.978,9999.000,9999.000,9999.000,9999.000,9999.000,9999.000,9999.000
202603302218,   2.795,   3.017,9999.000,9999.000,9999.000,9999.000,9999.000,9999.000,9999.000
202603302224,   2.824,   3.050,9999.000,9999.000,9999.000,9999.000,9999.000,9999.000,9999.000
202603302230,   2.848,   3.109,9999.000,9999.000,9999.000,9999.000,9999.000,9999.000,9999.000
202603302236,   2.868,   3.119,9999.000,9999.000,9999.000,9999.000,9999.000,9999.000,9999.000
202603302242,   2.884,   3.148,9999.000,9999.000,9999.000,9999.000,9999.000,9999.000,9999.000
202603302248,   2.897,   3.168,9999.000,9999.000,9999.000,9999.000,9999.000,9999.000,9999.000
202603302254,   2.906,   3.168,9999.000,9999.000,9999.000,9999.000,9999.000,9999.000,9999.000
202603302300,   2.911,   3.188,  -0.300,   0.577,   3.188,  -0.400,   3.088,  -0.200,   3.288
202603302306,   2.912,   3.197,9999.000,9999.000,9999.000,9999.000,9999.000,9999.000,9999.000
202603302312,   2.910,   3.188,9999.000,9999.000,9999.000,9999.000,9999.000,9999.000,9999.000
202603302318,   2.904,   3.168,9999.000,9999.000,9999.000,9999.000,9999.000,9999.000,9999.000
202603302324,   2.895,   3.158,9999.000,9999.000,9999.000,9999.000,9999.000,9999.000,9999.000
202603302330,   2.883,   3.129,9999.000,9999.000,9999.000,9999.000,9999.000,9999.000,9999.000
202603302336,   2.867,   3.109,9999.000,9999.000,9999.000,9999.000,9999.000,9999.000,9999.000
202603302342,   2.848,   3.099,9999.000,9999.000,9999.000,9999.000,9999.000,9999.000,9999.000
202603302348,   2.826,   3.060,9999.000,9999.000,9999.000,9999.000,9999.000,9999.000,9999.000
202603302354,   2.801,   3.007,9999.000,9999.000,9999.000,9999.000,9999.000,9999.000,9999.000
202603310000,   2.773,   2.988,  -0.300,   0.515,   2.988,  -0.400,   2.888,  -0.200,   3.088
202603310006,   2.742,   2.968,9999.000,9999.000,9999.000,9999.000,9999.000,9999.000,9999.000
202603310012,   2.708,   2.929,9999.000,9999.000,9999.000,9999.000,9999.000,9999.000,9999.000
202603310018,   2.672,   2.879,9999.000,9999.000,9999.000,9999.000,9999.000,9999.000,9999.000
202603310024,   2.632,   2.820,9999.000,9999.000,9999.000,9999.000,9999.000,9999.000,9999.000
202603310030,   2.591,   2.758,9999.000,9999.000,9999.000,9999.000,9999.000,9999.000,9999.000
202603310036,   2.546,   2.679,9999.000,9999.000,9999.000,9999.000,9999.000,9999.000,9999.000
202603310042,   2.499,   2.650,9999.000,9999.000,9999.000,9999.000,9999.000,9999.000,9999.000
202603310048,   2.450,   2.587,9999.000,9999.000,9999.000,9999.000,9999.000,9999.000,9999.000
202603310054,   2.398,   2.528,9999.000,9999.000,9999.000,9999.000,9999.000,9999.000,9999.000
202603310100,   2.344,   2.479,  -0.300,   0.435,   2.479,  -0.400,   2.379,  -0.200,   2.579
202603310106,   2.288,   2.400,9999.000,9999.000,9999.000,9999.000,9999.000,9999.000,9999.000
202603310112,   2.230,   2.328,9999.000,9999.000,9999.000,9999.000,9999.000,9999.000,9999.000
202603310118,   2.170,   2.250,9999.000,9999.000,9999.000,9999.000,9999.000,9999.000,9999.000
202603310124,   2.108,   2.168,9999.000,9999.000,9999.000,9999.000,9999.000,9999.000,9999.000
202603310130,   2.044,   2.118,9999.000,9999.000,9999.000,9999.000,9999.000,9999.000,9999.000
202603310136,   1.979,   2.049,9999.000,9999.000,9999.000,9999.000,9999.000,9999.000,9999.000
202603310142,   1.912,   1.958,9999.000,9999.000,9999.000,9999.000,9999.000,9999.000,9999.000
202603310148,   1.845,   1.859,9999.000,9999.000,9999.000,9999.000,9999.000,9999.000,9999.000
202603310154,   1.776,   1.800,9999.000,9999.000,9999.000,9999.000,9999.000,9999.000,9999.000
202603310200,   1.706,   1.728,  -0.300,   0.322,   1.728,  -0.400,   1.628,  -0.200,   1.828
202603310206,   1.636,   1.669,9999.000,9999.000,9999.000,9999.000,9999.000,9999.000,9999.000
202603310212,   1.565,   1.580,9999.000,9999.000,9999.000,9999.000,9999.000,9999.000,9999.000
202603310218,   1.494,   1.498,9999.000,9999.000,9999.000,9999.000,9999.000,9999.000,9999.000
202603310224,   1.422,   1.430,9999.000,9999.000,9999.000,9999.000,9999.000,9999.000,9999.000
202603310230,   1.351,   1.371,9999.000,9999.000,9999.000,9999.000,9999.000,9999.000,9999.000
202603310236,   1.280,   1.298,9999.000,9999.000,9999.000,9999.000,9999.000,9999.000,9999.000
202603310242,   1.209,   1.220,9999.000,9999.000,9999.000,9999.000,9999.000,9999.000,9999.000
202603310248,   1.139,   1.151,9999.000,9999.000,9999.000,9999.000,9999.000,9999.000,9999.000
202603310254,   1.069,   1.088,9999.000,9999.000,9999.000,9999.000,9999.000,9999.000,9999.000
202603310300,   1.001,   1.010,  -0.300,   0.309,   1.010,  -0.400,   0.910,  -0.200,   1.110
202603310306,   0.933,   0.941,9999.000,9999.000,9999.000,9999.000,9999.000,9999.000,9999.000
202603310312,   0.867,   0.859,9999.000,9999.000,9999.000,9999.000,9999.000,9999.000,9999.000
202603310318,   0.803,   0.790,9999.000,9999.000,9999.000,9999.000,9999.000,9999.000,9999.000
202603310324,   0.740,   0.718,9999.000,9999.000,9999.000,9999.000,9999.000,9999.000,9999.000
202603310330,   0.679,   0.659,9999.000,9999.000,9999.000,9999.000,9999.000,9999.000,9999.000
202603310336,   0.620,   0.600,9999.000,9999.000,9999.000,9999.000,9999.000,9999.000,9999.000
202603310342,   0.563,   0.531,9999.000,9999.000,9999.000,9999.000,9999.000,9999.000,9999.000
202603310348,   0.508,   0.459,9999.000,9999.000,9999.000,9999.000,9999.000,9999.000,9999.000
202603310354,   0.456,   0.400,9999.000,9999.000,9999.000,9999.000,9999.000,9999.000,9999.000
202603310400,   0.407,   0.350,  -0.400,   0.343,   0.350,  -0.500,   0.250,  -0.300,   0.450
202603310406,   0.359,   0.308,9999.000,9999.000,9999.000,9999.000,9999.000,9999.000,9999.000
202603310412,   0.315,   0.249,9999.000,9999.000,9999.000,9999.000,9999.000,9999.000,9999.000
202603310418,   0.274,   0.200,9999.000,9999.000,9999.000,9999.000,9999.000,9999.000,9999.000
202603310424,   0.236,   0.160,9999.000,9999.000,9999.000,9999.000,9999.000,9999.000,9999.000
202603310430,   0.201,   0.141,9999.000,9999.000,9999.000,9999.000,9999.000,9999.000,9999.000
202603310436,   0.169,   0.121,9999.000,9999.000,9999.000,9999.000,9999.000,9999.000,9999.000
202603310442,   0.140,   0.078,9999.000,9999.000,9999.000,9999.000,9999.000,9999.000,9999.000
202603310448,   0.115,   0.039,9999.000,9999.000,9999.000,9999.000,9999.000,9999.000,9999.000
202603310454,   0.093,   0.009,9999.000,9999.000,9999.000,9999.000,9999.000,9999.000,9999.000
202603310500,   0.074,   0.000,  -0.400,   0.326,   0.000,  -0.500,  -0.100,  -0.300,   0.100
202603310506,   0.059,  -0.009,9999.000,9999.000,9999.000,9999.000,9999.000,9999.000,9999.000
202603310512,   0.048,  -0.019,9999.000,9999.000,9999.000,9999.000,9999.000,9999.000,9999.000
202603310518,   0.040,  -0.019,9999.000,9999.000,9999.000,9999.000,9999.000,9999.000,9999.000
202603310524,   0.036,  -0.029,9999.000,9999.000,9999.000,9999.000,9999.000,9999.000,9999.000
202603310530,   0.036,  -0.039,9999.000,9999.000,9999.000,9999.000,9999.000,9999.000,9999.000
202603310536,   0.039,  -0.029,9999.000,9999.000,9999.000,9999.000,9999.000,9999.000,9999.000
202603310542,   0.046,  -0.009,9999.000,9999.000,9999.000,9999.000,9999.000,9999.000,9999.000
202603310548,   0.057,   0.029,9999.000,9999.000,9999.000,9999.000,9999.000,9999.000,9999.000
202603310554,   0.071,   0.059,9999.000,9999.000,9999.000,9999.000,9999.000,9999.000,9999.000
202603310600,   0.088,   0.078,  -0.400,   0.390,   0.078,  -0.500,  -0.022,  -0.300,   0.178
202603310606,   0.110,   0.121,9999.000,9999.000,9999.000,9999.000,9999.000,9999.000,9999.000
202603310612,   0.134,   0.170,9999.000,9999.000,9999.000,9999.000,9999.000,9999.000,9999.000
202603310618,   0.162,   0.219,9999.000,9999.000,9999.000,9999.000,9999.000,9999.000,9999.000
202603310624,   0.194,   0.278,9999.000,9999.000,9999.000,9999.000,9999.000,9999.000,9999.000
202603310630,   0.229,   0.331,9999.000,9999.000,9999.000,9999.000,9999.000,9999.000,9999.000
202603310636,   0.267,   0.390,9999.000,9999.000,9999.000,9999.000,9999.000,9999.000,9999.000
202603310642,   0.308,   0.449,9999.000,9999.000,9999.000,9999.000,9999.000,9999.000,9999.000
202603310648,   0.353,   0.498,9999.000,9999.000,9999.000,9999.000,9999.000,9999.000,9999.000
202603310654,   0.400,   0.551,9999.000,9999.000,9999.000,9999.000,9999.000,9999.000,9999.000
202603310700,   0.451,   0.600,  -0.400,   0.549,   0.600,  -0.500,   0.500,  -0.300,   0.700
202603310706,   0.504,   0.659,9999.000,9999.000,9999.000,9999.000,9999.000,9999.000,9999.000
202603310712,   0.561,   0.731,9999.000,9999.000,9999.000,9999.000,9999.000,9999.000,9999.000
202603310718,   0.620,   0.780,9999.000,9999.000,9999.000,9999.000,9999.000,9999.000,9999.000
202603310724,   0.681,   0.859,9999.000,9999.000,9999.000,9999.000,9999.000,9999.000,9999.000
202603310730,   0.745,   0.918,9999.000,9999.000,9999.000,9999.000,9999.000,9999.000,9999.000
202603310736,   0.812,   0.970,9999.000,9999.000,9999.000,9999.000,9999.000,9999.000,9999.000
202603310742,   0.880,   1.039,9999.000,9999.000,9999.000,9999.000,9999.000,9999.000,9999.000
202603310748,   0.951,   1.128,9999.000,9999.000,9999.000,9999.000,9999.000,9999.000,9999.000
202603310754,   1.024,   1.200,9999.000,9999.000,9999.000,9999.000,9999.000,9999.000,9999.000
202603310800,   1.098,   1.269,  -0.400,   0.571,   1.269,  -0.500,   1.169,  -0.200,   1.469
202603310806,   1.174,   1.318,9999.000,9999.000,9999.000,9999.000,9999.000,9999.000,9999.000
202603310812,   1.251,   1.390,9999.000,9999.000,9999.000,9999.000,9999.000,9999.000,9999.000
202603310818,   1.330,   1.469,9999.000,9999.000,9999.000,9999.000,9999.000,9999.000,9999.000
202603310824,   1.409,   1.571,9999.000,9999.000,9999.000,9999.000,9999.000,9999.000,9999.000
202603310830,   1.489,   1.630,9999.000,9999.000,9999.000,9999.000,9999.000,9999.000,9999.000
202603310836,   1.570,   1.708,9999.000,9999.000,9999.000,9999.000,9999.000,9999.000,9999.000
202603310842,   1.650,   1.781,9999.000,9999.000,9999.000,9999.000,9999.000,9999.000,9999.000
202603310848,   1.731,   1.869,9999.000,9999.000,9999.000,9999.000,9999.000,9999.000,9999.000
202603310854,   1.811,   1.938,9999.000,9999.000,9999.000,9999.000,9999.000,9999.000,9999.000
202603310900,   1.890,   2.000,  -0.400,   0.510,   2.000,  -0.500,   1.900,  -0.200,   2.200
202603310906,   1.969,   2.079,9999.000,9999.000,9999.000,9999.000,9999.000,9999.000,9999.000
202603310912,   2.046,   2.158,9999.000,9999.000,9999.000,9999.000,9999.000,9999.000,9999.000
202603310918,   2.122,   2.250,9999.000,9999.000,9999.000,9999.000,9999.000,9999.000,9999.000
202603310924,   2.195,   2.318,9999.000,9999.000,9999.000,9999.000,9999.000,9999.000,9999.000
202603310930,   2.267,   2.387,9999.000,9999.000,9999.000,9999.000,9999.000,9999.000,9999.000
202603310936,   2.336,   2.440,9999.000,9999.000,9999.000,9999.000,9999.000,9999.000,9999.000
202603310942,   2.403,   2.528,9999.000,9999.000,9999.000,9999.000,9999.000,9999.000,9999.000
202603310948,   2.467,   2.597,9999.000,9999.000,9999.000,9999.000,9999.000,9999.000,9999.000
202603310954,   2.527,   2.660,9999.000,9999.000,9999.000,9999.000,9999.000,9999.000,9999.000
202603311000,   2.585,   2.709,  -0.400,   0.524,   2.709,  -0.500,   2.609,  -0.200,   2.909
202603311006,   2.638,   2.768,9999.000,9999.000,9999.000,9999.000,9999.000,9999.000,9999.000
202603311012,   2.689,   2.830,9999.000,9999.000,9999.000,9999.000,9999.000,9999.000,9999.000
202603311018,   2.735,   2.889,9999.000,9999.000,9999.000,9999.000,9999.000,9999.000,9999.000
202603311024,   2.777,   2.929,9999.000,9999.000,9999.000,9999.000,9999.000,9999.000,9999.000
202603311030,   2.816,   2.978,9999.000,9999.000,9999.000,9999.000,9999.000,9999.000,9999.000
202603311036,   2.850,   3.017,9999.000,9999.000,9999.000,9999.000,9999.000,9999.000,9999.000
202603311042,   2.880,   3.050,9999.000,9999.000,9999.000,9999.000,9999.000,9999.000,9999.000
202603311048,   2.907,   3.079,9999.000,9999.000,9999.000,9999.000,9999.000,9999.000,9999.000
202603311054,   2.929,   3.099,9999.000,9999.000,9999.000,9999.000,9999.000,9999.000,9999.000
202603311100,   2.947,   3.119,  -0.400,   0.572,   3.119,  -0.500,   3.019,  -0.200,   3.319
202603311106,   2.960,   3.138,9999.000,9999.000,9999.000,9999.000,9999.000,9999.000,9999.000
202603311112,   2.970,   3.168,9999.000,9999.000,9999.000,9999.000,9999.000,9999.000,9999.000
202603311118,   2.976,   3.178,9999.000,9999.000,9999.000,9999.000,9999.000,9999.000,9999.000
202603311124,   2.978,   3.168,9999.000,9999.000,9999.000,9999.000,9999.000,9999.000,9999.000
202603311130,   2.976,   3.148,9999.000,9999.000,9999.000,9999.000,9999.000,9999.000,9999.000
202603311136,   2.971,   3.148,9999.000,9999.000,9999.000,9999.000,9999.000,9999.000,9999.000
202603311142,   2.961,   3.138,9999.000,9999.000,9999.000,9999.000,9999.000,9999.000,9999.000
202603311148,   2.949,   3.129,9999.000,9999.000,9999.000,9999.000,9999.000,9999.000,9999.000
202603311154,   2.933,   3.079,9999.000,9999.000,9999.000,9999.000,9999.000,9999.000,9999.000
202603311200,   2.913,   3.050,  -0.400,   0.537,   3.050,  -0.500,   2.950,  -0.200,   3.250
202603311206,   2.890,   3.017,9999.000,9999.000,9999.000,9999.000,9999.000,9999.000,9999.000
202603311212,   2.864,   2.988,9999.000,9999.000,9999.000,9999.000,9999.000,9999.000,9999.000
202603311218,   2.835,   2.968,9999.000,9999.000,9999.000,9999.000,9999.000,9999.000,9999.000
202603311224,   2.803,   2.919,9999.000,9999.000,9999.000,9999.000,9999.000,9999.000,9999.000
202603311230,   2.768,   2.860,9999.000,9999.000,9999.000,9999.000,9999.000,9999.000,9999.000
202603311236,   2.730,   2.807,9999.000,9999.000,9999.000,9999.000,9999.000,9999.000,9999.000
202603311242,   2.690,   2.758,9999.000,9999.000,9999.000,9999.000,9999.000,9999.000,9999.000
202603311248,   2.646,   2.719,9999.000,9999.000,9999.000,9999.000,9999.000,9999.000,9999.000
202603311254,   2.600,   2.650,9999.000,9999.000,9999.000,9999.000,9999.000,9999.000,9999.000
202603311300,   2.552,   2.620,  -0.400,   0.468,   2.620,  -0.500,   2.520,  -0.200,   2.820
202603311306,   2.501,   2.558,9999.000,9999.000,9999.000,9999.000,9999.000,9999.000,9999.000
202603311312,   2.448,   2.479,9999.000,9999.000,9999.000,9999.000,9999.000,9999.000,9999.000
202603311318,   2.392,   2.430,9999.000,9999.000,9999.000,9999.000,9999.000,9999.000,9999.000
202603311324,   2.334,   2.348,9999.000,9999.000,9999.000,9999.000,9999.000,9999.000,9999.000
202603311330,   2.274,   2.279,9999.000,9999.000,9999.000,9999.000,9999.000,9999.000,9999.000
202603311336,   2.213,   2.200,9999.000,9999.000,9999.000,9999.000,9999.000,9999.000,9999.000
202603311342,   2.149,   2.138,9999.000,9999.000,9999.000,9999.000,9999.000,9999.000,9999.000
202603311348,   2.084,   2.069,9999.000,9999.000,9999.000,9999.000,9999.000,9999.000,9999.000
202603311354,   2.017,   1.990,9999.000,9999.000,9999.000,9999.000,9999.000,9999.000,9999.000
202603311400,   1.948,   1.928,  -0.300,   0.280,   1.928,  -0.500,   1.728,  -0.200,   2.028
202603311406,   1.879,   1.830,9999.000,9999.000,9999.000,9999.000,9999.000,9999.000,9999.000
202603311412,   1.808,   1.758,9999.000,9999.000,9999.000,9999.000,9999.000,9999.000,9999.000
202603311418,   1.736,   1.689,9999.000,9999.000,9999.000,9999.000,9999.000,9999.000,9999.000
202603311424,   1.664,   1.620,9999.000,9999.000,9999.000,9999.000,9999.000,9999.000,9999.000
202603311430,   1.591,   1.528,9999.000,9999.000,9999.000,9999.000,9999.000,9999.000,9999.000
202603311436,   1.517,   1.469,9999.000,9999.000,9999.000,9999.000,9999.000,9999.000,9999.000
202603311442,   1.443,   1.380,9999.000,9999.000,9999.000,9999.000,9999.000,9999.000,9999.000
202603311448,   1.370,   1.308,9999.000,9999.000,9999.000,9999.000,9999.000,9999.000,9999.000
202603311454,   1.296,   1.220,9999.000,9999.000,9999.000,9999.000,9999.000,9999.000,9999.000
202603311500,   1.223,   1.161,  -0.300,   0.238,   1.161,  -0.500,   0.961,  -0.200,   1.261
202603311506,   1.150,   1.079,9999.000,9999.000,9999.000,9999.000,9999.000,9999.000,9999.000
202603311512,   1.078,   1.020,9999.000,9999.000,9999.000,9999.000,9999.000,9999.000,9999.000
202603311518,   1.007,   0.928,9999.000,9999.000,9999.000,9999.000,9999.000,9999.000,9999.000
202603311524,   0.937,   0.859,9999.000,9999.000,9999.000,9999.000,9999.000,9999.000,9999.000
202603311530,   0.868,   0.800,9999.000,9999.000,9999.000,9999.000,9999.000,9999.000,9999.000
202603311536,   0.801,   0.731,9999.000,9999.000,9999.000,9999.000,9999.000,9999.000,9999.000
202603311542,   0.735,   0.649,9999.000,9999.000,9999.000,9999.000,9999.000,9999.000,9999.000
202603311548,   0.671,   0.590,9999.000,9999.000,9999.000,9999.000,9999.000,9999.000,9999.000
202603311554,   0.610,   0.560,9999.000,9999.000,9999.000,9999.000,9999.000,9999.000,9999.000
202603311600,   0.550,   0.488,  -0.300,   0.238,   0.488,  -0.500,   0.288,  -0.200,   0.588
202603311606,   0.492,   0.400,9999.000,9999.000,9999.000,9999.000,9999.000,9999.000,9999.000
202603311612,   0.437,   0.331,9999.000,9999.000,9999.000,9999.000,9999.000,9999.000,9999.000
202603311618,   0.385,   0.268,9999.000,9999.000,9999.000,9999.000,9999.000,9999.000,9999.000
202603311624,   0.335,   0.229,9999.000,9999.000,9999.000,9999.000,9999.000,9999.000,9999.000
202603311630,   0.288,   0.170,9999.000,9999.000,9999.000,9999.000,9999.000,9999.000,9999.000
202603311636,   0.244,   0.131,9999.000,9999.000,9999.000,9999.000,9999.000,9999.000,9999.000
202603311642,   0.203,   0.111,9999.000,9999.000,9999.000,9999.000,9999.000,9999.000,9999.000
202603311648,   0.166,   0.059,9999.000,9999.000,9999.000,9999.000,9999.000,9999.000,9999.000
202603311654,   0.131,   0.019,9999.000,9999.000,9999.000,9999.000,9999.000,9999.000,9999.000
202603311700,   0.100,  -0.029,  -0.300,   0.171,  -0.029,  -0.400,  -0.129,  -0.200,   0.071
202603311706,   0.073,  -0.049,9999.000,9999.000,9999.000,9999.000,9999.000,9999.000,9999.000
202603311712,   0.049,  -0.068,9999.000,9999.000,9999.000,9999.000,9999.000,9999.000,9999.000
202603311718,   0.028,  -0.078,9999.000,9999.000,9999.000,9999.000,9999.000,9999.000,9999.000
202603311724,   0.011,  -0.068,9999.000,9999.000,9999.000,9999.000,9999.000,9999.000,9999.000
202603311730,  -0.001,  -0.078,9999.000,9999.000,9999.000,9999.000,9999.000,9999.000,9999.000
202603311736,  -0.010,  -0.068,9999.000,9999.000,9999.000,9999.000,9999.000,9999.000,9999.000
202603311742,  -0.016,  -0.078,9999.000,9999.000,9999.000,9999.000,9999.000,9999.000,9999.000
202603311748,  -0.017,  -0.088,9999.000,9999.000,9999.000,9999.000,9999.000,9999.000,9999.000
202603311754,  -0.015,  -0.098,9999.000,9999.000,9999.000,9999.000,9999.000,9999.000,9999.000
202603311800,  -0.009,  -0.098,  -0.300,   0.211,  -0.098,  -0.400,  -0.198,  -0.200,   0.002
202603311806,   0.000,  -0.068,9999.000,9999.000,9999.000,9999.000,9999.000,9999.000,9999.000
202603311812,   0.013,  -0.029,9999.000,9999.000,9999.000,9999.000,9999.000,9999.000,9999.000
202603311818,   0.030,   0.009,9999.000,9999.000,9999.000,9999.000,9999.000,9999.000,9999.000
202603311824,   0.051,   0.039,9999.000,9999.000,9999.000,9999.000,9999.000,9999.000,9999.000
202603311830,   0.076,   0.088,9999.000,9999.000,9999.000,9999.000,9999.000,9999.000,9999.000
202603311836,   0.104,   0.160,9999.000,9999.000,9999.000,9999.000,9999.000,9999.000,9999.000
202603311842,   0.136,   0.209,9999.000,9999.000,9999.000,9999.000,9999.000,9999.000,9999.000
202603311848,   0.171,   0.249,9999.000,9999.000,9999.000,9999.000,9999.000,9999.000,9999.000
202603311854,   0.210,   0.288,9999.000,9999.000,9999.000,9999.000,9999.000,9999.000,9999.000
202603311900,   0.253,   0.341,  -0.300,   0.388,   0.341,  -0.400,   0.241,  -0.200,   0.441
202603311906,   0.298,   0.419,9999.000,9999.000,9999.000,9999.000,9999.000,9999.000,9999.000
202603311912,   0.347,   0.429,9999.000,9999.000,9999.000,9999.000,9999.000,9999.000,9999.000
202603311918,   0.399,   0.478,9999.000,9999.000,9999.000,9999.000,9999.000,9999.000,9999.000
202603311924,   0.454,   0.518,9999.000,9999.000,9999.000,9999.000,9999.000,9999.000,9999.000
202603311930,   0.512,   0.590,9999.000,9999.000,9999.000,9999.000,9999.000,9999.000,9999.000
202603311936,   0.573,   0.659,9999.000,9999.000,9999.000,9999.000,9999.000,9999.000,9999.000
202603311942,   0.636,   0.731,9999.000,9999.000,9999.000,9999.000,9999.000,9999.000,9999.000
202603311948,   0.702,   0.760,9999.000,9999.000,9999.000,9999.000,9999.000,9999.000,9999.000
202603311954,   0.771,   0.800,9999.000,9999.000,9999.000,9999.000,9999.000,9999.000,9999.000
202603312000,   0.842,   0.869,  -0.200,   0.227,   0.869,  -0.400,   0.669,  -0.100,   0.969
202603312006,   0.915,   0.961,9999.000,9999.000,9999.000,9999.000,9999.000,9999.000,9999.000
202603312012,   0.990,   1.020,9999.000,9999.000,9999.000,9999.000,9999.000,9999.000,9999.000
202603312018,   1.067,   1.079,9999.000,9999.000,9999.000,9999.000,9999.000,9999.000,9999.000
202603312024,   1.146,   1.151,9999.000,9999.000,9999.000,9999.000,9999.000,9999.000,9999.000
202603312030,   1.226,   1.249,9999.000,9999.000,9999.000,9999.000,9999.000,9999.000,9999.000
202603312036,   1.308,   1.338,9999.000,9999.000,9999.000,9999.000,9999.000,9999.000,9999.000
202603312042,   1.391,   1.390,9999.000,9999.000,9999.000,9999.000,9999.000,9999.000,9999.000
202603312048,   1.474,   1.498,9999.000,9999.000,9999.000,9999.000,9999.000,9999.000,9999.000
202603312054,   1.558,   1.580,9999.000,9999.000,9999.000,9999.000,9999.000,9999.000,9999.000
202603312100,   1.642,   1.699,  -0.200,   0.257,   1.699,  -0.300,   1.599,  -0.100,   1.799
202603312106,   1.727,   1.781,9999.000,9999.000,9999.000,9999.000,9999.000,9999.000,9999.000
202603312112,   1.811,   1.849,9999.000,9999.000,9999.000,9999.000,9999.000,9999.000,9999.000
202603312118,   1.894,   1.928,9999.000,9999.000,9999.000,9999.000,9999.000,9999.000,9999.000
202603312124,   1.977,   2.020,9999.000,9999.000,9999.000,9999.000,9999.000,9999.000,9999.000
202603312130,   2.059,   2.109,9999.000,9999.000,9999.000,9999.000,9999.000,9999.000,9999.000
202603312136,   2.139,   2.200,9999.000,9999.000,9999.000,9999.000,9999.000,9999.000,9999.000
202603312142,   2.217,   2.279,9999.000,9999.000,9999.000,9999.000,9999.000,9999.000,9999.000
202603312148,   2.293,   2.348,9999.000,9999.000,9999.000,9999.000,9999.000,9999.000,9999.000
202603312154,   2.368,   2.430,9999.000,9999.000,9999.000,9999.000,9999.000,9999.000,9999.000
202603312200,   2.439,   2.519,  -0.200,   0.280,   2.519,  -0.300,   2.419,  -0.100,   2.619
202603312206,   2.508,   2.597,9999.000,9999.000,9999.000,9999.000,9999.000,9999.000,9999.000
202603312212,   2.573,   2.689,9999.000,9999.000,9999.000,9999.000,9999.000,9999.000,9999.000
202603312218,   2.635,   2.758,9999.000,9999.000,9999.000,9999.000,9999.000,9999.000,9999.000
202603312224,   2.694,   2.830,9999.000,9999.000,9999.000,9999.000,9999.000,9999.000,9999.000
202603312230,   2.749,   2.909,9999.000,9999.000,9999.000,9999.000,9999.000,9999.000,9999.000
202603312236,   2.800,   2.997,9999.000,9999.000,9999.000,9999.000,9999.000,9999.000,9999.000
202603312242,   2.847,   3.040,9999.000,9999.000,9999.000,9999.000,9999.000,9999.000,9999.000
202603312248,   2.890,   3.089,9999.000,9999.000,9999.000,9999.000,9999.000,9999.000,9999.000
202603312254,   2.929,   3.158,9999.000,9999.000,9999.000,9999.000,9999.000,9999.000,9999.000
202603312300,   2.964,   3.207,  -0.200,   0.443,   3.207,  -0.300,   3.107,  -0.100,   3.307
202603312306,   2.994,   3.260,9999.000,9999.000,9999.000,9999.000,9999.000,9999.000,9999.000
202603312312,   3.020,   3.279,9999.000,9999.000,9999.000,9999.000,9999.000,9999.000,9999.000
202603312318,   3.041,   3.339,9999.000,9999.000,9999.000,9999.000,9999.000,9999.000,9999.000
202603312324,   3.059,   3.358,9999.000,9999.000,9999.000,9999.000,9999.000,9999.000,9999.000
202603312330,   3.071,   3.388,9999.000,9999.000,9999.000,9999.000,9999.000,9999.000,9999.000
202603312336,   3.080,   3.427,9999.000,9999.000,9999.000,9999.000,9999.000,9999.000,9999.000
202603312342,   3.085,   3.450,9999.000,9999.000,9999.000,9999.000,9999.000,9999.000,9999.000
202603312348,   3.086,   3.450,9999.000,9999.000,9999.000,9999.000,9999.000,9999.000,9999.000
202603312354,   3.082,   3.440,9999.000,9999.000,9999.000,9999.000,9999.000,9999.000,9999.000
202604010000,   3.075,   3.427,  -0.100,   0.452,   3.427,  -0.200,   3.327,  -0.100,   3.427
202604010006,   3.064,   3.427,9999.000,9999.000,9999.000,9999.000,9999.000,9999.000,9999.000
202604010012,   3.049,   3.417,9999.000,9999.000,9999.000,9999.000,9999.000,9999.000,9999.000
202604010018,   3.031,   3.378,9999.000,9999.000,9999.000,9999.000,9999.000,9999.000,9999.000
202604010024,   3.009,   3.348,9999.000,9999.000,9999.000,9999.000,9999.000,9999.000,9999.000
202604010030,   2.984,   3.348,9999.000,9999.000,9999.000,9999.000,9999.000,9999.000,9999.000
202604010036,   2.956,   3.289,9999.000,9999.000,9999.000,9999.000,9999.000,9999.000,9999.000
202604010042,   2.924,   3.240,9999.000,9999.000,9999.000,9999.000,9999.000,9999.000,9999.000
202604010048,   2.890,   3.207,9999.000,9999.000,9999.000,9999.000,9999.000,9999.000,9999.000
202604010054,   2.852,   3.148,9999.000,9999.000,9999.000,9999.000,9999.000,9999.000,9999.000
202604010100,   2.812,   3.109,  -0.100,   0.397,   3.109,  -0.200,   3.009,   0.000,   3.209
202604010106,   2.769,   3.030,9999.000,9999.000,9999.000,9999.000,9999.000,9999.000,9999.000
202604010112,   2.723,   2.958,9999.000,9999.000,9999.000,9999.000,9999.000,9999.000,9999.000
202604010118,   2.674,   2.909,9999.000,9999.000,9999.000,9999.000,9999.000,9999.000,9999.000
202604010124,   2.623,   2.879,9999.000,9999.000,9999.000,9999.000,9999.000,9999.000,9999.000
202604010130,   2.570,   2.807,9999.000,9999.000,9999.000,9999.000,9999.000,9999.000,9999.000
202604010136,   2.514,   2.758,9999.000,9999.000,9999.000,9999.000,9999.000,9999.000,9999.000
202604010142,   2.456,   2.719,9999.000,9999.000,9999.000,9999.000,9999.000,9999.000,9999.000
202604010148,   2.395,   2.640,9999.000,9999.000,9999.000,9999.000,9999.000,9999.000,9999.000
202604010154,   2.333,   2.568,9999.000,9999.000,9999.000,9999.000,9999.000,9999.000,9999.000
202604010200,   2.269,   2.519,  -0.100,   0.350,   2.519,  -0.200,   2.419,   0.000,   2.619
202604010206,   2.202,   2.440,9999.000,9999.000,9999.000,9999.000,9999.000,9999.000,9999.000
202604010212,   2.135,   2.358,9999.000,9999.000,9999.000,9999.000,9999.000,9999.000,9999.000
202604010218,   2.065,   2.279,9999.000,9999.000,9999.000,9999.000,9999.000,9999.000,9999.000
202604010224,   1.994,   2.210,9999.000,9999.000,9999.000,9999.000,9999.000,9999.000,9999.000
202604010230,   1.922,   2.128,9999.000,9999.000,9999.000,9999.000,9999.000,9999.000,9999.000
202604010236,   1.849,   2.030,9999.000,9999.000,9999.000,9999.000,9999.000,9999.000,9999.000
202604010242,   1.775,   1.938,9999.000,9999.000,9999.000,9999.000,9999.000,9999.000,9999.000
202604010248,   1.700,   1.869,9999.000,9999.000,9999.000,9999.000,9999.000,9999.000,9999.000
202604010254,   1.625,   1.810,9999.000,9999.000,9999.000,9999.000,9999.000,9999.000,9999.000
202604010300,   1.549,   1.728,   0.000,   0.179,   1.728,  -0.100,   1.628,   0.000,   1.728
202604010306,   1.473,   1.639,9999.000,9999.000,9999.000,9999.000,9999.000,9999.000,9999.000
202604010312,   1.397,   1.557,9999.000,9999.000,9999.000,9999.000,9999.000,9999.000,9999.000
202604010318,   1.321,   1.498,9999.000,9999.000,9999.000,9999.000,9999.000,9999.000,9999.000
202604010324,   1.245,   1.420,9999.000,9999.000,9999.000,9999.000,9999.000,9999.000,9999.000
202604010330,   1.171,   1.318,9999.000,9999.000,9999.000,9999.000,9999.000,9999.000,9999.000
202604010336,   1.096,   1.249,9999.000,9999.000,9999.000,9999.000,9999.000,9999.000,9999.000
202604010342,   1.023,   1.180,9999.000,9999.000,9999.000,9999.000,9999.000,9999.000,9999.000
202604010348,   0.951,   1.108,9999.000,9999.000,9999.000,9999.000,9999.000,9999.000,9999.000
202604010354,   0.880,   1.029,9999.000,9999.000,9999.000,9999.000,9999.000,9999.000,9999.000
202604010400,   0.811,   0.961,   0.000,   0.150,   0.961,  -0.100,   0.861,   0.000,   0.961
202604010406,   0.744,   0.888,9999.000,9999.000,9999.000,9999.000,9999.000,9999.000,9999.000
202604010412,   0.678,   0.839,9999.000,9999.000,9999.000,9999.000,9999.000,9999.000,9999.000
202604010418,   0.614,   0.780,9999.000,9999.000,9999.000,9999.000,9999.000,9999.000,9999.000
202604010424,   0.552,   0.718,9999.000,9999.000,9999.000,9999.000,9999.000,9999.000,9999.000
202604010430,   0.493,   0.678,9999.000,9999.000,9999.000,9999.000,9999.000,9999.000,9999.000
202604010436,   0.436,   0.610,9999.000,9999.000,9999.000,9999.000,9999.000,9999.000,9999.000
202604010442,   0.382,   0.551,9999.000,9999.000,9999.000,9999.000,9999.000,9999.000,9999.000
202604010448,   0.331,   0.498,9999.000,9999.000,9999.000,9999.000,9999.000,9999.000,9999.000
202604010454,   0.282,   0.459,9999.000,9999.000,9999.000,9999.000,9999.000,9999.000,9999.000
202604010500,   0.237,   0.429,  -0.100,   0.292,   0.429,  -0.200,   0.329,   0.000,   0.529
202604010506,   0.195,   0.380,9999.000,9999.000,9999.000,9999.000,9999.000,9999.000,9999.000
202604010512,   0.156,   0.350,9999.000,9999.000,9999.000,9999.000,9999.000,9999.000,9999.000
202604010518,   0.120,   0.298,9999.000,9999.000,9999.000,9999.000,9999.000,9999.000,9999.000
202604010524,   0.088,   0.259,9999.000,9999.000,9999.000,9999.000,9999.000,9999.000,9999.000
202604010530,   0.059,   0.239,9999.000,9999.000,9999.000,9999.000,9999.000,9999.000,9999.000
202604010536,   0.034,   0.219,9999.000,9999.000,9999.000,9999.000,9999.000,9999.000,9999.000
202604010542,   0.012,   0.190,9999.000,9999.000,9999.000,9999.000,9999.000,9999.000,9999.000
202604010548,  -0.005,   0.190,9999.000,9999.000,9999.000,9999.000,9999.000,9999.000,9999.000
202604010554,  -0.019,   0.180,9999.000,9999.000,9999.000,9999.000,9999.000,9999.000,9999.000
202604010600,  -0.029,   0.209,   0.000,   0.238,   0.209,  -0.200,   0.009,   0.000,   0.209
202604010606,  -0.035,   0.209,9999.000,9999.000,9999.000,9999.000,9999.000,9999.000,9999.000
202604010612,  -0.037,   0.200,9999.000,9999.000,9999.000,9999.000,9999.000,9999.000,9999.000
202604010618,  -0.036,   0.219,9999.000,9999.000,9999.000,9999.000,9999.000,9999.000,9999.000
202604010624,  -0.031,   0.249,9999.000,9999.000,9999.000,9999.000,9999.000,9999.000,9999.000
202604010630,  -0.021,   0.268,9999.000,9999.000,9999.000,9999.000,9999.000,9999.000,9999.000
202604010636,  -0.008,   0.278,9999.000,9999.000,9999.000,9999.000,9999.000,9999.000,9999.000
202604010642,   0.008,   0.321,9999.000,9999.000,9999.000,9999.000,9999.000,9999.000,9999.000
202604010648,   0.028,   0.350,9999.000,9999.000,9999.000,9999.000,9999.000,9999.000,9999.000
202604010654,   0.053,   0.390,9999.000,9999.000,9999.000,9999.000,9999.000,9999.000,9999.000
202604010700,   0.081,   0.429,   0.000,   0.348,   0.429,  -0.200,   0.229,   0.000,   0.429
202604010706,   0.112,   0.469,9999.000,9999.000,9999.000,9999.000,9999.000,9999.000,9999.000
202604010712,   0.148,   0.531,9999.000,9999.000,9999.000,9999.000,9999.000,9999.000,9999.000
202604010718,   0.186,   0.560,9999.000,9999.000,9999.000,9999.000,9999.000,9999.000,9999.000
202604010724,   0.228,   0.629,9999.000,9999.000,9999.000,9999.000,9999.000,9999.000,9999.000
202604010730,   0.274,   0.688,9999.000,9999.000,9999.000,9999.000,9999.000,9999.000,9999.000
202604010736,   0.322,   0.741,9999.000,9999.000,9999.000,9999.000,9999.000,9999.000,9999.000
202604010742,   0.374,   0.780,9999.000,9999.000,9999.000,9999.000,9999.000,9999.000,9999.000
202604010748,   0.429,   0.829,9999.000,9999.000,9999.000,9999.000,9999.000,9999.000,9999.000
202604010754,   0.487,   0.908,9999.000,9999.000,9999.000,9999.000,9999.000,9999.000,9999.000
202604010800,   0.547,   0.951,   0.000,   0.404,   0.951,  -0.200,   0.751,   0.100,   1.051
202604010806,   0.610,   1.039,9999.000,9999.000,9999.000,9999.000,9999.000,9999.000,9999.000
202604010812,   0.676,   1.079,9999.000,9999.000,9999.000,9999.000,9999.000,9999.000,9999.000
202604010818,   0.744,   1.161,9999.000,9999.000,9999.000,9999.000,9999.000,9999.000,9999.000
202604010824,   0.814,   1.249,9999.000,9999.000,9999.000,9999.000,9999.000,9999.000,9999.000
202604010830,   0.887,   1.308,9999.000,9999.000,9999.000,9999.000,9999.000,9999.000,9999.000
202604010836,   0.961,   1.371,9999.000,9999.000,9999.000,9999.000,9999.000,9999.000,9999.000
202604010842,   1.037,   1.430,9999.000,9999.000,9999.000,9999.000,9999.000,9999.000,9999.000
202604010848,   1.115,   1.518,9999.000,9999.000,9999.000,9999.000,9999.000,9999.000,9999.000
202604010854,   1.194,   1.580,9999.000,9999.000,9999.000,9999.000,9999.000,9999.000,9999.000
202604010900,   1.275,   1.649,   0.000,   0.374,   1.649,  -0.200,   1.449,   0.100,   1.749
202604010906,   1.356,   1.718,9999.000,9999.000,9999.000,9999.000,9999.000,9999.000,9999.000
202604010912,   1.438,   1.800,9999.000,9999.000,9999.000,9999.000,9999.000,9999.000,9999.000
202604010918,   1.520,   1.869,9999.000,9999.000,9999.000,9999.000,9999.000,9999.000,9999.000
202604010924,   1.603,   1.938,9999.000,9999.000,9999.000,9999.000,9999.000,9999.000,9999.000
202604010930,   1.685,   2.020,9999.000,9999.000,9999.000,9999.000,9999.000,9999.000,9999.000
202604010936,   1.767,   2.089,9999.000,9999.000,9999.000,9999.000,9999.000,9999.000,9999.000
202604010942,   1.849,   2.168,9999.000,9999.000,9999.000,9999.000,9999.000,9999.000,9999.000
202604010948,   1.929,   2.250,9999.000,9999.000,9999.000,9999.000,9999.000,9999.000,9999.000
202604010954,   2.008,   2.338,9999.000,9999.000,9999.000,9999.000,9999.000,9999.000,9999.000
202604011000,   2.086,   2.420,  -0.100,   0.434,   2.420,  -0.300,   2.220,   0.000,   2.520
202604011006,   2.162,   2.479,9999.000,9999.000,9999.000,9999.000,9999.000,9999.000,9999.000
202604011012,   2.235,   2.528,9999.000,9999.000,9999.000,9999.000,9999.000,9999.000,9999.000
202604011018,   2.306,   2.610,9999.000,9999.000,9999.000,9999.000,9999.000,9999.000,9999.000
202604011024,   2.375,   2.679,9999.000,9999.000,9999.000,9999.000,9999.000,9999.000,9999.000
202604011030,   2.440,   2.758,9999.000,9999.000,9999.000,9999.000,9999.000,9999.000,9999.000
202604011036,   2.502,   2.807,9999.000,9999.000,9999.000,9999.000,9999.000,9999.000,9999.000
202604011042,   2.561,   2.869,9999.000,9999.000,9999.000,9999.000,9999.000,9999.000,9999.000
202604011048,   2.617,   2.948,9999.000,9999.000,9999.000,9999.000,9999.000,9999.000,9999.000
202604011054,   2.668,   2.978,9999.000,9999.000,9999.000,9999.000,9999.000,9999.000,9999.000
202604011100,   2.715,   3.040,  -0.100,   0.425,   3.040,  -0.300,   2.840,   0.000,   3.140
202604011106,   2.759,   3.070,9999.000,9999.000,9999.000,9999.000,9999.000,9999.000,9999.000
202604011112,   2.798,   3.109,9999.000,9999.000,9999.000,9999.000,9999.000,9999.000,9999.000
202604011118,   2.833,   3.148,9999.000,9999.000,9999.000,9999.000,9999.000,9999.000,9999.000
202604011124,   2.863,   3.188,9999.000,9999.000,9999.000,9999.000,9999.000,9999.000,9999.000
202604011130,   2.890,   3.217,9999.000,9999.000,9999.000,9999.000,9999.000,9999.000,9999.000
202604011136,   2.912,   3.250,9999.000,9999.000,9999.000,9999.000,9999.000,9999.000,9999.000
202604011142,   2.929,   3.270,9999.000,9999.000,9999.000,9999.000,9999.000,9999.000,9999.000
202604011148,   2.942,   3.309,9999.000,9999.000,9999.000,9999.000,9999.000,9999.000,9999.000
202604011154,   2.951,   3.319,9999.000,9999.000,9999.000,9999.000,9999.000,9999.000,9999.000
202604011200,   2.956,   3.339,   0.000,   0.383,   3.339,  -0.100,   3.239,   0.000,   3.339
202604011206,   2.956,   3.358,9999.000,9999.000,9999.000,9999.000,9999.000,9999.000,9999.000
202604011212,   2.953,   3.358,9999.000,9999.000,9999.000,9999.000,9999.000,9999.000,9999.000
202604011218,   2.946,   3.348,9999.000,9999.000,9999.000,9999.000,9999.000,9999.000,9999.000
202604011224,   2.935,   3.339,9999.000,9999.000,9999.000,9999.000,9999.000,9999.000,9999.000
202604011230,   2.920,   3.329,9999.000,9999.000,9999.000,9999.000,9999.000,9999.000,9999.000
202604011236,   2.901,   3.309,9999.000,9999.000,9999.000,9999.000,9999.000,9999.000,9999.000
202604011242,   2.880,   3.289,9999.000,9999.000,9999.000,9999.000,9999.000,9999.000,9999.000
202604011248,   2.854,   3.260,9999.000,9999.000,9999.000,9999.000,9999.000,9999.000,9999.000
202604011254,   2.826,   3.240,9999.000,9999.000,9999.000,9999.000,9999.000,9999.000,9999.000
202604011300,   2.795,   3.230,   0.000,   0.435,   3.230,  -0.100,   3.130,   0.000,   3.230
202604011306,   2.760,   3.178,9999.000,9999.000,9999.000,9999.000,9999.000,9999.000,9999.000
202604011312,   2.723,   3.148,9999.000,9999.000,9999.000,9999.000,9999.000,9999.000,9999.000
202604011318,   2.682,   3.089,9999.000,9999.000,9999.000,9999.000,9999.000,9999.000,9999.000
202604011324,   2.639,   3.060,9999.000,9999.000,9999.000,9999.000,9999.000,9999.000,9999.000
202604011330,   2.594,   2.997,9999.000,9999.000,9999.000,9999.000,9999.000,9999.000,9999.000
202604011336,   2.546,   2.958,9999.000,9999.000,9999.000,9999.000,9999.000,9999.000,9999.000
202604011342,   2.495,   2.889,9999.000,9999.000,9999.000,9999.000,9999.000,9999.000,9999.000
202604011348,   2.443,   2.830,9999.000,9999.000,9999.000,9999.000,9999.000,9999.000,9999.000
202604011354,   2.388,   2.778,9999.000,9999.000,9999.000,9999.000,9999.000,9999.000,9999.000
202604011400,   2.331,   2.719,   0.000,   0.388,   2.719,  -0.100,   2.619,   0.000,   2.719
202604011406,   2.271,   2.650,9999.000,9999.000,9999.000,9999.000,9999.000,9999.000,9999.000
202604011412,   2.210,   2.610,9999.000,9999.000,9999.000,9999.000,9999.000,9999.000,9999.000
202604011418,   2.147,   2.528,9999.000,9999.000,9999.000,9999.000,9999.000,9999.000,9999.000
202604011424,   2.083,   2.469,9999.000,9999.000,9999.000,9999.000,9999.000,9999.000,9999.000
202604011430,   2.016,   2.387,9999.000,9999.000,9999.000,9999.000,9999.000,9999.000,9999.000
202604011436,   1.949,   2.328,9999.000,9999.000,9999.000,9999.000,9999.000,9999.000,9999.000
202604011442,   1.880,   2.259,9999.000,9999.000,9999.000,9999.000,9999.000,9999.000,9999.000
202604011448,   1.810,   2.191,9999.000,9999.000,9999.000,9999.000,9999.000,9999.000,9999.000
202604011454,   1.738,   2.109,9999.000,9999.000,9999.000,9999.000,9999.000,9999.000,9999.000
202604011500,   1.666,   2.040,   0.000,   0.374,   2.040,  -0.100,   1.940,   0.100,   2.140
202604011506,   1.594,   1.967,9999.000,9999.000,9999.000,9999.000,9999.000,9999.000,9999.000
202604011512,   1.520,   1.879,9999.000,9999.000,9999.000,9999.000,9999.000,9999.000,9999.000
202604011518,   1.447,   1.790,9999.000,9999.000,9999.000,9999.000,9999.000,9999.000,9999.000
202604011524,   1.373,   1.699,9999.000,9999.000,9999.000,9999.000,9999.000,9999.000,9999.000
202604011530,   1.299,   1.659,9999.000,9999.000,9999.000,9999.000,9999.000,9999.000,9999.000
202604011536,   1.226,   1.571,9999.000,9999.000,9999.000,9999.000,9999.000,9999.000,9999.000
202604011542,   1.153,   1.508,9999.000,9999.000,9999.000,9999.000,9999.000,9999.000,9999.000
202604011548,   1.080,   1.439,9999.000,9999.000,9999.000,9999.000,9999.000,9999.000,9999.000
202604011554,   1.009,   1.348,9999.000,9999.000,9999.000,9999.000,9999.000,9999.000,9999.000
202604011600,   0.938,   1.289,   0.000,   0.351,   1.289,  -0.100,   1.189,   0.000,   1.289
202604011606,   0.868,   1.200,9999.000,9999.000,9999.000,9999.000,9999.000,9999.000,9999.000
202604011612,   0.800,   1.138,9999.000,9999.000,9999.000,9999.000,9999.000,9999.000,9999.000
202604011618,   0.733,   1.059,9999.000,9999.000,9999.000,9999.000,9999.000,9999.000,9999.000
202604011624,   0.669,   1.000,9999.000,9999.000,9999.000,9999.000,9999.000,9999.000,9999.000
202604011630,   0.606,   0.928,9999.000,9999.000,9999.000,9999.000,9999.000,9999.000,9999.000
202604011636,   0.545,   0.879,9999.000,9999.000,9999.000,9999.000,9999.000,9999.000,9999.000
202604011642,   0.486,   0.810,9999.000,9999.000,9999.000,9999.000,9999.000,9999.000,9999.000
202604011648,   0.429,   0.741,9999.000,9999.000,9999.000,9999.000,9999.000,9999.000,9999.000
202604011654,   0.376,   0.669,9999.000,9999.000,9999.000,9999.000,9999.000,9999.000,9999.000
202604011700,   0.324,   0.610,   0.000,   0.286,   0.610,  -0.100,   0.510,   0.000,   0.610
202604011706,   0.276,   0.560,9999.000,9999.000,9999.000,9999.000,9999.000,9999.000,9999.000
202604011712,   0.231,   0.498,9999.000,9999.000,9999.000,9999.000,9999.000,9999.000,9999.000
202604011718,   0.188,   0.469,9999.000,9999.000,9999.000,9999.000,9999.000,9999.000,9999.000
202604011724,   0.149,   0.409,9999.000,9999.000,9999.000,9999.000,9999.000,9999.000,9999.000
202604011730,   0.114,   0.390,9999.000,9999.000,9999.000,9999.000,9999.000,9999.000,9999.000
202604011736,   0.081,   0.341,9999.000,9999.000,9999.000,9999.000,9999.000,9999.000,9999.000
202604011742,   0.053,   0.308,9999.000,9999.000,9999.000,9999.000,9999.000,9999.000,9999.000
202604011748,   0.027,   0.249,9999.000,9999.000,9999.000,9999.000,9999.000,9999.000,9999.000
202604011754,   0.006,   0.229,9999.000,9999.000,9999.000,9999.000,9999.000,9999.000,9999.000
202604011800,  -0.011,   0.219,   0.000,   0.230,   0.219,  -0.100,   0.119,   0.000,   0.219
202604011806,  -0.025,   0.219,9999.000,9999.000,9999.000,9999.000,9999.000,9999.000,9999.000
202604011812,  -0.035,   0.239,9999.000,9999.000,9999.000,9999.000,9999.000,9999.000,9999.000
202604011818,  -0.041,   0.239,9999.000,9999.000,9999.000,9999.000,9999.000,9999.000,9999.000
202604011824,  -0.043,   0.209,9999.000,9999.000,9999.000,9999.000,9999.000,9999.000,9999.000
202604011830,  -0.041,   0.229,9999.000,9999.000,9999.000,9999.000,9999.000,9999.000,9999.000
202604011836,  -0.035,   0.229,9999.000,9999.000,9999.000,9999.000,9999.000,9999.000,9999.000
202604011842,  -0.025,   0.249,9999.000,9999.000,9999.000,9999.000,9999.000,9999.000,9999.000
202604011848,  -0.011,   0.268,9999.000,9999.000,9999.000,9999.000,9999.000,9999.000,9999.000
202604011854,   0.005,   0.288,9999.000,9999.000,9999.000,9999.000,9999.000,9999.000,9999.000
202604011900,   0.027,   0.331,   0.000,   0.304,   0.331,  -0.100,   0.231,   0.000,   0.331
202604011906,   0.053,   0.370,9999.000,9999.000,9999.000,9999.000,9999.000,9999.000,9999.000
202604011912,   0.082,   0.409,9999.000,9999.000,9999.000,9999.000,9999.000,9999.000,9999.000
202604011918,   0.115,   0.439,9999.000,9999.000,9999.000,9999.000,9999.000,9999.000,9999.000
202604011924,   0.152,   0.508,9999.000,9999.000,9999.000,9999.000,9999.000,9999.000,9999.000
202604011930,   0.192,   0.551,9999.000,9999.000,9999.000,9999.000,9999.000,9999.000,9999.000
202604011936,   0.236,   0.600,9999.000,9999.000,9999.000,9999.000,9999.000,9999.000,9999.000
202604011942,   0.283,   0.639,9999.000,9999.000,9999.000,9999.000,9999.000,9999.000,9999.000
202604011948,   0.334,   0.688,9999.000,9999.000,9999.000,9999.000,9999.000,9999.000,9999.000
202604011954,   0.388,   0.741,9999.000,9999.000,9999.000,9999.000,9999.000,9999.000,9999.000
202604012000,   0.445,   0.800,   0.000,   0.355,   0.800,  -0.100,   0.700,   0.000,   0.800
202604012006,   0.505,   0.839,9999.000,9999.000,9999.000,9999.000,9999.000,9999.000,9999.000
202604012012,   0.568,   0.898,9999.000,9999.000,9999.000,9999.000,9999.000,9999.000,9999.000
202604012018,   0.634,   0.951,9999.000,9999.000,9999.000,9999.000,9999.000,9999.000,9999.000
202604012024,   0.702,   1.029,9999.000,9999.000,9999.000,9999.000,9999.000,9999.000,9999.000
202604012030,   0.773,   1.098,9999.000,9999.000,9999.000,9999.000,9999.000,9999.000,9999.000
202604012036,   0.846,   1.161,9999.000,9999.000,9999.000,9999.000,9999.000,9999.000,9999.000
202604012042,   0.922,   1.220,9999.000,9999.000,9999.000,9999.000,9999.000,9999.000,9999.000
202604012048,   0.999,   1.308,9999.000,9999.000,9999.000,9999.000,9999.000,9999.000,9999.000
202604012054,   1.079,   1.390,9999.000,9999.000,9999.000,9999.000,9999.000,9999.000,9999.000
202604012100,   1.160,   1.459,   0.000,   0.299,   1.459,  -0.100,   1.359,   0.000,   1.459
202604012106,   1.242,   1.518,9999.000,9999.000,9999.000,9999.000,9999.000,9999.000,9999.000
202604012112,   1.326,   1.620,9999.000,9999.000,9999.000,9999.000,9999.000,9999.000,9999.000
202604012118,   1.411,   1.699,9999.000,9999.000,9999.000,9999.000,9999.000,9999.000,9999.000
202604012124,   1.497,   1.810,9999.000,9999.000,9999.000,9999.000,9999.000,9999.000,9999.000
202604012130,   1.583,   1.869,9999.000,9999.000,9999.000,9999.000,9999.000,9999.000,9999.000
202604012136,   1.670,   1.967,9999.000,9999.000,9999.000,9999.000,9999.000,9999.000,9999.000
202604012142,   1.757,   2.059,9999.000,9999.000,9999.000,9999.000,9999.000,9999.000,9999.000
202604012148,   1.844,   2.148,9999.000,9999.000,9999.000,9999.000,9999.000,9999.000,9999.000
202604012154,   1.931,   2.220,9999.000,9999.000,9999.000,9999.000,9999.000,9999.000,9999.000
202604012200,   2.017,   2.309,   0.000,   0.292,   2.309,  -0.100,   2.209,   0.000,   2.309
202604012206,   2.102,   2.400,9999.000,9999.000,9999.000,9999.000,9999.000,9999.000,9999.000
202604012212,   2.185,   2.469,9999.000,9999.000,9999.000,9999.000,9999.000,9999.000,9999.000
202604012218,   2.267,   2.558,9999.000,9999.000,9999.000,9999.000,9999.000,9999.000,9999.000
202604012224,   2.347,   2.640,9999.000,9999.000,9999.000,9999.000,9999.000,9999.000,9999.000
202604012230,   2.425,   2.709,9999.000,9999.000,9999.000,9999.000,9999.000,9999.000,9999.000
202604012236,   2.501,   2.797,9999.000,9999.000,9999.000,9999.000,9999.000,9999.000,9999.000
202604012242,   2.573,   2.860,9999.000,9999.000,9999.000,9999.000,9999.000,9999.000,9999.000
202604012248,   2.643,   2.938,9999.000,9999.000,9999.000,9999.000,9999.000,9999.000,9999.000
202604012254,   2.710,   3.017,9999.000,9999.000,9999.000,9999.000,9999.000,9999.000,9999.000
202604012300,   2.772,   3.070,   0.000,   0.298,   3.070,  -0.100,   2.970,   0.000,   3.070
202604012306,   2.832,   3.129,9999.000,9999.000,9999.000,9999.000,9999.000,9999.000,9999.000
202604012312,   2.887,   3.197,9999.000,9999.000,9999.000,9999.000,9999.000,9999.000,9999.000
202604012318,   2.938,   3.289,9999.000,9999.000,9999.000,9999.000,9999.000,9999.000,9999.000
202604012324,   2.985,   3.339,9999.000,9999.000,9999.000,9999.000,9999.000,9999.000,9999.000
202604012330,   3.028,   3.378,9999.000,9999.000,9999.000,9999.000,9999.000,9999.000,9999.000
202604012336,   3.066,   3.440,9999.000,9999.000,9999.000,9999.000,9999.000,9999.000,9999.000
202604012342,   3.100,   3.509,9999.000,9999.000,9999.000,9999.000,9999.000,9999.000,9999.000
202604012348,   3.129,   3.529,9999.000,9999.000,9999.000,9999.000,9999.000,9999.000,9999.000
202604012354,   3.153,   3.568,9999.000,9999.000,9999.000,9999.000,9999.000,9999.000,9999.000
202604020000,   3.173,   3.607,   0.000,   0.434,   3.607,   0.000,   3.607,   0.000,   3.607
202604020006,   3.189,   3.617,9999.000,9999.000,9999.000,9999.000,9999.000,9999.000,9999.000
202604020012,   3.199,   3.607,9999.000,9999.000,9999.000,9999.000,9999.000,9999.000,9999.000
202604020018,   3.206,   3.650,9999.000,9999.000,9999.000,9999.000,9999.000,9999.000,9999.000
202604020024,   3.208,   3.637,9999.000,9999.000,9999.000,9999.000,9999.000,9999.000,9999.000
202604020030,   3.205,   3.627,9999.000,9999.000,9999.000,9999.000,9999.000,9999.000,9999.000
202604020036,   3.199,   3.588,9999.000,9999.000,9999.000,9999.000,9999.000,9999.000,9999.000
202604020042,   3.188,   3.578,9999.000,9999.000,9999.000,9999.000,9999.000,9999.000,9999.000
202604020048,   3.173,   3.548,9999.000,9999.000,9999.000,9999.000,9999.000,9999.000,9999.000
202604020054,   3.155,   3.509,9999.000,9999.000,9999.000,9999.000,9999.000,9999.000,9999.000
202604020100,   3.133,   3.480,   0.000,   0.347,   3.480,   0.000,   3.480,   0.000,   3.480
202604020106,   3.107,   3.460,9999.000,9999.000,9999.000,9999.000,9999.000,9999.000,9999.000
202604020112,   3.078,   3.407,9999.000,9999.000,9999.000,9999.000,9999.000,9999.000,9999.000
202604020118,   3.045,   3.348,9999.000,9999.000,9999.000,9999.000,9999.000,9999.000,9999.000
202604020124,   3.009,   3.319,9999.000,9999.000,9999.000,9999.000,9999.000,9999.000,9999.000
202604020130,   2.970,   3.279,9999.000,9999.000,9999.000,9999.000,9999.000,9999.000,9999.000
202604020136,   2.929,   3.207,9999.000,9999.000,9999.000,9999.000,9999.000,9999.000,9999.000
202604020142,   2.884,   3.168,9999.000,9999.000,9999.000,9999.000,9999.000,9999.000,9999.000
202604020148,   2.836,   3.089,9999.000,9999.000,9999.000,9999.000,9999.000,9999.000,9999.000
202604020154,   2.786,   3.017,9999.000,9999.000,9999.000,9999.000,9999.000,9999.000,9999.000
202604020200,   2.734,   2.978,   0.000,   0.244,   2.978,   0.000,   2.978,   0.000,   2.978
202604020206,   2.678,   2.938,9999.000,9999.000,9999.000,9999.000,9999.000,9999.000,9999.000
202604020212,   2.621,   2.869,9999.000,9999.000,9999.000,9999.000,9999.000,9999.000,9999.000
202604020218,   2.561,   2.787,9999.000,9999.000,9999.000,9999.000,9999.000,9999.000,9999.000
202604020224,   2.499,   2.728,9999.000,9999.000,9999.000,9999.000,9999.000,9999.000,9999.000
202604020230,   2.435,   2.640,9999.000,9999.000,9999.000,9999.000,9999.000,9999.000,9999.000
202604020236,   2.369,   2.568,9999.000,9999.000,9999.000,9999.000,9999.000,9999.000,9999.000
202604020242,   2.302,   2.528,9999.000,9999.000,9999.000,9999.000,9999.000,9999.000,9999.000
202604020248,   2.232,   2.450,9999.000,9999.000,9999.000,9999.000,9999.000,9999.000,9999.000
202604020254,   2.161,   2.368,9999.000,9999.000,9999.000,9999.000,9999.000,9999.000,9999.000
202604020300,   2.089,   2.309,   0.000,   0.220,   2.309,   0.000,   2.309,   0.100,   2.409
202604020306,   2.015,   2.200,9999.000,9999.000,9999.000,9999.000,9999.000,9999.000,9999.000
202604020312,   1.940,   2.118,9999.000,9999.000,9999.000,9999.000,9999.000,9999.000,9999.000
202604020318,   1.864,   2.059,9999.000,9999.000,9999.000,9999.000,9999.000,9999.000,9999.000
202604020324,   1.787,   1.967,9999.000,9999.000,9999.000,9999.000,9999.000,9999.000,9999.000
202604020330,   1.709,   1.889,9999.000,9999.000,9999.000,9999.000,9999.000,9999.000,9999.000
202604020336,   1.631,   1.781,9999.000,9999.000,9999.000,9999.000,9999.000,9999.000,9999.000
202604020342,   1.553,   1.728,9999.000,9999.000,9999.000,9999.000,9999.000,9999.000,9999.000
202604020348,   1.474,   1.649,9999.000,9999.000,9999.000,9999.000,9999.000,9999.000,9999.000
202604020354,   1.396,   1.557,9999.000,9999.000,9999.000,9999.000,9999.000,9999.000,9999.000
202604020400,   1.317,   1.469,   0.100,   0.052,   1.469,   0.000,   1.369,   0.100,   1.469
202604020406,   1.240,   1.400,9999.000,9999.000,9999.000,9999.000,9999.000,9999.000,9999.000
202604020412,   1.162,   1.289,9999.000,9999.000,9999.000,9999.000,9999.000,9999.000,9999.000
202604020418,   1.086,   1.229,9999.000,9999.000,9999.000,9999.000,9999.000,9999.000,9999.000
202604020424,   1.011,   1.161,9999.000,9999.000,9999.000,9999.000,9999.000,9999.000,9999.000
202604020430,   0.936,   1.088,9999.000,9999.000,9999.000,9999.000,9999.000,9999.000,9999.000
202604020436,   0.864,   1.020,9999.000,9999.000,9999.000,9999.000,9999.000,9999.000,9999.000
202604020442,   0.792,   0.941,9999.000,9999.000,9999.000,9999.000,9999.000,9999.000,9999.000
202604020448,   0.723,   0.888,9999.000,9999.000,9999.000,9999.000,9999.000,9999.000,9999.000
202604020454,   0.655,   0.819,9999.000,9999.000,9999.000,9999.000,9999.000,9999.000,9999.000
202604020500,   0.590,   0.751,   0.100,   0.061,   0.751,   0.100,   0.751,   0.200,   0.851
202604020506,   0.527,   0.669,9999.000,9999.000,9999.000,9999.000,9999.000,9999.000,9999.000
202604020512,   0.466,   0.629,9999.000,9999.000,9999.000,9999.000,9999.000,9999.000,9999.000
202604020518,   0.408,   0.570,9999.000,9999.000,9999.000,9999.000,9999.000,9999.000,9999.000
202604020524,   0.352,   0.531,9999.000,9999.000,9999.000,9999.000,9999.000,9999.000,9999.000
202604020530,   0.300,   0.478,9999.000,9999.000,9999.000,9999.000,9999.000,9999.000,9999.000
202604020536,   0.250,   0.429,9999.000,9999.000,9999.000,9999.000,9999.000,9999.000,9999.000
202604020542,   0.204,   0.400,9999.000,9999.000,9999.000,9999.000,9999.000,9999.000,9999.000
202604020548,   0.161,   0.409,9999.000,9999.000,9999.000,9999.000,9999.000,9999.000,9999.000
202604020554,   0.121,   0.370,9999.000,9999.000,9999.000,9999.000,9999.000,9999.000,9999.000
202604020600,   0.085,   0.350,   0.100,   0.165,   0.350,   0.100,   0.350,   0.200,   0.450
202604020606,   0.052,   0.278,9999.000,9999.000,9999.000,9999.000,9999.000,9999.000,9999.000
202604020612,   0.023,   0.249,9999.000,9999.000,9999.000,9999.000,9999.000,9999.000,9999.000
202604020618,  -0.001,   0.268,9999.000,9999.000,9999.000,9999.000,9999.000,9999.000,9999.000
202604020624,  -0.022,   0.288,9999.000,9999.000,9999.000,9999.000,9999.000,9999.000,9999.000
202604020630,  -0.040,   0.308,9999.000,9999.000,9999.000,9999.000,9999.000,9999.000,9999.000
202604020636,  -0.053,   0.278,9999.000,9999.000,9999.000,9999.000,9999.000,9999.000,9999.000
202604020642,  -0.063,   0.239,9999.000,9999.000,9999.000,9999.000,9999.000,9999.000,9999.000
202604020648,  -0.068,   0.219,9999.000,9999.000,9999.000,9999.000,9999.000,9999.000,9999.000
202604020654,  -0.070,   0.321,9999.000,9999.000,9999.000,9999.000,9999.000,9999.000,9999.000
202604020700,  -0.067,   0.278,   0.200,   0.145,   0.278,   0.100,   0.178,   0.300,   0.378
202604020706,  -0.061,   0.298,9999.000,9999.000,9999.000,9999.000,9999.000,9999.000,9999.000
202604020712,  -0.050,   0.229,9999.000,9999.000,9999.000,9999.000,9999.000,9999.000,9999.000
202604020718,  -0.036,   0.249,9999.000,9999.000,9999.000,9999.000,9999.000,9999.000,9999.000
202604020724,  -0.018,   0.278,9999.000,9999.000,9999.000,9999.000,9999.000,9999.000,9999.000
202604020730,   0.004,   0.390,9999.000,9999.000,9999.000,9999.000,9999.000,9999.000,9999.000
202604020736,   0.030,   0.469,9999.000,9999.000,9999.000,9999.000,9999.000,9999.000,9999.000
202604020742,   0.060,   0.551,9999.000,9999.000,9999.000,9999.000,9999.000,9999.000,9999.000
202604020748,   0.093,   0.508,9999.000,9999.000,9999.000,9999.000,9999.000,9999.000,9999.000
202604020754,   0.130,   0.541,9999.000,9999.000,9999.000,9999.000,9999.000,9999.000,9999.000
202604020800,   0.171,   0.619,   0.300,   0.148,   0.619,   0.200,   0.519,   0.400,   0.719
202604020806,   0.215,   0.698,9999.000,9999.000,9999.000,9999.000,9999.000,9999.000,9999.000
202604020812,   0.262,   0.760,9999.000,9999.000,9999.000,9999.000,9999.000,9999.000,9999.000
202604020818,   0.312,   0.829,9999.000,9999.000,9999.000,9999.000,9999.000,9999.000,9999.000
202604020824,   0.366,   0.849,9999.000,9999.000,9999.000,9999.000,9999.000,9999.000,9999.000
202604020830,   0.422,   0.898,9999.000,9999.000,9999.000,9999.000,9999.000,9999.000,9999.000
202604020836,   0.481,   1.010,9999.000,9999.000,9999.000,9999.000,9999.000,9999.000,9999.000
202604020842,   0.543,   1.029,9999.000,9999.000,9999.000,9999.000,9999.000,9999.000,9999.000
202604020848,   0.607,   1.039,9999.000,9999.000,9999.000,9999.000,9999.000,9999.000,9999.000
202604020854,   0.674,   1.128,9999.000,9999.000,9999.000,9999.000,9999.000,9999.000,9999.000
202604020900,   0.743,   1.229,   0.400,   0.086,   1.229,   0.300,   1.129,   0.500,   1.329
202604020906,   0.814,   1.298,9999.000,9999.000,9999.000,9999.000,9999.000,9999.000,9999.000
202604020912,   0.887,   1.328,9999.000,9999.000,9999.000,9999.000,9999.000,9999.000,9999.000
202604020918,   0.962,   1.371,9999.000,9999.000,9999.000,9999.000,9999.000,9999.000,9999.000
202604020924,   1.039,   1.449,9999.000,9999.000,9999.000,9999.000,9999.000,9999.000,9999.000
202604020930,   1.116,   1.557,9999.000,9999.000,9999.000,9999.000,9999.000,9999.000,9999.000
202604020936,   1.195,   1.610,9999.000,9999.000,9999.000,9999.000,9999.000,9999.000,9999.000
202604020942,   1.275,   1.738,9999.000,9999.000,9999.000,9999.000,9999.000,9999.000,9999.000
202604020948,   1.356,   1.699,9999.000,9999.000,9999.000,9999.000,9999.000,9999.000,9999.000
202604020954,   1.437,   1.767,9999.000,9999.000,9999.000,9999.000,9999.000,9999.000,9999.000
202604021000,   1.520,   1.869,   0.500,  -0.151,   1.869,   0.400,   1.769,   0.600,   1.969
202604021006,   1.601,   1.981,9999.000,9999.000,9999.000,9999.000,9999.000,9999.000,9999.000
202604021012,   1.682,   1.981,9999.000,9999.000,9999.000,9999.000,9999.000,9999.000,9999.000
202604021018,   1.763,   2.089,9999.000,9999.000,9999.000,9999.000,9999.000,9999.000,9999.000
202604021024,   1.843,   2.318,9999.000,9999.000,9999.000,9999.000,9999.000,9999.000,9999.000
202604021030,   1.922,   2.430,9999.000,9999.000,9999.000,9999.000,9999.000,9999.000,9999.000
202604021036,   2.000,   2.338,9999.000,9999.000,9999.000,9999.000,9999.000,9999.000,9999.000
202604021042,   2.076,   2.400,9999.000,9999.000,9999.000,9999.000,9999.000,9999.000,9999.000
202604021048,   2.150,   2.568,9999.000,9999.000,9999.000,9999.000,9999.000,9999.000,9999.000
202604021054,   2.222,   2.689,9999.000,9999.000,9999.000,9999.000,9999.000,9999.000,9999.000
202604021100,   2.292,   2.719,   0.600,  -0.173,   2.719,   0.500,   2.619,   0.700,   2.819
202604021106,   2.358,   2.738,9999.000,9999.000,9999.000,9999.000,9999.000,9999.000,9999.000
202604021112,   2.422,   2.797,9999.000,9999.000,9999.000,9999.000,9999.000,9999.000,9999.000
202604021118,   2.483,   2.929,9999.000,9999.000,9999.000,9999.000,9999.000,9999.000,9999.000
202604021124,   2.540,   2.948,9999.000,9999.000,9999.000,9999.000,9999.000,9999.000,9999.000
202604021130,   2.593,   2.909,9999.000,9999.000,9999.000,9999.000,9999.000,9999.000,9999.000
202604021136,   2.643,   3.040,9999.000,9999.000,9999.000,9999.000,9999.000,9999.000,9999.000
202604021142,   2.688,   3.178,9999.000,9999.000,9999.000,9999.000,9999.000,9999.000,9999.000
202604021148,   2.730,   3.188,9999.000,9999.000,9999.000,9999.000,9999.000,9999.000,9999.000
202604021154,   2.767,   3.148,9999.000,9999.000,9999.000,9999.000,9999.000,9999.000,9999.000
202604021200,   2.800,   3.240,   0.400,   0.040,   3.240,   0.300,   3.140,   0.500,   3.340
202604021206,   2.828,   3.329,9999.000,9999.000,9999.000,9999.000,9999.000,9999.000,9999.000
202604021212,   2.852,   3.388,9999.000,9999.000,9999.000,9999.000,9999.000,9999.000,9999.000
202604021218,   2.872,   3.460,9999.000,9999.000,9999.000,9999.000,9999.000,9999.000,9999.000
202604021224,   2.887,   3.470,9999.000,9999.000,9999.000,9999.000,9999.000,9999.000,9999.000
202604021230,   2.897,   3.489,9999.000,9999.000,9999.000,9999.000,9999.000,9999.000,9999.000
202604021236,   2.903,   3.568,9999.000,9999.000,9999.000,9999.000,9999.000,9999.000,9999.000
202604021242,   2.905,   3.568,9999.000,9999.000,9999.000,9999.000,9999.000,9999.000,9999.000
202604021248,   2.903,   3.588,9999.000,9999.000,9999.000,9999.000,9999.000,9999.000,9999.000
202604021254,   2.897,   3.588,9999.000,9999.000,9999.000,9999.000,9999.000,9999.000,9999.000
202604021300,   2.887,   3.670,   0.400,   0.383,   3.670,   0.300,   3.570,   0.600,   3.870
202604021306,   2.872,   3.617,9999.000,9999.000,9999.000,9999.000,9999.000,9999.000,9999.000
202604021312,   2.855,   3.558,9999.000,9999.000,9999.000,9999.000,9999.000,9999.000,9999.000
202604021318,   2.833,   3.607,9999.000,9999.000,9999.000,9999.000,9999.000,9999.000,9999.000
202604021324,   2.808,   3.529,9999.000,9999.000,9999.000,9999.000,9999.000,9999.000,9999.000
202604021330,   2.780,   3.539,9999.000,9999.000,9999.000,9999.000,9999.000,9999.000,9999.000
202604021336,   2.749,   3.499,9999.000,9999.000,9999.000,9999.000,9999.000,9999.000,9999.000
202604021342,   2.714,   3.378,9999.000,9999.000,9999.000,9999.000,9999.000,9999.000,9999.000
202604021348,   2.677,   3.368,9999.000,9999.000,9999.000,9999.000,9999.000,9999.000,9999.000
202604021354,   2.637,   3.299,9999.000,9999.000,9999.000,9999.000,9999.000,9999.000,9999.000
202604021400,   2.594,   3.217,   0.500,   0.123,   3.217,   0.400,   3.117,   0.600,   3.317
202604021406,   2.549,   3.197,9999.000,9999.000,9999.000,9999.000,9999.000,9999.000,9999.000
202604021412,   2.501,   3.119,9999.000,9999.000,9999.000,9999.000,9999.000,9999.000,9999.000
202604021418,   2.452,   3.089,9999.000,9999.000,9999.000,9999.000,9999.000,9999.000,9999.000
202604021424,   2.399,   2.978,9999.000,9999.000,9999.000,9999.000,9999.000,9999.000,9999.000
202604021430,   2.345,   2.929,9999.000,9999.000,9999.000,9999.000,9999.000,9999.000,9999.000
202604021436,   2.289,   2.889,9999.000,9999.000,9999.000,9999.000,9999.000,9999.000,9999.000
202604021442,   2.230,   2.758,9999.000,9999.000,9999.000,9999.000,9999.000,9999.000,9999.000
202604021448,   2.170,   2.719,9999.000,9999.000,9999.000,9999.000,9999.000,9999.000,9999.000
202604021454,   2.109,   2.719,9999.000,9999.000,9999.000,9999.000,9999.000,9999.000,9999.000
202604021500,   2.045,   2.660,   0.600,   0.015,   2.660,   0.400,   2.460,   0.700,   2.760
202604021506,   1.981,   2.558,9999.000,9999.000,9999.000,9999.000,9999.000,9999.000,9999.000
202604021512,   1.914,   2.528,9999.000,9999.000,9999.000,9999.000,9999.000,9999.000,9999.000
202604021518,   1.847,   2.459,9999.000,9999.000,9999.000,9999.000,9999.000,9999.000,9999.000
202604021524,   1.779,   2.348,9999.000,9999.000,9999.000,9999.000,9999.000,9999.000,9999.000
202604021530,   1.709,   2.289,9999.000,9999.000,9999.000,9999.000,9999.000,9999.000,9999.000
202604021536,   1.639,   2.240,9999.000,9999.000,9999.000,9999.000,9999.000,9999.000,9999.000
202604021542,   1.568,   2.158,9999.000,9999.000,9999.000,9999.000,9999.000,9999.000,9999.000
202604021548,   1.496,   2.089,9999.000,9999.000,9999.000,9999.000,9999.000,9999.000,9999.000
202604021554,   1.424,   2.020,9999.000,9999.000,9999.000,9999.000,9999.000,9999.000,9999.000
202604021600,   1.352,   1.958,   0.600,   0.006,   1.958,   0.500,   1.858,   0.700,   2.058
202604021606,   1.280,   1.869,9999.000,9999.000,9999.000,9999.000,9999.000,9999.000,9999.000
202604021612,   1.208,   1.767,9999.000,9999.000,9999.000,9999.000,9999.000,9999.000,9999.000
202604021618,   1.137,   1.718,9999.000,9999.000,9999.000,9999.000,9999.000,9999.000,9999.000
202604021624,   1.066,   1.639,9999.000,9999.000,9999.000,9999.000,9999.000,9999.000,9999.000
202604021630,   0.995,   1.590,9999.000,9999.000,9999.000,9999.000,9999.000,9999.000,9999.000
202604021636,   0.926,   1.469,9999.000,9999.000,9999.000,9999.000,9999.000,9999.000,9999.000
202604021642,   0.858,   1.410,9999.000,9999.000,9999.000,9999.000,9999.000,9999.000,9999.000
202604021648,   0.791,   1.318,9999.000,9999.000,9999.000,9999.000,9999.000,9999.000,9999.000
202604021654,   0.725,   1.259,9999.000,9999.000,9999.000,9999.000,9999.000,9999.000,9999.000
202604021700,   0.662,   1.220,   0.600,  -0.042,   1.220,   0.500,   1.120,   0.700,   1.320
202604021706,   0.600,   1.151,9999.000,9999.000,9999.000,9999.000,9999.000,9999.000,9999.000
202604021712,   0.540,   1.079,9999.000,9999.000,9999.000,9999.000,9999.000,9999.000,9999.000
202604021718,   0.482,   1.059,9999.000,9999.000,9999.000,9999.000,9999.000,9999.000,9999.000
202604021724,   0.427,   1.000,9999.000,9999.000,9999.000,9999.000,9999.000,9999.000,9999.000
202604021730,   0.374,   0.898,9999.000,9999.000,9999.000,9999.000,9999.000,9999.000,9999.000
202604021736,   0.323,   0.829,9999.000,9999.000,9999.000,9999.000,9999.000,9999.000,9999.000
202604021742,   0.276,   0.790,9999.000,9999.000,9999.000,9999.000,9999.000,9999.000,9999.000
202604021748,   0.232,   0.790,9999.000,9999.000,9999.000,9999.000,9999.000,9999.000,9999.000
202604021754,   0.190,   0.760,9999.000,9999.000,9999.000,9999.000,9999.000,9999.000,9999.000
202604021800,   0.152,   0.688,   0.700,  -0.164,   0.688,   0.500,   0.488,   0.800,   0.788
202604021806,   0.118,   0.639,9999.000,9999.000,9999.000,9999.000,9999.000,9999.000,9999.000
202604021812,   0.086,   0.590,9999.000,9999.000,9999.000,9999.000,9999.000,9999.000,9999.000
202604021818,   0.059,   0.600,9999.000,9999.000,9999.000,9999.000,9999.000,9999.000,9999.000
202604021824,   0.034,   0.551,9999.000,9999.000,9999.000,9999.000,9999.000,9999.000,9999.000
202604021830,   0.014,   0.551,9999.000,9999.000,9999.000,9999.000,9999.000,9999.000,9999.000
202604021836,  -0.001,   0.531,9999.000,9999.000,9999.000,9999.000,9999.000,9999.000,9999.000
202604021842,  -0.014,   0.551,9999.000,9999.000,9999.000,9999.000,9999.000,9999.000,9999.000
202604021848,  -0.023,   0.508,9999.000,9999.000,9999.000,9999.000,9999.000,9999.000,9999.000
202604021854,  -0.028,   0.508,9999.000,9999.000,9999.000,9999.000,9999.000,9999.000,9999.000
202604021900,  -0.028,   0.541,   0.700,  -0.131,   0.541,   0.600,   0.441,   0.800,   0.641
202604021906,  -0.025,   0.570,9999.000,9999.000,9999.000,9999.000,9999.000,9999.000,9999.000
202604021912,  -0.018,   0.580,9999.000,9999.000,9999.000,9999.000,9999.000,9999.000,9999.000
202604021918,  -0.006,   0.541,9999.000,9999.000,9999.000,9999.000,9999.000,9999.000,9999.000
202604021924,   0.008,   0.560,9999.000,9999.000,9999.000,9999.000,9999.000,9999.000,9999.000
202604021930,   0.027,   0.629,9999.000,9999.000,9999.000,9999.000,9999.000,9999.000,9999.000
202604021936,   0.051,   0.659,9999.000,9999.000,9999.000,9999.000,9999.000,9999.000,9999.000
202604021942,   0.078,   0.688,9999.000,9999.000,9999.000,9999.000,9999.000,9999.000,9999.000
202604021948,   0.109,   0.708,9999.000,9999.000,9999.000,9999.000,9999.000,9999.000,9999.000
202604021954,   0.144,   0.741,9999.000,9999.000,9999.000,9999.000,9999.000,9999.000,9999.000
202604022000,   0.182,   0.819,   0.700,  -0.063,   0.819,   0.600,   0.719,   0.800,   0.919
202604022006,   0.224,   0.849,9999.000,9999.000,9999.000,9999.000,9999.000,9999.000,9999.000
202604022012,   0.270,   0.918,9999.000,9999.000,9999.000,9999.000,9999.000,9999.000,9999.000
202604022018,   0.319,   0.918,9999.000,9999.000,9999.000,9999.000,9999.000,9999.000,9999.000
202604022024,   0.372,   0.990,9999.000,9999.000,9999.000,9999.000,9999.000,9999.000,9999.000
202604022030,   0.427,   1.029,9999.000,9999.000,9999.000,9999.000,9999.000,9999.000,9999.000
202604022036,   0.486,   1.098,9999.000,9999.000,9999.000,9999.000,9999.000,9999.000,9999.000
202604022042,   0.547,   1.138,9999.000,9999.000,9999.000,9999.000,9999.000,9999.000,9999.000
202604022048,   0.611,   1.210,9999.000,9999.000,9999.000,9999.000,9999.000,9999.000,9999.000
202604022054,   0.678,   1.269,9999.000,9999.000,9999.000,9999.000,9999.000,9999.000,9999.000
202604022100,   0.748,   1.328,   0.800,  -0.220,   1.328,   0.700,   1.228,   0.900,   1.428
202604022106,   0.819,   1.420,9999.000,9999.000,9999.000,9999.000,9999.000,9999.000,9999.000
202604022112,   0.893,   1.459,9999.000,9999.000,9999.000,9999.000,9999.000,9999.000,9999.000
202604022118,   0.969,   1.548,9999.000,9999.000,9999.000,9999.000,9999.000,9999.000,9999.000
202604022124,   1.047,   1.649,9999.000,9999.000,9999.000,9999.000,9999.000,9999.000,9999.000
202604022130,   1.127,   1.728,9999.000,9999.000,9999.000,9999.000,9999.000,9999.000,9999.000
202604022136,   1.208,   1.800,9999.000,9999.000,9999.000,9999.000,9999.000,9999.000,9999.000
202604022142,   1.290,   1.859,9999.000,9999.000,9999.000,9999.000,9999.000,9999.000,9999.000
202604022148,   1.374,   1.938,9999.000,9999.000,9999.000,9999.000,9999.000,9999.000,9999.000
202604022154,   1.459,   2.020,9999.000,9999.000,9999.000,9999.000,9999.000,9999.000,9999.000
202604022200,   1.544,   2.128,   0.800,  -0.216,   2.128,   0.700,   2.028,   0.900,   2.228
202604022206,   1.630,   2.210,9999.000,9999.000,9999.000,9999.000,9999.000,9999.000,9999.000
202604022212,   1.716,   2.289,9999.000,9999.000,9999.000,9999.000,9999.000,9999.000,9999.000
202604022218,   1.803,   2.348,9999.000,9999.000,9999.000,9999.000,9999.000,9999.000,9999.000
202604022224,   1.889,   2.479,9999.000,9999.000,9999.000,9999.000,9999.000,9999.000,9999.000
202604022230,   1.975,   2.548,9999.000,9999.000,9999.000,9999.000,9999.000,9999.000,9999.000
202604022236,   2.061,   2.630,9999.000,9999.000,9999.000,9999.000,9999.000,9999.000,9999.000
202604022242,   2.145,   2.699,9999.000,9999.000,9999.000,9999.000,9999.000,9999.000,9999.000
202604022248,   2.228,   2.797,9999.000,9999.000,9999.000,9999.000,9999.000,9999.000,9999.000
202604022254,   2.310,   2.889,9999.000,9999.000,9999.000,9999.000,9999.000,9999.000,9999.000
202604022300,   2.390,   2.978,   0.800,  -0.212,   2.978,   0.700,   2.878,   0.900,   3.078
202604022306,   2.468,   3.040,9999.000,9999.000,9999.000,9999.000,9999.000,9999.000,9999.000
202604022312,   2.544,   3.138,9999.000,9999.000,9999.000,9999.000,9999.000,9999.000,9999.000
202604022318,   2.617,   3.217,9999.000,9999.000,9999.000,9999.000,9999.000,9999.000,9999.000
202604022324,   2.688,   3.279,9999.000,9999.000,9999.000,9999.000,9999.000,9999.000,9999.000
202604022330,   2.755,   3.368,9999.000,9999.000,9999.000,9999.000,9999.000,9999.000,9999.000
202604022336,   2.819,   3.450,9999.000,9999.000,9999.000,9999.000,9999.000,9999.000,9999.000
202604022342,   2.880,   3.539,9999.000,9999.000,9999.000,9999.000,9999.000,9999.000,9999.000
202604022348,   2.936,   3.578,9999.000,9999.000,9999.000,9999.000,9999.000,9999.000,9999.000
202604022354,   2.989,   3.627,9999.000,9999.000,9999.000,9999.000,9999.000,9999.000,9999.000
202604030000,   3.038,   3.739,   0.700,   0.001,   3.739,   0.600,   3.639,   0.800,   3.839
202604030006,   3.082,   3.788,9999.000,9999.000,9999.000,9999.000,9999.000,9999.000,9999.000
202604030012,   3.122,   3.827,9999.000,9999.000,9999.000,9999.000,9999.000,9999.000,9999.000
202604030018,   3.157,   3.890,9999.000,9999.000,9999.000,9999.000,9999.000,9999.000,9999.000
202604030024,   3.187,   3.949,9999.000,9999.000,9999.000,9999.000,9999.000,9999.000,9999.000
202604030030,   3.213,   3.998,9999.000,9999.000,9999.000,9999.000,9999.000,9999.000,9999.000
202604030036,   3.235,   4.037,9999.000,9999.000,9999.000,9999.000,9999.000,9999.000,9999.000
202604030042,   3.251,   4.057,9999.000,9999.000,9999.000,9999.000,9999.000,9999.000,9999.000
202604030048,   3.263,   4.080,9999.000,9999.000,9999.000,9999.000,9999.000,9999.000,9999.000
202604030054,   3.270,   4.090,9999.000,9999.000,9999.000,9999.000,9999.000,9999.000,9999.000
202604030100,   3.273,   4.139,   0.700,   0.166,   4.139,   0.600,   4.039,   0.800,   4.239
202604030106,   3.271,   4.099,9999.000,9999.000,9999.000,9999.000,9999.000,9999.000,9999.000
202604030112,   3.264,   4.109,9999.000,9999.000,9999.000,9999.000,9999.000,9999.000,9999.000
202604030118,   3.254,   4.119,9999.000,9999.000,9999.000,9999.000,9999.000,9999.000,9999.000
202604030124,   3.239,   4.119,9999.000,9999.000,9999.000,9999.000,9999.000,9999.000,9999.000
202604030130,   3.220,   4.090,9999.000,9999.000,9999.000,9999.000,9999.000,9999.000,9999.000
202604030136,   3.197,   4.047,9999.000,9999.000,9999.000,9999.000,9999.000,9999.000,9999.000
202604030142,   3.171,   4.047,9999.000,9999.000,9999.000,9999.000,9999.000,9999.000,9999.000
202604030148,   3.141,   4.027,9999.000,9999.000,9999.000,9999.000,9999.000,9999.000,9999.000
202604030154,   3.107,   3.998,9999.000,9999.000,9999.000,9999.000,9999.000,9999.000,9999.000
202604030200,   3.070,   3.899,   0.700,   0.129,   3.899,   0.700,   3.899,   0.800,   3.999
202604030206,   3.030,   3.860,9999.000,9999.000,9999.000,9999.000,9999.000,9999.000,9999.000
202604030212,   2.987,   3.847,9999.000,9999.000,9999.000,9999.000,9999.000,9999.000,9999.000
202604030218,   2.942,   3.808,9999.000,9999.000,9999.000,9999.000,9999.000,9999.000,9999.000
202604030224,   2.893,   3.709,9999.000,9999.000,9999.000,9999.000,9999.000,9999.000,9999.000
202604030230,   2.842,   3.607,9999.000,9999.000,9999.000,9999.000,9999.000,9999.000,9999.000
202604030236,   2.788,   3.558,9999.000,9999.000,9999.000,9999.000,9999.000,9999.000,9999.000
202604030242,   2.732,   3.499,9999.000,9999.000,9999.000,9999.000,9999.000,9999.000,9999.000
202604030248,   2.673,   3.440,9999.000,9999.000,9999.000,9999.000,9999.000,9999.000,9999.000
202604030254,   2.613,   3.368,9999.000,9999.000,9999.000,9999.000,9999.000,9999.000,9999.000
202604030300,   2.550,   3.299,   0.700,   0.049,   3.299,   0.700,   3.299,   0.800,   3.399
202604030306,   2.485,   3.260,9999.000,9999.000,9999.000,9999.000,9999.000,9999.000,9999.000
202604030312,   2.419,   3.158,9999.000,9999.000,9999.000,9999.000,9999.000,9999.000,9999.000
202604030318,   2.350,   3.060,9999.000,9999.000,9999.000,9999.000,9999.000,9999.000,9999.000
202604030324,   2.281,   2.978,9999.000,9999.000,9999.000,9999.000,9999.000,9999.000,9999.000
202604030330,   2.209,   2.929,9999.000,9999.000,9999.000,9999.000,9999.000,9999.000,9999.000
202604030336,   2.136,   2.879,9999.000,9999.000,9999.000,9999.000,9999.000,9999.000,9999.000
202604030342,   2.062,   2.768,9999.000,9999.000,9999.000,9999.000,9999.000,9999.000,9999.000
202604030348,   1.987,   2.679,9999.000,9999.000,9999.000,9999.000,9999.000,9999.000,9999.000
202604030354,   1.911,   2.620,9999.000,9999.000,9999.000,9999.000,9999.000,9999.000,9999.000
202604030400,   1.834,   2.528,   0.700,  -0.006,   2.528,   0.600,   2.428,   0.800,   2.628
202604030406,   1.756,   2.459,9999.000,9999.000,9999.000,9999.000,9999.000,9999.000,9999.000
202604030412,   1.677,   2.368,9999.000,9999.000,9999.000,9999.000,9999.000,9999.000,9999.000
202604030418,   1.599,   2.289,9999.000,9999.000,9999.000,9999.000,9999.000,9999.000,9999.000
202604030424,   1.520,   2.230,9999.000,9999.000,9999.000,9999.000,9999.000,9999.000,9999.000
202604030430,   1.441,   2.138,9999.000,9999.000,9999.000,9999.000,9999.000,9999.000,9999.000
202604030436,   1.362,   2.059,9999.000,9999.000,9999.000,9999.000,9999.000,9999.000,9999.000
202604030442,   1.284,   1.938,9999.000,9999.000,9999.000,9999.000,9999.000,9999.000,9999.000
202604030448,   1.206,   1.869,9999.000,9999.000,9999.000,9999.000,9999.000,9999.000,9999.000
202604030454,   1.129,   1.781,9999.000,9999.000,9999.000,9999.000,9999.000,9999.000,9999.000
202604030500,   1.053,   1.708,   0.700,  -0.045,   1.708,   0.600,   1.608,   0.800,   1.808
202604030506,   0.978,   1.639,9999.000,9999.000,9999.000,9999.000,9999.000,9999.000,9999.000
202604030512,   0.904,   1.538,9999.000,9999.000,9999.000,9999.000,9999.000,9999.000,9999.000
202604030518,   0.832,   1.469,9999.000,9999.000,9999.000,9999.000,9999.000,9999.000,9999.000
202604030524,   0.762,   1.400,9999.000,9999.000,9999.000,9999.000,9999.000,9999.000,9999.000
202604030530,   0.693,   1.328,9999.000,9999.000,9999.000,9999.000,9999.000,9999.000,9999.000
202604030536,   0.627,   1.229,9999.000,9999.000,9999.000,9999.000,9999.000,9999.000,9999.000
202604030542,   0.563,   1.161,9999.000,9999.000,9999.000,9999.000,9999.000,9999.000,9999.000
202604030548,   0.501,   1.088,9999.000,9999.000,9999.000,9999.000,9999.000,9999.000,9999.000
202604030554,   0.441,9999.000,9999.000,9999.000,9999.000,9999.000,9999.000,9999.000,9999.000
202604030600,   0.385,9999.000,   0.700,  -0.025,   1.060,   0.600,   0.960,   0.800,   1.160
202604030606,   0.331,9999.000,9999.000,9999.000,9999.000,9999.000,9999.000,9999.000,9999.000
202604030612,   0.280,9999.000,9999.000,9999.000,9999.000,9999.000,9999.000,9999.000,9999.000
202604030618,   0.233,9999.000,9999.000,9999.000,9999.000,9999.000,9999.000,9999.000,9999.000
202604030624,   0.189,9999.000,9999.000,9999.000,9999.000,9999.000,9999.000,9999.000,9999.000
202604030630,   0.148,9999.000,9999.000,9999.000,9999.000,9999.000,9999.000,9999.000,9999.000
202604030636,   0.110,9999.000,9999.000,9999.000,9999.000,9999.000,9999.000,9999.000,9999.000
202604030642,   0.076,9999.000,9999.000,9999.000,9999.000,9999.000,9999.000,9999.000,9999.000
202604030648,   0.046,9999.000,9999.000,9999.000,9999.000,9999.000,9999.000,9999.000,9999.000
202604030654,   0.020,9999.000,9999.000,9999.000,9999.000,9999.000,9999.000,9999.000,9999.000
202604030700,  -0.002,9999.000,   0.700,  -0.006,   0.692,   0.600,   0.592,   0.700,   0.692
202604030706,  -0.020,9999.000,9999.000,9999.000,9999.000,9999.000,9999.000,9999.000,9999.000
202604030712,  -0.035,9999.000,9999.000,9999.000,9999.000,9999.000,9999.000,9999.000,9999.000
202604030718,  -0.046,9999.000,9999.000,9999.000,9999.000,9999.000,9999.000,9999.000,9999.000
202604030724,  -0.052,9999.000,9999.000,9999.000,9999.000,9999.000,9999.000,9999.000,9999.000
202604030730,  -0.055,9999.000,9999.000,9999.000,9999.000,9999.000,9999.000,9999.000,9999.000
202604030736,  -0.054,9999.000,9999.000,9999.000,9999.000,9999.000,9999.000,9999.000,9999.000
202604030742,  -0.048,9999.000,9999.000,9999.000,9999.000,9999.000,9999.000,9999.000,9999.000
202604030748,  -0.039,9999.000,9999.000,9999.000,9999.000,9999.000,9999.000,9999.000,9999.000
202604030754,  -0.026,9999.000,9999.000,9999.000,9999.000,9999.000,9999.000,9999.000,9999.000
202604030800,  -0.008,9999.000,   0.700,   0.014,   0.706,   0.600,   0.606,   0.700,   0.706
202604030806,   0.012,9999.000,9999.000,9999.000,9999.000,9999.000,9999.000,9999.000,9999.000
202604030812,   0.037,9999.000,9999.000,9999.000,9999.000,9999.000,9999.000,9999.000,9999.000
202604030818,   0.065,9999.000,9999.000,9999.000,9999.000,9999.000,9999.000,9999.000,9999.000
202604030824,   0.097,9999.000,9999.000,9999.000,9999.000,9999.000,9999.000,9999.000,9999.000
202604030830,   0.133,9999.000,9999.000,9999.000,9999.000,9999.000,9999.000,9999.000,9999.000
202604030836,   0.172,9999.000,9999.000,9999.000,9999.000,9999.000,9999.000,9999.000,9999.000
202604030842,   0.215,9999.000,9999.000,9999.000,9999.000,9999.000,9999.000,9999.000,9999.000
202604030848,   0.261,9999.000,9999.000,9999.000,9999.000,9999.000,9999.000,9999.000,9999.000
202604030854,   0.309,9999.000,9999.000,9999.000,9999.000,9999.000,9999.000,9999.000,9999.000
202604030900,   0.361,9999.000,   0.600,   0.033,   0.994,   0.600,   0.994,   0.700,   1.094
202604030906,   0.415,9999.000,9999.000,9999.000,9999.000,9999.000,9999.000,9999.000,9999.000
202604030912,   0.473,9999.000,9999.000,9999.000,9999.000,9999.000,9999.000,9999.000,9999.000
202604030918,   0.532,9999.000,9999.000,9999.000,9999.000,9999.000,9999.000,9999.000,9999.000
202604030924,   0.594,9999.000,9999.000,9999.000,9999.000,9999.000,9999.000,9999.000,9999.000
202604030930,   0.659,9999.000,9999.000,9999.000,9999.000,9999.000,9999.000,9999.000,9999.000
202604030936,   0.725,9999.000,9999.000,9999.000,9999.000,9999.000,9999.000,9999.000,9999.000
202604030942,   0.793,9999.000,9999.000,9999.000,9999.000,9999.000,9999.000,9999.000,9999.000
202604030948,   0.863,9999.000,9999.000,9999.000,9999.000,9999.000,9999.000,9999.000,9999.000
202604030954,   0.935,9999.000,9999.000,9999.000,9999.000,9999.000,9999.000,9999.000,9999.000
202604031000,   1.008,9999.000,   0.600,   0.053,   1.661,   0.500,   1.561,   0.700,   1.761
202604031006,   1.082,9999.000,9999.000,9999.000,9999.000,9999.000,9999.000,9999.000,9999.000
202604031012,   1.158,9999.000,9999.000,9999.000,9999.000,9999.000,9999.000,9999.000,9999.000
202604031018,   1.234,9999.000,9999.000,9999.000,9999.000,9999.000,9999.000,9999.000,9999.000
202604031024,   1.311,9999.000,9999.000,9999.000,9999.000,9999.000,9999.000,9999.000,9999.000
202604031030,   1.389,9999.000,9999.000,9999.000,9999.000,9999.000,9999.000,9999.000,9999.000
202604031036,   1.467,9999.000,9999.000,9999.000,9999.000,9999.000,9999.000,9999.000,9999.000
202604031042,   1.545,9999.000,9999.000,9999.000,9999.000,9999.000,9999.000,9999.000,9999.000
202604031048,   1.622,9999.000,9999.000,9999.000,9999.000,9999.000,9999.000,9999.000,9999.000
202604031054,   1.700,9999.000,9999.000,9999.000,9999.000,9999.000,9999.000,9999.000,9999.000
202604031100,   1.777,9999.000,   0.600,   0.073,   2.450,   0.500,   2.350,   0.600,   2.450
202604031106,   1.853,9999.000,9999.000,9999.000,9999.000,9999.000,9999.000,9999.000,9999.000
202604031112,   1.927,9999.000,9999.000,9999.000,9999.000,9999.000,9999.000,9999.000,9999.000
202604031118,   2.001,9999.000,9999.000,9999.000,9999.000,9999.000,9999.000,9999.000,9999.000
202604031124,   2.073,9999.000,9999.000,9999.000,9999.000,9999.000,9999.000,9999.000,9999.000
202604031130,   2.142,9999.000,9999.000,9999.000,9999.000,9999.000,9999.000,9999.000,9999.000
202604031136,   2.210,9999.000,9999.000,9999.000,9999.000,9999.000,9999.000,9999.000,9999.000
202604031142,   2.275,9999.000,9999.000,9999.000,9999.000,9999.000,9999.000,9999.000,9999.000
202604031148,   2.338,9999.000,9999.000,9999.000,9999.000,9999.000,9999.000,9999.000,9999.000
202604031154,   2.397,9999.000,9999.000,9999.000,9999.000,9999.000,9999.000,9999.000,9999.000
202604031200,   2.454,9999.000,   0.600,   0.092,   3.146,   0.500,   3.046,   0.600,   3.146
202604031206,   2.507,9999.000,9999.000,9999.000,9999.000,9999.000,9999.000,9999.000,9999.000
202604031212,   2.556,9999.000,9999.000,9999.000,9999.000,9999.000,9999.000,9999.000,9999.000
202604031218,   2.602,9999.000,9999.000,9999.000,9999.000,9999.000,9999.000,9999.000,9999.000
202604031224,   2.644,9999.000,9999.000,9999.000,9999.000,9999.000,9999.000,9999.000,9999.000
202604031230,   2.682,9999.000,9999.000,9999.000,9999.000,9999.000,9999.000,9999.000,9999.000
202604031236,   2.715,9999.000,9999.000,9999.000,9999.000,9999.000,9999.000,9999.000,9999.000
202604031242,   2.744,9999.000,9999.000,9999.000,9999.000,9999.000,9999.000,9999.000,9999.000
202604031248,   2.769,9999.000,9999.000,9999.000,9999.000,9999.000,9999.000,9999.000,9999.000
202604031254,   2.790,9999.000,9999.000,9999.000,9999.000,9999.000,9999.000,9999.000,9999.000
202604031300,   2.806,9999.000,   0.500,   0.112,   3.418,   0.500,   3.418,   0.600,   3.518
202604031306,   2.817,9999.000,9999.000,9999.000,9999.000,9999.000,9999.000,9999.000,9999.000
202604031312,   2.825,9999.000,9999.000,9999.000,9999.000,9999.000,9999.000,9999.000,9999.000
202604031318,   2.828,9999.000,9999.000,9999.000,9999.000,9999.000,9999.000,9999.000,9999.000
202604031324,   2.826,9999.000,9999.000,9999.000,9999.000,9999.000,9999.000,9999.000,9999.000
202604031330,   2.821,9999.000,9999.000,9999.000,9999.000,9999.000,9999.000,9999.000,9999.000
202604031336,   2.812,9999.000,9999.000,9999.000,9999.000,9999.000,9999.000,9999.000,9999.000
202604031342,   2.798,9999.000,9999.000,9999.000,9999.000,9999.000,9999.000,9999.000,9999.000
202604031348,   2.781,9999.000,9999.000,9999.000,9999.000,9999.000,9999.000,9999.000,9999.000
202604031354,   2.760,9999.000,9999.000,9999.000,9999.000,9999.000,9999.000,9999.000,9999.000
202604031400,   2.736,9999.000,   0.500,   0.131,   3.367,   0.400,   3.267,   0.500,   3.367
202604031406,   2.708,9999.000,9999.000,9999.000,9999.000,9999.000,9999.000,9999.000,9999.000
202604031412,   2.677,9999.000,9999.000,9999.000,9999.000,9999.000,9999.000,9999.000,9999.000
202604031418,   2.643,9999.000,9999.000,9999.000,9999.000,9999.000,9999.000,9999.000,9999.000
202604031424,   2.606,9999.000,9999.000,9999.000,9999.000,9999.000,9999.000,9999.000,9999.000
202604031430,   2.567,9999.000,9999.000,9999.000,9999.000,9999.000,9999.000,9999.000,9999.000
202604031436,   2.525,9999.000,9999.000,9999.000,9999.000,9999.000,9999.000,9999.000,9999.000
202604031442,   2.480,9999.000,9999.000,9999.000,9999.000,9999.000,9999.000,9999.000,9999.000
202604031448,   2.433,9999.000,9999.000,9999.000,9999.000,9999.000,9999.000,9999.000,9999.000
202604031454,   2.384,9999.000,9999.000,9999.000,9999.000,9999.000,9999.000,9999.000,9999.000
202604031500,   2.332,9999.000,   0.400,   0.151,   2.883,   0.400,   2.883,   0.500,   2.983
202604031506,   2.279,9999.000,9999.000,9999.000,9999.000,9999.000,9999.000,9999.000,9999.000
202604031512,   2.224,9999.000,9999.000,9999.000,9999.000,9999.000,9999.000,9999.000,9999.000
202604031518,   2.167,9999.000,9999.000,9999.000,9999.000,9999.000,9999.000,9999.000,9999.000
202604031524,   2.109,9999.000,9999.000,9999.000,9999.000,9999.000,9999.000,9999.000,9999.000
202604031530,   2.049,9999.000,9999.000,9999.000,9999.000,9999.000,9999.000,9999.000,9999.000
202604031536,   1.987,9999.000,9999.000,9999.000,9999.000,9999.000,9999.000,9999.000,9999.000
202604031542,   1.925,9999.000,9999.000,9999.000,9999.000,9999.000,9999.000,9999.000,9999.000
202604031548,   1.861,9999.000,9999.000,9999.000,9999.000,9999.000,9999.000,9999.000,9999.000
202604031554,   1.796,9999.000,9999.000,9999.000,9999.000,9999.000,9999.000,9999.000,9999.000
202604031600,   1.730,9999.000,   0.400,   0.171,   2.301,   0.400,   2.301,   0.400,   2.301
202604031606,   1.663,9999.000,9999.000,9999.000,9999.000,9999.000,9999.000,9999.000,9999.000
202604031612,   1.595,9999.000,9999.000,9999.000,9999.000,9999.000,9999.000,9999.000,9999.000
202604031618,   1.527,9999.000,9999.000,9999.000,9999.000,9999.000,9999.000,9999.000,9999.000
202604031624,   1.458,9999.000,9999.000,9999.000,9999.000,9999.000,9999.000,9999.000,9999.000
202604031630,   1.389,9999.000,9999.000,9999.000,9999.000,9999.000,9999.000,9999.000,9999.000
202604031636,   1.320,9999.000,9999.000,9999.000,9999.000,9999.000,9999.000,9999.000,9999.000
202604031642,   1.251,9999.000,9999.000,9999.000,9999.000,9999.000,9999.000,9999.000,9999.000
202604031648,   1.183,9999.000,9999.000,9999.000,9999.000,9999.000,9999.000,9999.000,9999.000
202604031654,   1.114,9999.000,9999.000,9999.000,9999.000,9999.000,9999.000,9999.000,9999.000
202604031700,   1.046,9999.000,   0.400,   0.190,   1.636,   0.300,   1.536,   0.400,   1.636
202604031706,   0.979,9999.000,9999.000,9999.000,9999.000,9999.000,9999.000,9999.000,9999.000
202604031712,   0.913,9999.000,9999.000,9999.000,9999.000,9999.000,9999.000,9999.000,9999.000
202604031718,   0.848,9999.000,9999.000,9999.000,9999.000,9999.000,9999.000,9999.000,9999.000
202604031724,   0.784,9999.000,9999.000,9999.000,9999.000,9999.000,9999.000,9999.000,9999.000
202604031730,   0.721,9999.000,9999.000,9999.000,9999.000,9999.000,9999.000,9999.000,9999.000
202604031736,   0.661,9999.000,9999.000,9999.000,9999.000,9999.000,9999.000,9999.000,9999.000
202604031742,   0.602,9999.000,9999.000,9999.000,9999.000,9999.000,9999.000,9999.000,9999.000
202604031748,   0.545,9999.000,9999.000,9999.000,9999.000,9999.000,9999.000,9999.000,9999.000
202604031754,   0.490,9999.000,9999.000,9999.000,9999.000,9999.000,9999.000,9999.000,9999.000
202604031800,   0.437,9999.000,   0.300,   0.190,   0.927,   0.300,   0.927,   0.400,   1.027
202604031806,   0.387,9999.000,9999.000,9999.000,9999.000,9999.000,9999.000,9999.000,9999.000
202604031812,   0.340,9999.000,9999.000,9999.000,9999.000,9999.000,9999.000,9999.000,9999.000
202604031818,   0.296,9999.000,9999.000,9999.000,9999.000,9999.000,9999.000,9999.000,9999.000
202604031824,   0.254,9999.000,9999.000,9999.000,9999.000,9999.000,9999.000,9999.000,9999.000
202604031830,   0.216,9999.000,9999.000,9999.000,9999.000,9999.000,9999.000,9999.000,9999.000
202604031836,   0.180,9999.000,9999.000,9999.000,9999.000,9999.000,9999.000,9999.000,9999.000
202604031842,   0.148,9999.000,9999.000,9999.000,9999.000,9999.000,9999.000,9999.000,9999.000
202604031848,   0.120,9999.000,9999.000,9999.000,9999.000,9999.000,9999.000,9999.000,9999.000
202604031854,   0.095,9999.000,9999.000,9999.000,9999.000,9999.000,9999.000,9999.000,9999.000
202604031900,   0.073,9999.000,   0.300,   0.190,   0.563,   0.300,   0.563,   0.400,   0.663
202604031906,   0.055,9999.000,9999.000,9999.000,9999.000,9999.000,9999.000,9999.000,9999.000
202604031912,   0.041,9999.000,9999.000,9999.000,9999.000,9999.000,9999.000,9999.000,9999.000
202604031918,   0.031,9999.000,9999.000,9999.000,9999.000,9999.000,9999.000,9999.000,9999.000
202604031924,   0.025,9999.000,9999.000,9999.000,9999.000,9999.000,9999.000,9999.000,9999.000
202604031930,   0.022,9999.000,9999.000,9999.000,9999.000,9999.000,9999.000,9999.000,9999.000
202604031936,   0.024,9999.000,9999.000,9999.000,9999.000,9999.000,9999.000,9999.000,9999.000
202604031942,   0.029,9999.000,9999.000,9999.000,9999.000,9999.000,9999.000,9999.000,9999.000
202604031948,   0.039,9999.000,9999.000,9999.000,9999.000,9999.000,9999.000,9999.000,9999.000
202604031954,   0.052,9999.000,9999.000,9999.000,9999.000,9999.000,9999.000,9999.000,9999.000
202604032000,   0.070,9999.000,   0.300,   0.190,   0.560,   0.300,   0.560,   0.300,   0.560
202604032006,   0.091,9999.000,9999.000,9999.000,9999.000,9999.000,9999.000,9999.000,9999.000
202604032012,   0.116,9999.000,9999.000,9999.000,9999.000,9999.000,9999.000,9999.000,9999.000
202604032018,   0.145,9999.000,9999.000,9999.000,9999.000,9999.000,9999.000,9999.000,9999.000
202604032024,   0.177,9999.000,9999.000,9999.000,9999.000,9999.000,9999.000,9999.000,9999.000
202604032030,   0.213,9999.000,9999.000,9999.000,9999.000,9999.000,9999.000,9999.000,9999.000
202604032036,   0.253,9999.000,9999.000,9999.000,9999.000,9999.000,9999.000,9999.000,9999.000
202604032042,   0.296,9999.000,9999.000,9999.000,9999.000,9999.000,9999.000,9999.000,9999.000
202604032048,   0.343,9999.000,9999.000,9999.000,9999.000,9999.000,9999.000,9999.000,9999.000
202604032054,   0.393,9999.000,9999.000,9999.000,9999.000,9999.000,9999.000,9999.000,9999.000
202604032100,   0.446,9999.000,   0.300,   0.190,   0.936,   0.200,   0.836,   0.300,   0.936
202604032106,   0.501,9999.000,9999.000,9999.000,9999.000,9999.000,9999.000,9999.000,9999.000
202604032112,   0.560,9999.000,9999.000,9999.000,9999.000,9999.000,9999.000,9999.000,9999.000
202604032118,   0.622,9999.000,9999.000,9999.000,9999.000,9999.000,9999.000,9999.000,9999.000
202604032124,   0.686,9999.000,9999.000,9999.000,9999.000,9999.000,9999.000,9999.000,9999.000
202604032130,   0.752,9999.000,9999.000,9999.000,9999.000,9999.000,9999.000,9999.000,9999.000
202604032136,   0.821,9999.000,9999.000,9999.000,9999.000,9999.000,9999.000,9999.000,9999.000
202604032142,   0.891,9999.000,9999.000,9999.000,9999.000,9999.000,9999.000,9999.000,9999.000
202604032148,   0.964,9999.000,9999.000,9999.000,9999.000,9999.000,9999.000,9999.000,9999.000
202604032154,   1.038,9999.000,9999.000,9999.000,9999.000,9999.000,9999.000,9999.000,9999.000
202604032200,   1.114,9999.000,   0.200,   0.190,   1.504,   0.200,   1.504,   0.300,   1.604
202604032206,   1.192,9999.000,9999.000,9999.000,9999.000,9999.000,9999.000,9999.000,9999.000
202604032212,   1.271,9999.000,9999.000,9999.000,9999.000,9999.000,9999.000,9999.000,9999.000
202604032218,   1.351,9999.000,9999.000,9999.000,9999.000,9999.000,9999.000,9999.000,9999.000
202604032224,   1.432,9999.000,9999.000,9999.000,9999.000,9999.000,9999.000,9999.000,9999.000
202604032230,   1.513,9999.000,9999.000,9999.000,9999.000,9999.000,9999.000,9999.000,9999.000
202604032236,   1.596,9999.000,9999.000,9999.000,9999.000,9999.000,9999.000,9999.000,9999.000
202604032242,   1.678,9999.000,9999.000,9999.000,9999.000,9999.000,9999.000,9999.000,9999.000
202604032248,   1.761,9999.000,9999.000,9999.000,9999.000,9999.000,9999.000,9999.000,9999.000
202604032254,   1.844,9999.000,9999.000,9999.000,9999.000,9999.000,9999.000,9999.000,9999.000
202604032300,   1.927,9999.000,   0.200,   0.190,   2.317,   0.100,   2.217,   0.200,   2.317
202604032306,   2.010,9999.000,9999.000,9999.000,9999.000,9999.000,9999.000,9999.000,9999.000
202604032312,   2.092,9999.000,9999.000,9999.000,9999.000,9999.000,9999.000,9999.000,9999.000
202604032318,   2.173,9999.000,9999.000,9999.000,9999.000,9999.000,9999.000,9999.000,9999.000
202604032324,   2.253,9999.000,9999.000,9999.000,9999.000,9999.000,9999.000,9999.000,9999.000
202604032330,   2.331,9999.000,9999.000,9999.000,9999.000,9999.000,9999.000,9999.000,9999.000
202604032336,   2.408,9999.000,9999.000,9999.000,9999.000,9999.000,9999.000,9999.000,9999.000
202604032342,   2.484,9999.000,9999.000,9999.000,9999.000,9999.000,9999.000,9999.000,9999.000
202604032348,   2.557,9999.000,9999.000,9999.000,9999.000,9999.000,9999.000,9999.000,9999.000
202604032354,   2.628,9999.000,9999.000,9999.000,9999.000,9999.000,9999.000,9999.000,9999.000
202604040000,   2.696,9999.000,   0.100,   0.190,   2.986,   0.000,   2.886,   0.200,   3.086
202604040006,   2.762,9999.000,9999.000,9999.000,9999.000,9999.000,9999.000,9999.000,9999.000
202604040012,   2.825,9999.000,9999.000,9999.000,9999.000,9999.000,9999.000,9999.000,9999.000
202604040018,   2.884,9999.000,9999.000,9999.000,9999.000,9999.000,9999.000,9999.000,9999.000
202604040024,   2.940,9999.000,9999.000,9999.000,9999.000,9999.000,9999.000,9999.000,9999.000
202604040030,   2.992,9999.000,9999.000,9999.000,9999.000,9999.000,9999.000,9999.000,9999.000
202604040036,   3.040,9999.000,9999.000,9999.000,9999.000,9999.000,9999.000,9999.000,9999.000
202604040042,   3.084,9999.000,9999.000,9999.000,9999.000,9999.000,9999.000,9999.000,9999.000
202604040048,   3.124,9999.000,9999.000,9999.000,9999.000,9999.000,9999.000,9999.000,9999.000
202604040054,   3.160,9999.000,9999.000,9999.000,9999.000,9999.000,9999.000,9999.000,9999.000
202604040100,   3.191,9999.000,   0.100,   0.190,   3.481,   0.000,   3.381,   0.200,   3.581
202604040106,   3.218,9999.000,9999.000,9999.000,9999.000,9999.000,9999.000,9999.000,9999.000
202604040112,   3.239,9999.000,9999.000,9999.000,9999.000,9999.000,9999.000,9999.000,9999.000
202604040118,   3.257,9999.000,9999.000,9999.000,9999.000,9999.000,9999.000,9999.000,9999.000
202604040124,   3.269,9999.000,9999.000,9999.000,9999.000,9999.000,9999.000,9999.000,9999.000
202604040130,   3.277,9999.000,9999.000,9999.000,9999.000,9999.000,9999.000,9999.000,9999.000
202604040136,   3.281,9999.000,9999.000,9999.000,9999.000,9999.000,9999.000,9999.000,9999.000
202604040142,   3.280,9999.000,9999.000,9999.000,9999.000,9999.000,9999.000,9999.000,9999.000
202604040148,   3.274,9999.000,9999.000,9999.000,9999.000,9999.000,9999.000,9999.000,9999.000
202604040154,   3.264,9999.000,9999.000,9999.000,9999.000,9999.000,9999.000,9999.000,9999.000
202604040200,   3.249,9999.000,   0.000,   0.190,   3.439,   0.000,   3.439,   0.100,   3.539
202604040206,   3.231,9999.000,9999.000,9999.000,9999.000,9999.000,9999.000,9999.000,9999.000
202604040212,   3.208,9999.000,9999.000,9999.000,9999.000,9999.000,9999.000,9999.000,9999.000
202604040218,   3.182,9999.000,9999.000,9999.000,9999.000,9999.000,9999.000,9999.000,9999.000
202604040224,   3.152,9999.000,9999.000,9999.000,9999.000,9999.000,9999.000,9999.000,9999.000
202604040230,   3.119,9999.000,9999.000,9999.000,9999.000,9999.000,9999.000,9999.000,9999.000
202604040236,   3.082,9999.000,9999.000,9999.000,9999.000,9999.000,9999.000,9999.000,9999.000
202604040242,   3.041,9999.000,9999.000,9999.000,9999.000,9999.000,9999.000,9999.000,9999.000
202604040248,   2.998,9999.000,9999.000,9999.000,9999.000,9999.000,9999.000,9999.000,9999.000
202604040254,   2.952,9999.000,9999.000,9999.000,9999.000,9999.000,9999.000,9999.000,9999.000
202604040300,   2.903,9999.000,   0.000,   0.190,   3.093,  -0.100,   2.993,   0.100,   3.193
202604040306,   2.852,9999.000,9999.000,9999.000,9999.000,9999.000,9999.000,9999.000,9999.000
202604040312,   2.798,9999.000,9999.000,9999.000,9999.000,9999.000,9999.000,9999.000,9999.000
202604040318,   2.741,9999.000,9999.000,9999.000,9999.000,9999.000,9999.000,9999.000,9999.000
202604040324,   2.683,9999.000,9999.000,9999.000,9999.000,9999.000,9999.000,9999.000,9999.000
202604040330,   2.622,9999.000,9999.000,9999.000,9999.000,9999.000,9999.000,9999.000,9999.000
202604040336,   2.560,9999.000,9999.000,9999.000,9999.000,9999.000,9999.000,9999.000,9999.000
202604040342,   2.496,9999.000,9999.000,9999.000,9999.000,9999.000,9999.000,9999.000,9999.000
202604040348,   2.430,9999.000,9999.000,9999.000,9999.000,9999.000,9999.000,9999.000,9999.000
202604040354,   2.362,9999.000,9999.000,9999.000,9999.000,9999.000,9999.000,9999.000,9999.000
202604040400,   2.293,9999.000,   0.000,   0.190,   2.483,  -0.100,   2.383,   0.000,   2.483
202604040406,   2.222,9999.000,9999.000,9999.000,9999.000,9999.000,9999.000,9999.000,9999.000
202604040412,   2.151,9999.000,9999.000,9999.000,9999.000,9999.000,9999.000,9999.000,9999.000
202604040418,   2.078,9999.000,9999.000,9999.000,9999.000,9999.000,9999.000,9999.000,9999.000
202604040424,   2.004,9999.000,9999.000,9999.000,9999.000,9999.000,9999.000,9999.000,9999.000
202604040430,   1.929,9999.000,9999.000,9999.000,9999.000,9999.000,9999.000,9999.000,9999.000
202604040436,   1.854,9999.000,9999.000,9999.000,9999.000,9999.000,9999.000,9999.000,9999.000
202604040442,   1.777,9999.000,9999.000,9999.000,9999.000,9999.000,9999.000,9999.000,9999.000
202604040448,   1.701,9999.000,9999.000,9999.000,9999.000,9999.000,9999.000,9999.000,9999.000
202604040454,   1.624,9999.000,9999.000,9999.000,9999.000,9999.000,9999.000,9999.000,9999.000
202604040500,   1.547,9999.000,  -0.100,   0.190,   1.637,  -0.200,   1.537,   0.000,   1.737
202604040506,   1.470,9999.000,9999.000,9999.000,9999.000,9999.000,9999.000,9999.000,9999.000
202604040512,   1.393,9999.000,9999.000,9999.000,9999.000,9999.000,9999.000,9999.000,9999.000
202604040518,   1.316,9999.000,9999.000,9999.000,9999.000,9999.000,9999.000,9999.000,9999.000
202604040524,   1.240,9999.000,9999.000,9999.000,9999.000,9999.000,9999.000,9999.000,9999.000
202604040530,   1.165,9999.000,9999.000,9999.000,9999.000,9999.000,9999.000,9999.000,9999.000
202604040536,   1.091,9999.000,9999.000,9999.000,9999.000,9999.000,9999.000,9999.000,9999.000
202604040542,   1.018,9999.000,9999.000,9999.000,9999.000,9999.000,9999.000,9999.000,9999.000
202604040548,   0.946,9999.000,9999.000,9999.000,9999.000,9999.000,9999.000,9999.000,9999.000
202604040554,   0.875,9999.000,9999.000,9999.000,9999.000,9999.000,9999.000,9999.000,9999.000
202604040600,   0.806,9999.000,  -0.100,   0.190,   0.896,  -0.300,   0.696,   0.000,   0.996
202604040606,   0.739,9999.000,9999.000,9999.000,9999.000,9999.000,9999.000,9999.000,9999.000
202604040612,   0.674,9999.000,9999.000,9999.000,9999.000,9999.000,9999.000,9999.000,9999.000
202604040618,   0.612,9999.000,9999.000,9999.000,9999.000,9999.000,9999.000,9999.000,9999.000
202604040624,   0.551,9999.000,9999.000,9999.000,9999.000,9999.000,9999.000,9999.000,9999.000
202604040630,   0.493,9999.000,9999.000,9999.000,9999.000,9999.000,9999.000,9999.000,9999.000
202604040636,   0.438,9999.000,9999.000,9999.000,9999.000,9999.000,9999.000,9999.000,9999.000
202604040642,   0.386,9999.000,9999.000,9999.000,9999.000,9999.000,9999.000,9999.000,9999.000
202604040648,   0.336,9999.000,9999.000,9999.000,9999.000,9999.000,9999.000,9999.000,9999.000
202604040654,   0.290,9999.000,9999.000,9999.000,9999.000,9999.000,9999.000,9999.000,9999.000
202604040700,   0.246,9999.000,  -0.200,   0.190,   0.236,  -0.300,   0.136,   0.000,   0.436
202604040706,   0.207,9999.000,9999.000,9999.000,9999.000,9999.000,9999.000,9999.000,9999.000
202604040712,   0.170,9999.000,9999.000,9999.000,9999.000,9999.000,9999.000,9999.000,9999.000
202604040718,   0.137,9999.000,9999.000,9999.000,9999.000,9999.000,9999.000,9999.000,9999.000
202604040724,   0.108,9999.000,9999.000,9999.000,9999.000,9999.000,9999.000,9999.000,9999.000
202604040730,   0.082,9999.000,9999.000,9999.000,9999.000,9999.000,9999.000,9999.000,9999.000
202604040736,   0.060,9999.000,9999.000,9999.000,9999.000,9999.000,9999.000,9999.000,9999.000
202604040742,   0.042,9999.000,9999.000,9999.000,9999.000,9999.000,9999.000,9999.000,9999.000
202604040748,   0.027,9999.000,9999.000,9999.000,9999.000,9999.000,9999.000,9999.000,9999.000
202604040754,   0.017,9999.000,9999.000,9999.000,9999.000,9999.000,9999.000,9999.000,9999.000
202604040800,   0.010,9999.000,  -0.200,   0.190,   0.000,  -0.300,  -0.100,  -0.100,   0.100
202604040806,   0.007,9999.000,9999.000,9999.000,9999.000,9999.000,9999.000,9999.000,9999.000
202604040812,   0.008,9999.000,9999.000,9999.000,9999.000,9999.000,9999.000,9999.000,9999.000
202604040818,   0.013,9999.000,9999.000,9999.000,9999.000,9999.000,9999.000,9999.000,9999.000
202604040824,   0.022,9999.000,9999.000,9999.000,9999.000,9999.000,9999.000,9999.000,9999.000
202604040830,   0.035,9999.000,9999.000,9999.000,9999.000,9999.000,9999.000,9999.000,9999.000
202604040836,   0.051,9999.000,9999.000,9999.000,9999.000,9999.000,9999.000,9999.000,9999.000
202604040842,   0.071,9999.000,9999.000,9999.000,9999.000,9999.000,9999.000,9999.000,9999.000
202604040848,   0.095,9999.000,9999.000,9999.000,9999.000,9999.000,9999.000,9999.000,9999.000
202604040854,   0.122,9999.000,9999.000,9999.000,9999.000,9999.000,9999.000,9999.000,9999.000
202604040900,   0.153,9999.000,  -0.200,   0.190,   0.143,  -0.400,  -0.057,  -0.100,   0.243
202604040906,   0.186,9999.000,9999.000,9999.000,9999.000,9999.000,9999.000,9999.000,9999.000
202604040912,   0.224,9999.000,9999.000,9999.000,9999.000,9999.000,9999.000,9999.000,9999.000
202604040918,   0.264,9999.000,9999.000,9999.000,9999.000,9999.000,9999.000,9999.000,9999.000
202604040924,   0.307,9999.000,9999.000,9999.000,9999.000,9999.000,9999.000,9999.000,9999.000
202604040930,   0.353,9999.000,9999.000,9999.000,9999.000,9999.000,9999.000,9999.000,9999.000
202604040936,   0.402,9999.000,9999.000,9999.000,9999.000,9999.000,9999.000,9999.000,9999.000
202604040942,   0.454,9999.000,9999.000,9999.000,9999.000,9999.000,9999.000,9999.000,9999.000
202604040948,   0.507,9999.000,9999.000,9999.000,9999.000,9999.000,9999.000,9999.000,9999.000
202604040954,   0.564,9999.000,9999.000,9999.000,9999.000,9999.000,9999.000,9999.000,9999.000
202604041000,   0.622,9999.000,  -0.300,   0.190,   0.512,  -0.400,   0.412,  -0.100,   0.712
202604041006,   0.682,9999.000,9999.000,9999.000,9999.000,9999.000,9999.000,9999.000,9999.000
202604041012,   0.744,9999.000,9999.000,9999.000,9999.000,9999.000,9999.000,9999.000,9999.000
202604041018,   0.808,9999.000,9999.000,9999.000,9999.000,9999.000,9999.000,9999.000,9999.000
202604041024,   0.873,9999.000,9999.000,9999.000,9999.000,9999.000,9999.000,9999.000,9999.000
202604041030,   0.940,9999.000,9999.000,9999.000,9999.000,9999.000,9999.000,9999.000,9999.000
202604041036,   1.008,9999.000,9999.000,9999.000,9999.000,9999.000,9999.000,9999.000,9999.000
202604041042,   1.077,9999.000,9999.000,9999.000,9999.000,9999.000,9999.000,9999.000,9999.000
202604041048,   1.147,9999.000,9999.000,9999.000,9999.000,9999.000,9999.000,9999.000,9999.000
202604041054,   1.217,9999.000,9999.000,9999.000,9999.000,9999.000,9999.000,9999.000,9999.000
202604041100,   1.289,9999.000,  -0.300,   0.190,   1.179,  -0.400,   1.079,  -0.100,   1.379
202604041106,   1.360,9999.000,9999.000,9999.000,9999.000,9999.000,9999.000,9999.000,9999.000
202604041112,   1.432,9999.000,9999.000,9999.000,9999.000,9999.000,9999.000,9999.000,9999.000
202604041118,   1.504,9999.000,9999.000,9999.000,9999.000,9999.000,9999.000,9999.000,9999.000
202604041124,   1.576,9999.000,9999.000,9999.000,9999.000,9999.000,9999.000,9999.000,9999.000
202604041130,   1.648,9999.000,9999.000,9999.000,9999.000,9999.000,9999.000,9999.000,9999.000
202604041136,   1.719,9999.000,9999.000,9999.000,9999.000,9999.000,9999.000,9999.000,9999.000
202604041142,   1.789,9999.000,9999.000,9999.000,9999.000,9999.000,9999.000,9999.000,9999.000
202604041148,   1.859,9999.000,9999.000,9999.000,9999.000,9999.000,9999.000,9999.000,9999.000
202604041154,   1.927,9999.000,9999.000,9999.000,9999.000,9999.000,9999.000,9999.000,9999.000
202604041200,   1.994,9999.000,  -0.300,   0.190,   1.884,  -0.400,   1.784,  -0.100,   2.084
202604041206,   2.060,9999.000,9999.000,9999.000,9999.000,9999.000,9999.000,9999.000,9999.000
202604041212,   2.123,9999.000,9999.000,9999.000,9999.000,9999.000,9999.000,9999.000,9999.000
202604041218,   2.185,9999.000,9999.000,9999.000,9999.000,9999.000,9999.000,9999.000,9999.000
202604041224,   2.244,9999.000,9999.000,9999.000,9999.000,9999.000,9999.000,9999.000,9999.000
202604041230,   2.301,9999.000,9999.000,9999.000,9999.000,9999.000,9999.000,9999.000,9999.000
202604041236,   2.355,9999.000,9999.000,9999.000,9999.000,9999.000,9999.000,9999.000,9999.000
202604041242,   2.406,9999.000,9999.000,9999.000,9999.000,9999.000,9999.000,9999.000,9999.000
202604041248,   2.453,9999.000,9999.000,9999.000,9999.000,9999.000,9999.000,9999.000,9999.000
202604041254,   2.498,9999.000,9999.000,9999.000,9999.000,9999.000,9999.000,9999.000,9999.000
202604041300,   2.539,9999.000,  -0.300,   0.190,   2.429,  -0.400,   2.329,  -0.100,   2.629
202604041306,   2.576,9999.000,9999.000,9999.000,9999.000,9999.000,9999.000,9999.000,9999.000
202604041312,   2.609,9999.000,9999.000,9999.000,9999.000,9999.000,9999.000,9999.000,9999.000
202604041318,   2.639,9999.000,9999.000,9999.000,9999.000,9999.000,9999.000,9999.000,9999.000
202604041324,   2.664,9999.000,9999.000,9999.000,9999.000,9999.000,9999.000,9999.000,9999.000
202604041330,   2.685,9999.000,9999.000,9999.000,9999.000,9999.000,9999.000,9999.000,9999.000
202604041336,   2.702,9999.000,9999.000,9999.000,9999.000,9999.000,9999.000,9999.000,9999.000
202604041342,   2.715,9999.000,9999.000,9999.000,9999.000,9999.000,9999.000,9999.000,9999.000
202604041348,   2.723,9999.000,9999.000,9999.000,9999.000,9999.000,9999.000,9999.000,9999.000
202604041354,   2.727,9999.000,9999.000,9999.000,9999.000,9999.000,9999.000,9999.000,9999.000
202604041400,   2.727,9999.000,  -0.300,   0.190,   2.617,  -0.400,   2.517,  -0.100,   2.817
202604041406,   2.723,9999.000,9999.000,9999.000,9999.000,9999.000,9999.000,9999.000,9999.000
202604041412,   2.715,9999.000,9999.000,9999.000,9999.000,9999.000,9999.000,9999.000,9999.000
202604041418,   2.703,9999.000,9999.000,9999.000,9999.000,9999.000,9999.000,9999.000,9999.000
202604041424,   2.687,9999.000,9999.000,9999.000,9999.000,9999.000,9999.000,9999.000,9999.000
202604041430,   2.668,9999.000,9999.000,9999.000,9999.000,9999.000,9999.000,9999.000,9999.000
202604041436,   2.644,9999.000,9999.000,9999.000,9999.000,9999.000,9999.000,9999.000,9999.000
202604041442,   2.618,9999.000,9999.000,9999.000,9999.000,9999.000,9999.000,9999.000,9999.000
202604041448,   2.588,9999.000,9999.000,9999.000,9999.000,9999.000,9999.000,9999.000,9999.000
202604041454,   2.555,9999.000,9999.000,9999.000,9999.000,9999.000,9999.000,9999.000,9999.000
202604041500,   2.520,9999.000,  -0.200,   0.190,   2.510,  -0.400,   2.310,  -0.100,   2.610
202604041506,   2.481,9999.000,9999.000,9999.000,9999.000,9999.000,9999.000,9999.000,9999.000
202604041512,   2.440,9999.000,9999.000,9999.000,9999.000,9999.000,9999.000,9999.000,9999.000
202604041518,   2.397,9999.000,9999.000,9999.000,9999.000,9999.000,9999.000,9999.000,9999.000
202604041524,   2.351,9999.000,9999.000,9999.000,9999.000,9999.000,9999.000,9999.000,9999.000
202604041530,   2.303,9999.000,9999.000,9999.000,9999.000,9999.000,9999.000,9999.000,9999.000
202604041536,   2.253,9999.000,9999.000,9999.000,9999.000,9999.000,9999.000,9999.000,9999.000
202604041542,   2.202,9999.000,9999.000,9999.000,9999.000,9999.000,9999.000,9999.000,9999.000
202604041548,   2.148,9999.000,9999.000,9999.000,9999.000,9999.000,9999.000,9999.000,9999.000
202604041554,   2.094,9999.000,9999.000,9999.000,9999.000,9999.000,9999.000,9999.000,9999.000
202604041600,   2.037,9999.000,  -0.200,   0.190,   2.027,  -0.300,   1.927,  -0.100,   2.127
202604041606,   1.979,9999.000,9999.000,9999.000,9999.000,9999.000,9999.000,9999.000,9999.000
202604041612,   1.921,9999.000,9999.000,9999.000,9999.000,9999.000,9999.000,9999.000,9999.000
202604041618,   1.861,9999.000,9999.000,9999.000,9999.000,9999.000,9999.000,9999.000,9999.000
202604041624,   1.800,9999.000,9999.000,9999.000,9999.000,9999.000,9999.000,9999.000,9999.000
202604041630,   1.738,9999.000,9999.000,9999.000,9999.000,9999.000,9999.000,9999.000,9999.000
202604041636,   1.675,9999.000,9999.000,9999.000,9999.000,9999.000,9999.000,9999.000,9999.000
202604041642,   1.612,9999.000,9999.000,9999.000,9999.000,9999.000,9999.000,9999.000,9999.000
202604041648,   1.548,9999.000,9999.000,9999.000,9999.000,9999.000,9999.000,9999.000,9999.000
202604041654,   1.483,9999.000,9999.000,9999.000,9999.000,9999.000,9999.000,9999.000,9999.000
202604041700,   1.419,9999.000,  -0.200,   0.190,   1.409,  -0.300,   1.309,  -0.100,   1.509
202604041706,   1.354,9999.000,9999.000,9999.000,9999.000,9999.000,9999.000,9999.000,9999.000
202604041712,   1.289,9999.000,9999.000,9999.000,9999.000,9999.000,9999.000,9999.000,9999.000
202604041718,   1.225,9999.000,9999.000,9999.000,9999.000,9999.000,9999.000,9999.000,9999.000
202604041724,   1.160,9999.000,9999.000,9999.000,9999.000,9999.000,9999.000,9999.000,9999.000
202604041730,   1.096,9999.000,9999.000,9999.000,9999.000,9999.000,9999.000,9999.000,9999.000
202604041736,   1.033,9999.000,9999.000,9999.000,9999.000,9999.000,9999.000,9999.000,9999.000
202604041742,   0.970,9999.000,9999.000,9999.000,9999.000,9999.000,9999.000,9999.000,9999.000
202604041748,   0.909,9999.000,9999.000,9999.000,9999.000,9999.000,9999.000,9999.000,9999.000
202604041754,   0.848,9999.000,9999.000,9999.000,9999.000,9999.000,9999.000,9999.000,9999.000
202604041800,   0.789,9999.000,  -0.100,   0.190,   0.879,  -0.200,   0.779,   0.000,   0.979
202604041806,   0.731,9999.000,9999.000,9999.000,9999.000,9999.000,9999.000,9999.000,9999.000
202604041812,   0.675,9999.000,9999.000,9999.000,9999.000,9999.000,9999.000,9999.000,9999.000
202604041818,   0.620,9999.000,9999.000,9999.000,9999.000,9999.000,9999.000,9999.000,9999.000
202604041824,   0.568,9999.000,9999.000,9999.000,9999.000,9999.000,9999.000,9999.000,9999.000
202604041830,   0.517,9999.000,9999.000,9999.000,9999.000,9999.000,9999.000,9999.000,9999.000
202604041836,   0.469,9999.000,9999.000,9999.000,9999.000,9999.000,9999.000,9999.000,9999.000
202604041842,   0.424,9999.000,9999.000,9999.000,9999.000,9999.000,9999.000,9999.000,9999.000
202604041848,   0.381,9999.000,9999.000,9999.000,9999.000,9999.000,9999.000,9999.000,9999.000
202604041854,   0.340,9999.000,9999.000,9999.000,9999.000,9999.000,9999.000,9999.000,9999.000
202604041900,   0.303,9999.000,  -0.100,   0.190,   0.393,  -0.200,   0.293,   0.000,   0.493
202604041906,   0.268,9999.000,9999.000,9999.000,9999.000,9999.000,9999.000,9999.000,9999.000
202604041912,   0.237,9999.000,9999.000,9999.000,9999.000,9999.000,9999.000,9999.000,9999.000
202604041918,   0.209,9999.000,9999.000,9999.000,9999.000,9999.000,9999.000,9999.000,9999.000
202604041924,   0.184,9999.000,9999.000,9999.000,9999.000,9999.000,9999.000,9999.000,9999.000
202604041930,   0.162,9999.000,9999.000,9999.000,9999.000,9999.000,9999.000,9999.000,9999.000
202604041936,   0.144,9999.000,9999.000,9999.000,9999.000,9999.000,9999.000,9999.000,9999.000
202604041942,   0.130,9999.000,9999.000,9999.000,9999.000,9999.000,9999.000,9999.000,9999.000
202604041948,   0.119,9999.000,9999.000,9999.000,9999.000,9999.000,9999.000,9999.000,9999.000
202604041954,   0.111,9999.000,9999.000,9999.000,9999.000,9999.000,9999.000,9999.000,9999.000
202604042000,   0.108,9999.000,   0.000,   0.190,   0.298,  -0.100,   0.198,   0.100,   0.398
202604042006,   0.108,9999.000,9999.000,9999.000,9999.000,9999.000,9999.000,9999.000,9999.000
202604042012,   0.112,9999.000,9999.000,9999.000,9999.000,9999.000,9999.000,9999.000,9999.000
202604042018,   0.119,9999.000,9999.000,9999.000,9999.000,9999.000,9999.000,9999.000,9999.000
202604042024,   0.130,9999.000,9999.000,9999.000,9999.000,9999.000,9999.000,9999.000,9999.000
202604042030,   0.145,9999.000,9999.000,9999.000,9999.000,9999.000,9999.000,9999.000,9999.000
202604042036,   0.164,9999.000,9999.000,9999.000,9999.000,9999.000,9999.000,9999.000,9999.000
202604042042,   0.186,9999.000,9999.000,9999.000,9999.000,9999.000,9999.000,9999.000,9999.000
202604042048,   0.212,9999.000,9999.000,9999.000,9999.000,9999.000,9999.000,9999.000,9999.000
202604042054,   0.242,9999.000,9999.000,9999.000,9999.000,9999.000,9999.000,9999.000,9999.000
202604042100,   0.275,9999.000,   0.100,   0.190,   0.565,   0.000,   0.465,   0.200,   0.665
202604042106,   0.311,9999.000,9999.000,9999.000,9999.000,9999.000,9999.000,9999.000,9999.000
202604042112,   0.351,9999.000,9999.000,9999.000,9999.000,9999.000,9999.000,9999.000,9999.000
202604042118,   0.394,9999.000,9999.000,9999.000,9999.000,9999.000,9999.000,9999.000,9999.000
202604042124,   0.440,9999.000,9999.000,9999.000,9999.000,9999.000,9999.000,9999.000,9999.000
202604042130,   0.488,9999.000,9999.000,9999.000,9999.000,9999.000,9999.000,9999.000,9999.000
202604042136,   0.540,9999.000,9999.000,9999.000,9999.000,9999.000,9999.000,9999.000,9999.000
202604042142,   0.595,9999.000,9999.000,9999.000,9999.000,9999.000,9999.000,9999.000,9999.000
202604042148,   0.651,9999.000,9999.000,9999.000,9999.000,9999.000,9999.000,9999.000,9999.000
202604042154,   0.711,9999.000,9999.000,9999.000,9999.000,9999.000,9999.000,9999.000,9999.000
202604042200,   0.773,9999.000,   0.200,   0.190,   1.163,   0.000,   0.963,   0.300,   1.263
202604042206,   0.836,9999.000,9999.000,9999.000,9999.000,9999.000,9999.000,9999.000,9999.000
202604042212,   0.902,9999.000,9999.000,9999.000,9999.000,9999.000,9999.000,9999.000,9999.000
202604042218,   0.970,9999.000,9999.000,9999.000,9999.000,9999.000,9999.000,9999.000,9999.000
202604042224,   1.039,9999.000,9999.000,9999.000,9999.000,9999.000,9999.000,9999.000,9999.000
202604042230,   1.110,9999.000,9999.000,9999.000,9999.000,9999.000,9999.000,9999.000,9999.000
202604042236,   1.182,9999.000,9999.000,9999.000,9999.000,9999.000,9999.000,9999.000,9999.000
202604042242,   1.255,9999.000,9999.000,9999.000,9999.000,9999.000,9999.000,9999.000,9999.000
202604042248,   1.329,9999.000,9999.000,9999.000,9999.000,9999.000,9999.000,9999.000,9999.000
202604042254,   1.404,9999.000,9999.000,9999.000,9999.000,9999.000,9999.000,9999.000,9999.000
202604042300,   1.480,9999.000,   0.300,   0.190,   1.970,   0.100,   1.770,   0.400,   2.070
202604042306,   1.557,9999.000,9999.000,9999.000,9999.000,9999.000,9999.000,9999.000,9999.000
202604042312,   1.634,9999.000,9999.000,9999.000,9999.000,9999.000,9999.000,9999.000,9999.000
202604042318,   1.711,9999.000,9999.000,9999.000,9999.000,9999.000,9999.000,9999.000,9999.000
202604042324,   1.789,9999.000,9999.000,9999.000,9999.000,9999.000,9999.000,9999.000,9999.000
202604042330,   1.866,9999.000,9999.000,9999.000,9999.000,9999.000,9999.000,9999.000,9999.000
202604042336,   1.943,9999.000,9999.000,9999.000,9999.000,9999.000,9999.000,9999.000,9999.000
202604042342,   2.020,9999.000,9999.000,9999.000,9999.000,9999.000,9999.000,9999.000,9999.000
202604042348,   2.096,9999.000,9999.000,9999.000,9999.000,9999.000,9999.000,9999.000,9999.000
202604042354,   2.171,9999.000,9999.000,9999.000,9999.000,9999.000,9999.000,9999.000,9999.000
202604050000,   2.246,9999.000,   0.400,   0.190,   2.836,   0.200,   2.636,   0.500,   2.936
202604050006,   2.319,9999.000,9999.000,9999.000,9999.000,9999.000,9999.000,9999.000,9999.000
202604050012,   2.391,9999.000,9999.000,9999.000,9999.000,9999.000,9999.000,9999.000,9999.000
202604050018,   2.462,9999.000,9999.000,9999.000,9999.000,9999.000,9999.000,9999.000,9999.000
202604050024,   2.530,9999.000,9999.000,9999.000,9999.000,9999.000,9999.000,9999.000,9999.000
202604050030,   2.597,9999.000,9999.000,9999.000,9999.000,9999.000,9999.000,9999.000,9999.000
202604050036,   2.662,9999.000,9999.000,9999.000,9999.000,9999.000,9999.000,9999.000,9999.000
202604050042,   2.724,9999.000,9999.000,9999.000,9999.000,9999.000,9999.000,9999.000,9999.000
202604050048,   2.784,9999.000,9999.000,9999.000,9999.000,9999.000,9999.000,9999.000,9999.000
202604050054,   2.840,9999.000,9999.000,9999.000,9999.000,9999.000,9999.000,9999.000,9999.000
202604050100,   2.894,9999.000,   0.400,   0.190,   3.484,   0.300,   3.384,   0.600,   3.684
202604050106,   2.944,9999.000,9999.000,9999.000,9999.000,9999.000,9999.000,9999.000,9999.000
202604050112,   2.991,9999.000,9999.000,9999.000,9999.000,9999.000,9999.000,9999.000,9999.000
202604050118,   3.035,9999.000,9999.000,9999.000,9999.000,9999.000,9999.000,9999.000,9999.000
202604050124,   3.074,9999.000,9999.000,9999.000,9999.000,9999.000,9999.000,9999.000,9999.000
202604050130,   3.109,9999.000,9999.000,9999.000,9999.000,9999.000,9999.000,9999.000,9999.000
202604050136,   3.141,9999.000,9999.000,9999.000,9999.000,9999.000,9999.000,9999.000,9999.000
202604050142,   3.168,9999.000,9999.000,9999.000,9999.000,9999.000,9999.000,9999.000,9999.000
202604050148,   3.191,9999.000,9999.000,9999.000,9999.000,9999.000,9999.000,9999.000,9999.000
202604050154,   3.209,9999.000,9999.000,9999.000,9999.000,9999.000,9999.000,9999.000,9999.000
202604050200,   3.223,9999.000,   0.500,   0.190,   3.913,   0.300,   3.713,   0.700,   4.113
202604050206,   3.232,9999.000,9999.000,9999.000,9999.000,9999.000,9999.000,9999.000,9999.000
202604050212,   3.237,9999.000,9999.000,9999.000,9999.000,9999.000,9999.000,9999.000,9999.000
202604050218,   3.237,9999.000,9999.000,9999.000,9999.000,9999.000,9999.000,9999.000,9999.000
202604050224,   3.233,9999.000,9999.000,9999.000,9999.000,9999.000,9999.000,9999.000,9999.000
202604050230,   3.225,9999.000,9999.000,9999.000,9999.000,9999.000,9999.000,9999.000,9999.000
202604050236,   3.212,9999.000,9999.000,9999.000,9999.000,9999.000,9999.000,9999.000,9999.000
202604050242,   3.195,9999.000,9999.000,9999.000,9999.000,9999.000,9999.000,9999.000,9999.000
202604050248,   3.174,9999.000,9999.000,9999.000,9999.000,9999.000,9999.000,9999.000,9999.000
202604050254,   3.149,9999.000,9999.000,9999.000,9999.000,9999.000,9999.000,9999.000,9999.000
202604050300,   3.121,9999.000,   0.600,   0.190,   3.911,   0.400,   3.711,   0.700,   4.011
202604050306,   3.088,9999.000,9999.000,9999.000,9999.000,9999.000,9999.000,9999.000,9999.000
202604050312,   3.053,9999.000,9999.000,9999.000,9999.000,9999.000,9999.000,9999.000,9999.000
202604050318,   3.014,9999.000,9999.000,9999.000,9999.000,9999.000,9999.000,9999.000,9999.000
202604050324,   2.972,9999.000,9999.000,9999.000,9999.000,9999.000,9999.000,9999.000,9999.000
202604050330,   2.927,9999.000,9999.000,9999.000,9999.000,9999.000,9999.000,9999.000,9999.000
202604050336,   2.879,9999.000,9999.000,9999.000,9999.000,9999.000,9999.000,9999.000,9999.000
202604050342,   2.829,9999.000,9999.000,9999.000,9999.000,9999.000,9999.000,9999.000,9999.000
202604050348,   2.776,9999.000,9999.000,9999.000,9999.000,9999.000,9999.000,9999.000,9999.000
202604050354,   2.721,9999.000,9999.000,9999.000,9999.000,9999.000,9999.000,9999.000,9999.000
202604050400,   2.664,9999.000,   0.600,   0.190,   3.454,   0.500,   3.354,   0.800,   3.654
202604050406,   2.605,9999.000,9999.000,9999.000,9999.000,9999.000,9999.000,9999.000,9999.000
202604050412,   2.544,9999.000,9999.000,9999.000,9999.000,9999.000,9999.000,9999.000,9999.000
202604050418,   2.481,9999.000,9999.000,9999.000,9999.000,9999.000,9999.000,9999.000,9999.000
202604050424,   2.417,9999.000,9999.000,9999.000,9999.000,9999.000,9999.000,9999.000,9999.000
202604050430,   2.352,9999.000,9999.000,9999.000,9999.000,9999.000,9999.000,9999.000,9999.000
202604050436,   2.285,9999.000,9999.000,9999.000,9999.000,9999.000,9999.000,9999.000,9999.000
202604050442,   2.217,9999.000,9999.000,9999.000,9999.000,9999.000,9999.000,9999.000,9999.000
202604050448,   2.147,9999.000,9999.000,9999.000,9999.000,9999.000,9999.000,9999.000,9999.000
202604050454,   2.077,9999.000,9999.000,9999.000,9999.000,9999.000,9999.000,9999.000,9999.000
202604050500,   2.006,9999.000,   0.700,   0.190,   2.896,   0.500,   2.696,   0.800,   2.996
202604050506,   1.935,9999.000,9999.000,9999.000,9999.000,9999.000,9999.000,9999.000,9999.000
202604050512,   1.862,9999.000,9999.000,9999.000,9999.000,9999.000,9999.000,9999.000,9999.000
202604050518,   1.790,9999.000,9999.000,9999.000,9999.000,9999.000,9999.000,9999.000,9999.000
202604050524,   1.716,9999.000,9999.000,9999.000,9999.000,9999.000,9999.000,9999.000,9999.000
202604050530,   1.643,9999.000,9999.000,9999.000,9999.000,9999.000,9999.000,9999.000,9999.000
202604050536,   1.570,9999.000,9999.000,9999.000,9999.000,9999.000,9999.000,9999.000,9999.000
202604050542,   1.497,9999.000,9999.000,9999.000,9999.000,9999.000,9999.000,9999.000,9999.000
202604050548,   1.424,9999.000,9999.000,9999.000,9999.000,9999.000,9999.000,9999.000,9999.000
202604050554,   1.351,9999.000,9999.000,9999.000,9999.000,9999.000,9999.000,9999.000,9999.000
202604050600,   1.279,9999.000,   0.700,   0.190,   2.169,   0.600,   2.069,   0.900,   2.369
202604050606,   1.208,9999.000,9999.000,9999.000,9999.000,9999.000,9999.000,9999.000,9999.000
202604050612,   1.137,9999.000,9999.000,9999.000,9999.000,9999.000,9999.000,9999.000,9999.000
202604050618,   1.068,9999.000,9999.000,9999.000,9999.000,9999.000,9999.000,9999.000,9999.000
202604050624,   1.000,9999.000,9999.000,9999.000,9999.000,9999.000,9999.000,9999.000,9999.000
202604050630,   0.934,9999.000,9999.000,9999.000,9999.000,9999.000,9999.000,9999.000,9999.000
202604050636,   0.869,9999.000,9999.000,9999.000,9999.000,9999.000,9999.000,9999.000,9999.000
202604050642,   0.805,9999.000,9999.000,9999.000,9999.000,9999.000,9999.000,9999.000,9999.000
202604050648,   0.744,9999.000,9999.000,9999.000,9999.000,9999.000,9999.000,9999.000,9999.000
202604050654,   0.685,9999.000,9999.000,9999.000,9999.000,9999.000,9999.000,9999.000,9999.000
202604050700,   0.628,9999.000,   0.800,   0.190,   1.618,   0.600,   1.418,   0.900,   1.718
202604050706,   0.573,9999.000,9999.000,9999.000,9999.000,9999.000,9999.000,9999.000,9999.000
202604050712,   0.521,9999.000,9999.000,9999.000,9999.000,9999.000,9999.000,9999.000,9999.000
202604050718,   0.472,9999.000,9999.000,9999.000,9999.000,9999.000,9999.000,9999.000,9999.000
202604050724,   0.425,9999.000,9999.000,9999.000,9999.000,9999.000,9999.000,9999.000,9999.000
202604050730,   0.381,9999.000,9999.000,9999.000,9999.000,9999.000,9999.000,9999.000,9999.000
202604050736,   0.341,9999.000,9999.000,9999.000,9999.000,9999.000,9999.000,9999.000,9999.000
202604050742,   0.303,9999.000,9999.000,9999.000,9999.000,9999.000,9999.000,9999.000,9999.000
202604050748,   0.269,9999.000,9999.000,9999.000,9999.000,9999.000,9999.000,9999.000,9999.000
202604050754,   0.238,9999.000,9999.000,9999.000,9999.000,9999.000,9999.000,9999.000,9999.000
202604050800,   0.210,9999.000,   0.800,   0.190,   1.200,   0.700,   1.100,   1.000,   1.400
202604050806,   0.186,9999.000,9999.000,9999.000,9999.000,9999.000,9999.000,9999.000,9999.000
202604050812,   0.165,9999.000,9999.000,9999.000,9999.000,9999.000,9999.000,9999.000,9999.000
202604050818,   0.148,9999.000,9999.000,9999.000,9999.000,9999.000,9999.000,9999.000,9999.000
202604050824,   0.135,9999.000,9999.000,9999.000,9999.000,9999.000,9999.000,9999.000,9999.000
202604050830,   0.125,9999.000,9999.000,9999.000,9999.000,9999.000,9999.000,9999.000,9999.000
202604050836,   0.118,9999.000,9999.000,9999.000,9999.000,9999.000,9999.000,9999.000,9999.000
202604050842,   0.115,9999.000,9999.000,9999.000,9999.000,9999.000,9999.000,9999.000,9999.000
202604050848,   0.116,9999.000,9999.000,9999.000,9999.000,9999.000,9999.000,9999.000,9999.000
202604050854,   0.121,9999.000,9999.000,9999.000,9999.000,9999.000,9999.000,9999.000,9999.000
202604050900,   0.128,9999.000,   0.900,   0.190,   1.218,   0.700,   1.018,   1.000,   1.318
202604050906,   0.140,9999.000,9999.000,9999.000,9999.000,9999.000,9999.000,9999.000,9999.000
202604050912,   0.155,9999.000,9999.000,9999.000,9999.000,9999.000,9999.000,9999.000,9999.000
202604050918,   0.173,9999.000,9999.000,9999.000,9999.000,9999.000,9999.000,9999.000,9999.000
202604050924,   0.194,9999.000,9999.000,9999.000,9999.000,9999.000,9999.000,9999.000,9999.000
202604050930,   0.219,9999.000,9999.000,9999.000,9999.000,9999.000,9999.000,9999.000,9999.000
202604050936,   0.247,9999.000,9999.000,9999.000,9999.000,9999.000,9999.000,9999.000,9999.000
202604050942,   0.278,9999.000,9999.000,9999.000,9999.000,9999.000,9999.000,9999.000,9999.000
202604050948,   0.312,9999.000,9999.000,9999.000,9999.000,9999.000,9999.000,9999.000,9999.000
202604050954,   0.349,9999.000,9999.000,9999.000,9999.000,9999.000,9999.000,9999.000,9999.000
202604051000,   0.388,9999.000,   0.900,   0.190,   1.478,   0.800,   1.378,   1.000,   1.578
202604051006,   0.430,9999.000,9999.000,9999.000,9999.000,9999.000,9999.000,9999.000,9999.000
202604051012,   0.474,9999.000,9999.000,9999.000,9999.000,9999.000,9999.000,9999.000,9999.000
202604051018,   0.521,9999.000,9999.000,9999.000,9999.000,9999.000,9999.000,9999.000,9999.000
202604051024,   0.570,9999.000,9999.000,9999.000,9999.000,9999.000,9999.000,9999.000,9999.000
202604051030,   0.621,9999.000,9999.000,9999.000,9999.000,9999.000,9999.000,9999.000,9999.000
202604051036,   0.674,9999.000,9999.000,9999.000,9999.000,9999.000,9999.000,9999.000,9999.000
202604051042,   0.728,9999.000,9999.000,9999.000,9999.000,9999.000,9999.000,9999.000,9999.000
202604051048,   0.784,9999.000,9999.000,9999.000,9999.000,9999.000,9999.000,9999.000,9999.000
202604051054,   0.842,9999.000,9999.000,9999.000,9999.000,9999.000,9999.000,9999.000,9999.000
202604051100,   0.901,9999.000,   0.900,   0.190,   1.991,   0.800,   1.891,   1.000,   2.091
202604051106,   0.961,9999.000,9999.000,9999.000,9999.000,9999.000,9999.000,9999.000,9999.000
202604051112,   1.022,9999.000,9999.000,9999.000,9999.000,9999.000,9999.000,9999.000,9999.000
202604051118,   1.084,9999.000,9999.000,9999.000,9999.000,9999.000,9999.000,9999.000,9999.000
202604051124,   1.147,9999.000,9999.000,9999.000,9999.000,9999.000,9999.000,9999.000,9999.000
202604051130,   1.210,9999.000,9999.000,9999.000,9999.000,9999.000,9999.000,9999.000,9999.000
202604051136,   1.274,9999.000,9999.000,9999.000,9999.000,9999.000,9999.000,9999.000,9999.000
202604051142,   1.338,9999.000,9999.000,9999.000,9999.000,9999.000,9999.000,9999.000,9999.000
202604051148,   1.403,9999.000,9999.000,9999.000,9999.000,9999.000,9999.000,9999.000,9999.000
202604051154,   1.467,9999.000,9999.000,9999.000,9999.000,9999.000,9999.000,9999.000,9999.000
202604051200,   1.532,9999.000,   0.900,   0.190,   2.622,   0.700,   2.422,   1.000,   2.722
202604051206,   1.596,9999.000,9999.000,9999.000,9999.000,9999.000,9999.000,9999.000,9999.000
202604051212,   1.660,9999.000,9999.000,9999.000,9999.000,9999.000,9999.000,9999.000,9999.000
202604051218,   1.724,9999.000,9999.000,9999.000,9999.000,9999.000,9999.000,9999.000,9999.000
202604051224,   1.786,9999.000,9999.000,9999.000,9999.000,9999.000,9999.000,9999.000,9999.000
202604051230,   1.848,9999.000,9999.000,9999.000,9999.000,9999.000,9999.000,9999.000,9999.000
202604051236,   1.909,9999.000,9999.000,9999.000,9999.000,9999.000,9999.000,9999.000,9999.000
202604051242,   1.968,9999.000,9999.000,9999.000,9999.000,9999.000,9999.000,9999.000,9999.000
202604051248,   2.026,9999.000,9999.000,9999.000,9999.000,9999.000,9999.000,9999.000,9999.000
202604051254,   2.083,9999.000,9999.000,9999.000,9999.000,9999.000,9999.000,9999.000,9999.000
202604051300,   2.137,9999.000,   0.800,   0.190,   3.127,   0.700,   3.027,   0.900,   3.227
202604051306,   2.190,9999.000,9999.000,9999.000,9999.000,9999.000,9999.000,9999.000,9999.000
202604051312,   2.240,9999.000,9999.000,9999.000,9999.000,9999.000,9999.000,9999.000,9999.000
202604051318,   2.288,9999.000,9999.000,9999.000,9999.000,9999.000,9999.000,9999.000,9999.000
202604051324,   2.333,9999.000,9999.000,9999.000,9999.000,9999.000,9999.000,9999.000,9999.000
202604051330,   2.376,9999.000,9999.000,9999.000,9999.000,9999.000,9999.000,9999.000,9999.000
202604051336,   2.415,9999.000,9999.000,9999.000,9999.000,9999.000,9999.000,9999.000,9999.000
202604051342,   2.451,9999.000,9999.000,9999.000,9999.000,9999.000,9999.000,9999.000,9999.000
202604051348,   2.484,9999.000,9999.000,9999.000,9999.000,9999.000,9999.000,9999.000,9999.000
202604051354,   2.513,9999.000,9999.000,9999.000,9999.000,9999.000,9999.000,9999.000,9999.000
202604051400,   2.538,9999.000,   0.800,   0.190,   3.528,   0.700,   3.428,   0.900,   3.628
202604051406,   2.560,9999.000,9999.000,9999.000,9999.000,9999.000,9999.000,9999.000,9999.000
202604051412,   2.578,9999.000,9999.000,9999.000,9999.000,9999.000,9999.000,9999.000,9999.000
202604051418,   2.592,9999.000,9999.000,9999.000,9999.000,9999.000,9999.000,9999.000,9999.000
202604051424,   2.602,9999.000,9999.000,9999.000,9999.000,9999.000,9999.000,9999.000,9999.000
202604051430,   2.608,9999.000,9999.000,9999.000,9999.000,9999.000,9999.000,9999.000,9999.000
202604051436,   2.610,9999.000,9999.000,9999.000,9999.000,9999.000,9999.000,9999.000,9999.000
202604051442,   2.608,9999.000,9999.000,9999.000,9999.000,9999.000,9999.000,9999.000,9999.000
202604051448,   2.602,9999.000,9999.000,9999.000,9999.000,9999.000,9999.000,9999.000,9999.000
202604051454,   2.592,9999.000,9999.000,9999.000,9999.000,9999.000,9999.000,9999.000,9999.000
202604051500,   2.578,9999.000,   0.700,   0.190,   3.468,   0.600,   3.368,   0.900,   3.668
202604051506,   2.561,9999.000,9999.000,9999.000,9999.000,9999.000,9999.000,9999.000,9999.000
202604051512,   2.540,9999.000,9999.000,9999.000,9999.000,9999.000,9999.000,9999.000,9999.000
202604051518,   2.516,9999.000,9999.000,9999.000,9999.000,9999.000,9999.000,9999.000,9999.000
202604051524,   2.489,9999.000,9999.000,9999.000,9999.000,9999.000,9999.000,9999.000,9999.000
202604051530,   2.458,9999.000,9999.000,9999.000,9999.000,9999.000,9999.000,9999.000,9999.000
202604051536,   2.425,9999.000,9999.000,9999.000,9999.000,9999.000,9999.000,9999.000,9999.000
202604051542,   2.388,9999.000,9999.000,9999.000,9999.000,9999.000,9999.000,9999.000,9999.000
202604051548,   2.349,9999.000,9999.000,9999.000,9999.000,9999.000,9999.000,9999.000,9999.000
202604051554,   2.308,9999.000,9999.000,9999.000,9999.000,9999.000,9999.000,9999.000,9999.000
202604051600,   2.265,9999.000,   0.700,   0.190,   3.155,   0.600,   3.055,   0.800,   3.255
202604051606,   2.219,9999.000,9999.000,9999.000,9999.000,9999.000,9999.000,9999.000,9999.000
202604051612,   2.172,9999.000,9999.000,9999.000,9999.000,9999.000,9999.000,9999.000,9999.000
202604051618,   2.123,9999.000,9999.000,9999.000,9999.000,9999.000,9999.000,9999.000,9999.000
202604051624,   2.072,9999.000,9999.000,9999.000,9999.000,9999.000,9999.000,9999.000,9999.000
202604051630,   2.020,9999.000,9999.000,9999.000,9999.000,9999.000,9999.000,9999.000,9999.000
202604051636,   1.966,9999.000,9999.000,9999.000,9999.000,9999.000,9999.000,9999.000,9999.000
202604051642,   1.912,9999.000,9999.000,9999.000,9999.000,9999.000,9999.000,9999.000,9999.000
202604051648,   1.856,9999.000,9999.000,9999.000,9999.000,9999.000,9999.000,9999.000,9999.000
202604051654,   1.799,9999.000,9999.000,9999.000,9999.000,9999.000,9999.000,9999.000,9999.000
202604051700,   1.742,9999.000,   0.600,   0.190,   2.532,   0.500,   2.432,   0.800,   2.732
202604051706,   1.684,9999.000,9999.000,9999.000,9999.000,9999.000,9999.000,9999.000,9999.000
202604051712,   1.625,9999.000,9999.000,9999.000,9999.000,9999.000,9999.000,9999.000,9999.000
202604051718,   1.566,9999.000,9999.000,9999.000,9999.000,9999.000,9999.000,9999.000,9999.000
202604051724,   1.507,9999.000,9999.000,9999.000,9999.000,9999.000,9999.000,9999.000,9999.000
202604051730,   1.447,9999.000,9999.000,9999.000,9999.000,9999.000,9999.000,9999.000,9999.000
202604051736,   1.387,9999.000,9999.000,9999.000,9999.000,9999.000,9999.000,9999.000,9999.000
202604051742,   1.328,9999.000,9999.000,9999.000,9999.000,9999.000,9999.000,9999.000,9999.000
202604051748,   1.268,9999.000,9999.000,9999.000,9999.000,9999.000,9999.000,9999.000,9999.000
202604051754,   1.209,9999.000,9999.000,9999.000,9999.000,9999.000,9999.000,9999.000,9999.000
202604051800,   1.150,9999.000,   0.500,   0.190,   1.840,   0.300,   1.640,   0.700,   2.040
202604051806,   1.092,9999.000,9999.000,9999.000,9999.000,9999.000,9999.000,9999.000,9999.000
202604051812,   1.034,9999.000,9999.000,9999.000,9999.000,9999.000,9999.000,9999.000,9999.000
202604051818,   0.977,9999.000,9999.000,9999.000,9999.000,9999.000,9999.000,9999.000,9999.000
202604051824,   0.921,9999.000,9999.000,9999.000,9999.000,9999.000,9999.000,9999.000,9999.000
202604051830,   0.866,9999.000,9999.000,9999.000,9999.000,9999.000,9999.000,9999.000,9999.000
202604051836,   0.813,9999.000,9999.000,9999.000,9999.000,9999.000,9999.000,9999.000,9999.000
202604051842,   0.761,9999.000,9999.000,9999.000,9999.000,9999.000,9999.000,9999.000,9999.000
202604051848,   0.710,9999.000,9999.000,9999.000,9999.000,9999.000,9999.000,9999.000,9999.000
202604051854,   0.661,9999.000,9999.000,9999.000,9999.000,9999.000,9999.000,9999.000,9999.000
202604051900,   0.614,9999.000,   0.400,   0.190,   1.204,   0.100,   0.904,   0.700,   1.504
202604051906,   0.569,9999.000,9999.000,9999.000,9999.000,9999.000,9999.000,9999.000,9999.000
202604051912,   0.527,9999.000,9999.000,9999.000,9999.000,9999.000,9999.000,9999.000,9999.000
202604051918,   0.486,9999.000,9999.000,9999.000,9999.000,9999.000,9999.000,9999.000,9999.000
202604051924,   0.448,9999.000,9999.000,9999.000,9999.000,9999.000,9999.000,9999.000,9999.000
202604051930,   0.412,9999.000,9999.000,9999.000,9999.000,9999.000,9999.000,9999.000,9999.000
202604051936,   0.380,9999.000,9999.000,9999.000,9999.000,9999.000,9999.000,9999.000,9999.000
202604051942,   0.350,9999.000,9999.000,9999.000,9999.000,9999.000,9999.000,9999.000,9999.000
202604051948,   0.322,9999.000,9999.000,9999.000,9999.000,9999.000,9999.000,9999.000,9999.000
202604051954,   0.298,9999.000,9999.000,9999.000,9999.000,9999.000,9999.000,9999.000,9999.000
202604052000,   0.277,9999.000,   0.400,   0.190,   0.867,   0.100,   0.567,   0.600,   1.067
202604052006,   0.259,9999.000,9999.000,9999.000,9999.000,9999.000,9999.000,9999.000,9999.000
202604052012,   0.244,9999.000,9999.000,9999.000,9999.000,9999.000,9999.000,9999.000,9999.000
202604052018,   0.233,9999.000,9999.000,9999.000,9999.000,9999.000,9999.000,9999.000,9999.000
202604052024,   0.225,9999.000,9999.000,9999.000,9999.000,9999.000,9999.000,9999.000,9999.000
202604052030,   0.220,9999.000,9999.000,9999.000,9999.000,9999.000,9999.000,9999.000,9999.000
202604052036,   0.218,9999.000,9999.000,9999.000,9999.000,9999.000,9999.000,9999.000,9999.000
202604052042,   0.220,9999.000,9999.000,9999.000,9999.000,9999.000,9999.000,9999.000,9999.000
202604052048,   0.226,9999.000,9999.000,9999.000,9999.000,9999.000,9999.000,9999.000,9999.000
202604052054,   0.234,9999.000,9999.000,9999.000,9999.000,9999.000,9999.000,9999.000,9999.000
202604052100,   0.246,9999.000,   0.300,   0.190,   0.736,   0.000,   0.436,   0.500,   0.936
202604052106,   0.262,9999.000,9999.000,9999.000,9999.000,9999.000,9999.000,9999.000,9999.000
202604052112,   0.281,9999.000,9999.000,9999.000,9999.000,9999.000,9999.000,9999.000,9999.000
202604052118,   0.303,9999.000,9999.000,9999.000,9999.000,9999.000,9999.000,9999.000,9999.000
202604052124,   0.328,9999.000,9999.000,9999.000,9999.000,9999.000,9999.000,9999.000,9999.000
202604052130,   0.357,9999.000,9999.000,9999.000,9999.000,9999.000,9999.000,9999.000,9999.000
202604052136,   0.388,9999.000,9999.000,9999.000,9999.000,9999.000,9999.000,9999.000,9999.000
202604052142,   0.423,9999.000,9999.000,9999.000,9999.000,9999.000,9999.000,9999.000,9999.000
202604052148,   0.460,9999.000,9999.000,9999.000,9999.000,9999.000,9999.000,9999.000,9999.000
202604052154,   0.501,9999.000,9999.000,9999.000,9999.000,9999.000,9999.000,9999.000,9999.000
202604052200,   0.544,9999.000,   0.200,   0.190,   0.934,   0.000,   0.734,   0.400,   1.134
202604052206,   0.590,9999.000,9999.000,9999.000,9999.000,9999.000,9999.000,9999.000,9999.000
202604052212,   0.639,9999.000,9999.000,9999.000,9999.000,9999.000,9999.000,9999.000,9999.000
202604052218,   0.689,9999.000,9999.000,9999.000,9999.000,9999.000,9999.000,9999.000,9999.000
202604052224,   0.742,9999.000,9999.000,9999.000,9999.000,9999.000,9999.000,9999.000,9999.000
202604052230,   0.798,9999.000,9999.000,9999.000,9999.000,9999.000,9999.000,9999.000,9999.000
202604052236,   0.855,9999.000,9999.000,9999.000,9999.000,9999.000,9999.000,9999.000,9999.000
202604052242,   0.914,9999.000,9999.000,9999.000,9999.000,9999.000,9999.000,9999.000,9999.000
202604052248,   0.975,9999.000,9999.000,9999.000,9999.000,9999.000,9999.000,9999.000,9999.000
202604052254,   1.037,9999.000,9999.000,9999.000,9999.000,9999.000,9999.000,9999.000,9999.000
202604052300,   1.101,9999.000,   0.200,   0.190,   1.491,   0.000,   1.291,   0.300,   1.591
202604052306,   1.166,9999.000,9999.000,9999.000,9999.000,9999.000,9999.000,9999.000,9999.000
202604052312,   1.232,9999.000,9999.000,9999.000,9999.000,9999.000,9999.000,9999.000,9999.000
202604052318,   1.299,9999.000,9999.000,9999.000,9999.000,9999.000,9999.000,9999.000,9999.000
202604052324,   1.367,9999.000,9999.000,9999.000,9999.000,9999.000,9999.000,9999.000,9999.000
202604052330,   1.436,9999.000,9999.000,9999.000,9999.000,9999.000,9999.000,9999.000,9999.000
202604052336,   1.505,9999.000,9999.000,9999.000,9999.000,9999.000,9999.000,9999.000,9999.000
202604052342,   1.575,9999.000,9999.000,9999.000,9999.000,9999.000,9999.000,9999.000,9999.000
202604052348,   1.645,9999.000,9999.000,9999.000,9999.000,9999.000,9999.000,9999.000,9999.000
202604052354,   1.715,9999.000,9999.000,9999.000,9999.000,9999.000,9999.000,9999.000,9999.000
202604060000,   1.786,9999.000,   0.100,   0.190,   2.076,   0.000,   1.976,   0.300,   2.276
202604060006,   1.856,9999.000,9999.000,9999.000,9999.000,9999.000,9999.000,9999.000,9999.000
202604060012,   1.926,9999.000,9999.000,9999.000,9999.000,9999.000,9999.000,9999.000,9999.000
202604060018,   1.996,9999.000,9999.000,9999.000,9999.000,9999.000,9999.000,9999.000,9999.000
202604060024,   2.065,9999.000,9999.000,9999.000,9999.000,9999.000,9999.000,9999.000,9999.000
202604060030,   2.134,9999.000,9999.000,9999.000,9999.000,9999.000,9999.000,9999.000,9999.000
202604060036,   2.201,9999.000,9999.000,9999.000,9999.000,9999.000,9999.000,9999.000,9999.000
202604060042,   2.268,9999.000,9999.000,9999.000,9999.000,9999.000,9999.000,9999.000,9999.000
202604060048,   2.334,9999.000,9999.000,9999.000,9999.000,9999.000,9999.000,9999.000,9999.000
202604060054,   2.399,9999.000,9999.000,9999.000,9999.000,9999.000,9999.000,9999.000,9999.000
202604060100,   2.462,9999.000,   0.100,   0.190,   2.752,   0.000,   2.652,   0.200,   2.852
202604060106,   2.524,9999.000,9999.000,9999.000,9999.000,9999.000,9999.000,9999.000,9999.000
202604060112,   2.584,9999.000,9999.000,9999.000,9999.000,9999.000,9999.000,9999.000,9999.000
202604060118,   2.642,9999.000,9999.000,9999.000,9999.000,9999.000,9999.000,9999.000,9999.000
202604060124,   2.698,9999.000,9999.000,9999.000,9999.000,9999.000,9999.000,9999.000,9999.000
202604060130,   2.751,9999.000,9999.000,9999.000,9999.000,9999.000,9999.000,9999.000,9999.000
202604060136,   2.802,9999.000,9999.000,9999.000,9999.000,9999.000,9999.000,9999.000,9999.000
202604060142,   2.850,9999.000,9999.000,9999.000,9999.000,9999.000,9999.000,9999.000,9999.000
202604060148,   2.895,9999.000,9999.000,9999.000,9999.000,9999.000,9999.000,9999.000,9999.000
202604060154,   2.937,9999.000,9999.000,9999.000,9999.000,9999.000,9999.000,9999.000,9999.000
202604060200,   2.976,9999.000,   0.100,   0.190,   3.266,  -0.100,   3.066,   0.200,   3.366
202604060206,   3.011,9999.000,9999.000,9999.000,9999.000,9999.000,9999.000,9999.000,9999.000
202604060212,   3.043,9999.000,9999.000,9999.000,9999.000,9999.000,9999.000,9999.000,9999.000
202604060218,   3.071,9999.000,9999.000,9999.000,9999.000,9999.000,9999.000,9999.000,9999.000
202604060224,   3.095,9999.000,9999.000,9999.000,9999.000,9999.000,9999.000,9999.000,9999.000
202604060230,   3.114,9999.000,9999.000,9999.000,9999.000,9999.000,9999.000,9999.000,9999.000
202604060236,   3.130,9999.000,9999.000,9999.000,9999.000,9999.000,9999.000,9999.000,9999.000
202604060242,   3.142,9999.000,9999.000,9999.000,9999.000,9999.000,9999.000,9999.000,9999.000
202604060248,   3.149,9999.000,9999.000,9999.000,9999.000,9999.000,9999.000,9999.000,9999.000
202604060254,   3.152,9999.000,9999.000,9999.000,9999.000,9999.000,9999.000,9999.000,9999.000
202604060300,   3.151,9999.000,   0.000,   0.190,   3.341,  -0.100,   3.241,   0.200,   3.541
202604060306,   3.145,9999.000,9999.000,9999.000,9999.000,9999.000,9999.000,9999.000,9999.000
202604060312,   3.136,9999.000,9999.000,9999.000,9999.000,9999.000,9999.000,9999.000,9999.000
202604060318,   3.122,9999.000,9999.000,9999.000,9999.000,9999.000,9999.000,9999.000,9999.000
202604060324,   3.104,9999.000,9999.000,9999.000,9999.000,9999.000,9999.000,9999.000,9999.000
202604060330,   3.082,9999.000,9999.000,9999.000,9999.000,9999.000,9999.000,9999.000,9999.000
202604060336,   3.057,9999.000,9999.000,9999.000,9999.000,9999.000,9999.000,9999.000,9999.000
202604060342,   3.028,9999.000,9999.000,9999.000,9999.000,9999.000,9999.000,9999.000,9999.000
202604060348,   2.995,9999.000,9999.000,9999.000,9999.000,9999.000,9999.000,9999.000,9999.000
202604060354,   2.959,9999.000,9999.000,9999.000,9999.000,9999.000,9999.000,9999.000,9999.000
202604060400,   2.920,9999.000,   0.000,   0.190,   3.110,  -0.200,   2.910,   0.100,   3.210
202604060406,   2.878,9999.000,9999.000,9999.000,9999.000,9999.000,9999.000,9999.000,9999.000
202604060412,   2.834,9999.000,9999.000,9999.000,9999.000,9999.000,9999.000,9999.000,9999.000
202604060418,   2.786,9999.000,9999.000,9999.000,9999.000,9999.000,9999.000,9999.000,9999.000
202604060424,   2.736,9999.000,9999.000,9999.000,9999.000,9999.000,9999.000,9999.000,9999.000
202604060430,   2.684,9999.000,9999.000,9999.000,9999.000,9999.000,9999.000,9999.000,9999.000
202604060436,   2.630,9999.000,9999.000,9999.000,9999.000,9999.000,9999.000,9999.000,9999.000
202604060442,   2.574,9999.000,9999.000,9999.000,9999.000,9999.000,9999.000,9999.000,9999.000
202604060448,   2.516,9999.000,9999.000,9999.000,9999.000,9999.000,9999.000,9999.000,9999.000
202604060454,   2.457,9999.000,9999.000,9999.000,9999.000,9999.000,9999.000,9999.000,9999.000
202604060500,   2.396,9999.000,  -0.100,   0.190,   2.486,  -0.200,   2.386,   0.000,   2.586
202604060506,   2.334,9999.000,9999.000,9999.000,9999.000,9999.000,9999.000,9999.000,9999.000
202604060512,   2.271,9999.000,9999.000,9999.000,9999.000,9999.000,9999.000,9999.000,9999.000
202604060518,   2.207,9999.000,9999.000,9999.000,9999.000,9999.000,9999.000,9999.000,9999.000
202604060524,   2.142,9999.000,9999.000,9999.000,9999.000,9999.000,9999.000,9999.000,9999.000
202604060530,   2.076,9999.000,9999.000,9999.000,9999.000,9999.000,9999.000,9999.000,9999.000
202604060536,   2.009,9999.000,9999.000,9999.000,9999.000,9999.000,9999.000,9999.000,9999.000
202604060542,   1.942,9999.000,9999.000,9999.000,9999.000,9999.000,9999.000,9999.000,9999.000
202604060548,   1.875,9999.000,9999.000,9999.000,9999.000,9999.000,9999.000,9999.000,9999.000
202604060554,   1.807,9999.000,9999.000,9999.000,9999.000,9999.000,9999.000,9999.000,9999.000
202604060600,   1.739,9999.000,  -0.100,   0.190,   1.829,  -0.300,   1.629,   0.000,   1.929
202604060606,   1.671,9999.000,9999.000,9999.000,9999.000,9999.000,9999.000,9999.000,9999.000
202604060612,   1.603,9999.000,9999.000,9999.000,9999.000,9999.000,9999.000,9999.000,9999.000
202604060618,   1.535,9999.000,9999.000,9999.000,9999.000,9999.000,9999.000,9999.000,9999.000
202604060624,   1.468,9999.000,9999.000,9999.000,9999.000,9999.000,9999.000,9999.000,9999.000
202604060630,   1.401,9999.000,9999.000,9999.000,9999.000,9999.000,9999.000,9999.000,9999.000
202604060636,   1.335,9999.000,9999.000,9999.000,9999.000,9999.000,9999.000,9999.000,9999.000
202604060642,   1.269,9999.000,9999.000,9999.000,9999.000,9999.000,9999.000,9999.000,9999.000
202604060648,   1.205,9999.000,9999.000,9999.000,9999.000,9999.000,9999.000,9999.000,9999.000
202604060654,   1.141,9999.000,9999.000,9999.000,9999.000,9999.000,9999.000,9999.000,9999.000
202604060700,   1.079,9999.000,  -0.100,   0.190,   1.169,  -0.300,   0.969,   0.000,   1.269
202604060706,   1.017,9999.000,9999.000,9999.000,9999.000,9999.000,9999.000,9999.000,9999.000
202604060712,   0.958,9999.000,9999.000,9999.000,9999.000,9999.000,9999.000,9999.000,9999.000
202604060718,   0.900,9999.000,9999.000,9999.000,9999.000,9999.000,9999.000,9999.000,9999.000
202604060724,   0.843,9999.000,9999.000,9999.000,9999.000,9999.000,9999.000,9999.000,9999.000
202604060730,   0.789,9999.000,9999.000,9999.000,9999.000,9999.000,9999.000,9999.000,9999.000
202604060736,   0.737,9999.000,9999.000,9999.000,9999.000,9999.000,9999.000,9999.000,9999.000
202604060742,   0.687,9999.000,9999.000,9999.000,9999.000,9999.000,9999.000,9999.000,9999.000
202604060748,   0.639,9999.000,9999.000,9999.000,9999.000,9999.000,9999.000,9999.000,9999.000
202604060754,   0.593,9999.000,9999.000,9999.000,9999.000,9999.000,9999.000,9999.000,9999.000
202604060800,   0.551,9999.000,  -0.100,   0.190,   0.641,  -0.300,   0.441,   0.000,   0.741
202604060806,   0.510,9999.000,9999.000,9999.000,9999.000,9999.000,9999.000,9999.000,9999.000
202604060812,   0.473,9999.000,9999.000,9999.000,9999.000,9999.000,9999.000,9999.000,9999.000
202604060818,   0.438,9999.000,9999.000,9999.000,9999.000,9999.000,9999.000,9999.000,9999.000
202604060824,   0.406,9999.000,9999.000,9999.000,9999.000,9999.000,9999.000,9999.000,9999.000
202604060830,   0.378,9999.000,9999.000,9999.000,9999.000,9999.000,9999.000,9999.000,9999.000
202604060836,   0.352,9999.000,9999.000,9999.000,9999.000,9999.000,9999.000,9999.000,9999.000
202604060842,   0.329,9999.000,9999.000,9999.000,9999.000,9999.000,9999.000,9999.000,9999.000
202604060848,   0.310,9999.000,9999.000,9999.000,9999.000,9999.000,9999.000,9999.000,9999.000
202604060854,   0.293,9999.000,9999.000,9999.000,9999.000,9999.000,9999.000,9999.000,9999.000
202604060900,   0.280,9999.000,  -0.100,   0.190,   0.370,  -0.300,   0.170,   0.000,   0.470
202604060906,   0.270,9999.000,9999.000,9999.000,9999.000,9999.000,9999.000,9999.000,9999.000
202604060912,   0.263,9999.000,9999.000,9999.000,9999.000,9999.000,9999.000,9999.000,9999.000
202604060918,   0.260,9999.000,9999.000,9999.000,9999.000,9999.000,9999.000,9999.000,9999.000
202604060924,   0.259,9999.000,9999.000,9999.000,9999.000,9999.000,9999.000,9999.000,9999.000
202604060930,   0.262,9999.000,9999.000,9999.000,9999.000,9999.000,9999.000,9999.000,9999.000
202604060936,   0.268,9999.000,9999.000,9999.000,9999.000,9999.000,9999.000,9999.000,9999.000
202604060942,   0.277,9999.000,9999.000,9999.000,9999.000,9999.000,9999.000,9999.000,9999.000
202604060948,   0.289,9999.000,9999.000,9999.000,9999.000,9999.000,9999.000,9999.000,9999.000
202604060954,   0.304,9999.000,9999.000,9999.000,9999.000,9999.000,9999.000,9999.000,9999.000
202604061000,   0.322,9999.000,  -0.100,   0.190,   0.412,  -0.300,   0.212,   0.000,   0.512
202604061006,   0.343,9999.000,9999.000,9999.000,9999.000,9999.000,9999.000,9999.000,9999.000
202604061012,   0.366,9999.000,9999.000,9999.000,9999.000,9999.000,9999.000,9999.000,9999.000
202604061018,   0.393,9999.000,9999.000,9999.000,9999.000,9999.000,9999.000,9999.000,9999.000
202604061024,   0.422,9999.000,9999.000,9999.000,9999.000,9999.000,9999.000,9999.000,9999.000
202604061030,   0.453,9999.000,9999.000,9999.000,9999.000,9999.000,9999.000,9999.000,9999.000
202604061036,   0.487,9999.000,9999.000,9999.000,9999.000,9999.000,9999.000,9999.000,9999.000
202604061042,   0.523,9999.000,9999.000,9999.000,9999.000,9999.000,9999.000,9999.000,9999.000
202604061048,   0.561,9999.000,9999.000,9999.000,9999.000,9999.000,9999.000,9999.000,9999.000
202604061054,   0.602,9999.000,9999.000,9999.000,9999.000,9999.000,9999.000,9999.000,9999.000
202604061100,   0.644,9999.000,  -0.100,   0.190,   0.734,  -0.300,   0.534,   0.000,   0.834
202604061106,   0.688,9999.000,9999.000,9999.000,9999.000,9999.000,9999.000,9999.000,9999.000
202604061112,   0.734,9999.000,9999.000,9999.000,9999.000,9999.000,9999.000,9999.000,9999.000
202604061118,   0.781,9999.000,9999.000,9999.000,9999.000,9999.000,9999.000,9999.000,9999.000
202604061124,   0.830,9999.000,9999.000,9999.000,9999.000,9999.000,9999.000,9999.000,9999.000
202604061130,   0.880,9999.000,9999.000,9999.000,9999.000,9999.000,9999.000,9999.000,9999.000
202604061136,   0.931,9999.000,9999.000,9999.000,9999.000,9999.000,9999.000,9999.000,9999.000
202604061142,   0.983,9999.000,9999.000,9999.000,9999.000,9999.000,9999.000,9999.000,9999.000
202604061148,   1.036,9999.000,9999.000,9999.000,9999.000,9999.000,9999.000,9999.000,9999.000
202604061154,   1.090,9999.000,9999.000,9999.000,9999.000,9999.000,9999.000,9999.000,9999.000
202604061200,   1.145,9999.000,  -0.100,   0.190,   1.235,  -0.300,   1.035,   0.000,   1.335
202604061206,   1.200,9999.000,9999.000,9999.000,9999.000,9999.000,9999.000,9999.000,9999.000
202604061212,   1.255,9999.000,9999.000,9999.000,9999.000,9999.000,9999.000,9999.000,9999.000
202604061218,   1.311,9999.000,9999.000,9999.000,9999.000,9999.000,9999.000,9999.000,9999.000
202604061224,   1.368,9999.000,9999.000,9999.000,9999.000,9999.000,9999.000,9999.000,9999.000
202604061230,   1.424,9999.000,9999.000,9999.000,9999.000,9999.000,9999.000,9999.000,9999.000
202604061236,   1.480,9999.000,9999.000,9999.000,9999.000,9999.000,9999.000,9999.000,9999.000
202604061242,   1.537,9999.000,9999.000,9999.000,9999.000,9999.000,9999.000,9999.000,9999.000
202604061248,   1.593,9999.000,9999.000,9999.000,9999.000,9999.000,9999.000,9999.000,9999.000
202604061254,   1.648,9999.000,9999.000,9999.000,9999.000,9999.000,9999.000,9999.000,9999.000
202604061300,   1.704,9999.000,  -0.100,   0.190,   1.794,  -0.300,   1.594,   0.000,   1.894
202604061306,   1.758,9999.000,9999.000,9999.000,9999.000,9999.000,9999.000,9999.000,9999.000
202604061312,   1.812,9999.000,9999.000,9999.000,9999.000,9999.000,9999.000,9999.000,9999.000
202604061318,   1.865,9999.000,9999.000,9999.000,9999.000,9999.000,9999.000,9999.000,9999.000
202604061324,   1.917,9999.000,9999.000,9999.000,9999.000,9999.000,9999.000,9999.000,9999.000
202604061330,   1.968,9999.000,9999.000,9999.000,9999.000,9999.000,9999.000,9999.000,9999.000
202604061336,   2.018,9999.000,9999.000,9999.000,9999.000,9999.000,9999.000,9999.000,9999.000
202604061342,   2.066,9999.000,9999.000,9999.000,9999.000,9999.000,9999.000,9999.000,9999.000
202604061348,   2.112,9999.000,9999.000,9999.000,9999.000,9999.000,9999.000,9999.000,9999.000
202604061354,   2.156,9999.000,9999.000,9999.000,9999.000,9999.000,9999.000,9999.000,9999.000
202604061400,   2.198,9999.000,  -0.100,   0.190,   2.288,  -0.300,   2.088,   0.000,   2.388
202604061406,   2.238,9999.000,9999.000,9999.000,9999.000,9999.000,9999.000,9999.000,9999.000
202604061412,   2.275,9999.000,9999.000,9999.000,9999.000,9999.000,9999.000,9999.000,9999.000
202604061418,   2.310,9999.000,9999.000,9999.000,9999.000,9999.000,9999.000,9999.000,9999.000
202604061424,   2.342,9999.000,9999.000,9999.000,9999.000,9999.000,9999.000,9999.000,9999.000
202604061430,   2.371,9999.000,9999.000,9999.000,9999.000,9999.000,9999.000,9999.000,9999.000
202604061436,   2.397,9999.000,9999.000,9999.000,9999.000,9999.000,9999.000,9999.000,9999.000
202604061442,   2.419,9999.000,9999.000,9999.000,9999.000,9999.000,9999.000,9999.000,9999.000
202604061448,   2.438,9999.000,9999.000,9999.000,9999.000,9999.000,9999.000,9999.000,9999.000
202604061454,   2.454,9999.000,9999.000,9999.000,9999.000,9999.000,9999.000,9999.000,9999.000
202604061500,   2.466,9999.000,  -0.100,   0.190,   2.556,  -0.300,   2.356,   0.000,   2.656
202604061506,   2.474,9999.000,9999.000,9999.000,9999.000,9999.000,9999.000,9999.000,9999.000
202604061512,   2.479,9999.000,9999.000,9999.000,9999.000,9999.000,9999.000,9999.000,9999.000
202604061518,   2.480,9999.000,9999.000,9999.000,9999.000,9999.000,9999.000,9999.000,9999.000
202604061524,   2.477,9999.000,9999.000,9999.000,9999.000,9999.000,9999.000,9999.000,9999.000
202604061530,   2.470,9999.000,9999.000,9999.000,9999.000,9999.000,9999.000,9999.000,9999.000
202604061536,   2.460,9999.000,9999.000,9999.000,9999.000,9999.000,9999.000,9999.000,9999.000
202604061542,   2.447,9999.000,9999.000,9999.000,9999.000,9999.000,9999.000,9999.000,9999.000
202604061548,   2.429,9999.000,9999.000,9999.000,9999.000,9999.000,9999.000,9999.000,9999.000
202604061554,   2.409,9999.000,9999.000,9999.000,9999.000,9999.000,9999.000,9999.000,9999.000
202604061600,   2.385,9999.000,  -0.100,   0.190,   2.475,  -0.300,   2.275,   0.000,   2.575
202604061606,   2.358,9999.000,9999.000,9999.000,9999.000,9999.000,9999.000,9999.000,9999.000
202604061612,   2.328,9999.000,9999.000,9999.000,9999.000,9999.000,9999.000,9999.000,9999.000
202604061618,   2.295,9999.000,9999.000,9999.000,9999.000,9999.000,9999.000,9999.000,9999.000
202604061624,   2.260,9999.000,9999.000,9999.000,9999.000,9999.000,9999.000,9999.000,9999.000
202604061630,   2.222,9999.000,9999.000,9999.000,9999.000,9999.000,9999.000,9999.000,9999.000
202604061636,   2.182,9999.000,9999.000,9999.000,9999.000,9999.000,9999.000,9999.000,9999.000
202604061642,   2.140,9999.000,9999.000,9999.000,9999.000,9999.000,9999.000,9999.000,9999.000
202604061648,   2.096,9999.000,9999.000,9999.000,9999.000,9999.000,9999.000,9999.000,9999.000
202604061654,   2.051,9999.000,9999.000,9999.000,9999.000,9999.000,9999.000,9999.000,9999.000
202604061700,   2.004,9999.000,  -0.100,   0.190,   2.094,  -0.300,   1.894,   0.000,   2.194
202604061706,   1.955,9999.000,9999.000,9999.000,9999.000,9999.000,9999.000,9999.000,9999.000
202604061712,   1.906,9999.000,9999.000,9999.000,9999.000,9999.000,9999.000,9999.000,9999.000
202604061718,   1.855,9999.000,9999.000,9999.000,9999.000,9999.000,9999.000,9999.000,9999.000
202604061724,   1.803,9999.000,9999.000,9999.000,9999.000,9999.000,9999.000,9999.000,9999.000
202604061730,   1.751,9999.000,9999.000,9999.000,9999.000,9999.000,9999.000,9999.000,9999.000
202604061736,   1.698,9999.000,9999.000,9999.000,9999.000,9999.000,9999.000,9999.000,9999.000
202604061742,   1.645,9999.000,9999.000,9999.000,9999.000,9999.000,9999.000,9999.000,9999.000
202604061748,   1.591,9999.000,9999.000,9999.000,9999.000,9999.000,9999.000,9999.000,9999.000
202604061754,   1.537,9999.000,9999.000,9999.000,9999.000,9999.000,9999.000,9999.000,9999.000
202604061800,   1.483,9999.000,  -0.100,   0.190,   1.573,  -0.300,   1.373,   0.000,   1.673
202604061806,   1.429,9999.000,9999.000,9999.000,9999.000,9999.000,9999.000,9999.000,9999.000
202604061812,   1.375,9999.000,9999.000,9999.000,9999.000,9999.000,9999.000,9999.000,9999.000
202604061818,   1.321,9999.000,9999.000,9999.000,9999.000,9999.000,9999.000,9999.000,9999.000
202604061824,   1.267,9999.000,9999.000,9999.000,9999.000,9999.000,9999.000,9999.000,9999.000
202604061830,   1.214,9999.000,9999.000,9999.000,9999.000,9999.000,9999.000,9999.000,9999.000
202604061836,   1.161,9999.000,9999.000,9999.000,9999.000,9999.000,9999.000,9999.000,9999.000
202604061842,   1.109,9999.000,9999.000,9999.000,9999.000,9999.000,9999.000,9999.000,9999.000
202604061848,   1.058,9999.000,9999.000,9999.000,9999.000,9999.000,9999.000,9999.000,9999.000
202604061854,   1.008,9999.000,9999.000,9999.000,9999.000,9999.000,9999.000,9999.000,9999.000
202604061900,   0.958,9999.000,  -0.100,   0.190,   1.048,  -0.300,   0.848,   0.000,   1.148
202604061906,   0.910,9999.000,9999.000,9999.000,9999.000,9999.000,9999.000,9999.000,9999.000
202604061912,   0.862,9999.000,9999.000,9999.000,9999.000,9999.000,9999.000,9999.000,9999.000
202604061918,   0.816,9999.000,9999.000,9999.000,9999.000,9999.000,9999.000,9999.000,9999.000
202604061924,   0.772,9999.000,9999.000,9999.000,9999.000,9999.000,9999.000,9999.000,9999.000
202604061930,   0.729,9999.000,9999.000,9999.000,9999.000,9999.000,9999.000,9999.000,9999.000
202604061936,   0.688,9999.000,9999.000,9999.000,9999.000,9999.000,9999.000,9999.000,9999.000
202604061942,   0.649,9999.000,9999.000,9999.000,9999.000,9999.000,9999.000,9999.000,9999.000
202604061948,   0.611,9999.000,9999.000,9999.000,9999.000,9999.000,9999.000,9999.000,9999.000
202604061954,   0.576,9999.000,9999.000,9999.000,9999.000,9999.000,9999.000,9999.000,9999.000
202604062000,   0.543,9999.000,  -0.100,   0.190,   0.633,  -0.300,   0.433,   0.100,   0.833
202604062006,   0.512,9999.000,9999.000,9999.000,9999.000,9999.000,9999.000,9999.000,9999.000
202604062012,   0.484,9999.000,9999.000,9999.000,9999.000,9999.000,9999.000,9999.000,9999.000
202604062018,   0.458,9999.000,9999.000,9999.000,9999.000,9999.000,9999.000,9999.000,9999.000
202604062024,   0.435,9999.000,9999.000,9999.000,9999.000,9999.000,9999.000,9999.000,9999.000
202604062030,   0.414,9999.000,9999.000,9999.000,9999.000,9999.000,9999.000,9999.000,9999.000
202604062036,   0.396,9999.000,9999.000,9999.000,9999.000,9999.000,9999.000,9999.000,9999.000
202604062042,   0.381,9999.000,9999.000,9999.000,9999.000,9999.000,9999.000,9999.000,9999.000
202604062048,   0.368,9999.000,9999.000,9999.000,9999.000,9999.000,9999.000,9999.000,9999.000
202604062054,   0.359,9999.000,9999.000,9999.000,9999.000,9999.000,9999.000,9999.000,9999.000
202604062100,   0.352,9999.000,  -0.100,   0.190,   0.442,  -0.300,   0.242,   0.000,   0.542
202604062106,   0.348,9999.000,9999.000,9999.000,9999.000,9999.000,9999.000,9999.000,9999.000
202604062112,   0.348,9999.000,9999.000,9999.000,9999.000,9999.000,9999.000,9999.000,9999.000
202604062118,   0.350,9999.000,9999.000,9999.000,9999.000,9999.000,9999.000,9999.000,9999.000
202604062124,   0.355,9999.000,9999.000,9999.000,9999.000,9999.000,9999.000,9999.000,9999.000
202604062130,   0.364,9999.000,9999.000,9999.000,9999.000,9999.000,9999.000,9999.000,9999.000
202604062136,   0.375,9999.000,9999.000,9999.000,9999.000,9999.000,9999.000,9999.000,9999.000
202604062142,   0.389,9999.000,9999.000,9999.000,9999.000,9999.000,9999.000,9999.000,9999.000
202604062148,   0.406,9999.000,9999.000,9999.000,9999.000,9999.000,9999.000,9999.000,9999.000
202604062154,   0.426,9999.000,9999.000,9999.000,9999.000,9999.000,9999.000,9999.000,9999.000
202604062200,   0.449,9999.000,  -0.100,   0.190,   0.539,  -0.300,   0.339,   0.000,   0.639
202604062206,   0.474,9999.000,9999.000,9999.000,9999.000,9999.000,9999.000,9999.000,9999.000
202604062212,   0.503,9999.000,9999.000,9999.000,9999.000,9999.000,9999.000,9999.000,9999.000
202604062218,   0.534,9999.000,9999.000,9999.000,9999.000,9999.000,9999.000,9999.000,9999.000
202604062224,   0.567,9999.000,9999.000,9999.000,9999.000,9999.000,9999.000,9999.000,9999.000
202604062230,   0.603,9999.000,9999.000,9999.000,9999.000,9999.000,9999.000,9999.000,9999.000
202604062236,   0.642,9999.000,9999.000,9999.000,9999.000,9999.000,9999.000,9999.000,9999.000
202604062242,   0.682,9999.000,9999.000,9999.000,9999.000,9999.000,9999.000,9999.000,9999.000
202604062248,   0.725,9999.000,9999.000,9999.000,9999.000,9999.000,9999.000,9999.000,9999.000
202604062254,   0.771,9999.000,9999.000,9999.000,9999.000,9999.000,9999.000,9999.000,9999.000
202604062300,   0.818,9999.000,  -0.100,   0.190,   0.908,  -0.300,   0.708,   0.100,   1.108
202604062306,   0.867,9999.000,9999.000,9999.000,9999.000,9999.000,9999.000,9999.000,9999.000
202604062312,   0.918,9999.000,9999.000,9999.000,9999.000,9999.000,9999.000,9999.000,9999.000
202604062318,   0.970,9999.000,9999.000,9999.000,9999.000,9999.000,9999.000,9999.000,9999.000
202604062324,   1.024,9999.000,9999.000,9999.000,9999.000,9999.000,9999.000,9999.000,9999.000
202604062330,   1.080,9999.000,9999.000,9999.000,9999.000,9999.000,9999.000,9999.000,9999.000
202604062336,   1.136,9999.000,9999.000,9999.000,9999.000,9999.000,9999.000,9999.000,9999.000
202604062342,   1.194,9999.000,9999.000,9999.000,9999.000,9999.000,9999.000,9999.000,9999.000
202604062348,   1.253,9999.000,9999.000,9999.000,9999.000,9999.000,9999.000,9999.000,9999.000
202604062354,   1.313,9999.000,9999.000,9999.000,9999.000,9999.000,9999.000,9999.000,9999.000
202604070000,   1.373,9999.000,  -0.100,   0.190,   1.463,  -0.300,   1.263,   0.000,   1.563
202604070006,   1.434,9999.000,9999.000,9999.000,9999.000,9999.000,9999.000,9999.000,9999.000
202604070012,   1.496,9999.000,9999.000,9999.000,9999.000,9999.000,9999.000,9999.000,9999.000
202604070018,   1.558,9999.000,9999.000,9999.000,9999.000,9999.000,9999.000,9999.000,9999.000
202604070024,   1.621,9999.000,9999.000,9999.000,9999.000,9999.000,9999.000,9999.000,9999.000
202604070030,   1.683,9999.000,9999.000,9999.000,9999.000,9999.000,9999.000,9999.000,9999.000
202604070036,   1.746,9999.000,9999.000,9999.000,9999.000,9999.000,9999.000,9999.000,9999.000
202604070042,   1.809,9999.000,9999.000,9999.000,9999.000,9999.000,9999.000,9999.000,9999.000
202604070048,   1.872,9999.000,9999.000,9999.000,9999.000,9999.000,9999.000,9999.000,9999.000
202604070054,   1.934,9999.000,9999.000,9999.000,9999.000,9999.000,9999.000,9999.000,9999.000
202604070100,   1.996,9999.000,  -0.100,   0.190,   2.086,  -0.300,   1.886,   0.000,   2.186
202604070106,   2.058,9999.000,9999.000,9999.000,9999.000,9999.000,9999.000,9999.000,9999.000
202604070112,   2.119,9999.000,9999.000,9999.000,9999.000,9999.000,9999.000,9999.000,9999.000
202604070118,   2.179,9999.000,9999.000,9999.000,9999.000,9999.000,9999.000,9999.000,9999.000
202604070124,   2.239,9999.000,9999.000,9999.000,9999.000,9999.000,9999.000,9999.000,9999.000
202604070130,   2.298,9999.000,9999.000,9999.000,9999.000,9999.000,9999.000,9999.000,9999.000
202604070136,   2.356,9999.000,9999.000,9999.000,9999.000,9999.000,9999.000,9999.000,9999.000
202604070142,   2.412,9999.000,9999.000,9999.000,9999.000,9999.000,9999.000,9999.000,9999.000
202604070148,   2.467,9999.000,9999.000,9999.000,9999.000,9999.000,9999.000,9999.000,9999.000
202604070154,   2.521,9999.000,9999.000,9999.000,9999.000,9999.000,9999.000,9999.000,9999.000
202604070200,   2.573,9999.000,  -0.100,   0.190,   2.663,  -0.300,   2.463,   0.000,   2.763
202604070206,   2.623,9999.000,9999.000,9999.000,9999.000,9999.000,9999.000,9999.000,9999.000
202604070212,   2.671,9999.000,9999.000,9999.000,9999.000,9999.000,9999.000,9999.000,9999.000
202604070218,   2.717,9999.000,9999.000,9999.000,9999.000,9999.000,9999.000,9999.000,9999.000
202604070224,   2.761,9999.000,9999.000,9999.000,9999.000,9999.000,9999.000,9999.000,9999.000
202604070230,   2.802,9999.000,9999.000,9999.000,9999.000,9999.000,9999.000,9999.000,9999.000
202604070236,   2.840,9999.000,9999.000,9999.000,9999.000,9999.000,9999.000,9999.000,9999.000
202604070242,   2.875,9999.000,9999.000,9999.000,9999.000,9999.000,9999.000,9999.000,9999.000
202604070248,   2.908,9999.000,9999.000,9999.000,9999.000,9999.000,9999.000,9999.000,9999.000
202604070254,   2.937,9999.000,9999.000,9999.000,9999.000,9999.000,9999.000,9999.000,9999.000
202604070300,   2.962,9999.000,  -0.100,   0.190,   3.052,  -0.300,   2.852,   0.000,   3.152
202604070306,   2.984,9999.000,9999.000,9999.000,9999.000,9999.000,9999.000,9999.000,9999.000
202604070312,   3.003,9999.000,9999.000,9999.000,9999.000,9999.000,9999.000,9999.000,9999.000
202604070318,   3.017,9999.000,9999.000,9999.000,9999.000,9999.000,9999.000,9999.000,9999.000
202604070324,   3.028,9999.000,9999.000,9999.000,9999.000,9999.000,9999.000,9999.000,9999.000
202604070330,   3.035,9999.000,9999.000,9999.000,9999.000,9999.000,9999.000,9999.000,9999.000
202604070336,   3.038,9999.000,9999.000,9999.000,9999.000,9999.000,9999.000,9999.000,9999.000
202604070342,   3.037,9999.000,9999.000,9999.000,9999.000,9999.000,9999.000,9999.000,9999.000
202604070348,   3.032,9999.000,9999.000,9999.000,9999.000,9999.000,9999.000,9999.000,9999.000
202604070354,   3.023,9999.000,9999.000,9999.000,9999.000,9999.000,9999.000,9999.000,9999.000
202604070400,   3.010,9999.000,  -0.100,   0.190,   3.100,  -0.300,   2.900,   0.000,   3.200
202604070406,   2.993,9999.000,9999.000,9999.000,9999.000,9999.000,9999.000,9999.000,9999.000
202604070412,   2.973,9999.000,9999.000,9999.000,9999.000,9999.000,9999.000,9999.000,9999.000
202604070418,   2.949,9999.000,9999.000,9999.000,9999.000,9999.000,9999.000,9999.000,9999.000
202604070424,   2.921,9999.000,9999.000,9999.000,9999.000,9999.000,9999.000,9999.000,9999.000
202604070430,   2.890,9999.000,9999.000,9999.000,9999.000,9999.000,9999.000,9999.000,9999.000
202604070436,   2.856,9999.000,9999.000,9999.000,9999.000,9999.000,9999.000,9999.000,9999.000
202604070442,   2.819,9999.000,9999.000,9999.000,9999.000,9999.000,9999.000,9999.000,9999.000
202604070448,   2.779,9999.000,9999.000,9999.000,9999.000,9999.000,9999.000,9999.000,9999.000
202604070454,   2.736,9999.000,9999.000,9999.000,9999.000,9999.000,9999.000,9999.000,9999.000
202604070500,   2.691,9999.000,  -0.100,   0.190,   2.781,  -0.300,   2.581,   0.000,   2.881
202604070506,   2.644,9999.000,9999.000,9999.000,9999.000,9999.000,9999.000,9999.000,9999.000
202604070512,   2.595,9999.000,9999.000,9999.000,9999.000,9999.000,9999.000,9999.000,9999.000
202604070518,   2.544,9999.000,9999.000,9999.000,9999.000,9999.000,9999.000,9999.000,9999.000
202604070524,   2.491,9999.000,9999.000,9999.000,9999.000,9999.000,9999.000,9999.000,9999.000
202604070530,   2.436,9999.000,9999.000,9999.000,9999.000,9999.000,9999.000,9999.000,9999.000
202604070536,   2.381,9999.000,9999.000,9999.000,9999.000,9999.000,9999.000,9999.000,9999.000
202604070542,   2.324,9999.000,9999.000,9999.000,9999.000,9999.000,9999.000,9999.000,9999.000
202604070548,   2.266,9999.000,9999.000,9999.000,9999.000,9999.000,9999.000,9999.000,9999.000
202604070554,   2.207,9999.000,9999.000,9999.000,9999.000,9999.000,9999.000,9999.000,9999.000
202604070600,   2.147,9999.000,  -0.100,   0.190,   2.237,  -0.200,   2.137,   0.000,   2.337
